1757257414395 169.45258491780118 0
1757257414457 1032374302.4711366 1
1757257414518 2.5274197899434896e+16 2
1757257414565 6.188901677621951e+23 3
1757257414608 1.515478484154843e+31 4
1757257414660 3.710957380767299e+38 5
1757257414716 9.087034112233777e+45 6
1757257414772 2.225145171023938e+53 7
1757257414826 5.4487206397357605e+60 8
1757257414867 1.3342300986241273e+68 9
1757257414912 3.2671338352205876e+75 10
1757257414966 8.000241868513174e+82 11
1757257415018 1.9590219802057498e+90 12
1757257415064 4.7970638663234894e+97 13
1757257415103 1.1746586802037663e+105 14
1757257415147 2.8763907536540043e+112 15
1757257415203 7.043427939655563e+119 16
1757257415260 1.724726624089563e+127 17
1757257415306 4.223344021304496e+134 18
1757257415351 1.0341717042667032e+142 19
1757257415400 2.532379812089189e+149 20
1757257415463 6.2010471628829506e+156 21
1757257415525 1.5184525533148731e+164 22
1757257415575 3.7182399941568884e+171 23
1757257415622 9.10486707270919e+178 24
1757257415678 2.229511934194062e+186 25
1757257415740 5.459413547741845e+193 26
1757257415789 1.3368484746883157e+201 27
1757257415830 3.273545461702021e+208 28
1757257415873 8.015942040348514e+215 29
1757257415918 1.962866486687443e+223 30
1757257415974 4.806477922578889e+230 31
1757257416027 1.1769639033995525e+238 32
1757257416073 2.882035561628629e+245 33
1757257416120 7.057250400373725e+252 34
1757257416174 1.7281113348036135e+260 35
1757257416229 4.231632174080998e+267 36
1757257416284 1.0362012270900602e+275 37
1757257416330 2.537349511612796e+282 38
1757257416376 6.213216483213209e+289 39
1757257416432 1.5214324589730846e+297 40
1757257416492 3.7255368993996515e+304 41
