1757661194868 0.134791577730735 0
1757661195000 2.660154314289884 1
1757661195123 0.5383782578823999 2
1757661195242 0.010563471712321434 3
1757661195367 0.6275250051856494 4
1757661195494 1.489430990813015 5
1757661195614 0.32504472187181255 6
1757661195734 0.8711405846582846 7
1757661195850 2.4313870278512306 8
1757661195972 0.006713816655276711 9
1757661196088 0.2848495385672512 10
1757661196203 1.7402767197518763 11
1757661196319 0.3719443971181236 12
1757661196437 0.6523951346977449 13
1757661196556 0.9622764705315192 14
1757661196671 0.21411703470690263 15
1757661196788 0.5004834894829256 16
1757661196905 0.4840157347791802 17
1757661197020 0.8240746420474853 18
1757661197136 1.09907884117698 19
1757661197252 0.7196600466093312 20
1757661197371 0.17492954423271379 21
1757661197492 0.3678971726278531 22
1757661197610 3.1068091305987866 23
1757661197728 0.010477715574432781 24
1757661197848 0.39486702372287735 25
1757661197967 1.2775280499442576 26
1757661198084 0.06808286047416955 27
1757661198204 0.7264003880058741 28
1757661198323 1.5499077120612856 29
1757661198442 0.08693292435861388 30
1757661198560 0.10866378363617767 31
1757661198679 0.9236984660150084 32
1757661198814 0.2839928406629023 33
1757661198934 0.5861358380410143 34
1757661199052 0.44795647875537337 35
1757661199171 1.7735504645386757 36
1757661199288 2.2770701827176105 37
1757661199405 0.001726750215209025 38
1757661199523 0.12326459013906203 39
1757661199640 0.23211561864222144 40
1757661199757 0.010989453154369234 41
1757661199876 0.6319757769554318 42
1757661199994 0.325980307944616 43
1757661200113 0.3774388513762476 44
1757661200231 0.0014232095579331384 45
1757661200348 0.9957799014759031 46
1757661200464 1.0724345950654803 47
1757661200582 0.02785749945015727 48
1757661200698 0.15408091263554888 49
1757661200817 0.6368824118927109 50
1757661200940 0.15111552003241127 51
1757661201060 0.5024372647494968 52
1757661201180 0.0028532986895836573 53
1757661201298 0.061233518095720224 54
1757661201427 9.263958903851575 55
1757661201545 0.46436099938036235 56
1757661201665 0.9351144977290908 57
1757661201784 1.0786704096958775 58
1757661201904 0.34524487871862736 59
1757661202029 0.3666582650762233 60
1757661202148 0.7116738735748995 61
1757661202265 0.5808971907475936 62
1757661202383 1.288629330361586 63
1757661202502 0.1178208241456365 64
1757661202621 0.4830644594348612 65
1757661202740 0.011058787930229713 66
1757661202859 0.0061051193955630615 67
1757661202979 1.5898894980361942 68
1757661203098 0.004346536838942994 69
1757661203233 0.44674804293639736 70
1757661203355 0.1708139707934 71
1757661203476 0.19336481634102076 72
1757661203597 0.8598757871963084 73
1757661203718 0.9369413807177359 74
1757661203841 5.124354817965263 75
1757661203962 1.8029236075697372 76
1757661204079 0.030274435511778764 77
1757661204198 1.0370336133305882 78
1757661204317 0.05170800998316557 79
1757661204438 0.007310556358395365 80
1757661204562 1.419207326183484 81
1757661204685 0.5197649495158763 82
1757661204808 0.2707385954233324 83
1757661204933 0.9857096161089454 84
1757661205057 0.5742500208970599 85
1757661205203 0.02538717118321503 86
1757661205323 1.1368110040658086 87
1757661205448 0.25349049596727113 88
1757661205598 0.011322637768826539 89
1757661205750 0.4624386820311434 90
1757661205878 0.29914420366192757 91
1757661206003 0.22453415331871537 92
1757661206132 0.07193509777882136 93
1757661206258 0.35533999757639423 94
1757661206384 0.0789231037120506 95
1757661206509 0.7472041366689404 96
1757661206634 0.4584351143641783 97
1757661206757 1.5967893724764517 98
1757661206880 0.16553751945316247 99
1757661206997 1.0428784963215056 100
1757661207116 1.558427388781251 101
1757661207237 0.11086606311980587 102
1757661207355 0.42647007880144994 103
1757661207475 0.2632397916884759 104
1757661207593 0.011371999542935506 105
1757661207711 1.0171313223995164 106
1757661207830 0.0008962890665974798 107
1757661207951 0.022237010435325406 108
1757661208070 0.0640855625124364 109
1757661208190 0.14747769192648016 110
1757661208306 0.8223065954956046 111
1757661208423 0.004049722507382679 112
1757661208541 0.35336404343868116 113
1757661208658 0.5283997808312724 114
1757661208777 0.028253243345977244 115
1757661208897 1.2298549026324772 116
1757661209016 0.05880556362308293 117
1757661209134 1.7332781667129762 118
1757661209251 0.006484657151174011 119
1757661209371 0.02416600860619331 120
1757661209491 0.17144085360829564 121
1757661209610 0.4894606939067584 122
1757661209727 0.0544464931669347 123
1757661209846 1.4430749569926258 124
1757661209965 0.23467478220400972 125
1757661210093 0.004995800749682058 126
1757661210219 0.224305636644348 127
1757661210338 0.011503862168098827 128
1757661210456 0.004469686980560529 129
1757661210576 1.0157065882524128 130
1757661210694 0.671926987032448 131
1757661210812 0.23027647104635005 132
1757661210931 2.7476371116441167 133
1757661211051 2.389219824262163 134
1757661211172 0.004010761832520348 135
1757661211294 0.8070842701890472 136
1757661211416 1.3043384499036623 137
1757661211538 0.006980960658030379 138
1757661211661 0.008052814743576326 139
1757661211787 0.7512588303778964 140
1757661211912 2.560420903147562 141
1757661212037 1.258097243877557 142
1757661212161 1.7076154350789494 143
1757661212289 0.10427858850764404 144
1757661212418 3.099682654943658 145
1757661212542 0.28434509520099177 146
1757661212667 4.5069709537108205 147
1757661212792 0.8112652074244222 148
1757661212917 0.014124965382128542 149
1757661213039 0.7048161964143579 150
1757661213174 0.39476513415588477 151
1757661213306 0.015843526749037037 152
1757661213441 0.815708687277139 153
1757661213569 0.022575030801400154 154
1757661213694 0.022091721363290014 155
1757661213819 0.04145895466425775 156
1757661213944 0.9614351856271919 157
1757661214070 0.7200997873997724 158
1757661214199 1.3233069114044804 159
1757661214327 0.007778002636605136 160
1757661214454 0.382047465142222 161
1757661214582 1.8898704129090833 162
1757661214707 0.5543412944671643 163
1757661214837 0.09098502667540329 164
1757661214966 0.020300262298363823 165
1757661215103 0.22496063381050396 166
1757661215233 2.736902841217607 167
1757661215362 0.12541952736753897 168
1757661215491 1.5784628539321464 169
1757661215619 0.7662089604126046 170
1757661215750 5.1953344832644515 171
1757661215877 0.511131636930922 172
1757661216010 0.12916558432191863 173
1757661216137 0.47040890115795964 174
1757661216266 0.8534657223286223 175
1757661216395 0.7948141383772916 176
1757661216523 0.29515550443797933 177
1757661216651 0.7388460371039429 178
1757661216779 0.24264447666410674 179
1757661216905 1.9270376451112066 180
1757661217035 0.0034830203997897637 181
1757661217162 0.1481304833288254 182
1757661217288 2.8335192105306026 183
1757661217410 0.1529878937093201 184
1757661217535 0.5523132639619536 185
1757661217656 0.6451109515712826 186
1757661217793 0.0400223573943618 187
1757661217924 0.5455150149957583 188
1757661218048 0.3865264405137106 189
1757661218167 1.3648461837618169 190
1757661218289 0.004657077140395811 191
1757661218411 0.44572007241294415 192
1757661218533 1.4155345637640546 193
1757661218653 0.0997929587432076 194
1757661218776 0.011224424255657934 195
1757661218906 0.12441857397267068 196
1757661219033 1.4059077528005082 197
1757661219160 0.011198074621279272 198
1757661219282 0.00041850531854114486 199
1757661219403 0.1372632147484515 200
1757661219525 0.4699434507740578 201
1757661219646 2.5169336924198684 202
1757661219767 0.009581251027761096 203
1757661219902 2.9745328837477096 204
1757661220033 0.19436947220198983 205
1757661220172 0.015287418843518865 206
1757661220311 1.421160851325792 207
1757661220436 0.6487193509391886 208
1757661220561 0.013721621742678701 209
1757661220687 0.9040558688802512 210
1757661220812 0.880722834454547 211
1757661220935 0.04809973001794163 212
1757661221060 0.34029712401411666 213
1757661221184 0.03452543573302 214
1757661221309 0.06459160847351735 215
1757661221435 0.05729714004035214 216
1757661221560 0.18059390167413134 217
1757661221684 7.5589371874992795 218
1757661221807 0.03657463767006221 219
1757661221928 0.077710341660007 220
1757661222050 0.26116221032119835 221
1757661222178 0.6083761911306378 222
1757661222302 0.027348437852103925 223
1757661222425 8.011452277930195e-06 224
1757661222549 0.07852194725200363 225
1757661222674 0.3366126535076124 226
1757661222799 0.9175363823964607 227
1757661222923 0.01251964443089168 228
1757661223052 0.0018695335782500228 229
1757661223182 0.5340479049731933 230
1757661223311 1.6519955255773422 231
1757661223435 0.9675254147314364 232
1757661223559 1.1220339274900089 233
1757661223681 0.878328628115453 234
1757661223804 0.8531941284915252 235
1757661223929 1.5324232919382534 236
1757661224068 4.275493303215852 237
1757661224203 0.43708193169606907 238
1757661224328 1.8590039778830363 239
1757661224453 0.04767413722065197 240
1757661224577 1.3573208277570594 241
1757661224700 1.3851485122115008 242
1757661224824 0.1779729596442099 243
1757661224948 0.032279717264438006 244
1757661225071 0.01985280281993285 245
1757661225197 1.7375325793945782 246
1757661225322 0.0041336613506141135 247
1757661225447 0.002255526290467339 248
1757661225569 0.05854567482690677 249
1757661225698 1.1684227414709432 250
1757661225829 0.8498695451299032 251
1757661225951 0.2902853843752179 252
1757661226073 0.008313441739741512 253
1757661226196 0.49396664632512477 254
1757661226319 0.08475881649983086 255
1757661226439 0.07206561439330449 256
1757661226562 1.2863283489169992 257
1757661226685 0.06666612241275541 258
1757661226820 0.26060546077017827 259
1757661226963 0.46050498322807515 260
1757661227097 1.494248426087242 261
1757661227228 0.11971688471221685 262
1757661227357 0.5194003661278958 263
1757661227493 0.17287570022049198 264
1757661227696 0.3946943709038085 265
1757661227821 0.16896429880509078 266
1757661227942 0.0065635858801003895 267
1757661228068 0.03612340205551647 268
1757661228194 0.12231710395470957 269
1757661228321 0.2503262017916653 270
1757661228453 0.2878444840634292 271
1757661228578 0.8941015633651933 272
1757661228703 0.017445913215589866 273
1757661228830 0.30633442016763557 274
1757661228954 0.20468924029586077 275
1757661229083 0.1122243744372724 276
1757661229210 0.18109017028407323 277
1757661229380 0.03818828977818013 278
1757661229507 1.4490241331694118 279
1757661229635 0.7281221120072329 280
1757661229763 0.8300489423997459 281
1757661229891 0.48659837543034223 282
1757661230017 0.4364938583192369 283
1757661230143 0.005298783426140025 284
1757661230277 0.1609780820365176 285
1757661230411 0.37177063300123225 286
1757661230546 1.3189517240273148 287
1757661230679 0.2849093368512826 288
1757661230811 5.233213440559877 289
1757661230939 0.5655552404077261 290
1757661231070 0.4775331791810362 291
1757661231200 0.40697982405141064 292
1757661231328 0.1311177043593517 293
1757661231453 1.3051896626793114 294
1757661231577 1.6739964076339595 295
1757661231873 0.018034674838257388 296
1757661232154 0.5049960092874954 297
1757661232323 0.2985037366493473 298
1757661232517 0.4450172698105468 299
1757661232685 0.013503953402362844 300
1757661232982 0.06989752506467202 301
1757661233141 0.12592616576887913 302
1757661233303 2.335065597040831 303
1757661233458 0.9396733497347817 304
1757661233612 1.1115361236417232 305
1757661233763 2.1229421111210662 306
1757661233914 0.4988042935947619 307
1757661234063 1.0729048895374431 308
1757661234215 0.4759312088650575 309
1757661234364 0.23529765107235207 310
1757661234523 1.5326118273725207 311
1757661234670 0.001024189269612427 312
1757661234819 0.45188898071387096 313
1757661234965 0.11954445065242315 314
1757661235109 0.18148161869934776 315
1757661235258 0.9288688711572168 316
1757661235411 0.05155896767955371 317
1757661235559 0.008026222426090732 318
1757661235710 1.5511708707575205 319
1757661235866 0.11880558654354001 320
1757661236030 0.11585233257627742 321
1757661236181 0.20026907030417243 322
1757661236334 0.6721435293945646 323
1757661236485 1.9899334641577786 324
1757661236636 0.4428812296437692 325
1757661236786 2.531805738991125 326
1757661236939 0.2574167011236386 327
1757661237206 0.07943619561384553 328
1757661237329 0.16067077840149063 329
1757661237451 0.0049469058042379355 330
1757661237572 0.045280611957257154 331
1757661237694 0.006588963940712719 332
1757661237813 2.1415963092109984 333
1757661237934 0.1706386967797132 334
1757661238055 0.0010359898168011477 335
1757661238176 0.06713805527474222 336
1757661238297 0.02100543593106368 337
1757661238419 1.521614093830035 338
1757661238539 0.7462605445979628 339
1757661238661 0.3655575741547461 340
1757661238780 0.02368596309729052 341
1757661238901 3.832580340584382 342
1757661239021 0.016336255392606906 343
1757661239144 0.012530322274219631 344
1757661239266 0.027916879013431276 345
1757661239386 0.07383663586864235 346
1757661239508 1.3271199190992182 347
1757661239629 0.5079580454356872 348
1757661239752 0.4949194640760422 349
1757661239872 4.182725209125952 350
1757661239992 0.015360101067736623 351
1757661240112 0.6038588078535718 352
1757661240232 0.8647713815341407 353
1757661240353 1.9087673132126914 354
1757661240474 0.024030988097890626 355
1757661240596 0.009828456938433415 356
1757661240717 0.038181391841561815 357
1757661240837 0.2348987512282504 358
1757661240958 0.32713301145644186 359
1757661241081 0.34444243919698697 360
1757661241203 0.4463175094530719 361
1757661241323 0.6972182516926768 362
1757661241442 0.000626698535526549 363
1757661241564 0.47286960931113614 364
1757661241686 4.872677663614907 365
1757661241807 5.390728262978693 366
1757661241927 0.005297181297711284 367
1757661242047 0.7710947598417991 368
1757661242169 0.15695416596441847 369
1757661242292 0.23941405771709637 370
1757661242412 0.21012051340051577 371
1757661242534 1.15053655465629 372
1757661242655 0.5051612890772768 373
1757661242776 1.8346189375529056 374
1757661242898 0.8860054378347819 375
1757661243019 2.3039363501269743 376
1757661243142 4.137218333448968 377
1757661243272 1.6992361149013948 378
1757661243394 0.009085213617208899 379
1757661243518 1.3956810964567519 380
1757661243639 0.5058659127510419 381
1757661243761 2.0601458082605437 382
1757661243884 0.020959531590627807 383
1757661244006 0.2426716574292976 384
1757661244129 2.5255220313333457 385
1757661244252 0.1794300374875279 386
1757661244375 0.0007537589199410852 387
1757661244500 0.037815674906104366 388
1757661244623 0.013062073708592177 389
1757661244745 0.3356831823910952 390
1757661244868 0.1543859538682639 391
1757661244991 0.05087916976099756 392
1757661245114 4.239438836236099 393
1757661245239 0.02060532252754318 394
1757661245362 0.4273848114466252 395
1757661245482 0.7499456829867953 396
1757661245634 0.7408527880380839 397
1757661245775 0.7224944216014755 398
1757661245905 0.21894616581796555 399
1757661246029 0.002408549079363458 400
1757661246157 0.8862558957224644 401
1757661246282 0.23808107637731 402
1757661246405 0.050381624431283925 403
1757661246527 6.653503366631405e-05 404
1757661246648 0.07268811746946838 405
1757661246771 0.5513664743905448 406
1757661246893 0.17486976191464582 407
1757661247016 0.13618128582604977 408
1757661247139 0.1590135262435909 409
1757661247262 0.08621062151298782 410
1757661247388 0.18102470804939394 411
1757661247513 0.08243203034483039 412
1757661247637 0.5504466043030277 413
1757661247761 1.4272707566701333 414
1757661247885 0.15780407090002524 415
1757661248008 0.05010082724065364 416
1757661248133 4.757915771412921 417
1757661248260 0.1239437594929971 418
1757661248385 1.8758350915154522 419
1757661248517 0.023083766814745683 420
1757661248663 0.0018457861513902507 421
1757661248808 0.06864668234891091 422
1757661248951 0.24549992625855485 423
1757661249080 0.5591974213087542 424
1757661249217 0.08782556537277475 425
1757661249345 0.5411005004127336 426
1757661249471 0.6030468628728946 427
1757661249596 0.22404256811699524 428
1757661249720 0.40660523983708324 429
1757661249846 0.33084533396231014 430
1757661249973 0.416922382801028 431
1757661250102 0.34998049349474775 432
1757661250229 0.39716315855543227 433
1757661250354 0.9299739187236182 434
1757661250482 1.0495437405442845 435
1757661250608 0.22814858908574975 436
1757661250735 1.132316641164139 437
1757661250859 0.4907605323107677 438
1757661250985 0.05049860136295607 439
1757661251110 2.3248083447587486 440
1757661251235 0.2824565373879157 441
1757661251377 1.4838840949878531 442
1757661251503 0.0010594626075859186 443
1757661251629 2.8015662461358413 444
1757661251756 1.995775251267105 445
1757661251881 0.19379961749873098 446
1757661252009 1.4041425894026551 447
1757661252134 0.6286858931893478 448
1757661252260 0.4866826285155671 449
1757661252387 0.8214743607846471 450
1757661252515 0.3689387013607209 451
1757661252644 0.47994221278655996 452
1757661252770 2.1003774643122366 453
1757661252896 0.011675956328959063 454
1757661253024 0.6281111842234558 455
1757661253151 0.009287662415038185 456
1757661253288 0.009597099344452964 457
1757661253411 1.1423717238273603 458
1757661253536 3.1342391672936776 459
1757661253663 0.011934933407133093 460
1757661253788 0.03452341755681753 461
1757661253911 1.3581430936259276 462
1757661254035 0.24278829990143383 463
1757661254161 0.08944997021148526 464
1757661254287 3.170661796847537e-05 465
1757661254414 0.3150856435195968 466
1757661254538 0.14612077897948025 467
1757661254661 0.27058236473988595 468
1757661254786 1.0039992838124492 469
1757661254911 0.023151657422929055 470
1757661255074 1.0587434021115651 471
1757661255229 1.569365964939365 472
1757661255355 0.4822788151033478 473
1757661255484 0.0764226978846454 474
1757661255617 0.8537995970455189 475
1757661255755 0.004351080144257068 476
1757661255891 0.7084674411623576 477
1757661256019 0.23518112919366507 478
1757661256150 0.19002858166581407 479
1757661256293 0.8449159944381197 480
1757661256433 0.1652321928065449 481
1757661256559 0.14939824971878762 482
1757661256688 0.20357740697701562 483
1757661256812 0.33160336117743816 484
1757661256937 0.1950079823385109 485
1757661257063 0.33707516657813424 486
1757661257190 0.04113034930423994 487
1757661257338 0.0018383225725066951 488
1757661257481 0.23811488854498716 489
1757661257625 0.3443183143036763 490
1757661257772 2.582965194631957 491
1757661257912 0.005134927862208317 492
1757661258046 3.9992521587312426 493
1757661258189 0.10837759642568627 494
1757661258330 0.0029557471962943387 495
1757661258472 0.19826147551648565 496
1757661258615 0.08543962544271495 497
1757661258764 3.514153658823472 498
1757661258911 1.8254499970221645 499
