1757606987891 84.97979627161094 0
1757606988000 39.28028679919812 1
1757606988110 34.18406433665111 2
1757606988219 17.211986314598928 3
1757606988326 13.220092544342414 4
1757606988434 7.202095142961267 5
1757606988540 12.856540664897336 6
1757606988650 7.907451548269705 7
1757606988759 5.066889585387572 8
1757606988868 6.3806307460627645 9
1757606988979 9.124451049792258 10
1757606989091 10.492047024125755 11
1757606989204 12.23461589311824 12
1757606989314 4.098727106871087 13
1757606989426 24.379699554070175 14
1757606989536 7.633834522435784 15
1757606989650 6.9451632107832575 16
1757606989774 8.044480706553077 17
1757606989885 15.003523816936166 18
1757606989996 13.239631536793466 19
1757606990109 21.471659214524678 20
1757606990221 9.14579587083881 21
1757606990333 4.7567874948045725 22
1757606990446 6.0019146555432235 23
1757606990559 6.2269595773344 24
1757606990670 7.595128581403751 25
1757606990778 18.647130395638786 26
1757606990888 6.835278627401552 27
1757606990998 2.6583597485147012 28
1757606991111 13.769333736407605 29
1757606991222 11.309227087217554 30
1757606991331 8.732572987157944 31
1757606991440 7.164379122146228 32
1757606991548 7.099831177546608 33
1757606991657 3.665543174036899 34
1757606991765 9.6094486309329 35
1757606991874 8.051852692730739 36
1757606991982 11.823382925114013 37
1757606992090 7.864169197623435 38
1757606992198 3.6957285218148086 39
1757606992305 9.782539691733446 40
1757606992413 7.151063606982186 41
1757606992521 7.447073831262105 42
1757606992629 6.796651176497462 43
1757606992738 6.135996660326057 44
1757606992845 4.392905746489316 45
1757606992952 7.315861448611507 46
1757606993065 4.365094256857646 47
1757606993176 13.296088035309959 48
1757606993284 6.634384215647078 49
1757606993393 11.196308349681004 50
1757606993500 5.899895145509835 51
1757606993608 7.6882114774606 52
1757606993717 37.0060857494276 53
1757606993824 7.332495840547542 54
1757606993933 7.380651000609657 55
1757606994041 8.78699636831419 56
1757606994150 3.276257109021593 57
1757606994259 11.730068251780352 58
1757606994366 5.025458887044362 59
1757606994475 9.812744412157414 60
1757606994584 25.54147712016794 61
1757606994693 5.353765151137612 62
1757606994804 6.92857617268482 63
1757606994911 5.941589174319142 64
1757606995019 12.377495624615829 65
1757606995134 6.74006147980374 66
1757606995248 13.216161860525721 67
1757606995362 12.907757433660349 68
1757606995475 1.034513086648177 69
1757606995586 4.599735696904416 70
1757606995695 13.648451170647354 71
1757606995805 11.982337038026479 72
1757606995915 7.315668647300573 73
1757606996024 5.103468295670622 74
1757606996132 2.751580429446871 75
1757606996243 6.43719231627279 76
1757606996353 3.3810846593551585 77
1757606996462 8.693211272862175 78
1757606996571 1.060095895732425 79
1757606996682 12.428981563070954 80
1757606996790 8.731222552044056 81
1757606996902 6.962285243750858 82
