1757589098604 183.5803312480986 0
1757589098667 174.0123489571318 1
1757589098737 169.58900082517184 2
1757589098802 165.21563133364234 3
1757589098877 160.96117630066877 4
1757589098944 156.82136880565275 5
1757589099011 152.79307881620076 6
1757589099081 148.87324837668993 7
1757589099148 145.05890436671004 8
1757589099216 141.34715593115348 9
1757589099279 137.7351921958794 10
1757589099348 134.22028004399164 11
1757589099432 130.79976195414045 12
1757589099499 127.47105389907166 13
1757589099567 124.23164330274344 14
1757589099634 121.07908705437603 15
1757589099701 118.01100957784523 16
1757589099770 115.02510095487625 17
1757589099901 112.11911510053554 18
1757589099959 109.29086798956217 19
1757589100018 106.53823593211952 20
1757589100076 103.8591538975889 21
1757589100138 101.25161388506399 22
1757589100208 98.7136633392437 23
1757589100276 96.24340361045611 24
1757589100341 93.83898845758297 25
1757589100406 91.49862259268713 26
1757589100474 89.22056026617983 27
1757589100539 87.0031038913968 28
1757589100609 84.8446027074835 29
1757589100673 82.74345147952124 30
1757589100742 80.6980892348546 31
1757589100808 78.706998034611 32
1757589100879 76.76870177943026 33
1757589100944 74.88176504844994 34
1757589101015 73.04479197061889 35
1757589101084 71.25642512743735 36
1757589101153 69.51534448624685 37
1757589101219 67.82026636321781 38
1757589101292 66.16994241520683 39
1757589101358 64.56315865967808 40
1757589101428 62.99873452190632 41
1757589101497 61.47552190870079 42
1757589101566 59.99240430790993 43
1757589101633 58.54829591298855 44
1757589101705 57.14214077192807 45
1757589101773 55.77291195987061 46
1757589101842 54.43961077474661 47
1757589101909 53.14126595529376 48
1757589101978 51.87693292083341 49
1757589102046 50.64569303219767 50
1757589102117 49.446652873217424 51
1757589102186 48.278943552198236 52
1757589102254 47.1417200228266 53
1757589102321 46.034160423965076 54
1757589102398 44.95546543780957 55
1757589102474 43.904857665896884 56
1757589102540 42.88158102246515 57
1757589102618 41.88490014468306 58
1757589102685 40.914099819277965 59
1757589102756 39.96848442510577 60
1757589102825 39.047377391218 61
1757589102893 38.150120669994436 62
1757589102960 37.27607422492134 63
1757589103030 36.42461553260688 64
1757589103099 35.59513909863739 65
1757589103170 34.78705598688841 66
1757589103240 33.99979336191577 67
1757589103312 33.23279404406216 68
1757589103379 32.48551607692494 69
1757589103449 31.757432306840656 70
1757589103521 31.048029974051637 71
1757589103589 30.356810315229016 72
1757589103658 29.68328817703594 73
1757589103729 29.026991640423297 74
1757589103800 28.387461655359118 75
1757589103869 27.764251685700792 76
1757589103939 27.15692736392787 77
1757589104012 26.565066155460578 78
1757589104084 25.988257032297085 79
1757589104158 25.426100155710106 80
1757589104226 24.878206567750496 81
1757589104295 24.34419789131248 82
1757589104364 23.8237060385222 83
1757589104433 23.316372927217863 84
1757589104507 22.821850205296045 85
1757589104579 22.339798982705233 86
1757589104653 21.869889570873713 87
1757589104715 21.411801229364734 88
1757589104783 20.965221919557866 89
1757589104856 20.52984806516091 90
1757589104929 20.105384319362216 91
1757589104999 19.69154333843861 92
1757589105068 19.288045561639265 93
1757589105141 18.89461899717084 94
1757589105211 18.510999014114045 95
1757589105280 18.136928140106647 96
1757589105350 17.77215586463251 97
1757589105420 17.416438447760452 98
1757589105489 17.06953873418162 99
1757589105556 16.731225972397716 100
1757589105627 16.401275638916868 101
1757589105697 16.079469267317894 102
1757589105769 15.7655942820475 103
1757589105839 15.459443836818737 104
1757589105907 15.160816657482806 105
1757589105976 14.86951688924979 106
1757589106048 14.585353948137378 107
1757589106117 14.308142376529988 108
1757589106188 14.037701702734033 109
1757589106257 13.77385630441825 110
1757589106326 13.516435275831032 111
1757589106401 13.265272298689792 112
1757589106472 13.020205516640312 113
1757589106544 12.781077413186791 114
1757589106614 12.547734692996254 115
1757589106683 12.320028166483404 116
1757589106751 12.097812637584827 117
1757589106821 11.880946794633985 118
1757589106891 11.669293104250766 119
1757589106962 11.462717708161849 120
1757589107030 11.261090322870523 121
1757589107100 11.064284142096794 122
1757589107173 10.872175741910779 123
1757589107244 10.68464498848467 124
1757589107316 10.501574948390536 125
1757589107388 10.322851801373186 126
1757589107461 10.148364755529528 127
1757589107530 9.978005964827462 128
1757589107603 9.811670448899484 129
1757589107674 9.649256015047762 130
1757589107747 9.490663182399398 131
1757589107818 9.335795108152144 132
1757589107891 9.18455751585256 133
1757589107964 9.03685862565028 134
1757589108037 8.892609086473518 135
1757589108097 8.751721910072499 136
1757589108160 8.614112406879068 137
1757589108232 8.479698123632039 138
1757589108303 8.348398782719366 139
1757589108376 8.220136223189494 140
1757589108447 8.09483434338564 141
1757589108514 7.972419045157996 142
1757589108587 7.852818179610097 143
1757589108659 7.735961494336896 144
1757589108727 7.621780582113121 145
1757589108795 7.510208830991782 146
1757589108869 7.401181375773762 147
1757589108939 7.294635050810441 148
1757589109013 7.190508344102541 149
1757589109089 7.088741352659161 150
1757589109162 6.989275739082217 151
1757589109234 6.892054689342281 152
1757589109304 6.797022871712852 153
1757589109378 6.704126396831031 154
1757589109451 6.613312778853356 155
1757589109527 6.524530897676524 156
1757589109600 6.437730962193549 157
1757589109673 6.352864474556676 158
1757589109744 6.269884195419207 159
1757589109815 6.188744110129171 160
1757589109887 6.109399395848521 161
1757589109958 6.031806389572231 162
1757589110031 5.955922557022463 163
1757589110105 5.8817064623935655 164
1757589110175 5.809117738924416 165
1757589110246 5.738117060275242 166
1757589110321 5.6686661126866555 167
1757589110391 5.600727567899375 168
1757589110461 5.534265056813494 169
1757589110531 5.469243143867024 170
1757589110605 5.405627302113716 171
1757589110676 5.343383888980915 172
1757589110744 5.282480122688708 173
1757589110817 5.222884059312031 174
1757589110892 5.164564570468063 175
1757589110963 5.10749132161163 176
1757589111036 5.051634750921841 177
1757589111111 4.996966048763655 178
1757589111183 4.943457137708535 179
1757589111258 4.891080653098766 180
1757589111329 4.839809924140438 181
1757589111400 4.78961895551055 182
1757589111473 4.740482409464068 183
1757589111544 4.6923755884271205 184
1757589111620 4.645274418063007 185
1757589111692 4.599155430797947 186
1757589111763 4.553995749793948 187
1757589111834 4.5097730733564365 188
1757589111905 4.466465659764759 189
1757589111979 4.424052312513842 190
1757589112049 4.382512365955772 191
1757589112122 4.341825671330222 192
1757589112195 4.301972583173096 193
1757589112266 4.26293394609296 194
1757589112336 4.2246910819051715 195
1757589112409 4.187225777113845 196
1757589112481 4.150520270732139 197
1757589112555 4.11455724243155 198
1757589112627 4.079319801011178 199
1757589112697 4.044791473178191 200
1757589112766 4.010956192630929 201
1757589112841 3.9777982894363726 202
1757589112912 3.945302479693871 203
1757589112985 3.9134538554773006 204
1757589113054 3.8822378750480064 205
1757589113130 3.8516403533311205 206
1757589113205 3.821647452648008 207
1757589113276 3.792245673697871 208
1757589113348 3.763421846781646 209
1757589113420 3.735163123261578 210
1757589113495 3.707456967250033 211
1757589113568 3.680291147521222 212
1757589113644 3.6536537296398244 213
1757589113717 3.6275330683005027 214
1757589113791 3.6019177998725898 215
1757589113864 3.576796835144294 216
1757589113938 3.5521593522610266 217
1757589114010 3.5279947898525257 218
1757589114086 3.5042928403435876 219
1757589114161 3.4810434434434465 220
1757589114235 3.4582367798088955 221
1757589114309 3.435863264876421 222
1757589114381 3.4139135428587313 223
1757589114456 3.392378480901215 224
1757589114530 3.371249163393938 225
1757589114601 3.3505168864349937 226
1757589114673 3.3301731524410187 227
1757589114746 3.310209664900937 228
1757589114815 3.290618323268968 229
1757589114887 3.271391217993168 230
1757589114962 3.2525206256757686 231
1757589115036 3.233999004361774 232
1757589115110 3.2158189889523 233
1757589115181 3.1979733867392763 234
1757589115260 3.180455173058227 235
1757589115339 3.1632574870558954 236
1757589115414 3.1463736275696323 237
1757589115487 3.1297970491155063 238
1757589115561 3.113521357982147 239
1757589115636 3.097540308427545 240
1757589115709 3.0818477989759145 241
1757589115781 3.066437868811991 242
1757589115858 3.0513046942700854 243
1757589115933 3.036442585415346 244
1757589116007 3.0218459827147233 245
1757589116081 3.007509453795233 246
1757589116158 2.9934276902871404 247
1757589116230 2.9795955047497658 248
1757589116304 2.96600782767771 249
1757589116384 2.9526597045853094 250
1757589116461 2.9395462931672136 251
1757589116537 2.9266628605330283 252
1757589116614 2.91400478051404 253
1757589116687 2.9015675310400906 254
1757589116762 2.8893466915846724 255
1757589116835 2.8773379406764463 256
1757589116910 2.8655370534753994 257
1757589116983 2.8539398994118748 258
1757589117060 2.842542439886808 259
1757589117132 2.831340726031511 260
1757589117210 2.820330896525439 261
1757589117286 2.8095091754703354 262
1757589117364 2.7988718703192865 263
1757589117440 2.7884153698591914 264
1757589117518 2.7781361422452284 265
1757589117594 2.76803073308592 266
1757589117669 2.7580957635774457 267
1757589117747 2.748327928685886 268
1757589117822 2.738723995376128 269
1757589117897 2.729280800886161 270
1757589117974 2.7199952510455763 271
1757589118050 2.7108643186370855 272
1757589118124 2.7018850417999025 273
1757589118200 2.693054522473891 274
1757589118279 2.684369924883374 275
1757589118352 2.675828474059564 276
1757589118428 2.667427454400572 277
1757589118504 2.659164208268034 278
1757589118580 2.6510361346193307 279
1757589118658 2.6430406876744956 280
1757589118733 2.635175375616878 281
1757589118805 2.627437759326665 282
1757589118880 2.6198254511464034 283
1757589118958 2.6123361136776606 284
1757589119036 2.6049674586080136 285
1757589119114 2.597717245567549 286
1757589119190 2.590583281014129 287
1757589119265 2.5835634171466237 288
1757589119344 2.5766555508453908 289
1757589119420 2.569857622639292 290
1757589119497 2.563167615698552 291
1757589119574 2.556583554852744 292
1757589119650 2.5501035056332926 293
1757589119729 2.543725573339807 294
1757589119808 2.5374479021296534 295
1757589119887 2.5312686741301396 296
1757589119963 2.525186108572706 297
1757589120037 2.519198460948588 298
1757589120119 2.513304022185346 299
1757589120201 2.5075011178437467 300
1757589120282 2.5017881073344457 301
1757589120364 2.496163383153972 302
1757589120447 2.4906253701394965 303
1757589120525 2.4851725247419063 304
1757589120601 2.4798033343167014 305
1757589120676 2.4745163164322537 306
1757589120753 2.469310018194988 307
1757589120825 2.4641830155910154 308
1757589120902 2.4591339128438365 309
1757589120979 2.45416134178766 310
1757589121057 2.449263961255956 311
1757589121135 2.4444404564848354 312
1757589121214 2.439689538530888 313
1757589121291 2.435009943703104 314
1757589121371 2.4304004330084923 315
1757589121453 2.4258597916110776 316
1757589121530 2.4213868283039135 317
1757589121605 2.416980374993775 318
1757589121680 2.41263928619822 319
1757589121757 2.4083624385546853 320
1757589121833 2.40414873034132 321
1757589121909 2.399997081009263 322
1757589121984 2.3959064307260425 323
1757589122064 2.391875739929857 324
1757589122139 2.3879039888944233 325
1757589122213 2.383990177304142 326
1757589122291 2.3801333238393156 327
1757589122368 2.376332465771151 328
1757589122445 2.3725866585663278 329
1757589122521 2.3688949755008553 330
1757589122601 2.3652565072829996 331
1757589122678 2.3616703616850616 332
1757589122755 2.358135663183762 333
1757589122827 2.35465155260903 334
1757589122902 2.3512171868009863 335
1757589122980 2.3478317382748903 336
1757589123063 2.344494394893889 337
1757589123144 2.3412043595493413 338
1757589123219 2.3379608498485442 339
1757589123297 2.3347630978096645 340
1757589123375 2.331610349563709 341
1757589123455 2.3285018650633464 342
1757589123533 2.3254369177984096 343
1757589123610 2.322414794517932 344
1757589123689 2.319434794958513 345
1757589123766 2.316496231578916 346
1757589123844 2.313598429300689 347
1757589123923 2.3107407252546786 348
1757589124005 2.307922468533315 349
1757589124085 2.305143019948482 350
1757589124168 2.302401751794865 351
1757589124251 2.2996980476186444 352
1757589124333 2.297031301991375 353
1757589124435 2.2944009202889584 354
1757589124525 2.291806318475548 355
1757589124611 2.2892469228923047 356
1757589124695 2.286722170050856 357
1757589124776 2.2842315064313543 358
1757589124850 2.2817743882850174 359
1757589124928 2.2793502814410496 360
1757589125009 2.2769586611178334 361
1757589125085 2.2745990117382875 362
1757589125167 2.2722708267492897 363
1757589125244 2.2699736084450746 364
1757589125324 2.267706867794488 365
1757589125400 2.2654701242720376 366
1757589125480 2.2632629056926223 367
1757589125556 2.2610847480498633 368
1757589125635 2.2589351953579517 369
1757589125708 2.256813799496913 370
1757589125786 2.2547201200612417 371
1757589125865 2.2526537242117777 372
1757589125947 2.250614186530794 373
1757589126030 2.2486010888801817 374
1757589126108 2.246614020262693 375
1757589126189 2.24465257668613 376
1757589126269 2.2427163610304532 377
1757589126356 2.24080498291771 378
1757589126441 2.2389180585847206 379
1757589126524 2.237055210758473 380
1757589126607 2.235216068534147 381
1757589126689 2.233400267255716 382
1757589126771 2.231607448399047 383
1757589126852 2.229837259457481 384
1757589126928 2.2280893538297835 385
1757589127006 2.226363390710458 386
1757589127087 2.22465903498233 387
1757589127170 2.222975957111376 388
1757589127253 2.221313833043733 389
1757589127332 2.219672344104832 390
1757589127413 2.2180511769006293 391
1757589127490 2.216450023220863 392
1757589127586 2.2148685799442958 393
1757589127664 2.213306548945909 394
1757589127744 2.211763637005994 395
1757589127824 2.21023955572109 396
1757589127905 2.208734021416747 397
1757589127986 2.2072467550620494 398
1757589128065 2.2057774821858844 399
1757589128149 2.2043259327948928 400
1757589128235 2.2028918412930785 401
1757589128319 2.201474946403031 402
1757589128402 2.2000749910887376 403
1757589128493 2.1986917224799294 404
1757589128575 2.197324891797951 405
1757589128653 2.1959742542831004 406
1757589128732 2.194639569123406 407
1757589128813 2.1933205993848337 408
1757589128889 2.1920171119428553 409
1757589128969 2.190728877415383 410
1757589129051 2.189455670097015 411
1757589129132 2.188197267894576 412
1757589129213 2.1869534522639196 413
1757589129295 2.1857240081479614 414
1757589129375 2.1845087239159304 415
1757589129452 2.183307391303799 416
1757589129535 2.182119805355857 417
1757589129617 2.1809457643674355 418
1757589129698 2.179785069828722 419
1757589129778 2.178637526369666 420
1757589129858 2.1775029417059395 421
1757589129938 2.1763811265859347 422
1757589130018 2.175271894738778 423
1757589130102 2.1741750628233327 424
1757589130180 2.173090450378176 425
1757589130259 2.172017879772521 426
1757589130342 2.1709571761580695 427
1757589130425 2.1699081674217884 428
1757589130505 2.168870684139546 429
1757589130587 2.1678445595306606 430
1757589130666 2.1668296294132676 431
1757589130746 2.165825732160542 432
1757589130826 2.164832708657731 433
1757589130904 2.163850402259987 434
1757589130985 2.162878658750993 435
1757589131069 2.16191732630235 436
1757589131152 2.1609662554337095 437
1757589131262 2.1600252989736495 438
1757589131350 2.159094312021276 439
1757589131449 2.1581731519085214 440
1757589131536 2.157261678163138 441
1757589131618 2.156359752472369 442
1757589131698 2.155467238647278 443
1757589131779 2.1545840025877436 444
1757589131866 2.15370991224806 445
1757589131951 2.152844837603201 446
1757589132030 2.1519886506156607 447
1757589132115 2.1511412252029114 448
1757589132197 2.150302437205439 449
1757589132279 2.1494721643553545 450
1757589132362 2.1486502862455756 451
1757589132444 2.1478366842995493 452
1757589132527 2.1470312417415256 453
1757589132614 2.146233843567347 454
1757589132701 2.1454443765157687 455
1757589132787 2.1446627290402875 456
1757589132873 2.143888791281456 457
1757589132950 2.1431224550397094 458
1757589133033 2.142363613748648 459
1757589133116 2.141612162448809 460
1757589133196 2.1408679977618705 461
1757589133278 2.1401310178653405 462
1757589133359 2.139401122467671 463
1757589133442 2.1386782127838067 464
1757589133526 2.137962191511162 465
1757589133608 2.1372529628060084 466
1757589133692 2.1365504322602886 467
1757589133775 2.1358545068788097 468
1757589133855 2.1351650950568457 469
1757589133940 2.1344821065581194 470
1757589134021 2.133805452493163 471
1757589134101 2.1331350452980526 472
1757589134184 2.132470798713503 473
1757589134269 2.1318126277643294 474
1757589134356 2.1311604487392457 475
1757589134443 2.130514179171013 476
1757589134526 2.1298737378169283 477
1757589134607 2.1292390446396414 478
1757589134690 2.1286100207882983 479
1757589134771 2.1279865885800016 480
1757589134851 2.1273686714815754 481
1757589134933 2.1267561940916595 482
1757589135011 2.1261490821230775 483
1757589135091 2.1255472623855245 484
1757589135170 2.124950662768521 485
1757589135253 2.1243592122246757 486
1757589135333 2.123772840753214 487
1757589135417 2.123191479383773 488
1757589135502 2.1226150601604865 489
1757589135583 2.1220435161263214 490
1757589135664 2.1214767813076665 491
1757589135744 2.120914790699197 492
1757589135853 2.1203574802489653 493
1757589135933 2.119804786843759 494
1757589136016 2.1192566482946824 495
1757589136100 2.118713003322981 496
1757589136187 2.118173791546103 497
1757589136275 2.1176389534639837 498
1757589136367 2.117108430445554 499
