1757655757711 168.86266928634348 0
1757655757809 160.09706808142957 1
1757655757913 156.1132977454459 2
1757655757998 152.1289902368838 3
1757655758075 148.2490568111823 4
1757655758155 144.46964978784445 5
1757655758253 140.7879240470308 6
1757655758350 137.20159597224782 7
1757655758431 133.7079410354027 8
1757655758502 130.30480025641532 9
1757655758570 126.9895817001175 10
1757655758641 123.76024423712215 11
1757655758724 120.61438636735836 12
1757655758803 117.54985172451478 13
1757655758880 114.56465065429315 14
1757655758949 111.65657266351577 15
1757655759026 108.82376769771189 16
1757655759105 106.06413400007517 17
1757655759187 103.37592061241436 18
1757655759270 100.75718888167529 19
1757655759353 98.20607262313908 20
1757655759449 95.72100096353904 21
1757655759535 93.30004929905809 22
1757655759620 90.94176423169817 23
1757655759703 88.64431327144584 24
1757655759786 86.40632372425586 25
1757655759868 84.22610582572685 26
1757655759955 82.10217037756397 27
1757655760036 80.0331595953645 28
1757655760121 78.0175206465468 29
1757655760207 76.0539972825349 30
1757655760284 74.14111232185539 31
1757655760361 72.27767753540549 32
1757655760447 70.46233857985872 33
1757655760529 68.69379349720062 34
1757655760612 66.97098597389858 35
1757655760701 65.29254947335612 36
1757655760789 63.6575133755394 37
1757655760887 62.06457546167536 38
1757655760972 60.512820261375616 39
1757655761040 59.00100697853233 40
1757655761117 57.52827235858634 41
1757655761197 56.09347977501107 42
1757655761281 54.69565433270061 43
1757655761364 53.33392233378356 44
1757655761449 52.00724206906929 45
1757655761525 50.714811249436586 46
1757655761604 49.45563821646134 47
1757655761685 48.228964842901114 48
1757655761762 47.033847286953105 49
1757655761845 45.86956925156063 50
1757655761929 44.73527380732026 51
1757655762010 43.63013838100526 52
1757655762091 42.553537100315914 53
1757655762169 41.504581981435244 54
1757655762249 40.4827051579528 55
1757655762323 39.48705928994977 56
1757655762395 38.51711018514605 57
1757655762508 37.57204938332809 58
1757655762634 36.65137455696678 59
1757655762708 35.754351863235065 60
1757655762787 34.88037671868953 61
1757655762860 34.028920951802746 62
1757655762933 33.19931505458733 63
1757655763015 32.391079781849974 64
1757655763096 31.603577147098076 65
1757655763173 30.836354988339426 66
1757655763241 30.088805488287456 67
1757655763325 29.360502127075517 68
1757655763405 28.650865757495033 69
1757655763489 27.959494138822674 70
1757655763572 27.28586891920862 71
1757655763657 26.62949288868323 72
1757655763741 25.990025501203498 73
1757655763829 25.366908021491106 74
1757655763918 24.759838425052315 75
1757655764008 24.16828249461351 76
1757655764093 23.591957542886327 77
1757655764180 23.030360013886607 78
1757655764267 22.483200380965027 79
1757655764351 21.950029793523527 80
1757655764435 21.430558217429937 81
1757655764520 20.92436119663925 82
1757655764608 20.431165665061805 83
1757655764699 19.950596160588802 84
1757655764787 19.482292342406886 85
1757655764880 19.026030487332008 86
1757655764965 18.581392455994866 87
1757655765052 18.148184524690137 88
1757655765141 17.726006261071934 89
1757655765230 17.31467735975803 90
1757655765322 16.91381439731052 91
1757655765411 16.523249745793763 92
1757655765508 16.142616168933134 93
1757655765590 15.771758016796253 94
1757655765674 15.410323459367056 95
1757655765760 15.058168162452402 96
1757655765842 14.714954960194813 97
1757655766096 14.380550207112714 98
1757655766169 14.054656115895098 99
1757655766239 13.737059789474083 100
1757655766321 13.427591790213837 101
1757655766408 13.125985585910241 102
1757655766492 12.832095128509941 103
1757655766578 12.54566559457897 104
1757655766669 12.266560175632266 105
1757655766757 11.99453531742825 106
1757655766867 11.729462946529306 107
1757655766948 11.47111022938081 108
1757655767035 11.219357351445579 109
1757655767121 10.97398167871978 110
1757655767205 10.734871204588421 111
1757655767291 10.501812999469047 112
1757655767377 10.274702437547692 113
1757655767485 10.053357974958413 114
1757655767561 9.837604118474067 115
1757655767636 9.627368353384684 116
1757655767708 9.422426705072333 117
1757655767789 9.222724482044672 118
1757655767872 9.028046162571918 119
1757655767952 8.838342709255503 120
1757655768034 8.653406763277458 121
1757655768119 8.47319461605565 122
1757655768205 8.297506687459274 123
1757655768286 8.126304291447953 124
1757655768360 7.959395261165828 125
1757655768445 7.796745643413544 126
1757655768526 7.638170337086604 127
1757655768618 7.483639847826352 128
1757655768691 7.332975809748712 129
1757655768762 7.186152928207962 130
1757655768846 7.042999258151562 131
1757655768932 6.903493459606798 132
1757655769014 6.767469709298456 133
1757655769098 6.634910390230756 134
1757655769180 6.505674047955818 135
1757655769258 6.379681465947413 136
1757655769344 6.256880590297198 137
1757655769436 6.137149385071561 138
1757655769516 6.020449153781794 139
1757655769599 5.906662647330064 140
1757655769683 5.795754484012604 141
1757655769759 5.687612058501094 142
1757655769844 5.582203114906166 143
1757655769928 5.47941947210946 144
1757655770009 5.379231822325605 145
1757655770093 5.281536199862536 146
1757655770181 5.186306076898442 147
1757655770266 5.093441504633487 148
1757655770349 5.002923173495968 149
1757655770434 4.914638836190522 150
1757655770521 4.828592407351728 151
1757655770614 4.744663824141455 152
1757655770709 4.662861451715971 153
1757655770781 4.583068950152879 154
1757655770863 4.505296623332776 155
1757655770940 4.429431698226484 156
1757655771027 4.355486296542472 157
1757655771115 4.283366611266954 158
1757655771205 4.213031822466335 159
1757655771290 4.144461738954701 160
1757655771378 4.077578376836926 161
1757655771467 4.01237153890672 162
1757655771546 3.948765981638292 163
1757655771630 3.8867531812417804 164
1757655771704 3.8262605711821474 165
1757655771783 3.7672812012517403 166
1757655771867 3.709745058468142 167
1757655771942 3.65364667266375 168
1757655772028 3.598918466939981 169
1757655772111 3.545556362757969 170
1757655772194 3.493495107517292 171
1757655772276 3.4427319307551283 172
1757655772354 3.3932037977838347 173
1757655772441 3.344909167264778 174
1757655772525 3.297787121169483 175
1757655772611 3.2518372726880536 176
1757655772696 3.207000724074418 177
1757655772788 3.1632781725767694 178
1757655772880 3.120612648989415 179
1757655772972 3.079005868053307 180
1757655773067 3.0384027017659707 181
1757655773156 2.99880581949303 182
1757655773249 2.960161851284685 183
1757655773336 2.922474361763245 184
1757655773425 2.8857047029896066 185
1757655773520 2.84981149318339 186
1757655773606 2.8148166368796805 187
1757655773678 2.780647013368168 188
1757655773758 2.747331961225711 189
1757655773840 2.7147999696308855 190
1757655773920 2.68296346532829 191
1757655774005 2.652049025075492 192
1757655774096 2.621846865427328 193
1757655774184 2.592235888292241 194
1757655774276 2.563535185134218 195
1757655774363 2.535443857136668 196
1757655774443 2.5079418126373647 197
1757655774529 2.481244376444494 198
1757655774609 2.4551552966791386 199
1757655774690 2.4295601896659353 200
1757655774775 2.404764967628372 201
1757655774853 2.3804844763569752 202
1757655774932 2.35670216298724 203
1757655775015 2.3336233692533446 204
1757655775093 2.3109598036379038 205
1757655775174 2.288969821593242 206
1757655775256 2.2674727599644067 207
1757655775337 2.2463621229578865 208
1757655775423 2.225927524064479 209
1757655775507 2.205902680872158 210
1757655775595 2.1862750772993254 211
1757655775672 2.1672376678226195 212
1757655775756 2.1485233320454578 213
1757655775840 2.1303746941718646 214
1757655775924 2.1126253802185455 215
1757655776009 2.095175717119222 216
1757655776098 2.078300402032312 217
1757655776187 2.061760828223351 218
1757655776279 2.0455094210396525 219
1757655776371 2.0297882062559593 220
1757655776456 2.0142830636301348 221
1757655776546 1.9992877803707798 222
1757655776637 1.9845833737580354 223
1757655776729 1.9701410314680359 224
1757655776822 1.956157179929103 225
1757655776911 1.9423727584863082 226
1757655777005 1.9290290590177686 227
1757655777083 1.9159581548443345 228
1757655777158 1.9030908674738354 229
1757655777245 1.8906591514117823 230
1757655777330 1.8784578663309566 231
1757655777412 1.8664611267123719 232
1757655777501 1.854855132589315 233
1757655777589 1.843396730543043 234
1757655777679 1.8323144921459396 235
1757655777765 1.8214512080091652 236
1757655777852 1.8107420673203947 237
1757655777933 1.800407671095257 238
1757655778016 1.79017377792002 239
1757655778096 1.7803015372098054 240
1757655778229 1.7706000731767924 241
1757655778346 1.7610465623221712 242
1757655778427 1.7518156762874397 243
1757655778505 1.742681720841965 244
1757655778586 1.7338589827158393 245
1757655778675 1.725201964037538 246
1757655778768 1.7166505326613093 247
1757655778857 1.7084125287358372 248
1757655778943 1.7002318191510781 249
1757655779025 1.6923542666340963 250
1757655779113 1.6846016838806384 251
1757655779205 1.676957118796482 252
1757655779293 1.6695731987494715 253
1757655779382 1.6622578918833564 254
1757655779470 1.655192617445037 255
1757655779551 1.648189434417261 256
1757655779636 1.6414274772921253 257
1757655779725 1.6347933137328208 258
1757655779818 1.6282207342055999 259
1757655779912 1.6218914467341883 260
1757655780010 1.6155994278571404 261
1757655780102 1.609538361967076 262
1757655780192 1.603579079611671 263
1757655780285 1.5976678014597983 264
1757655780378 1.59199392057179 265
1757655780464 1.5863267648621082 266
1757655780551 1.5808901751584734 267
1757655780645 1.575523735049766 268
1757655780718 1.5702104064863671 269
1757655780802 1.5650997993304676 270
1757655780887 1.5600025590270432 271
1757655780975 1.5551021043339333 272
1757655781066 1.5502109839139675 273
1757655781157 1.5455107181914922 274
1757655781245 1.5408814455496247 275
1757655781341 1.5362729163773496 276
1757655781425 1.5318636442730085 277
1757655781507 1.5274375921816796 278
1757655781595 1.5232056543094417 279
1757655781679 1.5190175915075772 280
1757655781764 1.5148581190615982 281
1757655781850 1.5108681109718598 282
1757655781929 1.5068703909206986 283
1757655782017 1.5030376739074862 284
1757655782107 1.4991943762823192 285
1757655782197 1.4955115833825703 286
1757655782290 1.4918772527935922 287
1757655782374 1.4882440480798644 288
1757655782453 1.4847811246253158 289
1757655782540 1.481284815782656 290
1757655782625 1.4779549033795252 291
1757655782715 1.474589360066671 292
1757655782808 1.471386276474305 293
1757655782898 1.468205290137879 294
1757655782994 1.46503272373377 295
1757655783078 1.4620007956250296 296
1757655783152 1.4589441601586046 297
1757655783235 1.4560249535448073 298
1757655783315 1.453079122588706 299
1757655783401 1.4502674430395903 300
1757655783485 1.4474854401388868 301
1757655783571 1.4446885518140682 302
1757655783658 1.4420366745305655 303
1757655783739 1.4393465152098737 304
1757655783821 1.4367776899056712 305
1757655783906 1.4341858171679718 306
1757655783995 1.431708250478391 307
1757655784083 1.4292626912204989 308
1757655784171 1.4267868459885855 309
1757655784354 1.424455463626728 310
1757655784511 1.4220632433932168 311
1757655784585 1.419813072740151 312
1757655784658 1.4175008869062207 313
1757655784743 1.4153282536233982 314
1757655784833 1.4131475947242882 315
1757655784923 1.4109657881973738 316
1757655785017 1.4088858871233547 317
1757655785120 1.4067752066425787 318
1757655785208 1.4047644737493403 319
1757655785296 1.4027219149501737 320
1757655785380 1.400777253690919 321
1757655785466 1.3988535717838504 322
1757655785550 1.3968908041327246 323
1757655785635 1.3950564290799055 324
1757655785723 1.3931543484237425 325
1757655785811 1.3913789001860872 326
1757655785908 1.3895349901001584 327
1757655786003 1.3877198534209676 328
1757655786097 1.3860331789567881 329
1757655786194 1.3842885469953639 330
1757655786286 1.38253762548107 331
1757655786385 1.380893625443873 332
1757655786477 1.3791936450960953 333
1757655786565 1.377599375949431 334
1757655786653 1.376042609389185 335
1757655786744 1.3744052698296139 336
1757655786837 1.3728649614596322 337
1757655786933 1.3713931590065025 338
1757655787027 1.3697561479904485 339
1757655787121 1.3683751999234817 340
1757655787216 1.3667812648760451 341
1757655787308 1.3654415362773487 342
1757655787398 1.3639815150378471 343
1757655787494 1.3625418120595574 344
1757655787588 1.3612182707827378 345
1757655787683 1.3597408535267754 346
1757655787775 1.3584800377072774 347
1757655787870 1.3571310548292035 348
1757655787965 1.3557677857092834 349
1757655788056 1.3545003948907008 350
1757655788150 1.3532622408946473 351
1757655788245 1.3519407994049617 352
1757655788342 1.350714537883866 353
1757655788439 1.3494389002140863 354
1757655788578 1.3482477939746638 355
1757655788674 1.3470930255107272 356
1757655788775 1.345796487283285 357
1757655788867 1.3447166580660939 358
1757655788955 1.343449294003165 359
1757655789036 1.3423973733931132 360
1757655789126 1.3412955911532927 361
1757655789212 1.340063203511884 362
1757655789302 1.3390576896065116 363
1757655789390 1.3379399602835766 364
1757655789480 1.3368261303889755 365
1757655789571 1.335778363559188 366
1757655789657 1.3346888903515501 367
1757655789745 1.3336649914341212 368
1757655789831 1.3326867782774763 369
1757655789919 1.3316011070531555 370
1757655790009 1.3306179590093632 371
1757655790097 1.3295785459592666 372
1757655790181 1.328616773240554 373
1757655790267 1.3276855825107778 374
1757655790350 1.3266134018448479 375
1757655790437 1.3257464229668612 376
1757655790520 1.3247412153865894 377
1757655790602 1.3238226300834919 378
1757655790685 1.322949820099247 379
1757655790767 1.321915300427508 380
1757655790851 1.3211058728254628 381
1757655790933 1.3200895068842078 382
1757655791012 1.3192973707622027 383
1757655791096 1.3183841909785168 384
1757655791186 1.3174797203960082 385
1757655791274 1.3166727966146752 386
1757655791370 1.3157999932235278 387
1757655791461 1.3149039556127688 388
1757655791549 1.314089903005143 389
1757655791635 1.3132091312971859 390
1757655791725 1.3124100300582278 391
1757655791815 1.311628681662319 392
1757655791913 1.310716516250355 393
1757655792005 1.3099920669322436 394
1757655792093 1.309139501959663 395
1757655792185 1.308359670190609 396
1757655792281 1.3076278150365837 397
1757655792372 1.30673436863307 398
1757655792459 1.3060577954174102 399
1757655792549 1.3051770922777202 400
1757655792631 1.3045126406626533 401
1757655792724 1.3037278247401596 402
1757655792818 1.3029492954874016 403
1757655792917 1.3022635658488675 404
1757655793015 1.3014284862252528 405
1757655793102 1.3007767517054398 406
1757655793190 1.3000358124792748 407
1757655793276 1.2992770489198495 408
1757655793364 1.2985778164371058 409
1757655793449 1.2978331043149551 410
1757655793539 1.297144066508555 411
1757655793625 1.2964919638869032 412
1757655793711 1.2957330893379981 413
1757655793799 1.2950651260960926 414
1757655793884 1.2943384081386968 415
1757655793968 1.2936796333078198 416
1757655794053 1.293044195950037 417
1757655794141 1.2922708332372983 418
1757655794227 1.2916856834542938 419
1757655794307 1.2909210737643384 420
1757655794390 1.290344275561059 421
1757655794479 1.2897139943180096 422
1757655794594 1.2889557845644215 423
1757655794673 1.2883972814603566 424
1757655794763 1.287646982214738 425
1757655794855 1.2870961036859339 426
1757655794939 1.286434853133237 427
1757655795032 1.2857690617332225 428
1757655795119 1.2851563552858944 429
1757655795208 1.284497758755954 430
1757655795297 1.283935949978004 431
1757655795389 1.2832992077053378 432
1757655795478 1.2826447423503429 433
1757655795570 1.2820556192393502 434
1757655795660 1.2814077554801313 435
1757655795744 1.2808251378417834 436
1757655795831 1.2802642168085556 437
1757655795913 1.2795667534614439 438
1757655795995 1.2790526988036006 439
1757655796080 1.27840485654777 440
1757655796163 1.2778311376718485 441
1757655796248 1.2772914697636102 442
1757655796336 1.2766028337614896 443
1757655796426 1.2761093483575698 444
1757655796515 1.275426369163869 445
1757655796598 1.2749382782983363 446
1757655796688 1.2743406554288654 447
1757655796777 1.273737675078736 448
1757655796878 1.2732289150309235 449
1757655796972 1.272565914707863 450
1757655797072 1.2720840911059634 451
1757655797167 1.2715056009109826 452
1757655797261 1.270908956915671 453
1757655797363 1.2703755461060517 454
1757655797461 1.2697836113060024 455
1757655797540 1.2692548596080537 456
1757655797631 1.2687467623255855 457
1757655797722 1.2681462941432444 458
1757655797813 1.2676179151664262 459
1757655797900 1.2670436174147564 460
1757655797983 1.2665194594680917 461
1757655798074 1.266028360055796 462
1757655798171 1.2653967042557028 463
1757655798271 1.2649389384161234 464
1757655798375 1.2643149262089588 465
1757655798464 1.2638610708391977 466
1757655798556 1.2633624904576417 467
1757655798645 1.2627296230044562 468
1757655798747 1.2622963156255347 469
1757655798842 1.2616671378500282 470
1757655798932 1.2612374479134085 471
1757655799030 1.2606904014755427 472
1757655799126 1.2601462454219379 473
1757655799219 1.25964241656488 474
1757655799317 1.2591016853262116 475
1757655799417 1.2586438612118864 476
1757655799513 1.2581205017975472 477
1757655799612 1.2575699594577017 478
1757655799705 1.2570893403079146 479
1757655799791 1.2565419857781186 480
1757655799877 1.2560645342231584 481
1757655799967 1.2555982712696785 482
1757655800058 1.2550066351788085 483
1757655800151 1.2545828041850844 484
1757655800247 1.2539941657858515 485
1757655800337 1.253573240281836 486
1757655800431 1.2531076928144789 487
1757655800522 1.2525087570057538 488
1757655800610 1.2521068372443374 489
1757655800701 1.2515106147904447 490
1757655800789 1.2511113931102944 491
1757655800882 1.250595451734224 492
1757655800968 1.2500822432541254 493
1757655801064 1.2496081578550597 494
1757655801168 1.2490974998168625 495
1757655801252 1.2486682600371821 496
1757655801331 1.2481737287042227 497
1757655801417 1.2476520981129255 498
1757655801504 1.2471990497520666 499
