1757670737052 0.055264663178403645 0
1757670737164 1.4512621958823033 1
1757670737296 1.1262954207740021 2
1757670737413 0.011644293750066896 3
1757670737529 0.05626005968063133 4
1757670737643 2.71923114939332e-05 5
1757670737759 0.1513866267812742 6
1757670737871 0.006873079898219369 7
1757670737991 0.644040163605066 8
1757670738102 0.0011173993289254117 9
1757670738219 0.0023357503197450804 10
1757670738330 0.1080085972266902 11
1757670738442 0.09971476478203198 12
1757670738553 0.04648837114691746 13
1757670738673 0.11018516172760125 14
1757670738789 0.6971683886002281 15
1757670738903 0.473595212492954 16
1757670739021 0.2604385541320224 17
1757670739132 0.14331489289338029 18
1757670739253 0.009030902932332672 19
1757670739365 0.09221982825947915 20
1757670739483 0.29563763995672426 21
1757670739598 0.26959154745184744 22
1757670739705 0.11111273580155369 23
1757670739813 0.09779878778520369 24
1757670739923 0.008182246173059444 25
1757670740027 0.0012255245134082694 26
1757670740132 0.015115733301229272 27
1757670740242 0.1347799605492196 28
1757670740355 0.020784379534370224 29
1757670740462 0.034290024548701496 30
1757670740569 0.006572881361453226 31
1757670740676 0.030658113927272326 32
1757670740786 0.0012385533479214378 33
1757670740902 0.3076051616496941 34
1757670741011 0.09823738922461235 35
1757670741117 0.018834086881192005 36
1757670741222 0.03569515791557762 37
1757670741330 0.0020059155235198495 38
1757670741436 0.09323658380360378 39
1757670741545 0.023077996046956328 40
1757670741653 0.03519239832796165 41
1757670741764 0.016897842912060576 42
1757670741872 0.013191030475016236 43
1757670741980 0.17384810613175833 44
1757670742087 0.03146105854335854 45
1757670742199 0.015404963455196203 46
1757670742306 0.13329123671345625 47
1757670742412 0.012749423501696354 48
1757670742522 0.04934686976934621 49
1757670742629 0.0005582511824005449 50
1757670742742 0.10424467417637125 51
1757670742849 0.17544484549134334 52
1757670742955 0.35192545712994916 53
1757670743062 0.1459927870819156 54
1757670743170 0.17998215221384403 55
1757670743277 0.0011201578441149035 56
1757670743387 0.003789751660544825 57
1757670743493 0.08808602814383724 58
1757670743602 1.0991729286822807 59
1757670743709 0.06125919904196189 60
1757670743816 0.004185001532569428 61
1757670743923 3.9672176081372995e-05 62
1757670744030 0.01624692534859469 63
1757670744139 0.007450643102300529 64
1757670744248 0.11939572601654733 65
1757670744359 0.005671732140684737 66
1757670744469 0.012375926296350486 67
1757670744577 0.05588373182198846 68
1757670744684 0.010605034772264847 69
1757670744794 0.0685498359251216 70
1757670744904 0.049826081550611474 71
1757670745013 0.013971282667086592 72
1757670745124 0.020974749918144946 73
1757670745233 0.024584471768075822 74
1757670745340 0.16511982883716178 75
1757670745449 0.025829252122876806 76
1757670745557 0.057575123564899945 77
1757670745676 9.879200354514599e-05 78
1757670745807 0.09871596060463841 79
1757670745915 0.30499790119750875 80
1757670746038 0.010148892498495442 81
1757670746148 0.016120446335960728 82
1757670746260 0.7041636085265399 83
1757670746370 0.08388579496502731 84
1757670746476 3.3839271256983705e-05 85
1757670746586 0.12927352412014176 86
1757670746695 0.10425998739357872 87
1757670746803 0.46143735766844973 88
1757670746911 0.5820161610032609 89
1757670747020 1.7441528195807874 90
1757670747130 0.007601206248623651 91
1757670747239 0.02376222097300813 92
1757670747346 0.016776544022071065 93
1757670747456 0.12426866655485198 94
1757670747570 0.02065343881228891 95
1757670747681 0.4931644940141298 96
1757670747791 0.0074697926194141956 97
1757670747902 0.06610888700638201 98
1757670748010 0.012349379542193834 99
1757670748121 0.00031551102206834204 100
1757670748231 0.02463190786987603 101
1757670748340 0.08086794450282897 102
1757670748450 0.011281559443260187 103
1757670748560 0.2972662473161894 104
1757670748670 0.1939253018730649 105
1757670748780 0.007579412044352354 106
1757670748891 0.022502135341841537 107
1757670749002 0.050262799234027586 108
1757670749114 0.007531732324005594 109
1757670749224 0.0038812812143528374 110
1757670749335 0.24920503172534106 111
1757670749447 2.885909443566621 112
1757670749556 3.8794353203774586e-05 113
1757670749666 0.11049067044908406 114
1757670749775 0.021248629598983514 115
1757670749884 0.0932636641437539 116
1757670749992 0.10040381820627316 117
1757670750104 0.09338048563291301 118
1757670750217 0.586792033338273 119
1757670750328 0.02247276984215688 120
1757670750437 0.10154443972432521 121
1757670750549 0.004608031786355721 122
1757670750660 0.006792121462246295 123
1757670750771 0.08587742229606934 124
1757670750880 0.3000375068562339 125
1757670750990 2.027351347309217e-05 126
1757670751100 0.0006412340613473857 127
1757670751212 0.01059663727939231 128
1757670751321 0.017038484105605836 129
1757670751430 0.7758711331649555 130
1757670751542 0.18582626319161863 131
1757670751650 0.06330998520732868 132
1757670751759 0.047760160968357654 133
1757670751868 0.19056573306773836 134
1757670751980 0.05393272332024516 135
1757670752088 0.1574556658789949 136
1757670752197 0.03266437939733131 137
1757670752308 1.6899066735258258e-06 138
1757670752417 0.03612330264307524 139
1757670752526 0.22921917112965481 140
1757670752637 0.7678617913235947 141
1757670752748 0.011236298263426819 142
1757670752858 0.0002656266466291117 143
1757670752970 0.0986144256694113 144
1757670753080 0.03941431530301458 145
1757670753190 0.12188271424844264 146
1757670753300 0.2667762493905217 147
1757670753411 0.0746913410100787 148
1757670753522 0.17560449512868656 149
1757670753631 0.18704392658493124 150
1757670753740 0.08234966482105928 151
1757670753851 0.004816238807434345 152
1757670753961 0.17929822528097916 153
1757670754071 0.636802494521043 154
1757670754180 0.010183628577014466 155
1757670754291 0.016687188914532074 156
1757670754403 0.04258829392921572 157
1757670754513 0.0077022004922328285 158
1757670754623 0.0018581009138479384 159
1757670754734 0.04882350466745464 160
1757670754845 0.02644850450099622 161
1757670754956 0.10237929339360209 162
1757670755066 0.2644112754415899 163
1757670755176 0.035767436673216114 164
1757670755290 0.03612184316837654 165
1757670755399 0.0017430659532637462 166
1757670755510 0.02609033328867602 167
1757670755620 0.014729180177934134 168
1757670755732 0.0026677810623963595 169
1757670755842 0.06884447203606878 170
1757670755954 0.0008184746113200842 171
1757670756076 0.004932216722824024 172
1757670756188 0.0118221548847629 173
1757670756300 0.11956440943601965 174
1757670756414 0.16817296583384295 175
1757670756524 0.0012774592456665736 176
1757670756635 0.13692541306872555 177
1757670756746 0.22315288747169598 178
1757670756855 0.2694755804972334 179
1757670756964 0.0007282514180060678 180
1757670757077 0.00012017772269563292 181
1757670757187 0.05433812857651715 182
1757670757299 0.011941982194579842 183
1757670757410 0.06061424865667636 184
1757670757522 0.2509342589899253 185
1757670757632 0.03937724202538316 186
1757670757744 2.7983490964570743 187
1757670757868 0.004824756383380942 188
1757670757998 0.034013113884952734 189
1757670758109 0.014464734253026653 190
1757670758220 0.0671578919881301 191
1757670758332 0.11865769527520521 192
1757670758440 0.07595142908299606 193
1757670758552 0.039942521867029956 194
1757670758667 0.09311293471329374 195
1757670758779 0.0012278460309370592 196
1757670758889 0.0002877441555066046 197
1757670759001 0.3106513196736971 198
1757670759115 0.0028093700422742764 199
1757670759229 0.0009315710464279499 200
1757670759341 0.1484827113992992 201
1757670759451 0.0068364390722803325 202
1757670759563 0.0005237197216814139 203
1757670759675 0.06436139205375341 204
1757670759784 0.009215333982520297 205
1757670759895 0.00048717256241246254 206
1757670760005 0.012815548855418638 207
1757670760116 0.05659252079145018 208
1757670760228 0.008407933274381395 209
1757670760342 0.08273331061878281 210
1757670760452 0.05381714554025101 211
1757670760564 0.0014448303748513431 212
1757670760677 0.2144137870496434 213
1757670760790 0.008360069732567529 214
1757670760904 0.22373286080339533 215
1757670761013 0.003437245190509641 216
1757670761125 0.01662064544036876 217
1757670761236 0.0002910900476167672 218
1757670761349 0.1934316275244202 219
1757670761462 0.2418769763317173 220
1757670761573 0.1685307951752373 221
1757670761683 0.9797830826321652 222
1757670761793 0.05355069851068986 223
1757670761905 0.15090552409442773 224
1757670762018 0.014620729221403464 225
1757670762130 0.0038935374209335166 226
1757670762243 0.0208996361881678 227
1757670762356 0.3261974038027308 228
1757670762468 0.0010754974663921219 229
1757670762579 0.004731738354735337 230
1757670762695 0.012638257040173241 231
1757670762808 0.10088535424665813 232
1757670762920 0.018925509679151513 233
1757670763032 0.059882737891512716 234
1757670763143 2.435828800439895 235
1757670763255 0.0001405573789442476 236
1757670763365 0.06957238715904648 237
1757670763476 1.1752651071582612 238
1757670763593 0.007514211695466626 239
1757670763706 0.04964640240422527 240
1757670763821 0.03722046889397802 241
1757670763936 0.04928057832918631 242
1757670764048 0.013026092961391395 243
1757670764163 0.0032923501447852427 244
1757670764276 0.13341795753321414 245
1757670764389 0.0005023049953664925 246
1757670764501 0.019254907419602625 247
1757670764615 0.7374984223730174 248
1757670764731 0.019152724252712267 249
1757670764843 0.08841574798498716 250
1757670764956 0.04134499535364995 251
1757670765069 0.2144480106375636 252
1757670765181 0.00039567929575286726 253
1757670765294 0.10269136445210582 254
1757670765407 0.9566909870300107 255
1757670765519 0.514288137543008 256
1757670765631 0.11775614031855082 257
1757670765744 0.5164739778845487 258
1757670765856 0.05355867878359092 259
1757670765976 0.026831718265700456 260
1757670766093 0.13142533120117442 261
1757670766208 0.07816604442815692 262
1757670766321 1.0809011878382022 263
1757670766435 0.0002698828381777151 264
1757670766550 0.0032904874674152115 265
1757670766663 0.1461760169231776 266
1757670766777 0.05837041063963544 267
1757670766891 0.015546470279023653 268
1757670767005 0.06362469001655009 269
1757670767120 0.9916734520082647 270
1757670767234 0.4280512311556067 271
1757670767347 5.139958008572808e-05 272
1757670767461 0.6092850940542439 273
1757670767576 0.007510669137422156 274
1757670767690 0.21121843147406283 275
1757670767803 0.3812795259538781 276
1757670767915 0.040754212981550714 277
1757670768030 0.006069417556024469 278
1757670768144 0.009529625391419896 279
1757670768262 0.16140599299652583 280
1757670768377 0.16187426417288422 281
1757670768489 0.008187992752765692 282
1757670768613 0.014657802953394352 283
1757670768728 0.0003470989563323483 284
1757670768842 0.018140419780605845 285
1757670768957 0.1648022646610979 286
1757670769071 0.4395791690384419 287
1757670769184 0.017021386124134927 288
1757670769300 0.024090294905433168 289
1757670769413 0.057724848970916516 290
1757670769525 0.004469991099697555 291
1757670769641 0.06081267779304099 292
1757670769755 0.0061888898302218465 293
1757670769864 0.02799986954989308 294
1757670769978 0.07345145958970405 295
1757670770093 0.042320111777067466 296
1757670770208 0.01420942341116486 297
1757670770322 0.006499117085875701 298
1757670770438 0.011580661820788754 299
1757670770550 0.0060331259685090085 300
1757670770663 0.033873090050993974 301
1757670770780 0.3765109262240175 302
1757670770896 0.010376939883673927 303
1757670771013 0.05535497944943995 304
1757670771128 0.010701440907792596 305
1757670771241 0.10795006964837663 306
1757670771357 0.014709340834363054 307
1757670771470 0.06178012765051469 308
1757670771583 0.06207169133748485 309
1757670771697 0.06438154158758726 310
1757670771813 0.010173818260637346 311
1757670771929 0.12893303172507098 312
1757670772045 0.5604252781866728 313
1757670772163 0.00010368501005017931 314
1757670772276 0.11200972686287768 315
1757670772393 0.8662011610064823 316
1757670772508 0.08306981670464536 317
1757670772624 0.00017794248251710006 318
1757670772737 0.014923733610770849 319
1757670772853 0.0032886820456474357 320
1757670772969 0.02327322055055726 321
1757670773085 0.08971725551771378 322
1757670773201 0.06590951133973993 323
1757670773316 0.071861994172725 324
1757670773430 0.11474070767728403 325
1757670773543 0.07465946727841175 326
1757670773657 0.14033051103772062 327
1757670773775 0.10139369612203819 328
1757670773892 0.0002828317245242157 329
1757670774011 0.1475234654885839 330
1757670774124 0.042620182215699146 331
1757670774242 0.0017920431398189692 332
1757670774357 0.012002871568130328 333
1757670774472 0.0002581082744770423 334
1757670774586 0.04301812032841415 335
1757670774699 0.01918377937222198 336
1757670774814 0.03902583980787891 337
1757670774929 0.0007047893650046283 338
1757670775045 0.052993511275964536 339
1757670775160 0.0012969605385984636 340
1757670775276 0.16723376242406812 341
1757670775393 0.008365471442206195 342
1757670775508 0.0005141127136587254 343
1757670775623 0.014236082688145265 344
1757670775738 0.1107046882267979 345
1757670775852 0.006947013662821372 346
1757670775968 0.5442651728440911 347
1757670776095 0.7558110188100082 348
1757670776212 0.03366453351052266 349
1757670776328 0.025940554577741845 350
1757670776443 0.03268033283686519 351
1757670776559 0.006072266389656736 352
1757670776672 0.01040803640572737 353
1757670776787 0.19059270334933479 354
1757670776900 0.017244621778687925 355
1757670777079 0.05891851794924942 356
1757670777205 0.00044394904422858153 357
1757670777327 0.20712571263523039 358
1757670777444 0.14969733927339826 359
1757670777560 0.07430780453666475 360
1757670777679 0.4264282669155714 361
1757670777794 0.040621988636548235 362
1757670777913 0.18392899492598414 363
1757670778029 0.06673008253174 364
1757670778147 0.3443718752936383 365
1757670778265 0.15841116293961097 366
1757670778379 0.006312650571044654 367
1757670778497 0.1986621339178522 368
1757670778621 0.023697132916230153 369
1757670778739 0.0011607244376457037 370
1757670778854 0.008700473396293798 371
1757670778970 0.044982909964599756 372
1757670779086 0.01958089201090331 373
1757670779200 0.06735748845697832 374
1757670779316 0.3983878278122597 375
1757670779434 0.10311438378747649 376
1757670779551 0.05070454865220763 377
1757670779665 0.04245909304206599 378
1757670779782 0.07341825373957338 379
1757670779899 0.08153288737951962 380
1757670780017 0.11649834585491489 381
1757670780133 0.0015303615641602288 382
1757670780248 0.002374703282543148 383
1757670780363 0.040771129649561116 384
1757670780482 0.14087095675958258 385
1757670780597 0.007696977221442831 386
1757670780713 1.7701161245365786e-05 387
1757670780832 0.003882941604625189 388
1757670780949 0.17464095674493915 389
1757670781068 0.045186066306794205 390
1757670781185 0.0024381606193091673 391
1757670781306 0.16862462517367752 392
1757670781425 0.03995257544896073 393
1757670781546 0.01255736530675566 394
1757670781663 0.04237343726491644 395
1757670781781 0.17679866633831146 396
