1757676284786 165.91261691599058 0
1757676284897 159.59426600277527 1
1757676284995 164.2371150569818 2
1757676285089 165.0194761332811 3
1757676285183 144.18542624389573 4
1757676285278 158.9547531642465 5
1757676285374 149.49548721116128 6
1757676285460 145.47021559232778 7
1757676285561 150.11299955795675 8
1757676285656 141.1007471008877 9
1757676285755 147.6752097998052 10
1757676285850 153.74524445980927 11
1757676285948 135.52006134774294 12
1757676286074 137.5523599707642 13
1757676286200 132.1233277518613 14
1757676286320 127.50314613351148 15
1757676286438 130.24168651851207 16
1757676286529 129.4049900298371 17
1757676286630 127.26682786037215 18
1757676286728 128.9542748196236 19
1757676286830 123.61764154594924 20
1757676286921 120.77183260398252 21
1757676287012 123.31506460185012 22
1757676287109 122.01568451972149 23
1757676287208 116.47379731229995 24
1757676287307 120.8368229975111 25
1757676287406 116.05409887291003 26
1757676287509 111.07096800705023 27
1757676287612 112.99138891623986 28
1757676287712 108.42488559271867 29
1757676287809 111.40255777704287 30
1757676287907 103.29905983170124 31
1757676288004 102.87266139445708 32
1757676288099 97.61951530217945 33
1757676288196 100.03184091676889 34
1757676288289 103.90752964346922 35
1757676288384 103.1821141104492 36
1757676288481 99.3159004471152 37
1757676288578 96.6455870467881 38
1757676288671 90.07362071971554 39
1757676288772 94.0431061719504 40
1757676288867 89.07578830125048 41
1757676288959 89.8136364543562 42
1757676289057 84.61436713332617 43
1757676289152 86.6759794341858 44
1757676289265 90.51614101180893 45
1757676289366 83.76193286633561 46
1757676289465 82.5372044782262 47
1757676289567 80.14482848954529 48
1757676289662 81.23770110964514 49
1757676289763 82.31118583314218 50
1757676289860 76.72060756462743 51
1757676289955 78.50897594174016 52
1757676290053 76.88757160028698 53
1757676290153 79.95086804141634 54
1757676290251 73.87063930156769 55
1757676290346 78.54250257003935 56
1757676290441 71.2438497536989 57
1757676290538 69.392236098947 58
1757676290636 69.89589009075586 59
1757676290731 67.07741260523302 60
1757676290824 71.4891983009752 61
1757676290922 70.22611983298766 62
1757676291019 66.98027217964648 63
1757676291102 63.65926159281492 64
1757676291193 63.36424775285788 65
1757676291294 61.844668426004716 66
1757676291392 61.1453711503629 67
1757676291490 63.444581296504055 68
1757676291591 65.15513589894266 69
1757676291687 57.78101506032153 70
1757676291781 60.529994364281535 71
1757676291882 57.439745496533554 72
1757676291980 56.174990151680504 73
1757676292082 62.208836333699026 74
1757676292177 51.345432525141746 75
1757676292276 52.202046164267266 76
1757676292374 53.22309004253631 77
1757676292472 53.9137604019543 78
1757676292571 51.221587281276875 79
1757676292667 53.58611876174809 80
1757676292768 50.33972833798098 81
1757676292877 49.42823545166499 82
1757676292985 49.540451837442795 83
1757676293087 48.70502652362558 84
1757676293183 50.50421162393793 85
1757676293286 47.94296243619456 86
1757676293383 46.338775154365806 87
1757676293480 46.376919239607204 88
1757676293579 49.55511493564693 89
1757676293680 45.875463530060244 90
1757676293780 47.701967113362464 91
1757676293877 44.79634522394075 92
1757676293978 43.24704266070151 93
1757676294076 44.006613479908026 94
1757676294170 45.43896064954599 95
1757676294266 41.48893719494445 96
1757676294362 44.007875954642415 97
1757676294461 43.55551225319563 98
1757676294563 37.550374392220576 99
1757676294660 41.48704086109521 100
1757676294751 36.992597420853286 101
1757676294849 36.82380660093899 102
1757676294948 35.70713421811138 103
1757676295049 37.39418736089678 104
1757676295147 39.099929207497105 105
1757676295247 34.65902242896382 106
1757676295346 35.650803418354634 107
1757676295443 34.128274636707694 108
1757676295545 35.813902587559355 109
1757676295642 33.46445468958421 110
1757676295740 32.81551989737594 111
1757676295840 32.49461848441412 112
1757676295943 35.235437739571516 113
1757676296040 29.099521118537808 114
1757676296140 32.92888009307783 115
1757676296237 31.98054369758767 116
1757676296337 31.369742304133933 117
1757676296451 31.025640862848746 118
1757676296556 29.290607945877905 119
1757676296676 28.510796106820997 120
1757676296778 29.156233523064344 121
1757676296880 27.700732651710677 122
1757676296983 29.83840361782287 123
1757676297089 29.02665403433657 124
1757676297189 26.802105233190613 125
1757676297289 24.994788292684007 126
1757676297387 26.57381278240987 127
1757676297493 26.161211073327344 128
1757676297594 25.99524351768098 129
1757676297692 25.148978488683525 130
1757676297791 25.508644167688786 131
1757676297887 24.469979013959748 132
1757676297989 29.28991914299447 133
1757676298088 22.735087111338697 134
1757676298187 22.880090369456433 135
1757676298289 25.048703345540133 136
1757676298391 23.36595810154299 137
1757676298492 25.58349736049774 138
1757676298594 22.584089743933795 139
1757676298695 21.8009901819264 140
1757676298793 19.93566288899356 141
1757676298898 21.95565199937428 142
1757676298997 20.578778362140245 143
1757676299100 22.17884956943511 144
1757676299218 19.246885520014356 145
1757676299327 22.005639138275793 146
1757676299438 18.546325301458367 147
1757676299537 21.38503745126687 148
1757676299636 19.048626249105855 149
1757676299736 18.34169036159302 150
1757676299832 19.43351363171766 151
1757676299935 19.95006419943065 152
1757676300031 19.936514525121737 153
1757676300128 17.216348322536764 154
1757676300227 17.99280419855807 155
1757676300327 17.885436947042813 156
1757676300427 20.195286228634295 157
1757676300524 17.402780963735687 158
1757676300625 17.276376632507525 159
1757676300724 18.614597864165113 160
1757676300821 17.90295829227038 161
1757676300921 16.28757700765709 162
1757676301022 16.152794955353812 163
1757676301121 16.357688651704333 164
1757676301222 17.762645936268797 165
1757676301320 15.609919077596851 166
1757676301419 13.88254053975013 167
1757676301518 13.673808053297876 168
1757676301621 14.46486365000808 169
1757676301721 13.902604754093428 170
1757676301820 15.171759741793226 171
1757676301922 13.118136804675538 172
1757676302019 15.527414159027604 173
1757676302123 13.82792046543415 174
1757676302224 13.923531595162 175
1757676302323 15.258055055559339 176
1757676302423 12.977731430006077 177
1757676302531 14.89808109684625 178
1757676302633 11.00538334650267 179
1757676302729 10.325103084496165 180
1757676302821 12.183891383529975 181
1757676302923 13.078211658592078 182
1757676303023 13.237375104525356 183
1757676303126 14.620791983635538 184
1757676303227 10.17335725077961 185
1757676303327 11.885760092137458 186
1757676303430 11.948291274750748 187
1757676303532 11.146109517082687 188
1757676303632 11.937383973408933 189
1757676303732 11.6209342361659 190
1757676303832 12.202104943621512 191
1757676303936 10.286749629684735 192
1757676304034 8.946680433085353 193
1757676304137 9.593049403373323 194
1757676304237 11.094148845273121 195
1757676304337 11.710879623953204 196
1757676304433 11.724842179961113 197
1757676304529 9.351017657023784 198
1757676304626 11.077964214165858 199
1757676304728 8.874311769477039 200
1757676304821 9.329525560322343 201
1757676304928 8.65604073783338 202
1757676305027 8.74863948039508 203
1757676305131 10.098438082866386 204
1757676305230 9.029840697387195 205
1757676305329 7.9930623705314305 206
1757676305430 8.21363710930659 207
1757676305530 10.271428804755601 208
1757676305633 10.109596350941395 209
1757676305733 11.294274947249999 210
1757676305833 9.4137203641589 211
1757676305934 8.438900781430233 212
1757676306033 7.663287901300339 213
1757676306135 6.7289785378454 214
1757676306234 8.27241984026551 215
1757676306335 6.551418258034161 216
1757676306436 9.080991572109479 217
1757676306538 7.387204036916886 218
1757676306655 7.844576093885813 219
1757676306766 7.4236648778427226 220
1757676306864 7.561345649547997 221
1757676306965 6.242139418747028 222
1757676307069 8.282065346874308 223
1757676307172 8.247758296251849 224
1757676307271 5.4286643137051485 225
1757676307376 8.352965048027826 226
1757676307479 6.181197490260423 227
1757676307583 6.759839604746183 228
1757676307690 8.845249768637785 229
1757676307791 6.054804210473945 230
1757676307891 7.315717075519056 231
1757676307995 6.355540513123313 232
1757676308097 7.044369986757049 233
1757676308196 9.395819249911463 234
1757676308296 7.266833380004527 235
1757676308395 6.678011389854876 236
1757676308500 5.194693406225533 237
1757676308600 7.104206673939928 238
1757676308703 7.283008133505338 239
1757676308804 4.965717242707505 240
1757676308928 4.5202322002515185 241
1757676309045 4.877206076012292 242
1757676309163 6.748488677491905 243
1757676309288 4.422508484551343 244
1757676309404 5.448132832387832 245
1757676309518 6.828412666175437 246
1757676309631 5.455236406670394 247
1757676309731 7.56308084021736 248
1757676309828 5.305760303650739 249
1757676309928 6.288688406959863 250
1757676310029 4.761284700013448 251
1757676310126 5.561682101570498 252
1757676310223 4.652471220252615 253
1757676310323 3.3575012470066015 254
1757676310426 3.4798216161639717 255
1757676310522 6.767991166734426 256
1757676310625 5.680647882850359 257
1757676310723 5.700361427765555 258
1757676310821 3.167005054183208 259
1757676310931 5.570769394033446 260
1757676311031 4.283425576319271 261
1757676311136 4.403582960375408 262
1757676311240 4.027722882921134 263
1757676311341 8.26401330185503 264
1757676311447 3.2361146469964037 265
1757676311553 4.621051423278474 266
1757676311654 4.803425252601696 267
1757676311756 3.9983318157588266 268
1757676311858 2.8785439782389193 269
1757676312036 4.03247370810457 270
1757676312154 2.6507691650484757 271
1757676312247 3.923856742569087 272
1757676312355 4.845203354983256 273
1757676312469 4.342867300092377 274
1757676312580 2.806036286123696 275
1757676312689 4.2497835532409 276
1757676312799 4.057798558177345 277
1757676312901 3.8762390886926035 278
1757676313011 2.1148421569226143 279
1757676313127 5.196177512009306 280
1757676313233 3.9444367068784127 281
1757676313337 4.554585699167636 282
1757676313449 3.3282842374887402 283
1757676313560 3.517320965542515 284
1757676313669 3.202628576399859 285
1757676313779 3.5430922679575745 286
1757676313894 3.373607294120241 287
1757676314006 5.074027682465026 288
1757676314114 5.207044523996745 289
1757676314231 3.1887742730481565 290
1757676314340 2.7988633056922616 291
1757676314446 2.6479633629310353 292
1757676314558 2.010486591521792 293
1757676314670 4.439416896166209 294
1757676314771 3.368113833811447 295
1757676314868 6.9831846889530365 296
1757676314975 2.491399431921689 297
1757676315082 3.291685218836818 298
1757676315192 3.660648642034671 299
1757676315292 2.6287733787515686 300
1757676315397 2.6808254543997005 301
1757676315504 2.2322453511075255 302
1757676315607 2.5277630677495067 303
1757676315718 3.063925245316213 304
1757676315823 3.7074016001998493 305
1757676315927 5.017370870791672 306
1757676316026 2.7232006275379628 307
1757676316128 2.849241061831588 308
1757676316229 2.5602020692388354 309
1757676316330 1.7263676755426 310
1757676316432 2.2206214970760394 311
1757676316528 1.7020865167706722 312
1757676316675 5.278324235253408 313
1757676316794 1.7889318139534298 314
1757676316896 2.655356702584158 315
1757676316998 2.602046397100279 316
1757676317099 2.879717567719266 317
1757676317202 1.4979497732857037 318
1757676317302 3.760530831102366 319
1757676317408 3.0274632948725397 320
1757676317514 1.8695003608763843 321
1757676317616 2.261875103695828 322
1757676317728 2.5495639756862998 323
1757676317833 1.926361134651601 324
1757676317946 0.779074480067025 325
1757676318050 3.2792634529730216 326
1757676318153 2.5296825484498306 327
1757676318257 1.343514050950847 328
1757676318359 1.9583053195288291 329
1757676318456 3.2904721822592817 330
1757676318557 1.8214055112753287 331
1757676318666 2.37710495735449 332
1757676318767 4.217059301242466 333
1757676318875 1.484779459936291 334
1757676318973 4.730389336723202 335
1757676319081 2.35442436902265 336
1757676319194 2.910301900389502 337
1757676319320 1.4534912269537221 338
1757676319437 1.382034607240436 339
1757676319550 2.8642815854230643 340
1757676319658 3.474160471918124 341
1757676319763 2.355603193902094 342
1757676319868 1.1432934265377197 343
1757676319970 2.417727880891254 344
1757676320078 2.1508142882295194 345
1757676320191 1.337395475973536 346
1757676320297 1.4628707460285473 347
1757676320404 2.1991198708605877 348
1757676320508 2.24928173138721 349
1757676320611 0.9155352213037125 350
1757676320713 3.110379558020541 351
1757676320815 2.951613295270602 352
1757676320915 2.0484400116483834 353
1757676321018 2.0708674838972065 354
1757676321127 1.7543338033175386 355
1757676321230 2.8872818077798184 356
1757676321334 4.201654960796493 357
1757676321436 2.294997660949861 358
1757676321539 1.7543487087154948 359
1757676321649 3.671349388630684 360
1757676321756 3.7567170052908416 361
1757676321862 1.9026710982047519 362
1757676321964 1.6662753919177478 363
1757676322064 1.0429234592732557 364
1757676322168 1.8007057123612826 365
1757676322271 1.471714325153486 366
1757676322371 4.72573402856775 367
1757676322479 1.808566188942718 368
1757676322596 1.0450012955329528 369
1757676322704 3.2036268508582655 370
1757676322808 1.2415481986146577 371
1757676322912 1.8131850130208473 372
1757676323018 1.2558279242166264 373
1757676323131 1.6621191518517986 374
1757676323239 1.9715310393418974 375
1757676323347 1.7822638218205558 376
1757676323449 1.6769478852847635 377
1757676323554 0.8477845341708914 378
1757676323658 2.0941297993620096 379
1757676323768 1.0003726326795839 380
1757676323873 2.51704506160847 381
1757676323979 1.0286067448368468 382
1757676324091 1.5968004167383816 383
1757676324206 1.3384929023711036 384
1757676324311 1.749384053259649 385
1757676324422 1.6297318575985476 386
1757676324536 1.3674050668012736 387
1757676324639 2.5268125532876518 388
1757676324743 2.540029620239717 389
1757676324846 1.2156287055923536 390
1757676324952 2.908514353803713 391
1757676325054 3.113221303716937 392
1757676325170 0.9093882678418954 393
1757676325273 1.723938662105467 394
1757676325389 2.6454528557527426 395
1757676325505 1.2752554091936923 396
1757676325620 1.7791425607055513 397
1757676325731 3.3223956401863104 398
1757676325842 1.459936551607535 399
1757676325948 1.577576741400088 400
1757676326060 1.837311639733829 401
1757676326164 1.2087568460826086 402
1757676326274 1.0660912981541741 403
1757676326385 1.0548201082180506 404
1757676326494 1.507680668655002 405
1757676326602 1.3524504536402269 406
1757676326733 2.320122498659989 407
1757676326845 1.5434134437380957 408
1757676326950 0.9257275332837853 409
1757676327055 0.861929381333051 410
1757676327164 2.1774331811652914 411
1757676327270 1.3174621459779734 412
1757676327373 1.4207927045490314 413
1757676327509 0.8823357498113511 414
1757676327631 2.307559438494182 415
1757676327754 1.316068013524119 416
1757676327874 0.5090098849620519 417
1757676327993 0.5695660099141343 418
1757676328120 2.128048217928618 419
1757676328245 1.9002309481255621 420
1757676328362 0.836685857272833 421
1757676328480 0.7036385926231442 422
1757676328600 1.968504623707856 423
1757676328724 1.9457349716632342 424
1757676328845 1.7394243177308446 425
1757676328966 1.6645903791184313 426
1757676329077 0.7827783612538068 427
1757676329193 0.36610126698705914 428
1757676329319 1.2614938847691948 429
1757676329443 2.288420681898578 430
1757676329567 0.9124998578913269 431
1757676329688 1.5657207065805836 432
1757676329808 1.4297148791685816 433
1757676329920 1.9836868138445443 434
1757676330030 1.0101656343447942 435
1757676330136 1.337653967103363 436
1757676330250 1.2654057225112534 437
1757676330361 0.4779786765875356 438
1757676330468 0.9960568331708077 439
1757676330579 1.2215234370066927 440
1757676330683 2.0050706420173827 441
1757676330792 1.6279350405714248 442
1757676330900 0.8760575951578531 443
1757676331004 1.0423385098295828 444
1757676331100 0.7688835107031927 445
1757676331207 0.7334017708528551 446
1757676331314 0.8460805384280503 447
1757676331425 2.316635891471085 448
1757676331535 0.2651437074741925 449
1757676331640 3.730666082821714 450
1757676331747 1.4555437606091248 451
1757676331866 1.0656446818655958 452
1757676331975 1.3381530721846764 453
1757676332090 1.9265452803089578 454
1757676332200 3.417144053243343 455
1757676332307 1.2018790059174524 456
1757676332416 0.8797507367541888 457
1757676332535 0.7276708924322286 458
1757676332684 3.347651395384278 459
1757676332808 1.3668808786262017 460
1757676332932 2.129502324891353 461
1757676333042 0.8517129915055633 462
1757676333148 2.212178402526307 463
1757676333266 1.6196021113864791 464
1757676333381 2.0586902811694 465
1757676333493 1.0016235472808888 466
1757676333603 1.0890977242297144 467
1757676333713 1.5290724626615408 468
1757676333825 0.8394211918414218 469
1757676333936 0.7326877523285749 470
1757676334046 1.460786674099284 471
1757676334158 2.5957807955203505 472
1757676334269 0.32960514526254614 473
1757676334378 0.6461463667095865 474
1757676334491 0.6952322048021702 475
1757676334598 1.4504678184461604 476
1757676334709 2.6605886553344096 477
1757676334819 1.670892848509449 478
1757676334929 0.593463249693078 479
1757676335038 1.0128493449922555 480
1757676335137 1.8271624718321824 481
1757676335243 1.0003543372606671 482
1757676335352 0.9921965328586568 483
1757676335461 0.7186342271681326 484
1757676335572 2.7388777669629887 485
1757676335690 1.1807764759783665 486
1757676335802 1.4174377562976728 487
1757676335912 0.9933951786307217 488
1757676336020 0.658075949530585 489
1757676336132 1.9691051676366669 490
1757676336275 1.28840431004741 491
1757676336403 1.1056984305028894 492
1757676336530 0.30599774539087743 493
1757676336662 0.48617147977991204 494
1757676336774 0.8172810851172195 495
1757676336888 2.1990517525255786 496
1757676336999 0.8063484161955585 497
1757676337105 0.9708221185754998 498
1757676337214 0.771379359575846 499
