1757589370111 167.2883671580927 0
1757589370182 158.60723608697987 1
1757589370255 154.60082934908692 2
1757589370340 150.6467413562064 3
1757589370405 146.78819246060738 4
1757589370474 143.03077168950367 5
1757589370540 139.37170447673543 6
1757589370608 135.80840184958942 7
1757589370681 132.33834171550532 8
1757589370744 128.96437125134662 9
1757589370813 125.67590501899738 10
1757589370885 122.47344921883145 11
1757589370952 119.35470315172209 12
1757589371021 116.31746411608995 13
1757589371089 113.35958708018585 14
1757589371160 110.47898366667057 15
1757589371230 107.67362064690016 16
1757589371305 104.9415184820771 17
1757589371367 102.28074990293518 18
1757589371428 99.68943852703332 19
1757589371498 97.16575751266015 20
1757589371568 94.70792824838053 21
1757589371637 92.31421907727876 22
1757589371706 89.98294405498022 23
1757589371778 87.71246174055617 24
1757589371847 85.50117401944074 25
1757589371919 83.3475249575125 26
1757589371989 81.24999968551431 27
1757589372060 79.20712331300864 28
1757589372134 77.21745987108545 29
1757589372204 75.27961128306127 30
1757589372273 73.39221636242786 31
1757589372346 71.55394983732893 32
1757589372414 69.76352140086185 33
1757589372486 68.01967478652068 34
1757589372554 66.32118686811432 35
1757589372622 64.6668667835117 36
1757589372693 63.0555550815826 37
1757589372763 61.48612289172007 38
1757589372831 59.95747111534619 39
1757589372904 58.46852963881869 40
1757589372976 57.01825656717193 41
1757589373045 55.60563747814032 42
1757589373114 54.229684695926835 43
1757589373186 52.88943658419368 44
1757589373255 51.58395685776637 45
1757589373324 50.312333912554955 46
1757589373391 49.073680173210526 47
1757589373458 47.86713145804683 48
1757589373527 46.69184636077001 49
1757589373598 45.5470056485712 50
1757589373662 44.43181167614869 51
1757589373732 43.34548781523764 52
1757589373802 42.28727789923685 53
1757589373874 41.25644568253257 54
1757589373946 40.252274314130375 55
1757589374017 39.27406582521582 56
1757589374087 38.32114063027541 57
1757589374160 37.39283704141848 58
1757589374234 36.488510795550546 59
1757589374305 35.607534594057746 60
1757589374376 34.74929765467107 61
1757589374447 33.913205275187885 62
1757589374519 33.098678408736696 63
1757589374587 32.30515325027944 64
1757589374656 31.532080834053982 65
1757589374730 30.778926641666725 66
1757589374802 30.04517022055371 67
1757589374871 29.330304812535392 68
1757589374939 28.633836992197928 69
1757589375007 27.9552863148408 70
1757589375080 27.294184973737423 71
1757589375153 26.65007746646216 72
1757589375223 26.02252027004371 73
1757589375293 25.41108152471119 74
1757589375361 24.815340726005275 75
1757589375431 24.234888425033123 76
1757589375504 23.669325936651273 77
1757589375572 23.11826505536678 78
1757589375642 22.58132777875205 79
1757589375711 22.05814603817469 80
1757589375781 21.548361436648502 81
1757589375853 21.051624993617192 82
1757589375923 20.56759689648722 83
1757589375992 20.095946258731207 84
1757589376062 19.636350884387753 85
1757589376132 19.188497038788604 86
1757589376205 18.752079225348087 87
1757589376278 18.326799968254434 88
1757589376353 17.912369600906796 89
1757589376432 17.50850605994574 90
1757589376504 17.11493468472928 91
1757589376575 16.731388022110234 92
1757589376646 16.357605636374583 93
1757589376716 15.993333924204254 94
1757589376786 15.638325934531313 95
1757589376855 15.292832898257213 96
1757589376927 14.955862319722788 97
1757589377001 14.62744793501297 98
1757589377072 14.307364611734869 99
1757589377146 13.995396407411748 100
1757589377215 13.691332994136786 101
1757589377287 13.39496955568527 102
1757589377357 13.106106641672287 103
1757589377425 12.824550026182736 104
1757589377495 12.550110570128552 105
1757589377564 12.28260408724305 106
1757589377635 12.02185121361596 107
1757589377706 11.767677280675542 108
1757589377779 11.519912191526503 109
1757589377853 11.278390300554943 110
1757589377923 11.042950296213874 111
1757589377995 10.81343508690518 112
1757589378070 10.589691689876028 113
1757589378141 10.371571123050048 114
1757589378215 10.158928299715571 115
1757589378284 9.951621925995378 116
1757589378358 9.749514401024326 117
1757589378431 9.552471719763268 118
1757589378501 9.360363378379455 119
1757589378573 9.173062282125565 120
1757589378645 8.990444655651284 121
1757589378717 8.812389955683008 122
1757589378789 8.6387807860091 123
1757589378866 8.46950281470967 124
1757589378936 8.304444693571543 125
1757589379011 8.143497979630569 126
1757589379084 7.986557058785012 127
1757589379157 7.833519071425317 128
1757589379228 7.68428384002681 129
1757589379297 7.538753798653477 130
1757589379370 7.396833924322282 131
1757589379437 7.2584316701787905 132
1757589379508 7.123456900436227 133
1757589379582 6.991821827031301 134
1757589379655 6.863440947951442 135
1757589379729 6.7382309871891986 136
1757589379799 6.6161108362807965 137
1757589379872 6.497001497386996 138
1757589379942 6.3808260278754085 139
1757589380016 6.267509486364626 140
1757589380089 6.156978880191493 141
1757589380158 6.049163114263879 142
1757589380231 5.943992941262355 143
1757589380302 5.841400913155086 144
1757589380375 5.741321333991224 145
1757589380446 5.643690213939053 146
1757589380518 5.548445224535889 147
1757589380591 5.455525655117781 148
1757589380663 5.364872370397826 149
1757589380737 5.276427769162674 150
1757589380812 5.1901357440577405 151
1757589380879 5.105941642432322 152
1757589380953 5.023792228216579 153
1757589381031 4.943635644803178 154
1757589381107 4.865421378906974 155
1757589381185 4.789100225376937 156
1757589381264 4.714624252935153 157
1757589381341 4.641946770818354 158
1757589381420 4.571022296298228 159
1757589381489 4.501806523057177 160
1757589381562 4.434256290397014 161
1757589381634 4.3683295532585324 162
1757589381710 4.303985353030568 163
1757589381772 4.241183789127681 164
1757589381838 4.17988599131612 165
1757589381910 4.120054092768387 166
1757589381984 4.061651203827064 167
1757589382056 4.004641386459236 168
1757589382126 3.9489896293832376 169
1757589382200 3.8946618238499857 170
1757589382274 3.8416247400615755 171
1757589382344 3.789846004210379 172
1757589382417 3.7392940761221873 173
1757589382491 3.6899382274874974 174
1757589382564 3.6417485206653923 175
1757589382637 3.5946957880449006 176
1757589382710 3.548751611949125 177
1757589382783 3.5038883050677954 178
1757589382858 3.460078891404322 179
1757589382931 3.417297087723744 180
1757589383007 3.3755172854883564 181
1757589383081 3.334714533268161 182
1757589383153 3.2948645196135877 183
1757589383225 3.2559435563783103 184
1757589383299 3.2179285624802385 185
1757589383370 3.180797048089187 186
1757589383435 3.144527099229889 187
1757589383501 3.1090973627894742 188
1757589383565 3.0744870319186615 189
1757589383638 3.0406758318163414 190
1757589383709 3.0076440058874043 191
1757589383785 2.975372302263977 192
1757589383863 2.943841960680476 193
1757589383935 2.9130346996931618 194
1757589384008 2.882932704235096 195
1757589384083 2.8535186134976422 196
1757589384148 2.8247755091299283 197
1757589384208 2.7966869037478843 198
1757589384267 2.769236729744661 199
1757589384326 2.7424093283945243 200
1757589384386 2.716189439242465 201
1757589384446 2.69056218977198 202
1757589384507 2.665513085343751 203
1757589384582 2.641027999397996 204
1757589384647 2.6170931639136237 205
1757589384714 2.5936951601173646 206
1757589384780 2.570820909436331 207
1757589384848 2.5484576646875743 208
1757589384916 2.5265930014983935 209
1757589385149 2.5052148099513274 210
1757589385230 2.4843112864478982 211
1757589385295 2.463870925785357 212
1757589385360 2.4438825134408217 213
1757589385434 2.4243351180573267 214
1757589385503 2.4052180841264814 215
1757589385577 2.38652102486258 216
1757589385655 2.3682338152630735 217
1757589385732 2.3503465853505476 218
1757589385808 2.332849713591397 219
1757589385884 2.3157338204865523 220
1757589385964 2.298989762329743 221
1757589386041 2.2826086251288706 222
1757589386116 2.2665817186862114 223
1757589386193 2.250900570833268 224
1757589386271 2.2355569218161935 225
1757589386349 2.2205427188278333 226
1757589386434 2.2058501106825315 227
1757589386516 2.191471442629939 228
1757589386598 2.1773992513041773 229
1757589386677 2.163626259804778 230
1757589386753 2.150145372905974 231
1757589386830 2.1369496723909105 232
1757589386903 2.124032412507552 233
1757589386977 2.1113870155430363 234
1757589387055 2.099007067513398 235
1757589387132 2.086886313965613 236
1757589387206 2.075018655889012 237
1757589387280 2.0633981457331907 238
1757589387359 2.0520189835296336 239
1757589387439 2.0408755131143037 240
1757589387510 2.0299622184485635 241
1757589387584 2.0192737200358306 242
1757589387663 2.008804771431475 243
1757589387739 1.9985502558434969 244
1757589387816 1.9885051828215892 245
1757589387893 1.9786646850322953 246
1757589387969 1.9690240151179776 247
1757589388045 1.959578542637401 248
1757589388120 1.950323751085813 249
1757589388193 1.9412552349923957 250
1757589388271 1.9323686970930973 251
1757589388348 1.9236599455768375 252
1757589388427 1.9151248914031958 253
1757589388504 1.9067595456896589 254
1757589388579 1.8985600171666561 255
1757589388656 1.890522509698582 256
1757589388732 1.8826433198690609 257
1757589388808 1.8749188346288057 258
1757589388888 1.867345529004401 259
1757589388968 1.859919963866428 260
1757589389048 1.8526387837553782 261
1757589389126 1.8454987147638373 262
1757589389203 1.8384965624734593 263
1757589389276 1.8316292099453249 264
1757589389354 1.8248936157622413 265
1757589389432 1.8182868121216755 266
1757589389509 1.8118059029779419 267
1757589389586 1.8054480622324127 268
1757589389664 1.7992105319704466 269
1757589389743 1.7930906207438357 270
1757589389827 1.7870857018975974 271
1757589389905 1.7811932119398994 272
1757589389983 1.775410648954053 273
1757589390063 1.769735571051438 274
1757589390142 1.7641655948642816 275
1757589390224 1.7586983940772958 276
1757589390334 1.7533316979970996 277
1757589390415 1.7480632901584963 278
1757589390497 1.7428910069665862 279
1757589390578 1.7378127363738356 280
1757589390658 1.7328264165911467 281
1757589390740 1.7279300348320625 282
1757589390823 1.7231216260892424 283
1757589390907 1.718399271942355 284
1757589390988 1.7137610993965753 285
1757589391067 1.709205279750893 286
1757589391146 1.7047300274954515 287
1757589391227 1.7003335992371513 288
1757589391308 1.6960142926528035 289
1757589391388 1.691770445469093 290
1757589391466 1.6876004344686626 291
1757589391542 1.683502674521645 292
1757589391618 1.6794756176419638 293
1757589391693 1.675517752067779 294
1757589391772 1.6716276013654285 295
1757589391852 1.667803723556271 296
1757589391929 1.6640447102658222 297
1757589392006 1.6603491858946147 298
1757589392084 1.6567158068102132 299
1757589392163 1.6531432605598295 300
1757589392243 1.6496302651030095 301
1757589392318 1.6461755680638734 302
1757589392397 1.6427779460023908 303
1757589392476 1.6394362037042036 304
1757589392549 1.636149173488518 305
1757589392630 1.6329157145335835 306
1757589392710 1.629734712219327 307
1757589392791 1.6266050774866685 308
1757589392874 1.6235257462131083 309
1757589392963 1.6204956786041502 310
1757589393047 1.617513858600161 311
1757589393129 1.6145792932982588 312
1757589393213 1.6116910123888453 313
1757589393297 1.6088480676063939 314
1757589393378 1.6060495321941421 315
1757589393463 1.6032945003823185 316
1757589393548 1.600582086879539 317
1757589393624 1.5979114263770688 318
1757589393702 1.5952816730655817 319
1757589393778 1.592692000164114 320
1757589393860 1.5901415994608872 321
1757589393945 1.587629680865705 322
1757589394024 1.5851554719736134 323
1757589394105 1.5827182176395447 324
1757589394180 1.5803171795636497 325
1757589394262 1.5779516358870536 326
1757589394343 1.5756208807977614 327
1757589394420 1.5733242241464545 328
1757589394497 1.5710609910719149 329
1757589394575 1.5688305216358462 330
1757589394654 1.566632170466834 331
1757589394728 1.5644653064132135 332
1757589394806 1.5623293122046211 333
1757589394880 1.5602235841220033 334
1757589394960 1.5581475316758686 335
1757589395039 1.5561005772925576 336
1757589395117 1.5540821560083486 337
1757589395238 1.552091715171176 338
1757589395316 1.5501287141497784 339
1757589395389 1.548192624050081 340
1757589395460 1.5462829274386272 341
1757589395532 1.5443991180728838 342
1757589395608 1.5425407006382377 343
1757589395682 1.5407071904915102 344
1757589395759 1.538898113410837 345
1757589395840 1.5371130053517295 346
1757589395924 1.5353514122091814 347
1757589396009 1.5336128895856476 348
1757589396092 1.5318970025647598 349
1757589396171 1.530203325490616 350
1757589396244 1.5285314417525269 351
1757589396313 1.5268809435750468 352
1757589396391 1.5252514318131918 353
1757589396481 1.5236425157526752 354
1757589396558 1.5220538129150614 355
1757589396637 1.5204849488677008 356
1757589396718 1.5189355570383245 357
1757589396793 1.5174052785341812 358
1757589396867 1.515893761965603 359
1757589396946 1.5144006632738842 360
1757589397028 1.512925645563364 361
1757589397107 1.5114683789376129 362
1757589397186 1.5100285403396083 363
1757589397267 1.508605813395803 364
1757589397348 1.5071998882639952 365
1757589397426 1.5058104614848884 366
1757589397507 1.5044372358372626 367
1757589397589 1.503079920196656 368
1757589397666 1.501738229397472 369
1757589397745 1.5004118840984273 370
1757589397824 1.4991006106512514 371
1757589397904 1.497804140972561 372
1757589397983 1.4965222124188235 373
1757589398062 1.495254567664338 374
1757589398142 1.4940009545821504 375
1757589398218 1.4927611261278395 376
1757589398288 1.491534840226091 377
1757589398365 1.4903218596599903 378
1757589398444 1.4891219519629806 379
1757589398521 1.4879348893133952 380
1757589398601 1.4867604484315244 381
1757589398680 1.485598410479128 382
1757589398759 1.4844485609613611 383
1757589398844 1.483310689631024 384
1757589398928 1.4821845903951008 385
1757589399012 1.4810700612235108 386
1757589399096 1.4799669040600378 387
1757589399178 1.4788749247353652 388
1757589399258 1.4777939328821663 389
1757589399340 1.476723741852219 390
1757589399423 1.475664168635461 391
1757589399501 1.4746150337809656 392
1757589399580 1.4735761613197824 393
1757589399655 1.4725473786895793 394
1757589399738 1.471528516661076 395
1757589399821 1.470519409266188 396
1757589399904 1.4695198937278597 397
1757589399989 1.4685298103915487 398
1757589400073 1.4675490026582994 399
1757589400157 1.466577316919385 400
1757589400236 1.4656146024924745 401
1757589400320 1.4646607115592827 402
1757589400401 1.4637154991046748 403
1757589400482 1.4627788228571768 404
1757589400562 1.4618505432308717 405
1757589400641 1.4609305232686403 406
1757589400723 1.4600186285867098 407
1757589400806 1.459114727320486 408
1757589400907 1.4582186900716327 409
1757589400988 1.45733038985637 410
1757589401069 1.45644970205496 411
1757589401150 1.4555765043623492 412
1757589401233 1.4547106767399454 413
1757589401319 1.4538521013684986 414
1757589401405 1.4530006626020497 415
1757589401484 1.4521562469229403 416
1757589401565 1.4513187428978402 417
1757589401643 1.4504880411347745 418
1757589401724 1.449664034241129 419
1757589401804 1.4488466167826057 420
1757589401886 1.448035685243105 421
1757589401970 1.447231137985517 422
1757589402049 1.4464328752133933 423
1757589402134 1.4456407989334883 424
1757589402219 1.444854812919133 425
1757589402298 1.4440748226744384 426
1757589402377 1.4433007353992962 427
1757589402457 1.442532459955163 428
1757589402542 1.4417699068316092 429
1757589402623 1.4410129881136151 430
1757589402705 1.4402616174495881 431
1757589402786 1.4395157100200973 432
1757589402869 1.4387751825072965 433
1757589402947 1.438039953065026 434
1757589403032 1.4373099412895742 435
1757589403111 1.436585068191082 436
1757589403189 1.4358652561655827 437
1757589403270 1.435150428967648 438
1757589403348 1.434440511683636 439
1757589403428 1.433735430705535 440
1757589403508 1.4330322533920026 441
1757589403590 1.4323380838275739 442
1757589403667 1.4316442253306385 443
1757589403751 1.4309592380682792 444
1757589403834 1.430274429800169 445
1757589403918 1.4295983547562037 446
1757589404000 1.4289223312736468 447
1757589404082 1.4282549076436273 448
1757589404162 1.4275902620248695 449
1757589404240 1.4269269407765335 450
1757589404324 1.4262720213785485 451
1757589404406 1.425616853870466 452
1757589404489 1.4249699720184323 453
1757589404591 1.4243227291672684 454
1757589404674 1.4236836535008996 455
1757589404754 1.423044107854099 456
1757589404835 1.4224126148235623 457
1757589404918 1.4217805465139934 458
1757589405000 1.4211564200107774 459
1757589405084 1.4205316164743287 460
1757589405164 1.4199146475537705 461
1757589405249 1.4192969032576868 462
1757589405330 1.4186868898730707 463
1757589405411 1.4180760060555804 464
1757589405490 1.4174727528032571 465
1757589405577 1.4168685372239689 466
1757589405655 1.4162718550990099 467
1757589405737 1.4156741217995958 468
1757589405825 1.4150838279614881 469
1757589405914 1.4144923970361922 470
1757589406008 1.413908314584128 471
1757589406090 1.413323011959647 472
1757589406170 1.4127449697169874 473
1757589406251 1.4121656269413134 474
1757589406329 1.4115934592487982 475
1757589406413 1.4110199132886172 476
1757589406494 1.410453459805939 477
1757589406581 1.4098855528522054 478
1757589406664 1.4093246583675763 479
1757589406749 1.4087622376489028 480
1757589406836 1.4082067518962544 481
1757589406915 1.4076496694997596 482
1757589407000 1.4070994469832432 483
1757589407084 1.4065503706759925 484
1757589407164 1.4060010317281033 485
1757589407245 1.4054584383120108 486
1757589407331 1.4049140820688304 487
1757589407414 1.4043764080829186 488
1757589407502 1.4038369083792674 489
1757589407586 1.4033040236599994 490
1757589407674 1.402769252412172 491
1757589407771 1.402241030935563 492
1757589407855 1.4017108640515574 493
1757589407933 1.4011871837154963 494
1757589408007 1.400661500958072 495
1757589408092 1.4001422434470392 496
1757589408182 1.3996209283010557 497
1757589408269 1.399105978956085 498
1757589408371 1.3985889185009646 499
