1757655332289 171.49167618986678 0
1757655332370 167.1119360204513 1
1757655332452 168.82113036112642 2
1757655332532 171.512306571634 3
1757655332617 163.1401788702619 4
1757655332699 166.0641876589321 5
1757655332777 165.2967821907641 6
1757655332854 164.2882933596715 7
1757655332944 165.3654035292286 8
1757655333024 159.41125112503605 9
1757655333105 155.6385953862162 10
1757655333187 145.03557856711927 11
1757655333273 162.00931609105257 12
1757655333360 161.09631638129204 13
1757655333445 153.563497164433 14
1757655333527 157.51741035574003 15
1757655333602 150.13121279903 16
1757655333683 146.1183709354968 17
1757655333772 150.73754940170892 18
1757655333857 148.27214197962556 19
1757655333946 152.8118013522717 20
1757655334034 151.68999357727685 21
1757655334118 148.4727236931375 22
1757655334206 145.60285986677832 23
1757655334288 143.09733145588433 24
1757655334374 139.5224001868217 25
1757655334446 143.33298800012165 26
1757655334513 136.4396795138611 27
1757655334603 142.6204028038054 28
1757655334684 145.7944871111453 29
1757655334767 135.37611887032716 30
1757655334845 133.8122951826935 31
1757655334925 129.2828281828731 32
1757655335010 131.95567860202337 33
1757655335091 124.48450238358052 34
1757655335173 124.79545993539838 35
1757655335246 134.49468338548212 36
1757655335329 128.0868744801213 37
1757655335412 128.7723738833194 38
1757655335487 128.45706177183675 39
1757655335555 127.59115358484817 40
1757655335629 123.14100411420134 41
1757655335713 123.92011575920114 42
1757655335798 130.2648566890109 43
1757655335882 120.44745219523415 44
1757655335962 129.45507688468973 45
1757655336042 120.92093381911764 46
1757655336121 123.31211727845336 47
1757655336207 122.20802039832319 48
1757655336288 118.2483102593342 49
1757655336370 117.25377130217117 50
1757655336465 113.26663095242763 51
1757655336556 115.13431784611095 52
1757655336643 113.15004597446672 53
1757655336728 119.0101264668217 54
1757655336815 115.66208669602038 55
1757655336901 116.0363782966138 56
1757655336986 112.40581196113868 57
1757655337073 113.7339886079578 58
1757655337162 107.91110922024278 59
1757655337250 114.22599189090818 60
1757655337339 105.66335222134006 61
1757655337428 111.66827383385612 62
1757655337513 106.30013058873507 63
1757655337599 106.58348841076665 64
1757655337679 107.51189084255637 65
1757655337765 108.62792526988878 66
1757655337846 101.46074425206939 67
1757655337931 105.91384419197637 68
1757655338017 98.1386069589759 69
1757655338103 105.42683332488775 70
1757655338187 103.69188129632379 71
1757655338277 112.07394444716036 72
1757655338364 102.6081273054519 73
1757655338446 100.10450331560527 74
1757655338530 98.68908074794948 75
1757655338618 95.38615758700065 76
1757655338703 95.12548641268909 77
1757655338792 97.87642111640287 78
1757655338877 93.04093793543109 79
1757655338963 95.06230169116974 80
1757655339049 98.88322904773803 81
1757655339135 98.915155843964 82
1757655339222 92.3893661059174 83
1757655339312 96.34333784781748 84
1757655339404 96.74387908775714 85
1757655339492 90.10325161724461 86
1757655339581 92.83203347514315 87
1757655339662 87.01643973467364 88
1757655339745 91.22070736786307 89
1757655339835 89.33239448783776 90
1757655339921 89.25712512391158 91
1757655340006 86.21458356480726 92
1757655340092 88.82751478536399 93
1757655340180 88.32881312856114 94
1757655340270 91.41805355327969 95
1757655340356 86.6705535741263 96
1757655340444 86.94603228538004 97
1757655340526 81.78933496748769 98
1757655340612 81.18621277542634 99
1757655340702 83.93231896639583 100
1757655340789 84.30068032150415 101
1757655340878 81.61723610874911 102
1757655340966 85.5177437047231 103
1757655341053 81.36343213636397 104
1757655341137 79.74452695649981 105
1757655341225 81.58395024729714 106
1757655341311 80.23466565736453 107
1757655341398 78.14526124084185 108
1757655341482 77.21929113740934 109
1757655341572 75.5621094150354 110
1757655341648 76.18080915076541 111
1757655341732 81.10834594559171 112
1757655341814 77.27469510400974 113
1757655341905 71.14340740064183 114
1757655341992 73.30235029792755 115
1757655342080 76.8983193642845 116
1757655342167 70.70646157710955 117
1757655342256 77.47093135777305 118
1757655342343 73.66606235449882 119
1757655342435 68.60501595160329 120
1757655342522 70.77599740415806 121
1757655342612 71.79221923425295 122
1757655342703 71.22434333931949 123
1757655342792 71.60881563996979 124
1757655342879 73.33581241187427 125
1757655342969 68.0269214395873 126
1757655343059 68.60542181761556 127
1757655343148 66.60292577684443 128
1757655343237 66.64969968539478 129
1757655343325 66.2634851756371 130
1757655343415 67.33477626715991 131
1757655343505 64.78362160933082 132
1757655343594 68.91733302734016 133
1757655343717 66.54812317487347 134
1757655343804 64.9238478551572 135
1757655343891 65.49315845171989 136
1757655343980 63.37543519908303 137
1757655344068 61.33921926038246 138
1757655344153 65.3823967976525 139
1757655344243 64.7153819911481 140
1757655344332 65.27853567184462 141
1757655344426 62.53982732199118 142
1757655344515 63.27833860208803 143
1757655344602 60.548314180318414 144
1757655344691 61.15210716248933 145
1757655344780 58.65416019979392 146
1757655344869 58.44786376752982 147
1757655344960 55.73059430393731 148
1757655345049 59.03658920073186 149
1757655345139 58.673535538422534 150
1757655345227 57.49065168974771 151
1757655345319 56.00599915606173 152
1757655345409 54.31932415596678 153
1757655345497 58.968924632016595 154
1757655345584 52.96641362756004 155
1757655345670 56.23971220313568 156
1757655345755 54.66892612454815 157
1757655345840 58.24088982951099 158
1757655345931 54.49064768910831 159
1757655346022 52.805258379656706 160
1757655346112 54.2635475239167 161
1757655346199 53.63232072008581 162
1757655346287 54.28902509720157 163
1757655346382 54.02214945686707 164
1757655346472 52.95949454702748 165
1757655346565 51.59262040750035 166
1757655346660 53.07493286382305 167
1757655346748 54.802739131421625 168
1757655346840 51.464977231741784 169
1757655346931 46.648008102647346 170
1757655347026 49.59331179095199 171
1757655347116 49.74315561460901 172
1757655347211 48.82454016392209 173
1757655347302 47.97998059414778 174
1757655347391 48.3186582027699 175
1757655347481 50.67822699697377 176
1757655347569 46.470782209278624 177
1757655347660 48.76762294942522 178
1757655347742 46.81304214760751 179
1757655347830 47.124756127142014 180
1757655347920 48.411804685109146 181
1757655348012 46.5362515621203 182
1757655348102 48.96768496406328 183
1757655348190 47.74631384057094 184
1757655348282 46.13915470809886 185
1757655348371 43.87271413194111 186
1757655348458 44.63207101353069 187
1757655348548 44.03957908466907 188
1757655348638 44.72637644012047 189
1757655348725 42.83569966105596 190
1757655348819 44.79693567649005 191
1757655348913 49.10771628860283 192
1757655349008 43.69893312003223 193
1757655349108 41.493096248145 194
1757655349205 42.62707321073094 195
1757655349301 41.40615388137938 196
1757655349397 43.241495750262146 197
1757655349492 40.90128474088085 198
1757655349585 41.78001071073213 199
1757655349681 40.853458025532746 200
1757655349764 38.99610100910613 201
1757655349850 43.804731646241926 202
1757655349936 41.60218356554555 203
1757655350024 40.26975567773315 204
1757655350111 40.40907325416482 205
1757655350204 36.980757674166675 206
1757655350299 37.40530084000285 207
1757655350393 43.41869677983475 208
1757655350486 36.27891477757499 209
1757655350577 37.73835918063715 210
1757655350671 38.397987912677614 211
1757655350761 37.67992851822331 212
1757655350853 36.70043764400948 213
1757655350941 36.53315160788624 214
1757655351033 35.90187234137671 215
1757655351126 35.0732070986633 216
1757655351213 35.285282209515685 217
1757655351303 37.115830691892945 218
1757655351430 37.15161604505653 219
1757655351532 37.815063165129914 220
1757655351625 39.740055901526596 221
1757655351717 39.0703226741451 222
1757655351803 35.39514111586915 223
1757655351896 33.504936483469926 224
1757655351984 33.21071966022437 225
1757655352072 32.928061918459306 226
1757655352155 33.407586460904135 227
1757655352240 33.952745435794625 228
1757655352333 31.53171644786481 229
1757655352424 35.899500856496836 230
1757655352521 34.457121584375194 231
1757655352624 32.998967590128416 232
1757655352720 32.788954229323664 233
1757655352801 33.20715434565472 234
1757655352888 32.97417611828159 235
1757655352975 30.266504712190027 236
1757655353067 33.14201429015895 237
1757655353154 31.673861085616668 238
1757655353246 31.77866221574644 239
1757655353336 33.59128212286084 240
1757655353430 28.767083144329362 241
1757655353530 30.603681071445656 242
1757655353632 31.899166949477337 243
1757655353729 30.100622107627377 244
1757655353811 28.621323497616775 245
1757655353899 30.413306398862673 246
1757655353993 29.36659939644657 247
1757655354084 27.738332475658208 248
1757655354180 27.29932002239881 249
1757655354280 27.318119422100093 250
1757655354367 27.471867301523368 251
1757655354452 29.003065735969706 252
1757655354539 28.362097627753585 253
1757655354628 29.578944276698508 254
1757655354720 28.59963395114509 255
1757655354809 27.08722334076414 256
1757655354898 26.63071475121355 257
1757655354987 29.717422925712768 258
1757655355079 24.711335908379127 259
1757655355172 28.52582596407978 260
1757655355262 27.41350348025383 261
1757655355353 25.532203558427693 262
1757655355443 26.838044671906125 263
1757655355532 24.625198075506944 264
1757655355622 23.33214976413756 265
1757655355711 26.744936078894348 266
1757655355793 27.746919597164712 267
1757655355875 23.406957931047163 268
1757655355963 23.485438283251593 269
1757655356054 22.989260956536846 270
1757655356145 24.539661011081055 271
1757655356234 23.769662114230954 272
1757655356325 25.56658638589966 273
1757655356415 22.217475448079707 274
1757655356504 23.872167549123017 275
1757655356598 23.645299844148102 276
1757655356714 21.87691838569601 277
1757655356802 22.19012731930314 278
1757655356878 21.767188886208984 279
1757655356966 26.126618466048416 280
1757655357054 21.768373947796302 281
1757655357142 21.392398195866313 282
1757655357229 22.728421621494373 283
1757655357374 21.71555965274879 284
1757655357450 20.851450180305324 285
1757655357534 19.769106860800974 286
1757655357625 19.659469550167422 287
1757655357715 21.920016292830447 288
1757655357802 23.60405425917655 289
1757655357888 23.733546042522022 290
1757655357980 20.59318052475697 291
1757655358070 21.832267890357212 292
1757655358193 21.034626469218743 293
1757655358285 21.58130119646923 294
1757655358457 22.344416170414682 295
1757655358559 20.723412087119193 296
1757655358637 22.971651855705144 297
1757655358724 21.822161827052593 298
1757655358809 21.29564350220307 299
1757655358898 22.557568738012478 300
1757655358987 20.11239769086488 301
1757655359077 22.217865852200863 302
1757655359169 22.285804561715313 303
1757655359261 20.215341077307937 304
1757655359359 19.877305485788686 305
1757655359475 20.482863476821166 306
1757655359562 19.664909459446402 307
1757655359654 19.02510657602116 308
1757655359741 20.26052954175273 309
1757655359828 18.164064470574456 310
1757655359916 19.4039629916141 311
1757655360014 20.92870607219416 312
1757655360093 19.003935888774727 313
1757655360190 16.292478341510744 314
1757655360291 19.636092747612494 315
1757655360396 19.488141393848146 316
1757655360498 18.553723293085756 317
1757655360600 16.1552119702117 318
1757655360701 17.32530978865712 319
1757655360800 17.138830175738402 320
1757655360901 19.933966954829806 321
1757655360998 18.704831010886878 322
1757655361108 16.881847539820154 323
1757655361210 20.68098848623353 324
1757655361311 17.8852511508357 325
1757655361416 17.570703623054808 326
1757655361516 14.884504551395523 327
1757655361621 19.51362557528312 328
1757655361702 15.861501114857717 329
1757655361796 18.76715502457419 330
1757655361881 17.112263714963234 331
1757655361990 17.496204822933663 332
1757655362099 15.03518671779114 333
1757655362209 18.126926559220276 334
1757655362318 18.91057143949028 335
1757655362428 16.463965696504378 336
1757655362527 13.706484628762363 337
1757655362626 15.14430257728869 338
1757655362717 16.874352913519374 339
1757655362807 16.503489153338965 340
1757655362933 17.085464944253786 341
1757655363041 15.866851690458619 342
1757655363140 17.30905094598019 343
1757655363245 13.3333708023741 344
1757655363359 14.098365225401375 345
1757655363476 15.702004506193127 346
1757655363577 14.766997907491096 347
1757655363680 13.672226465124456 348
1757655363786 13.114384769149561 349
1757655363882 17.261800256201123 350
1757655363977 14.48265996383438 351
1757655364075 12.888633708193284 352
1757655364179 13.686420225981704 353
1757655364289 11.617889477274762 354
1757655364389 14.519022925471226 355
1757655364495 16.223623082465593 356
1757655364598 12.087861503000234 357
1757655364699 18.381317388572317 358
1757655364803 14.272404824377652 359
1757655364928 13.834695742765843 360
1757655365051 12.730703629393082 361
1757655365162 13.363223278846018 362
1757655365265 14.05490769948785 363
1757655365367 14.29410882016133 364
1757655365470 14.01247309325335 365
1757655365573 10.616218449301485 366
1757655365673 13.51144099976355 367
1757655365779 12.895454888428567 368
1757655365880 14.013154457432496 369
1757655365970 11.428710874045377 370
1757655366085 14.609693642367013 371
1757655366175 12.928762750784651 372
1757655366274 12.610429700585774 373
1757655366375 10.795425966661828 374
1757655366486 12.018508437064126 375
1757655366590 11.475741545318861 376
1757655366686 12.308937118949597 377
1757655366781 10.213537995400356 378
1757655366880 11.417973093585623 379
1757655366974 13.056111408902852 380
1757655367073 10.988905958225033 381
1757655367171 10.398271072493237 382
1757655367266 10.811014978808236 383
1757655367362 11.159825092953518 384
1757655367459 12.72404203472821 385
1757655367554 11.891386368083529 386
1757655367650 11.305260411981362 387
1757655367743 10.968514754159582 388
1757655367842 12.10584927072661 389
1757655367933 9.677407045364886 390
1757655368025 11.508462170328912 391
1757655368128 10.58325527970479 392
1757655368227 12.066715184995362 393
1757655368327 9.639538662885762 394
1757655368424 9.976891091957883 395
1757655368516 10.476920556730787 396
1757655368608 9.553348582979902 397
1757655368705 11.06687487946149 398
1757655368799 8.462509073495074 399
1757655368897 12.060784147626336 400
1757655368994 12.982318556793155 401
1757655369088 9.10973786355929 402
1757655369181 12.122550416965106 403
1757655369282 10.878279286334415 404
1757655369391 11.871282777407867 405
1757655369489 10.040697022271925 406
1757655369586 10.755883760025545 407
1757655369682 12.888632217978042 408
1757655369807 10.596904326632625 409
1757655369902 9.74041763382669 410
1757655369992 8.027215742097399 411
1757655370085 11.150277009704206 412
1757655370182 10.79929427427048 413
1757655370281 11.453397496774235 414
1757655370379 8.32864706410155 415
1757655370479 11.004527179874787 416
1757655370582 9.20227598695959 417
1757655370682 9.985652738174393 418
1757655370779 7.818272333506776 419
1757655370878 10.299972262175814 420
1757655371021 8.777614811541728 421
1757655371131 9.662534672001806 422
1757655371233 10.392664883834229 423
1757655371335 8.816018721935894 424
1757655371435 10.665962724008917 425
1757655371529 7.720397431196284 426
1757655371628 9.661040493340245 427
1757655371726 9.30467748854899 428
1757655371820 9.28651237944085 429
1757655371917 7.571687774856017 430
1757655372007 8.071677429967108 431
1757655372100 8.8916748317147 432
1757655372198 6.603181065941171 433
1757655372294 7.419457094636989 434
1757655372394 7.603318647623369 435
1757655372490 8.580610932204355 436
1757655372587 9.571001185285045 437
1757655372683 7.325059131795705 438
1757655372776 8.640678760304274 439
1757655372878 9.319632435975945 440
1757655372976 6.104097060183741 441
1757655373071 7.681893875766192 442
1757655373165 10.698722601466192 443
1757655373259 8.254531674751481 444
1757655373359 7.634730593195584 445
1757655373458 6.9021731813751 446
1757655373555 6.993939588472409 447
1757655373648 6.150145029529 448
1757655373745 8.730089306080135 449
1757655373845 6.8607733516893985 450
1757655373940 7.346532938219142 451
1757655374028 6.490787436126536 452
1757655374121 7.713186753069196 453
1757655374245 5.43492018957672 454
1757655374348 8.218785281627952 455
1757655374441 6.312206711344343 456
1757655374538 7.416221841791111 457
1757655374637 8.570340993517286 458
1757655374734 9.10242581259285 459
1757655374830 7.7684176069216315 460
1757655374931 5.132282279401331 461
1757655375027 9.036069842532337 462
1757655375121 9.407167365387963 463
1757655375220 8.430616578932003 464
1757655375316 7.374648661127822 465
1757655375413 7.602421316816869 466
1757655375507 5.763546867913959 467
1757655375606 7.628995804547045 468
1757655375705 8.707432697239929 469
1757655375799 8.773558550837658 470
1757655375904 6.541284189537672 471
1757655376079 7.952302429707199 472
1757655376162 5.24918002951706 473
1757655376245 8.436266253908018 474
1757655376340 6.592421741566324 475
1757655376432 6.399267113493147 476
1757655376570 7.551026088554562 477
1757655376718 6.4976002783002595 478
1757655376803 7.175741522395851 479
1757655376888 6.177883881508258 480
1757655376971 7.945088284169246 481
1757655377059 8.535247149333273 482
1757655377142 6.457815928699526 483
1757655377229 7.9065459694911855 484
1757655377312 5.891604008614912 485
1757655377412 5.015160809129291 486
1757655377509 6.179410267438103 487
1757655377607 7.858578261046703 488
1757655377700 6.237854393281161 489
1757655377795 5.630454634978266 490
1757655377903 6.108400732746 491
1757655377984 4.447817061542302 492
1757655378073 5.544507856263678 493
1757655378165 5.94798471534573 494
1757655378264 5.120868213430763 495
1757655378366 6.247664618414431 496
1757655378463 6.27001576369899 497
1757655378562 5.135930261714644 498
1757655378662 6.166509864346309 499
