1757658899531 166.41883710717977 0
1757658899614 166.17126789637274 1
1757658899704 165.92407172021757 2
1757658899787 165.67724801512358 3
1757658899878 165.43079621835253 4
1757658899964 165.1847157680177 5
1757658900051 164.93900610308222 6
1757658900141 164.6936666633582 7
1757658900230 164.44869688950502 8
1757658900316 164.2040962230285 9
1757658900403 163.95986410627913 10
1757658900490 163.71599998245122 11
1757658900574 163.47250329558136 12
1757658900653 163.22937349054726 13
1757658900738 162.98661001306635 14
1757658900830 162.74421230969477 15
1757658900917 162.5021798278258 16
1757658901007 162.26051201568873 17
1757658901097 162.0192083223477 18
1757658901183 161.77826819770016 19
1757658901272 161.53769109247594 20
1757658901361 161.29747645823568 21
1757658901440 161.05762374736983 22
1757658901524 160.81813241309723 23
1757658901612 160.57900190946384 24
1757658901698 160.3402316913417 25
1757658901785 160.10182121442742 26
1757658901877 159.86376993524107 27
1757658901985 159.62607731112487 28
1757658902074 159.3887428002421 29
1757658902162 159.1517658615757 30
1757658902251 158.91514595492697 31
1757658902339 158.6788825409145 32
1757658902477 158.4429750809729 33
1757658902600 158.20742303735142 34
1757658902684 157.97222587311296 35
1757658902767 157.73738305213263 36
1757658902852 157.5028940390966 37
1757658902933 157.2687582995008 38
1757658903020 157.03497529964994 39
1757658903108 156.80154450665592 40
1757658903195 156.56846538843692 41
1757658903283 156.33573741371592 42
1757658903415 156.10336005201975 43
1757658903497 155.8713327736776 44
1757658903583 155.6396550498202 45
1757658903671 155.40832635237803 46
1757658903758 155.17734615408057 47
1757658903845 154.946713928455 48
1757658903933 154.7164291498249 49
1757658904021 154.48649129330903 50
1757658904105 154.25689983482027 51
1757658904193 154.0276542510643 52
1757658904280 153.79875401953842 53
1757658904370 153.5701986185303 54
1757658904455 153.341987527117 55
1757658904544 153.11412022516345 56
1757658904638 152.88659619332157 57
1757658904723 152.65941491302883 58
1757658904807 152.43257586650722 59
1757658904887 152.206078536762 60
1757658904971 151.9799224075805 61
1757658905068 151.75410696353103 62
1757658905155 151.52863168996157 63
1757658905258 151.30349607299863 64
1757658905345 151.0786995995461 65
1757658905428 150.8542417572841 66
1757658905533 150.6301220346677 67
1757658905621 150.40633992092594 68
1757658905711 150.18289490606037 69
1757658905820 149.95978648084414 70
1757658905908 149.7370141368207 71
1757658905995 149.51457736630275 72
1757658906101 149.29247566237083 73
1757658906203 149.07070851887246 74
1757658906293 148.84927543042082 75
1757658906381 148.62817589239353 76
1757658906472 148.40740940093167 77
1757658906566 148.1869754529385 78
1757658906649 147.96687354607826 79
1757658906728 147.74710317877523 80
1757658906812 147.52766385021232 81
1757658906899 147.3085550603301 82
1757658906989 147.08977630982557 83
1757658907077 146.8713271001511 84
1757658907166 146.65320693351316 85
1757658907255 146.43541531287127 86
1757658907344 146.21795174193684 87
1757658907432 146.00081572517206 88
1757658907524 145.7840067677886 89
1757658907613 145.56752437574684 90
1757658907701 145.35136805575422 91
1757658907788 145.13553731526466 92
1757658907878 144.920031662477 93
1757658907968 144.70485060633408 94
1757658908056 144.4899936565215 95
1757658908142 144.27546032346675 96
1757658908233 144.0612501183377 97
1757658908324 143.8473625530418 98
1757658908416 143.63379714022474 99
1757658908505 143.4205533932696 100
1757658908597 143.20763082629537 101
1757658908680 142.99502895415617 102
1757658908762 142.78274729243992 103
1757658908849 142.57078535746743 104
1757658908938 142.35914266629095 105
1757658909025 142.14781873669352 106
1757658909115 141.93681308718752 107
1757658909203 141.7261252370136 108
1757658909294 141.51575470613983 109
1757658909390 141.3057010152602 110
1757658909478 141.09596368579392 111
1757658909569 140.8865422398841 112
1757658909658 140.6774362003966 113
1757658909748 140.46864509091918 114
1757658909838 140.2601684357601 115
1757658909926 140.05200575994735 116
1757658910015 139.84415658922725 117
1757658910109 139.63662045006365 118
1757658910198 139.42939686963658 119
1757658910291 139.22248537584136 120
1757658910386 139.01588549728748 121
1757658910473 138.80959676329738 122
1757658910564 138.60361870390557 123
1757658910655 138.39795084985744 124
1757658910738 138.19259273260818 125
1757658910824 137.98754388432178 126
1757658910915 137.78280383786984 127
1757658911006 137.57837212683057 128
1757658911096 137.37424828548782 129
1757658911185 137.17043184882976 130
1757658911274 136.96692235254807 131
1757658911363 136.7637193330367 132
1757658911452 136.56082232739095 133
1757658911540 136.35823087340623 134
1757658911627 136.15594450957718 135
1757658911714 135.95396277509653 136
1757658911803 135.75228520985397 137
1757658911899 135.55091135443527 138
1757658911995 135.34984075012107 139
1757658912087 135.1490729388859 140
1757658912179 134.94860746339714 141
1757658912270 134.7484438670139 142
1757658912361 134.54858169378608 143
1757658912452 134.34902048845314 144
1757658912541 134.1497597964433 145
1757658912630 133.95079916387243 146
1757658912716 133.75213813754277 147
1757658912796 133.55377626494223 148
1757658912883 133.35571309424316 149
1757658912974 133.15794817430128 150
1757658913065 132.96048105465482 151
1757658913155 132.76331128552334 152
1757658913245 132.56643841780678 153
1757658913336 132.36986200308436 154
1757658913427 132.17358159361353 155
1757658913519 131.97759674232915 156
1757658913606 131.7819070028422 157
1757658913696 131.58651192943884 158
1757658913784 131.39141107707954 159
1757658913875 131.19660400139787 160
1757658913963 131.00209025869958 161
1757658914052 130.80786940596144 162
1757658914142 130.61394100083047 163
1757658914233 130.42030460162272 164
1757658914324 130.22695976732243 165
1757658914413 130.03390605758074 166
1757658914501 129.84114303271502 167
1757658914590 129.64867025370756 168
1757658914681 129.4564872822049 169
1757658914763 129.26459368051638 170
1757658914850 129.0729890116136 171
1757658914941 128.8816728391291 172
1757658915031 128.6906447273554 173
1757658915119 128.49990424124417 174
1757658915209 128.3094509464051 175
1757658915300 128.1192844091049 176
1757658915392 127.92940419626633 177
1757658915484 127.7398098754673 178
1757658915568 127.55050101493961 179
1757658916333 127.36147718356837 180
1757658916400 127.17273795089051 181
1757658916466 126.98428288709434 182
1757658916537 126.79611156301804 183
1757658916618 126.60822355014913 184
1757658916706 126.42061842062314 185
1757658916789 126.23329574722285 186
1757658916868 126.04625510337713 187
1757658916952 125.8594960631602 188
1757658917040 125.67301820129042 189
1757658917126 125.48682109312941 190
1757658917214 125.30090431468113 191
1757658917300 125.11526744259079 192
1757658917385 124.92991005414403 193
1757658917472 124.74483172726576 194
1757658917560 124.56003204051936 195
1757658917652 124.37551057310569 196
1757658917744 124.19126690486193 197
1757658917835 124.00730061626093 198
1757658917924 123.82361128841004 199
1757658918013 123.64019850305013 200
1757658918098 123.45706184255484 201
1757658918211 123.27420088992933 202
1757658918295 123.09161522880962 203
1757658918379 122.90930444346134 204
1757658918465 122.72726811877904 205
1757658918554 122.5455058402851 206
1757658918643 122.36401719412876 207
1757658918732 122.1828017670853 208
1757658918815 122.00185914655492 209
1757658918896 121.82118892056198 210
1757658918983 121.64079067775386 211
1757658919072 121.46066400740017 212
1757658919159 121.28080849939171 213
1757658919246 121.10122374423966 214
1757658919334 120.9219093330745 215
1757658919432 120.74286485764509 216
1757658919519 120.5640899103178 217
1757658919608 120.38558408407557 218
1757658919693 120.20734697251697 219
1757658919780 120.02937816985514 220
1757658919867 119.85167727091708 221
1757658919954 119.67424387114261 222
1757658920041 119.49707756658337 223
1757658920134 119.320177953902 224
1757658920222 119.14354463037127 225
1757658920307 118.96717719387287 226
1757658920407 118.79107524289688 227
1757658920500 118.61523837654055 228
1757658920599 118.43966619450757 229
1757658920696 118.26435829710698 230
1757658920787 118.08931428525234 231
1757658920876 117.91453376046096 232
1757658920969 117.74001632485269 233
1757658921063 117.56576158114919 234
1757658921159 117.39176913267305 235
1757658921252 117.21803858334681 236
1757658921344 117.04456953769197 237
1757658921440 116.87136160082832 238
1757658921534 116.69841437847282 239
1757658921624 116.52572747693873 240
1757658921715 116.35330050313479 241
1757658921811 116.18113306456425 242
1757658921915 116.00922476932404 243
1757658922012 115.83757522610375 244
1757658922103 115.66618404418489 245
1757658922199 115.49505083343988 246
1757658922291 115.32417520433113 247
1757658922381 115.15355676791027 248
1757658922478 114.9831951358172 249
1757658922574 114.81308992027915 250
1757658922663 114.64324073410987 251
1757658922753 114.47364719070863 252
1757658922845 114.30430890405951 253
1757658922931 114.13522548873033 254
1757658923026 113.96639655987197 255
1757658923118 113.79782173321716 256
1757658923211 113.62950062507998 257
1757658923304 113.4614328523548 258
1757658923396 113.29361803251533 259
1757658923491 113.12605578361386 260
1757658923583 112.95874572428033 261
1757658923678 112.79168747372152 262
1757658923773 112.62488065172003 263
1757658923866 112.4583248786336 264
1757658923959 112.29201977539414 265
1757658924052 112.1259649635068 266
1757658924146 111.9601600650492 267
1757658924239 111.79460470267057 268
1757658924333 111.62929849959082 269
1757658924428 111.46424107959966 270
1757658924518 111.29943206705587 271
1757658924609 111.13487108688629 272
1757658924701 110.97055776458505 273
1757658924792 110.80649172621261 274
1757658924881 110.64267259839505 275
1757658924967 110.47910000832317 276
1757658925058 110.31577358375145 277
1757658925150 110.15269295299757 278
1757658925246 109.9898577449411 279
1757658925338 109.82726758902307 280
1757658925431 109.66492211524483 281
1757658925523 109.50282095416739 282
1757658925615 109.34096373691041 283
1757658925709 109.17935009515148 284
1757658925802 109.01797966112527 285
1757658925900 108.85685206762255 286
1757658925992 108.69596694798953 287
1757658926087 108.53532393612693 288
1757658926183 108.37492266648908 289
1757658926278 108.21476277408321 290
1757658926371 108.05484389446855 291
1757658926466 107.89516566375546 292
1757658926559 107.73572771860469 293
1757658926654 107.5765296962264 294
1757658926749 107.41757123437952 295
1757658926841 107.25885197137075 296
1757658926926 107.10037154605376 297
1757658927017 106.94212959782854 298
1757658927112 106.7841257666403 299
1757658927253 106.62635969297884 300
1757658927381 106.46883101787762 301
1757658927514 106.31153938291304 302
1757658927643 106.1544844302035 303
1757658927771 105.99766580240869 304
1757658927877 105.84108314272868 305
1757658927984 105.68473609490313 306
1757658928096 105.52862430321053 307
1757658928209 105.37274741246735 308
1757658928321 105.21710506802714 309
1757658928436 105.06169691577985 310
1757658928547 104.9065226021509 311
1757658928664 104.75158177410053 312
1757658928769 104.59687407912278 313
1757658928897 104.44239916524488 314
1757658929013 104.2881566810263 315
1757658929131 104.13414627555798 316
1757658929244 103.98036759846164 317
1757658929364 103.82682029988878 318
1757658929481 103.67350403052004 319
1757658929590 103.52041844156429 320
1757658929704 103.36756318475796 321
1757658929816 103.21493791236402 322
1757658929926 103.06254227717149 323
1757658930043 102.91037593249435 324
1757658930161 102.75843853217094 325
1757658930274 102.60672973056307 326
1757658930400 102.45524918255526 327
1757658930511 102.30399654355398 328
1757658930625 102.15297146948674 329
1757658930742 102.00217361680146 330
1757658930857 101.85160264246561 331
1757658931052 101.7012582039654 332
1757658931166 101.551139959305 333
1757658931263 101.4012475670058 334
1757658931359 101.25158068610558 335
1757658931459 101.10213897615779 336
1757658931552 100.95292209723068 337
1757658931646 100.80392970990661 338
1757658931761 100.65516147528118 339
1757658931858 100.50661705496255 340
1757658931963 100.35829611107062 341
1757658932059 100.21019830623621 342
1757658932156 100.06232330360035 343
1757658932254 99.91467076681354 344
1757658932350 99.76724036003486 345
1757658932446 99.62003174793128 346
1757658932540 99.4730445956769 347
1757658932634 99.32627856895215 348
1757658932729 99.179733333943 349
1757658932822 99.03340855734032 350
1757658932921 98.88730390633896 351
1757658933009 98.74141904863703 352
1757658933105 98.5957536524352 353
1757658933199 98.45030738643594 354
1757658933291 98.3050799198426 355
1757658933384 98.16007092235888 356
1757658933480 98.01528006418795 357
1757658933576 97.87070701603167 358
1757658933671 97.72635144908989 359
1757658933767 97.58221303505972 360
1757658933863 97.43829144613466 361
1757658933956 97.29458635500397 362
1757658934054 97.15109743485192 363
1757658934148 97.00782435935692 364
1757658934245 96.8647668026909 365
1757658934343 96.72192443951849 366
1757658934438 96.5792969449963 367
1757658934532 96.43688399477216 368
1757658934628 96.29468526498442 369
1757658934722 96.15270043226117 370
1757658934817 96.01092917371946 371
1757658934912 95.86937116696465 372
1757658935005 95.72802609008964 373
1757658935103 95.58689362167405 374
1757658935195 95.44597344078359 375
1757658935290 95.30526522696934 376
1757658935386 95.16476866026686 377
1757658935479 95.02448342119563 378
1757658935576 94.88440919075819 379
1757658935675 94.74454565043953 380
1757658935769 94.60489248220625 381
1757658935866 94.46544936850584 382
1757658935962 94.32621599226607 383
1757658936055 94.18719203689415 384
1757658936152 94.04837718627599 385
1757658936247 93.90977112477555 386
1757658936350 93.77137353723413 387
1757658936454 93.6331841089695 388
1757658936550 93.49520252577541 389
1757658936649 93.35742847392063 390
1757658936745 93.21986164014842 391
1757658936839 93.08250171167569 392
1757658936934 92.94534837619236 393
1757658937026 92.80840132186056 394
1757658937117 92.67166023731401 395
1757658937216 92.5351248116573 396
1757658937314 92.39879473446506 397
1757658937413 92.26266969578137 398
1757658937512 92.12674938611903 399
1757658937604 91.99103349645877 400
1757658937702 91.85552171824867 401
1757658937798 91.72021374340332 402
1757658937893 91.58510926430326 403
1757658937987 91.45020797379408 404
1757658938085 91.31550956518593 405
1757658938180 91.18101373225268 406
1757658938279 91.04672016923124 407
1757658938375 90.91262857082089 408
1757658938471 90.77873863218255 409
1757658938569 90.6450500489381 410
1757658938664 90.5115625171697 411
1757658938760 90.37827573341903 412
1757658938859 90.24518939468668 413
1757658938958 90.11230319843135 414
1757658939050 89.97961684256927 415
1757658939145 89.84713002547343 416
1757658939245 89.71484244597296 417
1757658939345 89.58275380335232 418
1757658939466 89.45086379735069 419
1757658939564 89.31917212816134 420
1757658939662 89.18767849643085 421
1757658939759 89.05638260325841 422
1757658939855 88.92528415019524 423
1757658939953 88.79438283924378 424
1757658940051 88.66367837285713 425
1757658940151 88.53317045393827 426
1757658940249 88.40285878583941 427
1757658940350 88.27274307236137 428
1757658940447 88.1428230177528 429
1757658940545 88.01309832670954 430
1757658940644 87.88356870437403 431
1757658940741 87.75423385633445 432
1757658940837 87.62509348862422 433
1757658940936 87.49614730772127 434
1757658941032 87.36739502054732 435
1757658941124 87.23883633446725 436
1757658941222 87.11047095728846 437
1757658941325 86.9822985972601 438
1757658941428 86.85431896307253 439
1757658941525 86.72653176385653 440
1757658941624 86.59893670918275 441
1757658941721 86.47153350906095 442
1757658941819 86.34432187393936 443
1757658941923 86.21730151470409 444
1757658942029 86.09047214267831 445
1757658942129 85.96383346962178 446
1757658942230 85.83738520773001 447
1757658942330 85.71112706963373 448
1757658942427 85.5850587683982 449
1757658942525 85.45918001752247 450
1757658942624 85.33349053093883 451
1757658942722 85.20799002301214 452
1757658942821 85.08267820853912 453
1757658942920 84.95755480274772 454
1757658943017 84.83261952129651 455
1757658943110 84.70787208027393 456
1757658943206 84.58331219619777 457
1757658943303 84.45893958601438 458
1757658943403 84.33475396709817 459
1757658943502 84.21075505725082 460
1757658943600 84.08694257470073 461
1757658943696 83.96331623810237 462
1757658943795 83.83987576653553 463
1757658943911 83.7166208795048 464
1757658944013 83.59355129693891 465
1757658944113 83.47066673919002 466
1757658944212 83.3479669270331 467
1757658944313 83.22545158166538 468
1757658944409 83.10312042470555 469
1757658944505 82.98097317819327 470
1757658944604 82.85900956458848 471
1757658944704 82.7372293067707 472
1757658944804 82.61563212803853 473
1757658944905 82.4942177521089 474
1757658945002 82.37298590311642 475
1757658945100 82.25193630561292 476
1757658945188 82.13106868456663 477
1757658945283 82.01038276536163 478
1757658945383 81.88987827379721 479
1757658945479 81.76955493608725 480
1757658945577 81.6494124788596 481
1757658945676 81.52945062915542 482
1757658945774 81.40966911442858 483
1757658945873 81.29006766254504 484
1757658945969 81.17064600178222 485
1757658946069 81.05140386082833 486
1757658946169 80.93234096878187 487
1757658946268 80.81345705515085 488
1757658946370 80.69475184985232 489
1757658946471 80.57622508321161 490
1757658946568 80.45787648596188 491
1757658946669 80.33970578924331 492
1757658946766 80.22171272460264 493
1757658946867 80.10389702399247 494
1757658946964 79.98625841977072 495
1757658947065 79.86879664469986 496
1757658947157 79.75151143194653 497
1757658947253 79.63440251508074 498
1757658947352 79.51746962807532 499
