1757521670635 169.18800901907701 0
1757521670695 169.00349092126115 1
1757521670761 168.95299687232205 2
1757521670837 168.89007436554039 3
1757521670907 168.8367630264269 4
1757521670979 168.79030843340254 5
1757521671047 168.74993559282942 6
1757521671125 168.71485018044592 7
1757521671197 168.6843700141588 8
1757521671267 168.6579007584229 9
1757521671337 168.63492515800218 10
1757521671404 168.61499291566102 11
1757521671475 168.59771195905162 12
1757521671544 168.58274085089914 13
1757521671617 168.5697821961132 14
1757521671689 168.55857691384227 15
1757521671756 168.54889926035963 16
1757521671870 168.54055250376229 17
1757521671957 168.53336516458037 18
1757521672016 168.52718774776628 19
1757521672076 168.5218899013962 20
1757521672139 168.5173579459679 21
1757521672211 168.51349272559716 22
1757521672283 168.51020773884977 23
1757521672352 168.50742751252386 24
1757521672423 168.50508618654194 25
1757521672497 168.5031262823075 26
1757521672568 168.5014976305268 27
1757521672635 168.50015643765627 28
1757521672699 168.49906447287808 29
1757521672767 168.49818835988773 30
1757521672830 168.49749895984104 31
1757521672896 168.49791291561814 32
1757521672967 168.49651933249024 33
1757521673038 168.49700683071532 34
1757521673107 168.49580855585236 35
1757521673169 168.49625282407104 36
1757521673233 168.49523011072543 37
1757521673300 168.49563174004976 38
1757521673370 168.49475738697998 39
1757521673442 168.49511874031276 40
1757521673510 168.49436986477457 41
1757521673578 168.49469378926182 42
1757521673644 168.49405114728984 43
1757521673713 168.49434072942833 44
1757521673781 168.49378809478893 45
1757521673848 168.49404649357444 46
1757521673918 168.49357015200945 47
1757521673980 168.4938004848492 48
