1757444397047 83.39165758070789 0
1757444397117 40.43348968826913 1
1757444397188 23.837347085916498 2
1757444397245 11.08835660706135 3
1757444397305 7.5439542484564255 4
1757444397374 4.193035885246735 5
1757444397443 3.37856831779776 6
1757444397501 2.620002258981404 7
1757444397561 2.291517947181053 8
1757444397622 1.7236947208037492 9
1757444397687 1.0365798746767991 10
1757444397751 2.2019572760646353 11
1757444397817 2.018202913461277 12
1757444397879 0.7565727580608449 13
1757444397943 2.0700396309181825 14
1757444398009 1.3729893814138197 15
1757444398070 3.2583613597946384 16
1757444398135 1.742570341692697 17
1757444398202 1.6593326650111937 18
1757444398269 1.252232161976441 19
1757444398337 2.5428934155466405 20
1757444398397 0.9950877459965678 21
1757444398460 2.006856315524426 22
1757444398521 4.138636175822791 23
1757444398577 3.172372153017947 24
1757444398639 0.8459954450072358 25
1757444398722 0.43407047519563535 26
1757444398799 0.7113922708966847 27
1757444398868 1.1750997015705258 28
1757444398938 1.7858825326219416 29
1757444399010 0.4507502335247502 30
1757444399079 1.7391219491416825 31
1757444399142 1.7486376125481704 32
1757444399209 2.7645180610314255 33
1757444399278 1.8625749877888613 34
1757444399343 0.9963360183107581 35
1757444399406 1.3723968624882672 36
1757444399468 1.3863889553344682 37
1757444399535 2.2423667484514818 38
1757444399603 2.5420327302873718 39
1757444399673 1.7238659626972321 40
1757444399736 1.3783812891093128 41
1757444399802 1.592709959875937 42
1757444399868 0.705838965721547 43
1757444399936 4.257330037004033 44
1757444400001 3.4277747029600043 45
1757444400063 2.3979306338812374 46
1757444400130 2.3521253619706326 47
1757444400198 1.7783318692283097 48
1757444400265 2.652561815669789 49
1757444400331 2.236276760062804 50
1757444400395 1.2229589915116363 51
1757444400460 0.9997351633678708 52
1757444400526 1.4736131746532335 53
1757444400581 1.6191387601843155 54
1757444400645 1.50088374481333 55
1757444400714 1.4650327550556592 56
1757444400784 1.5040403214413678 57
1757444400853 0.8436665260929415 58
1757444400927 10.15253210649441 59
1757444400999 3.5318716448824126 60
1757444401087 1.5008639566124438 61
1757444401156 1.398332409307991 62
1757444401217 0.7025431148443462 63
1757444401280 1.8609927074083172 64
1757444401343 3.788862685402454 65
1757444401412 2.329095973578146 66
1757444401475 1.8968383810055516 67
1757444401537 2.295794282492211 68
1757444401604 0.916766744655408 69
1757444401669 1.9057686940587866 70
1757444401736 1.369724218594555 71
1757444401801 3.8720806288682224 72
1757444401868 2.4116592374797055 73
1757444401930 1.373217168981013 74
1757444401996 4.354325817291901 75
1757444402064 2.076470721737023 76
1757444402130 1.8201608589387461 77
1757444402198 0.8709019862689225 78
1757444402266 1.730569581333019 79
1757444402335 1.6402278879895884 80
1757444402398 1.1625719695782561 81
1757444402461 1.1611579479270482 82
1757444402525 0.8352352494086475 83
1757444402580 1.8658071110771766 84
1757444402640 1.992214725201753 85
1757444402700 1.2419545297404797 86
1757444402756 1.9457745464071854 87
1757444402824 1.7313567852273213 88
1757444402892 0.6286917616503576 89
1757444402954 1.776533861051888 90
1757444403006 1.5138597322975627 91
1757444403065 1.5920805590831706 92
1757444403126 1.7861214718702165 93
1757444403189 1.3586649317838826 94
1757444403251 0.8741482764936308 95
1757444403314 1.9090756308263221 96
1757444403379 2.5507396164830736 97
1757444403453 1.8321981754486885 98
1757444403524 2.2142534657288113 99
1757444403594 1.751914472207143 100
1757444403667 1.1719285520761695 101
1757444403741 4.613729342133403 102
1757444403820 5.628256654600109 103
1757444403892 1.3887767083085958 104
1757444403961 2.3608547169314194 105
1757444404030 3.015867920248312 106
1757444404095 1.5170584066684363 107
1757444404159 0.5455936738384008 108
1757444404228 3.0140768176257966 109
1757444404297 1.677336702753873 110
1757444404364 1.4664487491773888 111
1757444404424 1.6131834558933735 112
1757444404487 1.3740480781726097 113
1757444404551 1.2742030129588855 114
1757444404615 2.3202568360815086 115
1757444404680 0.8443849110150932 116
1757444404749 1.2781659036164195 117
1757444404816 1.9780056670589594 118
1757444404882 2.0728714491128666 119
1757444404946 1.8361406436229064 120
1757444405010 1.173722036568311 121
1757444405084 2.613084354263199 122
1757444405150 1.6605985716767173 123
1757444405222 3.4018369028107376 124
1757444405296 1.0674682386986962 125
1757444405369 1.6857374351141834 126
1757444405432 2.991682009751447 127
1757444405499 1.8905494608626268 128
1757444405568 2.4478321610986185 129
1757444405634 2.624866787093531 130
1757444405707 1.4129480429088879 131
1757444405779 2.5595461525681475 132
1757444405851 2.044542708615179 133
1757444405919 3.9136458217638315 134
1757444405985 1.2186295379100425 135
1757444406051 1.5866442882312994 136
1757444406121 1.3680294432867413 137
1757444406192 1.4175331293551243 138
1757444406261 0.9501834257050776 139
1757444406331 2.670385705398566 140
1757444406402 1.8321932483751011 141
1757444406480 1.062174247431688 142
1757444406563 1.4464764524345606 143
1757444406624 1.3492846663523888 144
1757444406692 3.856811882187882 145
1757444406761 2.363290629640373 146
1757444406826 2.8229225645218916 147
1757444406892 2.077466139468431 148
1757444406959 2.146911136683758 149
1757444407028 2.347112881581271 150
1757444407095 0.9884482811003623 151
1757444407160 2.6820983945938237 152
1757444407225 1.552495943586159 153
1757444407287 1.3425854448560024 154
1757444407354 1.567200721335986 155
1757444407419 2.798304378433899 156
1757444407487 1.8830817917085594 157
1757444407552 2.332547374198863 158
1757444407619 0.9015673249435676 159
1757444407684 0.8596074006183854 160
1757444407754 0.5400317835398283 161
1757444407817 2.2025740773457088 162
1757444407889 1.540175287466634 163
1757444407959 1.9646102633086333 164
1757444408030 1.763666946361913 165
1757444408105 1.9735129445752093 166
1757444408176 2.306643784762941 167
1757444408245 4.097659078485277 168
1757444408315 1.4972939949938504 169
1757444408397 1.9748113933972709 170
1757444408472 1.5629526101058064 171
1757444408542 1.6132312315725579 172
1757444408615 2.176633882847898 173
1757444408680 1.7847930820528732 174
1757444408748 1.2545882014325622 175
1757444408818 1.1868587136909812 176
1757444408890 1.0592043169985654 177
1757444408965 2.733439683694724 178
1757444409042 1.6711329069399372 179
1757444409117 2.189733970817872 180
1757444409195 1.6351945273783466 181
1757444409265 0.5992638191895564 182
1757444409338 2.5132291438757313 183
1757444409412 2.279818741471816 184
1757444409493 1.9924519040401591 185
1757444409564 1.8834106906298147 186
1757444409639 2.3628112817307416 187
1757444409713 1.7844119741054885 188
1757444409774 1.9830161968399365 189
1757444409839 1.7814468329839201 190
1757444409904 3.592111094173502 191
1757444409987 2.027032106428555 192
1757444410062 2.1648703285669155 193
1757444410136 1.9361476842885532 194
1757444410211 3.3082897724644984 195
1757444410282 2.702042513245618 196
1757444410351 1.7273756683906503 197
1757444410415 1.7749898818688594 198
1757444410485 2.7086518346277426 199
1757444410566 1.1266376349838663 200
1757444410638 4.5413937615723 201
1757444410703 1.8986092576733227 202
1757444410767 1.9728931952690905 203
1757444410835 1.0728088086055434 204
1757444410904 2.067462424258953 205
1757444410974 1.4901496831505474 206
1757444411041 0.7305180122391937 207
1757444411116 2.6100131031302434 208
1757444411191 2.0703780026609637 209
1757444411265 1.594244232776993 210
1757444411337 2.4098286208333284 211
1757444411409 2.255911365649788 212
1757444411485 1.0127475971296835 213
1757444411556 0.7958380944059849 214
1757444411631 1.4293518010098798 215
1757444411704 1.5939387374319223 216
1757444411780 2.0600721026522466 217
1757444411856 2.680398046023086 218
1757444411932 4.036540489155233 219
1757444412005 1.6132176224188015 220
1757444412087 2.2153300598521186 221
1757444412163 3.346524292651713 222
1757444412236 1.379742621293491 223
1757444412309 1.0442538733096676 224
1757444412381 1.0726825020783028 225
1757444412454 1.4425559880408616 226
1757444412527 0.4122065628019792 227
1757444412602 1.595640019008937 228
1757444412670 3.474165545639099 229
1757444412741 1.644737119928714 230
1757444412811 0.5625193633708929 231
1757444412882 1.5959422544053743 232
1757444412950 0.6178984989168124 233
1757444413026 1.6041488895601597 234
1757444413101 1.5061814444898314 235
1757444413170 2.4641580106329526 236
1757444413236 1.3025551495121992 237
1757444413305 2.021059775310594 238
1757444413376 2.719350045423448 239
1757444413439 2.7579478143177596 240
1757444413506 0.3799274394551796 241
1757444413569 1.780817242633091 242
1757444413635 1.1432113463834783 243
1757444413694 1.6211067634919547 244
1757444413748 2.012773726294592 245
1757444413812 0.9627432847467043 246
1757444413880 2.473693891509265 247
1757444413948 2.2023631165041437 248
1757444414017 1.34730220997836 249
1757444414084 3.9017909059267866 250
1757444414160 2.271283299229455 251
1757444414240 2.8718890743400634 252
1757444414309 2.0152045624112604 253
1757444414383 3.262052768673728 254
1757444414456 1.9114841731468992 255
1757444414530 1.8545479675783012 256
1757444414600 1.3690466559689534 257
1757444414672 1.1025822447430333 258
1757444414742 1.1927614696218316 259
1757444414819 1.1313334761215819 260
1757444414907 1.961810667229416 261
1757444414978 1.4534550958514627 262
1757444415047 0.3258216907676144 263
1757444415113 1.0040494650739775 264
1757444415185 0.556059576437842 265
1757444415257 2.7408181386375534 266
1757444415328 3.152734120573718 267
1757444415400 1.0788202328243233 268
1757444415471 1.9405002394919724 269
1757444415536 1.2823971553955806 270
1757444415609 1.6410875362831423 271
1757444415688 1.9686132047779934 272
1757444415753 1.7328169003236242 273
1757444415820 3.4623664403492915 274
1757444415892 1.185728466190377 275
1757444415956 3.824380277174431 276
1757444416024 0.7123161994039605 277
1757444416095 1.720036397901665 278
1757444416169 1.6799821476605583 279
1757444416243 1.102070214130036 280
1757444416319 3.942920256727148 281
1757444416389 1.2785206685391133 282
1757444416484 0.9316301927760406 283
1757444416557 1.0234506125488263 284
1757444416625 2.82786512680493 285
1757444416695 1.8186329751027 286
1757444416762 1.5605284769477024 287
1757444416833 2.033282216325749 288
1757444416901 1.9529300356250041 289
1757444416968 2.2726818932479613 290
1757444417035 2.319725889195621 291
1757444417107 2.5596170317176155 292
1757444417176 1.4164824277880288 293
1757444417247 1.703429048319134 294
1757444417317 1.6441323802731997 295
1757444417392 1.7835277052049032 296
1757444417466 2.3464199528500047 297
1757444417541 1.2994783253414028 298
1757444417616 2.6116261754440804 299
1757444417697 5.268646816039258 300
1757444417765 1.6344739320893469 301
1757444417837 2.4772130185048105 302
1757444417908 1.790897198840983 303
1757444417985 1.7579026708842118 304
1757444418064 0.7228516900429865 305
1757444418136 1.8047594599708385 306
1757444418211 2.1865299522072843 307
1757444418283 11.759464681034956 308
1757444418369 1.7812808046246136 309
1757444418445 1.9517137669310851 310
1757444418516 1.8439530175078809 311
1757444418589 2.9195947819099466 312
1757444418660 2.435645908292599 313
1757444418725 2.1335301830218567 314
1757444418786 0.7543828174922682 315
1757444418864 3.011691445323808 316
1757444418938 0.8224286858570966 317
1757444419003 1.7008362402446298 318
1757444419073 0.7580950295379416 319
1757444419143 2.5582116007723137 320
1757444419212 2.06721423616008 321
1757444419281 1.741669327793271 322
1757444419353 2.793797040433068 323
1757444419424 2.02158396672607 324
1757444419496 3.591174266392568 325
1757444419562 1.2793115237216621 326
1757444419637 2.141383129791752 327
1757444419712 1.7974866673599192 328
1757444419781 3.1426879928829456 329
1757444419847 1.3085543430720983 330
1757444419917 1.3586810208624194 331
1757444419983 2.9093755289347647 332
1757444420054 1.6169995112943527 333
1757444420126 2.955727956521395 334
1757444420195 1.101146498776167 335
1757444420260 3.4259657204195104 336
1757444420332 0.9271014945482889 337
1757444420403 1.1737440140167592 338
1757444420471 3.428687135571522 339
1757444420543 2.7121533363066996 340
1757444420615 1.838208556171257 341
1757444420687 1.466000297826876 342
1757444420752 0.7662252309721633 343
1757444420822 2.0506326087524496 344
1757444420891 0.8604837824893705 345
1757444420961 1.5972462057091468 346
1757444421032 2.1453384418301593 347
1757444421100 0.7248700100027586 348
1757444421167 1.6032314671690318 349
1757444421236 0.9239539614587006 350
1757444421312 2.1528095360893427 351
1757444421383 1.9489316462932988 352
1757444421451 2.118615386089523 353
1757444421523 1.5201497751081678 354
1757444421592 1.5764997132974168 355
1757444421668 3.047536575562241 356
1757444421745 3.755079668836531 357
1757444421825 1.787194028763496 358
1757444421901 1.6106103561640348 359
1757444421979 1.9260229544292502 360
1757444422061 0.28993710818125834 361
1757444422140 0.9603466355567034 362
1757444422215 1.9979095237144164 363
1757444422291 1.9113864733804395 364
1757444422373 1.1976316085269199 365
1757444422449 2.5163461343239613 366
1757444422525 2.1877396508057356 367
1757444422600 1.3748277619487355 368
1757444422678 1.739003512811767 369
1757444422751 2.628565394618711 370
1757444422818 4.504427916955475 371
1757444422888 2.060679313798177 372
1757444422961 1.2743716199771677 373
1757444423034 1.7571166917129335 374
1757444423152 0.7212270454429364 375
1757444423228 1.5603241152900547 376
1757444423306 1.8524732417249758 377
1757444423384 1.7665802432403053 378
1757444423458 3.2248039060674967 379
1757444423537 2.305214863588354 380
1757444423613 2.4792781237275188 381
1757444423702 1.3938501900538283 382
1757444423778 1.4164279427446362 383
1757444423852 1.624821559227974 384
1757444423921 1.8255645112557042 385
1757444423979 1.5149311610799971 386
1757444424046 1.7782253453486294 387
1757444424119 2.071639560789378 388
1757444424190 2.3270263602290315 389
1757444424263 0.9198214773667713 390
1757444424339 1.6057912397103182 391
1757444424419 1.996044522644132 392
1757444424495 1.8934559688815116 393
1757444424575 1.5960953964464233 394
1757444424655 1.1671739372575116 395
1757444424735 1.784335387234968 396
1757444424802 1.981807702644033 397
