1757681374116 174.7564129106435 0
1757681374210 172.13737388540437 1
1757681374308 169.557882850449 2
1757681374398 167.01734261997916 3
1757681374490 164.51516502587097 4
1757681374580 162.05077078150538 5
1757681374671 159.62358934765487 6
1757681374765 157.23305880039536 7
1757681374858 154.8786257010128 8
1757681374951 152.55974496787414 9
1757681375048 150.27587975023275 10
1757681375140 148.02650130394 11
1757681375233 145.81108886903337 12
1757681375323 143.62912954917266 13
1757681375408 141.4801181928974 14
1757681375502 139.36355727667691 15
1757681375595 137.27895678972618 16
1757681375691 135.22583412056167 17
1757681375781 133.20371394526936 18
1757681375865 131.2121281174607 19
1757681375959 129.25061555988992 20
1757681376052 127.31872215770768 21
1757681376144 125.41600065332727 22
1757681376238 123.54201054287789 23
1757681376330 121.69631797422154 24
1757681376421 119.87849564651007 25
1757681376513 118.0881227112589 26
1757681376609 116.32478467491435 27
1757681376703 114.58807330289245 28
1757681376798 112.87758652506689 29
1757681376891 111.19292834268373 30
1757681376984 109.53370873668213 31
1757681377078 107.89954357739911 32
1757681377172 106.29005453563828 33
1757681377264 104.70486899508084 34
1757681377370 103.1436199660197 35
1757681377465 101.605946000396 36
1757681377560 100.09149110811866 37
1757681377652 98.59990467464755 38
1757681377750 97.13084137982109 39
1757681377847 95.6839611179097 40
1757681377954 94.25892891887638 41
1757681378047 92.85541487082628 42
1757681378141 91.47309404362738 43
1757681378239 90.11164641368444 44
1757681378331 88.77075678984883 45
1757681378425 87.45011474044738 46
1757681378519 86.1494145214128 47
1757681378615 84.86835500549962 48
1757681378710 83.6066396125688 49
1757681378806 82.36397624092518 50
1757681378907 81.14007719969169 51
1757681378998 79.93465914220481 52
1757681379092 78.74744300041561 53
1757681379187 77.57815392028157 54
1757681379280 76.42652119813381 55
1757681379375 75.29227821800532 56
1757681379462 74.17516238990552 57
1757681379556 73.07491508902685 58
1757681379649 71.99128159586935 59
1757681379746 70.9240110372695 60
1757681379850 69.87285632831941 61
1757681379951 68.83757411516305 62
1757681380049 67.81792471865641 63
1757681380141 66.8136720788782 64
1757681380235 65.82458370047866 65
1757681380330 64.85043059885339 66
1757681380424 63.89098724713032 67
1757681380521 62.94603152395676 68
1757681380615 62.01534466207523 69
1757681380707 61.0987111976756 70
1757681380803 60.19591892051212 71
1757681380899 59.30675882477372 72
1757681380992 58.43102506069614 73
1757681381094 57.56851488690461 74
1757681381188 56.71902862347642 75
1757681381281 55.88236960571214 76
1757681381362 55.058344138604845 77
1757681381444 54.24676145199681 78
1757681381533 53.447433656413715 79
1757681381629 52.66017569956531 80
1757681381724 51.884805323503166 81
1757681381819 51.121143022425414 82
1757681381915 50.36901200111846 83
1757681382009 49.628238134026375 84
1757681382104 48.8986499249383 85
1757681382200 48.1800784672846 86
1757681382294 47.47235740503256 87
1757681382390 46.775322894172525 88
1757681382486 46.08881356478569 89
1757681382582 45.412670483684586 90
1757681382675 44.74673711761774 91
1757681382772 44.09085929703004 92
1757681382866 43.44488518037016 93
1757681382963 42.8086652189371 94
1757681383059 42.18205212225748 95
1757681383156 41.56490082398569 96
1757681383251 40.95706844831885 97
1757681383349 40.358414276919135 98
1757681383439 39.76879971633532 99
1757681383533 39.18808826591645 100
1757681383633 38.61614548620994 101
1757681383728 38.05283896783694 102
1757681383825 37.49803830083758 103
1757681383920 36.95161504447925 104
1757681384013 36.41344269752065 105
1757681384108 35.88339666892498 106
1757681384202 35.361354249015264 107
1757681384297 34.84719458106532 108
1757681384391 34.34079863331965 109
1757681384487 33.84204917143588 110
1757681384584 33.35083073134337 111
1757681384680 32.867029592511464 112
1757681384775 32.390533751621746 113
1757681384870 31.92123289663745 114
1757681384964 31.45901838126476 115
1757681385060 31.003783199799585 116
1757681385154 30.555421962354192 117
1757681385250 30.113830870457875 118
1757681385348 29.678907693026215 119
1757681385437 29.250551742693002 120
1757681385527 28.828663852499695 121
1757681385623 28.413146352936835 122
1757681385719 28.00390304933216 123
1757681385812 27.60083919958013 124
1757681385908 27.203861492207693 125
1757681386005 26.812878024771464 126
1757681386101 26.427798282580895 127
1757681386199 26.04853311774281 128
1757681386293 25.67499472852241 129
1757681386392 25.307096639015874 130
1757681386491 24.944753679129985 131
1757681386589 24.587881964863957 132
1757681386685 24.23639887888911 133
1757681386780 23.89022305142177 134
1757681386878 23.549274341384976 135
1757681386973 23.213473817854666 136
1757681387069 22.882743741786005 137
1757681387166 22.557007548015704 138
1757681387270 22.23618982753606 139
1757681387382 21.920216310036682 140
1757681387477 21.609013846709857 141
1757681387568 21.302510393315504 142
1757681387667 21.000634993501922 143
1757681387764 20.70331776237838 144
1757681387862 20.410489870335685 145
1757681387959 20.12208352711123 146
1757681388055 19.838031966094498 147
1757681388155 19.558269428869632 148
1757681388251 19.28273114999146 149
1757681388349 19.0113533419913 150
1757681388444 18.744073180609256 151
1757681388542 18.480828790249515 152
1757681388638 18.221559229655234 153
1757681388733 17.966204477799746 154
1757681388830 17.71470541999084 155
1757681388928 17.467003834184858 156
1757681389025 17.223042377507443 157
1757681389121 16.982764572977832 158
1757681389218 16.746114796433613 159
1757681389383 16.51303826365295 160
1757681389571 16.28348101767122 161
1757681389743 16.057389916289203 162
1757681389925 15.834712619769896 163
1757681390101 15.615397578721106 164
1757681390278 15.399394022161017 165
1757681390435 15.186651945763975 166
1757681390556 14.977122100283776 167
1757681390689 14.770755980151723 168
1757681390834 14.567505812246912 169
1757681390971 14.36732454483607 170
1757681391123 14.170165836680365 171
1757681391268 13.97598404630675 172
1757681391393 13.784734221441335 173
1757681391519 13.596372088602244 174
1757681391657 13.410854042849685 175
1757681391786 13.228137137690762 176
1757681391906 13.048179075136758 177
1757681392034 12.870938195910531 178
1757681392156 12.69637346980178 179
1757681392283 12.524444486167967 180
1757681392422 12.355111444578668 181
1757681392558 12.188335145601206 182
1757681392690 12.024076981725399 183
1757681392818 11.862298928425368 184
1757681392949 11.702963535356313 185
1757681393081 11.546033917684213 186
1757681393206 11.39147374754647 187
1757681393340 11.23924724564146 188
1757681393478 11.089319172945107 189
1757681393605 10.941654822552561 190
1757681393733 10.79622001164303 191
1757681393872 10.65298107356598 192
1757681394003 10.51190485004679 193
1757681394138 10.372958683510145 194
1757681394268 10.236110409519354 195
1757681394399 10.1013283493298 196
1757681394550 9.968581302554847 197
1757681394686 9.837838539942512 198
1757681394821 9.709069796261192 199
1757681394950 9.582245263292815 200
1757681395087 9.457335582931835 201
1757681395214 9.334311840388386 202
1757681395341 9.213145557494094 203
1757681395470 9.093808686108957 204
1757681395600 8.97627360162781 205
1757681395736 8.86051309658484 206
1757681395865 8.746500374354627 207
1757681395993 8.634209042948381 208
1757681396124 8.523613108903783 209
1757681396260 8.414686971267129 210
1757681396397 8.30740541566636 211
1757681396531 8.201743608473532 212
1757681396664 8.097677091055514 213
1757681396800 7.995181774111432 214
1757681396940 7.894233932095655 215
1757681397087 7.7948101977249955 216
1757681397225 7.6968875565688375 217
1757681397367 7.600443341720948 218
1757681397504 7.505455228551804 219
1757681397625 7.4119012295400735 220
1757681397768 7.319759689182211 221
1757681397900 7.229009278978888 222
1757681398032 7.139628992497121 223
1757681398167 7.0515981405070205 224
1757681398325 6.964896346191889 225
1757681398564 6.879503540430731 226
1757681398704 6.795399957151922 227
1757681398801 6.712566128757112 228
1757681398907 6.630982881614192 229
1757681399004 6.550631331618287 230
1757681399108 6.471492879819842 231
1757681399204 6.393549208118707 232
1757681399304 6.316782275023193 233
1757681399407 6.241174311473248 234
1757681399504 6.166707816726626 235
1757681399601 6.093365554307242 236
1757681399692 6.021130548014658 237
1757681399789 5.949986077993854 238
1757681399897 5.87991567686434 239
1757681399997 5.810903125907721 240
1757681400100 5.742932451312831 241
1757681400200 5.675987920477559 242
1757681400298 5.610054038366523 243
1757681400399 5.545115543923749 244
1757681400494 5.481157406539518 245
1757681400591 5.418164822570557 246
1757681400689 5.356123211912797 247
1757681400788 5.295018214625828 248
1757681400888 5.234835687608423 249
1757681400986 5.175561701324159 250
1757681401087 5.117182536576543 251
1757681401185 5.059684681332836 252
1757681401285 5.0030548275957845 253
1757681401381 4.9472798683226635 254
1757681401479 4.892346894390791 255
1757681401579 4.838243191608875 256
1757681401671 4.784956237773504 257
1757681401769 4.7324736997700745 258
1757681401868 4.680783430717483 259
1757681401968 4.629873467155972 260
1757681402067 4.579732026277391 261
1757681402166 4.530347503197322 262
1757681402272 4.481708468268377 263
1757681402369 4.4338036644340635 264
1757681402467 4.3866220046226285 265
1757681402568 4.3401525691802245 266
1757681402668 4.294384603342858 267
1757681402769 4.249307514746503 268
1757681402869 4.204910870974829 269
1757681402968 4.16118439714392 270
1757681403069 4.118117973523521 271
1757681403166 4.075701633194153 272
1757681403266 4.033925559739628 273
1757681403366 3.992780084974421 274
1757681403464 3.9522556867053313 275
1757681403566 3.9123429865269594 276
1757681403663 3.873032747650476 277
1757681403753 3.8343158727651696 278
1757681403850 3.7961834019322858 279
1757681403949 3.7586265105106715 280
1757681404048 3.7216365071137454 281
1757681404146 3.6852048315973134 282
1757681404247 3.649323053077775 283
1757681404344 3.613982867980251 284
1757681404443 3.579176098116186 285
1757681404546 3.54489468878997 286
1757681404645 3.5111307069341815 287
1757681404746 3.477876339272945 288
1757681404845 3.4451238905130572 289
1757681404942 3.4128657815624095 290
1757681405044 3.381094547775328 291
1757681405144 3.3498028372243853 292
1757681405242 3.3189834089983394 293
1757681405339 3.2886291315257443 294
1757681405440 3.2587329809239005 295
1757681405540 3.2292880393727095 296
1757681405639 3.20028749351311 297
1757681405733 3.171724632869684 298
1757681405834 3.1435928482970876 299
1757681405935 3.1158856304499323 300
1757681406040 3.0885965682757752 301
1757681406142 3.061719347530881 302
1757681406238 3.0352477493183723 303
1757681406333 3.009175648648467 304
1757681406434 2.983497013020456 305
1757681406538 2.9582059010260866 306
1757681406641 2.9332964609740504 307
1757681406740 2.908762929535231 308
1757681406840 2.8845996304084 309
1757681406942 2.8608009730060795 310
1757681407039 2.837361451160239 311
1757681407149 2.8142756418475323 312
1757681407291 2.7915382039337993 313
1757681407386 2.7691438769375116 314
1757681407484 2.7470874798118907 315
1757681407592 2.7253639097454307 316
1757681407691 2.70396814098051 317
1757681407790 2.6828952236498664 318
1757681407890 2.662140282630628 319
1757681407988 2.6416985164156523 320
1757681408089 2.6215651960019057 321
1757681408189 2.6017356637956364 322
1757681408292 2.5822053325340666 323
1757681408396 2.5629696842233822 324
1757681408499 2.5440242690927457 325
1757681408602 2.5253647045641143 326
1757681408705 2.5069866742376092 327
1757681408804 2.4888859268921992 328
1757681408917 2.471058275501497 329
1757681409020 2.4534995962643893 330
1757681409118 2.4362058276503165 331
1757681409217 2.4191729694589834 332
1757681409320 2.4023970818942404 333
1757681409422 2.385874284651968 334
1757681409520 2.3696007560217334 335
1757681409623 2.3535727320020077 336
1757681409719 2.3377865054287446 337
1757681409812 2.3222384251171184 338
1757681409923 2.306924895016222 339
1757681410024 2.2918423733765327 340
1757681410123 2.2769873719299363 341
1757681410226 2.2623564550821547 342
1757681410318 2.2479462391173453 343
1757681410411 2.233753391414731 344
1757681410513 2.2197746296770466 345
1757681410619 2.2060067211706373 346
1757681410719 2.1924464819770377 347
1757681410824 2.1790907762558467 348
1757681410924 2.1659365155187325 349
1757681411023 2.1529806579144135 350
1757681411124 2.1402202075244103 351
1757681411226 2.12765221366946 352
1757681411329 2.1152737702263864 353
1757681411432 2.103082014955289 354
1757681411534 2.0910741288368966 355
1757681411637 2.0792473354199186 356
1757681411740 2.0675989001782678 357
1757681411836 2.0561261298779594 358
1757681411936 2.0448263719536053 359
1757681412038 2.033697013894299 360
1757681412139 2.0227354826387858 361
1757681412244 2.011939243979755 362
1757681412343 2.0013058019771433 363
1757681412443 1.9908326983802787 364
1757681412545 1.980517512058769 365
1757681412647 1.970357858441972 366
1757681412747 1.9603513889669304 367
1757681412852 1.950495790534648 368
1757681412957 1.940788784974576 369
1757681413061 1.9312281285171768 370
1757681413160 1.9218116112744652 371
1757681413262 1.9125370567283848 372
1757681413363 1.9034023212269142 373
1757681413465 1.8944052934877809 374
1757681413567 1.8855438941096638 375
1757681413670 1.876816075090789 376
1757681413768 1.8682198193547828 377
1757681413863 1.859753140283693 378
1757681413966 1.851414081258053 379
1757681414071 1.8432007152039036 380
1757681414173 1.8351111441466383 381
1757681414276 1.8271434987716055 382
1757681414381 1.8192959379913265 383
1757681414481 1.8115666485192605 384
1757681414581 1.8039538444500025 385
1757681414684 1.796455766845819 386
1757681414787 1.7890706833294314 387
1757681414889 1.7817968876829442 388
1757681414992 1.7746326994528288 389
1757681415093 1.767576463560877 390
1757681415212 1.760626549921026 391
1757681415315 1.7537813530619693 392
1757681415418 1.7470392917554693 393
1757681415520 1.7403988086502724 394
1757681415622 1.7338583699115726 395
1757681415724 1.7274164648658943 396
1757681415825 1.7210716056513564 397
1757681415924 1.7148223268732103 398
1757681416027 1.7086671852645754 399
1757681416131 1.7026047593523101 400
1757681416236 1.6966336491279108 401
1757681416337 1.6907524757233967 402
1757681416442 1.68495988109208 403
1757681416546 1.6792545276941555 404
1757681416649 1.6736350981870485 405
1757681416752 1.6681002951204196 406
1757681416852 1.6626488406357967 407
1757681416955 1.6572794761707268 408
1757681417060 1.6519909621674047 409
1757681417165 1.6467820777856907 410
1757681417270 1.6416516206204748 411
1757681417389 1.636598406423301 412
1757681417496 1.6316212688281952 413
1757681417600 1.6267190590816356 414
1757681417702 1.6218906457766005 415
1757681417806 1.6171349145906306 416
1757681417902 1.6124507680278448 417
1757681418008 1.6078371251648593 418
1757681418112 1.6032929214005343 419
1757681418219 1.5988171082095042 420
1757681418325 1.5944086528994286 421
1757681418429 1.5900665383719115 422
1757681418533 1.5857897628870268 423
1757681418640 1.5815773398313964 424
1757681418742 1.577428297489787 425
1757681418843 1.57334167882013 426
1757681418945 1.5693165412319618 427
1757681419051 1.5653519563681977 428
1757681419156 1.5614470098902045 429
1757681419259 1.5576008012661144 430
1757681419367 1.553812443562345 431
1757681419469 1.5500810632382565 432
1757681419571 1.5464057999439171 433
1757681419675 1.5427858063209157 434
1757681419777 1.5392202478061945 435
1757681419886 1.5357083024388265 436
1757681420012 1.5322491606697237 437
1757681420117 1.5288420251742165 438
1757681420222 1.5254861106674567 439
1757681420326 1.5221806437226189 440
1757681420425 1.5189248625918363 441
1757681420527 1.5157180170298472 442
1757681420634 1.5125593681203005 443
1757681420736 1.5094481881046893 444
1757681420837 1.5063837602138619 445
1757681420942 1.5033653785020793 446
1757681421048 1.5003923476835803 447
1757681421150 1.4974639829716092 448
1757681421254 1.4945796099198838 449
1757681421358 1.4917385642664458 450
1757681421463 1.4889401917798775 451
1757681421565 1.4861838481078367 452
1757681421671 1.483468898627881 453
1757681421777 1.48079471830054 454
1757681421883 1.4781606915246166 455
1757681421985 1.4755662119946602 456
1757681422092 1.4730106825606006 457
1757681422202 1.4704935150894987 458
1757681422306 1.4680141303293848 459
1757681422409 1.4655719577751587 460
1757681422511 1.4631664355364984 461
1757681422615 1.4607970102077859 462
1757681422719 1.4584631367399787 463
1757681422822 1.4561642783144262 464
1757681422928 1.4538999062185887 465
1757681423040 1.4516694997236295 466
1757681423146 1.4494725459638644 467
1757681423253 1.4473085398180185 468
1757681423357 1.445176983792292 469
1757681423467 1.4430773879051746 470
1757681423570 1.441009269574014 471
1757681423676 1.4389721535032887 472
1757681423779 1.4369655715745697 473
1757681423885 1.4349890627381472 474
1757681423983 1.4330421729062865 475
1757681424087 1.431124454848103 476
1757681424192 1.4292354680860235 477
1757681424296 1.4273747787938058 478
1757681424401 1.4255419596961023 479
1757681424506 1.4237365899695418 480
1757681424610 1.4219582551453018 481
1757681424714 1.4202065470131504 482
1757681424819 1.4184810635269456 483
1757681424922 1.416781408711551 484
1757681425027 1.4151071925711614 485
1757681425134 1.413458030999018 486
1757681425237 1.411833545688477 487
1757681425358 1.41023336404543 488
1757681425463 1.4086571191020398 489
1757681425570 1.4071044494317864 490
1757681425675 1.4055749990657873 491
1757681425777 1.404068417410387 492
1757681425882 1.4025843591659908 493
1757681425987 1.401122484247122 494
1757681426094 1.399682457703687 495
1757681426199 1.3982639496434304 496
1757681426304 1.396866635155559 497
1757681426408 1.3954901942355211 498
1757681426513 1.3941343117109224 499
