1757444260136 42.03260612777255 0
1757444260210 11.496260303181458 1
1757444260280 4.595219537973849 2
1757444260353 3.7223037706104 3
1757444260422 1.1503119184021267 4
1757444260488 2.256111918083544 5
1757444260549 1.6216443231851017 6
1757444260612 2.5743996444196893 7
1757444260674 1.1478477528906512 8
1757444260739 3.3286454524926774 9
1757444260804 1.231562070440905 10
1757444260876 0.6262427883098395 11
1757444260944 2.3069399843664202 12
1757444261015 5.895556789796012 13
1757444261080 1.9352882957864423 14
1757444261145 1.9995246054421134 15
1757444261218 2.574200487511302 16
1757444261286 2.578676232253336 17
1757444261349 1.7010960536676842 18
1757444261414 1.9858929167626571 19
1757444261484 1.720237806768844 20
1757444261550 1.5945984274694025 21
1757444261612 1.264061060342831 22
1757444261678 1.3917774906566938 23
1757444261741 1.416272825326399 24
1757444261803 5.160165352430824 25
1757444261866 1.0202527575751283 26
1757444261932 1.4104802152189884 27
1757444262000 1.2743956760989337 28
1757444262065 1.6164600390224977 29
1757444262124 4.173558679292104 30
1757444262187 1.4759790393100312 31
1757444262251 1.6756751204733236 32
1757444262321 1.358201978335035 33
1757444262385 3.3029107091249026 34
1757444262450 0.7631465947402017 35
1757444262512 1.150922979188533 36
1757444262582 1.8740695086544654 37
1757444262653 2.378836612492672 38
1757444262726 1.229788512240024 39
1757444262798 1.7601628348346747 40
