1757675750249 158.2570721034765 0
1757675750357 145.84864271355667 1
1757675750452 133.29146812744418 2
1757675750540 124.94027594744908 3
1757675750632 118.95674779438025 4
1757675750731 109.30118764230593 5
1757675750821 99.4297429633649 6
1757675750917 90.63253003439456 7
1757675751007 86.38720985486371 8
1757675751106 81.93968431779894 9
1757675751201 75.24352408400274 10
1757675751295 71.64972035046344 11
1757675751393 68.68355586021326 12
1757675751484 60.807275839521 13
1757675751570 57.525332914966036 14
1757675751664 51.97680043713305 15
1757675751765 52.45874158845475 16
1757675751861 44.24164559557668 17
1757675751947 38.96797233590678 18
1757675752038 36.31211647866331 19
1757675752129 38.28486385527129 20
1757675752224 34.1946685281178 21
1757675752320 27.969332256161007 22
1757675752415 28.856719138961765 23
1757675752506 28.47430914056797 24
1757675752598 23.02557743572788 25
1757675752692 26.066530527061968 26
1757675752787 26.500664037161265 27
1757675752881 22.86807967939622 28
1757675752976 18.92220658741764 29
1757675753073 18.23454495134426 30
1757675753167 16.309878270228303 31
1757675753264 14.930448646241263 32
1757675753361 14.956655062061406 33
1757675753457 15.62878631828457 34
1757675753553 15.240744327424947 35
1757675753644 13.321278955291618 36
1757675753742 13.819346787634416 37
1757675753832 9.63236319213015 38
1757675753922 8.794086361162021 39
1757675754017 7.2538920930293065 40
1757675754107 8.329279467914908 41
1757675754206 7.3118705270631255 42
1757675754301 7.726927603145278 43
1757675754397 6.724237910896698 44
1757675754495 6.709288870671744 45
1757675754590 6.787875656001836 46
1757675754688 4.062357292517511 47
1757675754780 5.341618652654027 48
1757675754870 3.681662695680881 49
1757675754965 5.003214372792135 50
1757675755062 5.127261763730265 51
1757675755155 2.8983420276990044 52
1757675755252 3.7361694501460136 53
1757675755347 5.927505549188481 54
1757675755435 5.067511562695419 55
1757675755527 3.8248164658069443 56
1757675755623 1.9521792681615162 57
1757675755717 3.099962552730774 58
1757675755812 4.264054558490688 59
1757675755908 3.7597426561911647 60
1757675755995 3.485831207291396 61
1757675756089 2.7237714951551246 62
1757675756186 2.2527405445065645 63
1757675756284 1.8639574488576083 64
1757675756381 2.649156974045705 65
1757675756472 3.7947073079439435 66
1757675756581 2.4474976056930866 67
1757675756675 1.7720831102504617 68
1757675756773 3.60666032509331 69
1757675756864 1.165396422801826 70
1757675756964 2.318850022620199 71
1757675757060 1.0567281642983388 72
1757675757153 1.32529620912692 73
1757675757249 0.9853433794978279 74
1757675757341 0.7646246251360846 75
1757675757437 2.0327671192428998 76
1757675757535 1.8891913889919365 77
1757675757632 2.3382889685402155 78
1757675757732 1.0086279792249047 79
1757675757830 2.2694552567280524 80
1757675757927 1.985204113096276 81
1757675758014 3.294773922133493 82
1757675758109 1.3960146837927585 83
1757675758202 1.4632919080822928 84
1757675758297 0.7841136298378122 85
1757675758392 2.121794508906632 86
1757675758490 1.0984129245091514 87
1757675758597 0.8875064449530903 88
1757675758697 2.134159600652367 89
1757675758792 0.2929775618771635 90
1757675758891 0.9739126041790577 91
1757675758989 3.902321024011539 92
1757675759108 1.6208412694690086 93
1757675759206 1.6042223242499403 94
1757675759302 2.3557908957095 95
1757675759399 0.6634627993205893 96
1757675759500 1.1647864060318913 97
1757675759594 1.3688188600410105 98
1757675759691 1.5464463841539162 99
1757675759792 1.9453346357908765 100
1757675759886 1.171513372480912 101
1757675759973 0.8052447300540087 102
1757675760066 0.2847218811330188 103
1757675760164 0.5076641314368948 104
1757675760266 1.006437097943748 105
1757675760362 0.649716438642125 106
1757675760461 0.4448554519001712 107
1757675760561 3.582701964828282 108
1757675760660 0.39533913832863604 109
1757675760755 1.4660865491306987 110
1757675760850 1.6737323701753977 111
1757675760944 1.0064572540296757 112
1757675761037 0.7141567799702923 113
1757675761137 1.1018195595403653 114
1757675761233 1.4372925814014845 115
1757675761333 1.2011368692589115 116
1757675761431 0.5748128601275474 117
1757675761532 0.8220482797634373 118
1757675761625 1.7765881102364174 119
1757675761723 2.3694403393545036 120
1757675761823 0.8258212605736008 121
1757675761923 1.2328895575894714 122
1757675762014 1.1747410990713485 123
1757675762106 1.0222809070026084 124
1757675762205 1.0479496944594613 125
1757675762300 2.212346349776026 126
1757675762392 1.158371790180787 127
1757675762490 1.129240064185649 128
1757675762593 2.7477672144560747 129
1757675762692 1.1758964488697836 130
1757675762791 0.8970599612858714 131
1757675762886 2.0243492346226764 132
1757675762985 0.8158609899666965 133
1757675763087 0.8978832889619719 134
1757675763184 0.8474380656457016 135
1757675763285 0.6392187837547455 136
1757675763375 0.797044755852165 137
1757675763470 0.5233011744216566 138
1757675763569 0.6735209153843246 139
1757675763666 2.5459683201294716 140
1757675763765 1.4225647666318135 141
1757675763864 1.5502834273673427 142
1757675763962 0.5919589552139048 143
1757675764056 1.4921457354643564 144
1757675764151 0.7757506237516598 145
1757675764252 0.8208858524230493 146
1757675764344 1.9873358214442898 147
1757675764445 0.5561866922368057 148
1757675764545 0.830917792719903 149
1757675764640 1.1258362464730882 150
1757675764733 0.5894162911219564 151
1757675764836 1.438113719039857 152
1757675764933 0.8042856803174745 153
1757675765034 1.1781509633420557 154
1757675765132 1.1128503680603083 155
1757675765235 0.6052856771828181 156
1757675765330 1.0478698483246929 157
1757675765427 2.9059624587552717 158
1757675765527 1.1278218340941542 159
1757675765629 0.8442288997540253 160
1757675765727 1.7455684991400633 161
1757675765825 0.9583871177512897 162
1757675765926 1.9870767102764266 163
1757675766021 0.935627681071212 164
1757675766114 2.0041988854394757 165
1757675766214 1.052900446909612 166
1757675766313 2.156750778283439 167
1757675766408 1.7177021192313247 168
1757675766516 2.72787122710077 169
1757675766620 0.6377822697128823 170
1757675766715 1.8876469758136936 171
1757675766814 0.5844769893434689 172
1757675766915 1.592885642863403 173
1757675767012 1.214728991919196 174
1757675767106 0.3673610603198837 175
1757675767202 0.8512718473077492 176
1757675767299 1.2173784372170113 177
1757675767398 1.282298923198486 178
1757675767499 1.0558734452754113 179
1757675767602 0.6233903103475582 180
1757675767701 1.1303671462486875 181
1757675767800 1.0922793453663986 182
1757675767899 1.7780362581792426 183
1757675767998 1.7554392244210377 184
1757675768086 1.3140349511879894 185
1757675768178 1.2212752289384505 186
1757675768273 0.39519388278736917 187
1757675768370 1.780204539066881 188
1757675768468 2.4122882576310287 189
1757675768571 1.0499657990182625 190
1757675768670 1.0447413877960425 191
1757675768768 0.9200354834634825 192
1757675768871 1.6478674177793011 193
1757675768967 0.28800962113576867 194
1757675769076 0.6066537155786476 195
1757675769180 1.0152130537506703 196
1757675769278 2.0633978687930035 197
1757675769377 1.0167865825794755 198
1757675769474 3.642085783929875 199
1757675769577 0.38044754683267834 200
1757675769673 1.441635559262237 201
1757675769770 1.1956073866350132 202
1757675769872 1.7538403230190367 203
1757675769970 0.5868291934707695 204
1757675770063 1.7174590036834885 205
1757675770163 1.4254126954723614 206
1757675770264 0.9691558138362976 207
1757675770362 0.5122752534944409 208
1757675770463 2.4136494735396488 209
1757675770563 2.9722143916824355 210
1757675770661 1.4000651250530445 211
1757675770761 0.44864241518971815 212
1757675770865 1.4737306241090198 213
1757675770965 0.849680529310152 214
1757675771064 1.1009330485302384 215
1757675771166 1.1666794598698962 216
1757675771266 0.7951972553969076 217
1757675771365 1.5723908777851312 218
1757675771464 1.241990947313371 219
1757675771568 2.133386122205657 220
1757675771675 0.7522778558142075 221
1757675771773 0.9258412895093061 222
1757675771869 4.494275271042237 223
1757675771965 1.9077585496411857 224
1757675772052 0.9745826903476982 225
1757675772139 1.2838907861456534 226
1757675772240 0.593015388026338 227
1757675772342 1.041675967873297 228
1757675772441 1.8017537778927417 229
1757675772539 0.944554133998913 230
1757675772638 0.928226501332216 231
1757675772732 0.6634417684268191 232
1757675772834 1.0426806246215727 233
1757675772934 0.8316251004195339 234
1757675773035 2.4046306864621463 235
1757675773139 1.7236142400791865 236
1757675773236 1.4496156847281931 237
1757675773337 1.5126835524451252 238
1757675773436 1.4575398122626173 239
1757675773540 2.1646597440462725 240
1757675773642 0.4351780931160474 241
1757675773738 0.5952758427140105 242
1757675773840 0.8901004285898949 243
1757675773946 0.43958267941175316 244
1757675774045 1.8215426712636837 245
1757675774136 0.8411786038328496 246
1757675774236 2.127765265364276 247
1757675774333 0.6457952481969121 248
1757675774433 1.6718787709024117 249
1757675774531 2.9319170927538427 250
1757675774632 1.427879082500949 251
1757675774731 1.6548095199609545 252
1757675774834 0.9746506644430061 253
1757675774936 0.6838625801955334 254
1757675775037 1.98096637639425 255
1757675775139 2.186136594445669 256
1757675775239 2.3720073795122993 257
1757675775343 1.4801372677958848 258
1757675775449 1.6462760071004772 259
1757675775547 0.8475844410311548 260
1757675775647 1.0803546681449843 261
1757675775744 1.7978737165597154 262
1757675775842 0.6115911146674186 263
1757675775944 1.1879022421700445 264
1757675776046 1.367560478643611 265
1757675776136 0.7735411801087617 266
1757675776235 1.0778276972659115 267
1757675776333 2.298512575438297 268
1757675776435 1.9822890040062668 269
1757675776545 3.302264552636857 270
1757675776647 1.1694042360591062 271
1757675776746 0.6564672955649088 272
1757675776843 2.4390049170618524 273
1757675776947 0.8645014738695955 274
1757675777046 1.4108227909109365 275
1757675777143 0.741011506061221 276
1757675777241 1.0710568229930626 277
1757675777343 0.48115420627648753 278
1757675777444 1.6053691484915462 279
1757675777549 0.6131296955834175 280
1757675777650 0.642726298001622 281
1757675777749 2.401473380401665 282
1757675777847 2.1446677967148275 283
1757675777947 0.9086141046241141 284
1757675778049 0.6711431269876593 285
1757675778138 0.46930397775582666 286
1757675778238 1.5490387686349996 287
1757675778333 1.5254991744546533 288
1757675778419 0.8562570448056368 289
1757675778530 1.2338112698597006 290
1757675778631 1.3448457397906868 291
1757675778735 0.6197172657712574 292
1757675778834 1.1797650204867336 293
1757675778935 0.9431090069585596 294
1757675779039 1.7180318886978174 295
1757675779147 0.5452937945030969 296
1757675779247 0.861804170409714 297
1757675779347 1.8516587702089098 298
1757675779450 0.8327346035110672 299
1757675779550 1.0299583546421605 300
1757675779654 0.6205610295536763 301
1757675779754 1.0338657104407103 302
1757675779853 1.0838134047201926 303
1757675779951 0.596379654894387 304
1757675780052 0.9307630511539314 305
1757675780147 1.5215097311615882 306
1757675780241 0.7589359428500688 307
1757675780346 0.466027044357645 308
1757675780447 0.5023950206649808 309
1757675780543 1.7960647215970595 310
1757675780645 1.1990562924081105 311
1757675780749 0.6870383301747174 312
1757675780846 1.2743734375740807 313
1757675780951 2.597069653257039 314
1757675781052 2.336355192373225 315
1757675781159 1.9677825882571236 316
1757675781262 1.0616929102847816 317
1757675781370 0.9288857128180342 318
1757675781473 1.3820732796671094 319
1757675781581 1.5622890098747497 320
1757675781681 0.8339843906677503 321
1757675781781 0.4596577799676855 322
1757675781883 2.1941780743501873 323
1757675781981 1.46213435042806 324
1757675782083 1.7243170683611202 325
1757675782174 0.32005778552578745 326
1757675782270 2.3967676196643493 327
1757675782370 1.1878755344184366 328
1757675782467 1.0577880091861387 329
1757675782569 2.0843515208246575 330
1757675782669 0.41266193922087835 331
1757675782774 0.8830702703143627 332
1757675782874 1.4234844144384846 333
1757675782973 3.5651627283568312 334
1757675783081 0.8496797954711255 335
1757675783182 0.3141212333945932 336
1757675783280 0.6335071471839967 337
1757675783383 1.9053007738048966 338
1757675783482 0.7200844410548498 339
1757675783580 0.7144511952720299 340
1757675783680 0.752292304649947 341
1757675783779 0.4232842324180942 342
1757675783882 1.3057957307780494 343
1757675783983 2.590808928001226 344
1757675784097 1.5319406224102443 345
1757675784209 1.359776054048746 346
1757675784313 0.6430968439518346 347
1757675784414 1.2094805003601714 348
1757675784514 2.0832959409012535 349
1757675784615 2.305846054242457 350
1757675784717 0.7656066979939323 351
1757675784820 1.3136366264144244 352
1757675784925 1.096557418930603 353
1757675785027 0.7379232870257298 354
1757675785131 1.6997996400774666 355
1757675785237 1.6139300571140713 356
1757675785335 1.0357890426578589 357
1757675785439 1.6946862452604663 358
1757675785542 0.8957831875760824 359
1757675785644 0.5507053753950265 360
1757675785748 1.403876756512786 361
1757675785848 0.7579225493736919 362
1757675785949 0.8688409888889846 363
1757675786051 0.6683210477436738 364
1757675786158 1.6976886861022717 365
1757675786248 1.7606413558810607 366
1757675786352 0.9605829335673306 367
1757675786457 1.5063453299136158 368
1757675786579 0.7587263209552848 369
1757675786683 1.0002313511007466 370
1757675786786 0.43721064788870967 371
1757675786890 0.938336395892187 372
1757675786992 0.8165114000345054 373
1757675787101 2.3377367655547188 374
1757675787203 0.6537953660171418 375
1757675787306 1.086237189321279 376
1757675787407 1.1869692736318802 377
1757675787512 1.2315283664150845 378
1757675787620 2.17327617306667 379
1757675787729 0.5405877719851363 380
1757675787836 1.099841570956322 381
1757675787937 0.7818540427049631 382
1757675788041 1.2669740058623622 383
1757675788142 0.6389781823635076 384
1757675788236 2.565019980777062 385
1757675788340 1.226549241828483 386
1757675788445 1.0335226479226174 387
1757675788546 0.9079967165194445 388
1757675788646 1.1686083706233394 389
1757675788749 1.396286826472138 390
1757675788852 0.7959090502455421 391
1757675788964 1.419129384105928 392
1757675789083 1.124838422735462 393
1757675789207 0.9210615539254147 394
1757675789325 1.3975069059732785 395
1757675789447 0.9242541723916126 396
1757675789566 0.6383235493897876 397
1757675789685 0.8732085390879004 398
1757675789808 0.8947906096872125 399
1757675789927 0.49153952067049267 400
1757675790048 2.4256001745657194 401
1757675790165 1.5253648851253927 402
1757675790270 2.1867467844417967 403
1757675790374 0.682215944166417 404
1757675790481 2.5688555840254077 405
1757675790615 1.8183591787137876 406
1757675790722 0.7619060952866402 407
1757675790825 0.8184427018561405 408
1757675790934 0.9351292201584719 409
1757675791039 0.9814358185694 410
1757675791144 0.9409458737243255 411
1757675791244 0.9128469548485921 412
1757675791353 1.24254328524763 413
1757675791461 0.3709877945019171 414
1757675791574 0.7669977622023115 415
1757675791682 2.041257484862195 416
1757675791783 0.98361513057558 417
1757675791885 1.4705442770458834 418
1757675791990 1.1534637766355655 419
1757675792101 0.6283392434234272 420
1757675792214 1.9191305100369693 421
1757675792309 0.8050232261613749 422
1757675792414 1.6435268278167605 423
1757675792519 1.6193793953542415 424
1757675792628 1.4088656260180528 425
1757675792736 1.7014017320700106 426
1757675792839 1.8583138013992933 427
1757675792942 1.230377496741537 428
1757675793047 1.645974298862657 429
1757675793155 2.264800128866713 430
1757675793257 1.1177061738981307 431
1757675793369 1.4403240619988678 432
1757675793478 0.8902765782079362 433
1757675793583 1.092243440049474 434
1757675793684 2.5612039266141235 435
1757675793789 2.256341539292038 436
1757675793897 1.0341859705584953 437
1757675794006 1.3224710255169552 438
1757675794112 0.5331485257158348 439
1757675794216 1.7437658082521226 440
1757675794311 1.0452123105075508 441
1757675794413 0.40430870292011123 442
1757675794515 0.6060940995030983 443
1757675794620 0.528256020812123 444
1757675794729 0.5024847274370332 445
1757675794837 2.3057558281553914 446
1757675794944 1.3677678600532348 447
1757675795048 0.7113810407117596 448
1757675795155 0.691253704386426 449
1757675795268 0.6382931541153556 450
1757675795375 0.3843346327144822 451
1757675795519 0.7714204097908128 452
1757675795636 1.0582060795519164 453
1757675795740 0.8815400807146594 454
1757675795846 1.396021140859151 455
1757675795950 1.0842309568545314 456
1757675796056 1.719653922039535 457
1757675796186 0.9617174771437933 458
1757675796296 1.3234512973021566 459
1757675796405 1.1270443898222429 460
1757675796520 0.6619958210054657 461
1757675796632 0.8407452437783766 462
1757675796744 0.8566984262428805 463
1757675796849 1.427938143570256 464
1757675796953 0.8509178129930701 465
1757675797060 0.6504363730625464 466
1757675797170 1.1213865757641275 467
1757675797279 0.5324651199367442 468
1757675797385 1.5523827838885436 469
1757675797506 1.043800902988589 470
1757675797617 2.032152775249797 471
1757675797736 0.8262403343604878 472
1757675797848 1.2892940625116514 473
1757675797949 0.5686477342307292 474
1757675798054 0.8972863927240045 475
1757675798164 3.6623069045379 476
1757675798274 0.9136092823023878 477
1757675798375 0.8241984254656077 478
1757675798482 1.9337792303134782 479
1757675798592 1.2308063572920043 480
1757675798699 1.1759550654860327 481
1757675798808 1.1910378658286438 482
1757675798912 1.866147917279481 483
1757675799011 0.9421827491075703 484
1757675799131 0.7123684978110144 485
1757675799242 3.1602356302461105 486
1757675799347 0.5396978224199561 487
1757675799449 1.142314585545605 488
1757675799560 2.5628654163109985 489
1757675799669 1.1461049099821135 490
1757675799777 1.0165249716602982 491
1757675799883 0.8884788598280351 492
1757675799990 0.5711067606988655 493
1757675800097 0.503067756474537 494
1757675800205 1.0599001889417883 495
1757675800309 1.6158416402027544 496
1757675800455 0.7859891966243819 497
1757675800580 1.1684114256966047 498
1757675800701 1.106377716488217 499
