1757654996863 38.26581777682351 0
1757654996946 10.415137923971049 1
1757654997029 3.8913300419105323 2
1757654997111 1.8357606781475322 3
1757654997195 1.9536087881163107 4
1757654997282 1.1954258695754183 5
1757654997353 1.074585170569543 6
1757654997441 1.1351197487440834 7
1757654997523 1.2108227714033084 8
1757654997596 1.1280715354460913 9
1757654997663 1.8365997436060404 10
1757654997743 0.8900100442161614 11
1757654997826 1.3779773638545176 12
1757654997908 2.1933500728199404 13
1757654997992 1.8040958599138066 14
1757654998071 0.8914288777111254 15
1757654998198 1.2244763727866859 16
1757654998300 1.000380524685822 17
1757654998422 2.0087908190062063 18
1757654998529 0.7989088709917903 19
1757654998644 1.7990408552636012 20
1757654998730 2.2053678031851778 21
1757654998825 1.2742634057176232 22
1757654998912 1.007504845139834 23
1757654998992 1.0511613579647279 24
1757654999076 1.5459411841741373 25
1757654999157 1.0183199159591236 26
1757654999243 0.9396469006503475 27
1757654999330 1.416290384164442 28
1757654999412 0.8709841421671491 29
1757654999497 1.1414088394820912 30
1757654999578 1.328971264796459 31
1757654999660 0.9517501740613048 32
1757654999738 1.1254289018958357 33
1757654999814 0.8789725153463093 34
1757654999897 1.2465577364522058 35
1757654999979 1.1189443725004784 36
1757655000063 0.7609464786757725 37
1757655000148 1.850420208696528 38
1757655000231 0.6941397156152058 39
1757655000314 2.6012771001768358 40
1757655000401 1.2839952566637545 41
1757655000487 1.8474833510959665 42
1757655000569 0.9317413828025722 43
1757655000670 1.3169950895055926 44
1757655000755 1.3440782290458697 45
1757655000838 0.8878513926108578 46
1757655000921 0.3911744965380597 47
1757655001010 1.614288439082716 48
1757655001090 2.1329573061703044 49
1757655001176 1.09124715668824 50
1757655001260 0.5687709336555478 51
1757655001343 2.433869849576001 52
1757655001423 0.35637672853177027 53
1757655001509 2.2088053425431173 54
1757655001591 2.5207640974806607 55
1757655001677 1.5488569882117444 56
1757655001758 0.6817299537542013 57
1757655001839 1.5663488520417723 58
1757655001925 2.678107203063968 59
1757655002008 1.2151887163471409 60
1757655002091 1.2597867662454643 61
1757655002173 0.9989898421694385 62
1757655002254 1.4418845911448972 63
1757655002342 0.9446884695315774 64
1757655002429 1.7208003683374888 65
1757655002509 0.7775086168185925 66
1757655002590 1.704611895004629 67
1757655002680 1.2710119184385997 68
1757655002762 1.9879133431228877 69
1757655002845 2.643708270988843 70
1757655002927 0.832344368847127 71
1757655003015 1.6456982269255995 72
1757655003101 2.11207783288625 73
1757655003184 2.0031943923901103 74
1757655003264 0.7019517599545602 75
1757655003349 0.7453526971293575 76
1757655003434 1.151034328703836 77
1757655003519 0.8693977112164526 78
1757655003602 2.034605610480097 79
1757655003690 2.1240299307303605 80
1757655003773 0.5004664749574461 81
1757655003850 1.6923609675552234 82
1757655003933 1.6872105858377486 83
1757655004013 0.5394410807769129 84
1757655004099 1.0404226248626829 85
1757655004186 1.2525376525978338 86
1757655004271 1.9123813164544174 87
1757655004355 1.1515115982129327 88
1757655004437 1.8890801553740928 89
1757655004518 1.0581314200086387 90
1757655004607 2.051911618227792 91
1757655004690 0.8400555800232716 92
1757655004773 0.768158702174107 93
1757655004858 1.444844666876162 94
1757655004944 1.8210611292279615 95
1757655005038 1.1968285578965228 96
1757655005123 1.2634553414437 97
1757655005210 0.910978606571902 98
1757655005301 1.2100393977882709 99
1757655005386 2.4336365940133144 100
1757655005479 0.5601420175555571 101
1757655005564 1.6387290606668659 102
1757655005655 1.162800860309206 103
1757655005744 0.8032177754117059 104
1757655005820 1.2064250289803475 105
1757655005906 0.9615462415008362 106
1757655005988 1.3961733636600049 107
1757655006070 1.2635113799097044 108
1757655006156 11.982305167178724 109
1757655006235 0.8128572260368917 110
1757655006320 0.7556567492735631 111
1757655006404 2.065445518707644 112
1757655006491 0.5653221165009434 113
1757655006578 1.2709829220540432 114
1757655006660 0.6916526522679312 115
1757655006743 1.4261064413037194 116
1757655006830 1.4037339907429933 117
1757655006913 2.182715460670736 118
1757655006996 1.1361404449519261 119
1757655007079 1.3622562299713579 120
1757655007163 0.7875052415307373 121
1757655007249 1.7605553997458043 122
1757655007334 0.86221925784895 123
1757655007418 0.5035136121883936 124
1757655007504 1.141952267870093 125
1757655007587 1.1664066851988213 126
1757655007673 1.920102072230496 127
1757655007757 1.3667218001862307 128
1757655007832 1.5192982596482343 129
1757655007919 1.63515772067504 130
1757655008005 1.9363224810395603 131
1757655008093 1.3813448367095886 132
1757655008176 0.9269642542990908 133
1757655008258 1.343635768777664 134
