1757662794168 6.516951102946542 0
1757662794309 0.7153838008775691 1
1757662794460 0.0020941163909584215 2
1757662794597 0.8194475562332029 3
1757662794733 5.96890435130208 4
1757662794871 1.1717032992297682 5
1757662795002 0.9199192309716036 6
1757662795141 0.06288118500623495 7
1757662795273 5.445639331905439 8
1757662795414 0.9079868503300392 9
1757662795552 0.880646221079634 10
1757662795697 2.9089493151271184 11
1757662795831 2.717886507485021 12
1757662795974 0.15273823376255735 13
1757662796108 3.911929833347652 14
1757662796246 10.470506739141499 15
1757662796384 1.033468990164645 16
1757662796514 4.031903131469173 17
1757662796651 7.31113113007604 18
1757662796779 0.06774085763576908 19
1757662796916 0.031676764802524335 20
1757662797048 1.6285329431815978 21
1757662797188 0.9504022548007189 22
1757662797317 0.004899974721295814 23
1757662797459 1.450783923152273 24
1757662797591 0.052259685570306 25
1757662797725 0.0027258215932496736 26
1757662797855 1.8303795474059092 27
1757662797987 1.8160504070588708 28
1757662798113 1.7563700643947673 29
1757662798244 4.746741483571628 30
1757662798374 0.3040190586971161 31
1757662798502 5.899019433986512 32
1757662798627 0.04404198679125031 33
1757662798755 0.6790758789285151 34
1757662798881 0.003128859277629007 35
1757662799007 8.079022142821353 36
1757662799134 1.124010771320475 37
1757662799261 2.0378830758328617 38
1757662799389 0.26407565888977197 39
1757662799513 2.7975410042239233 40
1757662799640 4.056558166571047 41
1757662799768 0.01257166229670642 42
1757662799895 0.2256631869482619 43
1757662800023 0.08718642497973395 44
1757662800152 0.009045645933441747 45
1757662800279 0.014471828829267404 46
1757662800416 0.05007543622007239 47
1757662800544 2.088780907628077 48
1757662800678 4.032010674686649 49
1757662800803 1.2915099099093634 50
1757662800936 4.01212760263786 51
1757662801073 0.0008054595932972742 52
1757662801214 2.5936039674659264 53
1757662801350 1.7271444932232791 54
1757662801488 21.188863670567077 55
1757662801622 2.2120439554402407 56
1757662801759 2.356180003974869 57
1757662801892 2.3152683527780695 58
1757662802023 0.13991435928778562 59
1757662802157 0.16662034645070928 60
1757662802287 0.7079405290065894 61
1757662802426 6.862804317799555 62
1757662802557 0.12854255353285973 63
1757662802695 0.2000348062880315 64
1757662802823 1.2265754671539646 65
1757662802963 0.8357401637888001 66
1757662803093 0.016528426634886087 67
1757662803236 5.073601245219661 68
1757662803372 1.1338371863085939 69
1757662803510 2.622691190340351 70
1757662803654 1.9200858052848748 71
1757662803790 0.29967513283869956 72
1757662803930 0.8513460650701586 73
1757662804065 1.9848583466312943 74
1757662804207 5.233378246555911 75
1757662804339 2.4333847937385107 76
1757662804482 1.631036871135415 77
1757662804615 0.011886675026811304 78
1757662804758 0.4937752086647902 79
1757662804892 6.0870043948265815 80
1757662805028 0.34747155501395544 81
1757662805163 13.899247852674932 82
1757662805297 0.6521667686091589 83
1757662805438 0.017858242881630963 84
1757662805572 0.936744029314965 85
1757662805721 2.30438718525186 86
1757662805854 1.6909234684437306 87
1757662806004 1.1454489860448294 88
1757662806141 9.022341751916981 89
1757662806284 4.968787375055913e-05 90
1757662806421 3.4167963607377456 91
1757662806557 0.1192635953882417 92
1757662806696 0.014943238232743204 93
1757662806829 2.737242854409156 94
1757662806969 0.04323163768305792 95
1757662807100 9.933300390265758 96
1757662807241 6.918740561148577 97
1757662807371 0.555941982133688 98
1757662807511 1.879187174599763 99
1757662807665 0.33239411833274746 100
1757662807827 6.588683590482761 101
1757662807969 0.01991518148782431 102
1757662808105 0.011671802067951341 103
1757662808248 0.2242662522251457 104
1757662808379 1.4300574044020338 105
1757662808521 0.46525541200416093 106
1757662808653 0.07144839251895091 107
1757662808788 3.5979122725761434 108
1757662808917 0.2229246097045782 109
1757662809049 5.412755224237387 110
1757662809179 1.1576770263359508 111
1757662809309 0.4890661537695275 112
1757662809440 0.6028616412474481 113
1757662809568 0.6227785278657632 114
1757662809701 0.30042378103247336 115
1757662809828 3.2975898796001473 116
1757662809961 0.5596289095000404 117
1757662810088 0.6367761783829208 118
1757662810221 3.2630173167274146 119
1757662810348 2.4385610243689455 120
1757662810482 0.10693561756766042 121
1757662810607 0.5643158134651955 122
1757662810741 0.7508623486813657 123
1757662810867 0.4580927436259358 124
1757662811006 0.16041019105870635 125
1757662811137 2.3707563417999244 126
1757662811284 9.350574343921984 127
1757662811425 0.6261031285291492 128
1757662811563 0.0035278289572030276 129
1757662811703 0.6541233970945591 130
1757662811835 2.3417710716453644 131
1757662811973 10.194685712062075 132
1757662812106 0.2938813406495691 133
1757662812245 4.585953338594209 134
1757662812379 2.2494543716161157 135
1757662812523 0.7336226659913427 136
1757662812661 2.4048606779808765 137
1757662812802 8.051006766834638 138
1757662812941 0.7037312381684357 139
1757662813077 7.219154406740643 140
1757662813214 1.1925543598969934 141
1757662813349 1.7475495094517217 142
1757662813490 0.21043779053486264 143
1757662813625 1.4534436831422641 144
1757662813772 0.3411270152377346 145
1757662813908 0.0014738531609108563 146
1757662814051 4.052032136428543 147
1757662814190 0.045221654912771136 148
1757662814331 1.9306313233430519 149
1757662814470 0.0008906145541452847 150
1757662814606 0.03790343354409866 151
1757662814751 0.005597927861333574 152
1757662814884 1.533277615737194 153
1757662815030 4.591068927011099 154
1757662815165 2.430800247744866 155
1757662815308 0.6138323707549544 156
1757662815445 0.37132889799623714 157
1757662815584 0.041825320881732624 158
1757662815727 3.1673693225301536 159
1757662815863 0.21379289310207145 160
1757662816014 2.3292751664569726 161
1757662816153 7.202477539147722 162
1757662816301 0.38695872407027954 163
1757662816441 0.0959804127143188 164
1757662816578 1.2791819401098912 165
1757662816713 0.8401191843391018 166
1757662816849 0.8719348047333513 167
1757662816988 4.437935047044203 168
1757662817121 3.165254986043604 169
1757662817260 1.1059671662027977 170
1757662817391 0.7008688612294276 171
1757662817530 4.212036490878089 172
1757662817660 0.28972020972025153 173
1757662817803 0.45291111017878494 174
1757662817933 0.009771375483877898 175
1757662818070 3.0482719275740906 176
1757662818201 2.469143830859426 177
1757662818336 0.023276761031309552 178
1757662818467 0.15539738924367866 179
1757662818609 0.3849791461682781 180
1757662818744 2.672405880012709 181
1757662818875 1.2705040985871894 182
1757662819012 2.2605388595150155 183
1757662819141 3.32690279354566 184
1757662819276 0.8288995543032313 185
1757662819404 1.686345059937847 186
1757662819542 0.2578486486712955 187
1757662819675 2.063029817457653 188
1757662819816 1.5324565606413658 189
1757662819947 0.742550769315453 190
1757662820084 0.31606925896388594 191
1757662820216 0.04868321448908814 192
1757662820348 0.7057873940898308 193
1757662820479 4.12602653570403 194
1757662820610 0.8213736955003839 195
1757662820742 0.038828628624183445 196
1757662820872 0.817392678024952 197
1757662821011 0.23395050808216758 198
1757662821143 0.30211068002375285 199
1757662821284 0.7038144592319977 200
1757662821417 0.38948532312398715 201
1757662821563 2.7502767890327653 202
1757662821699 2.986244417000354 203
1757662821841 1.3188405737136828 204
1757662821978 0.4757829015652065 205
1757662822116 0.007047993618159615 206
1757662822252 1.1094005639085327 207
1757662822387 0.04473667794338978 208
1757662822528 1.6297241122353998 209
1757662822668 4.497346823727225 210
1757662822816 5.993976279360454 211
1757662822951 2.177856396878915 212
1757662823097 0.2209138156285469 213
1757662823236 1.1534375912577362 214
1757662823375 0.04497790322644623 215
1757662823514 0.020709485940293718 216
1757662823652 1.5764003502839783 217
1757662823800 1.7536631018183104 218
1757662823941 0.1541033063459201 219
1757662824090 0.1312150711468495 220
1757662824231 0.016203676546250618 221
1757662824375 0.32068884623703514 222
1757662824514 1.5629132067476177 223
1757662824652 4.057214324358513 224
1757662824795 0.4991082503496528 225
1757662824932 1.177461426784595 226
1757662825081 2.171201295759357 227
1757662825251 0.008025050505455914 228
1757662825393 0.023064982583734493 229
1757662825538 0.15540024035541408 230
1757662825678 0.4188620943150214 231
1757662825828 2.7637067701901934 232
1757662825968 0.08680914363178756 233
1757662826128 0.8509083014282212 234
1757662826279 1.1637605716168533 235
1757662826421 0.250358454129499 236
1757662826567 2.3576183165484172 237
1757662826702 0.2998147444968196 238
1757662826847 0.0024112351177326395 239
1757662826984 0.03800352938831599 240
1757662827126 5.59339187363003 241
1757662827264 0.842948422243676 242
1757662827401 1.1721726695001633 243
1757662827543 0.058637104949786654 244
1757662827677 9.961142680538506 245
1757662827822 5.2434599251710985 246
1757662827955 4.291814496277099 247
1757662828099 8.959629249313496 248
1757662828230 2.4953088476120193 249
1757662828371 13.992795765033684 250
1757662828504 1.6214751137218437 251
1757662828641 0.20775694568479225 252
1757662828774 0.0003631607786397104 253
1757662828905 5.189112859815858 254
1757662829038 0.8615950972794554 255
1757662829172 20.252191400713766 256
1757662829309 3.875447430504009 257
1757662829442 8.035180485755209 258
1757662829586 1.8371050120990675 259
1757662829716 1.2474509888627183 260
1757662829866 0.049074451260061484 261
1757662829998 4.787054215016474 262
1757662830138 1.0895938598531232 263
1757662830269 2.03195480153847 264
1757662830403 2.122136650793469 265
1757662830534 0.1336065138696999 266
1757662830667 1.0815319635593448 267
1757662830801 0.20595512804369226 268
1757662830931 1.1186461032099393 269
1757662831072 1.2257611140339513 270
1757662831208 1.7774489134344442 271
1757662831354 2.8335718248614143 272
1757662831488 0.5802985756974232 273
1757662831633 0.4222274869869878 274
1757662831771 8.661181573576577 275
1757662831912 0.003175609262527508 276
1757662832050 2.364132223764649 277
1757662832188 1.0022738546144836 278
1757662832329 0.009101290947698557 279
1757662832466 9.761555866186312 280
1757662832614 5.064726077967148 281
1757662832749 0.0038193157433503316 282
1757662832895 1.1947769461355906 283
1757662833031 0.00016715856732127816 284
1757662833172 1.2907002104489183 285
1757662833316 3.318337928677603 286
1757662833452 0.3172338498052934 287
1757662833599 0.06887668548449193 288
1757662833743 0.040734218103279575 289
1757662833893 0.07321382615192325 290
1757662834034 0.0025214886007169438 291
1757662834177 0.019993825284199924 292
1757662834318 0.5450170828403852 293
1757662834456 0.0011308544733912578 294
1757662834601 1.5402784675465242 295
1757662834738 0.13104331469791333 296
1757662834889 30.725274819443996 297
1757662835028 0.21695778311642958 298
1757662835172 0.5909695159139281 299
1757662835313 1.950301067862059 300
1757662835452 18.449424232334522 301
1757662835600 0.02625435892377922 302
1757662835742 0.5885290415965237 303
1757662835893 0.04194016744307878 304
1757662836048 5.257170099220254 305
1757662836202 0.8392473837491039 306
1757662836347 2.004624671272568 307
1757662836484 0.2811260733320967 308
1757662836633 1.0557972700037983 309
1757662836770 3.4303399445389395 310
1757662836917 1.4407719618916819 311
1757662837059 0.8852562346968446 312
1757662837199 1.0912701909525986 313
