1757654831210 158.2664388518325 0
1757654831297 147.0082977856971 1
1757654831383 132.30798033221356 2
1757654831465 127.1939848849598 3
1757654831550 112.35201017785478 4
1757654831637 103.57757999287453 5
1757654831726 99.45739196737688 6
1757654831808 91.72427756140175 7
1757654831892 90.89932174150732 8
1757654831969 83.50829263865589 9
1757654832049 76.07503821004512 10
1757654832129 71.48517510380915 11
1757654832216 70.6389857271048 12
1757654832305 65.18595605265448 13
1757654832397 54.483687290851385 14
1757654832484 55.15789406281614 15
1757654832576 49.33030581068165 16
1757654832661 47.579237202967875 17
1757654832754 44.604505294493066 18
1757654832838 43.82300494208924 19
1757654832926 38.544275704616574 20
1757654833010 33.108463440560506 21
1757654833092 32.46340414303462 22
1757654833176 31.677970903803658 23
1757654833260 28.459941584792006 24
1757654833354 27.71963550926014 25
1757654833441 25.179088542978825 26
1757654833521 21.79328999992423 27
1757654833596 20.58505903188025 28
1757654833692 19.17365382473841 29
1757654833780 17.54248085616709 30
1757654833859 17.009856583876687 31
1757654833942 15.39237253015128 32
1757654834018 14.202688041929228 33
1757654834100 17.60133233682106 34
1757654834184 14.199721160590402 35
1757654834274 12.436745747374578 36
1757654834358 13.5712515208199 37
1757654834444 10.781091316573338 38
1757654834538 12.563827851032158 39
1757654834636 12.019322744375657 40
1757654834742 10.171146614334653 41
1757654834847 7.142823684101315 42
1757654834947 9.30211114960761 43
1757654835045 9.453025946801775 44
1757654835138 8.923452983144587 45
1757654835225 7.425968686050561 46
1757654835306 6.841438479793338 47
1757654835394 6.715454358431553 48
1757654835484 6.470630583440563 49
1757654835575 6.286444629351748 50
1757654835670 4.631439767428515 51
1757654835762 5.407439773955234 52
1757654835853 6.082551543162752 53
1757654835941 4.009324184095575 54
1757654836023 4.730337569170642 55
1757654836109 4.025991114250466 56
1757654836193 3.632125273397137 57
1757654836280 4.561354232733732 58
1757654836368 3.4416264184586534 59
1757654836451 2.194091934382752 60
1757654836538 3.8684698850786274 61
1757654836623 5.016273527108451 62
1757654836710 2.412195206156884 63
1757654836798 3.676822393922144 64
1757654836886 2.3528713292766548 65
1757654836972 2.2876141608656075 66
1757654837067 2.021234394520609 67
1757654837154 3.1696661175785525 68
1757654837241 1.7932386463407288 69
1757654837328 1.70155791309255 70
1757654837414 1.6580698998743093 71
1757654837506 2.563595568369063 72
1757654837593 1.9984482713901903 73
1757654837680 2.154359660437958 74
1757654837768 1.6711885179941202 75
1757654837857 1.4862826456161027 76
1757654837947 2.6349961819379866 77
1757654838025 1.8510722261727248 78
1757654838106 2.6540011592039527 79
1757654838197 4.097343359486395 80
1757654838287 1.4095451415855063 81
1757654838376 2.278259357838236 82
1757654838461 2.2071590507443624 83
1757654838554 1.5461478012639756 84
1757654838647 2.3713694450813496 85
1757654838732 0.8784983730295902 86
1757654838817 1.3144292907983897 87
1757654838901 1.457193921466052 88
1757654838990 2.628335495383784 89
1757654839078 1.6895531163066337 90
1757654839180 1.828348088423664 91
1757654839287 1.4337655698837848 92
1757654839387 2.325190377314484 93
1757654839482 1.0566292206572838 94
1757654839573 0.5673317793896177 95
1757654839667 1.156310716548687 96
1757654839762 2.5804149830552525 97
1757654839853 1.2692977706362303 98
1757654839940 0.3899747972332913 99
1757654840021 2.764336828037767 100
1757654840103 1.1147756852941253 101
1757654840191 1.2667202468645715 102
1757654840279 1.2158496464800421 103
1757654840372 2.15601402379096 104
1757654840466 1.361698698651452 105
1757654840554 1.3354505698054806 106
1757654840647 1.2126796190051683 107
1757654840736 1.7217182275832308 108
1757654840824 0.5078694035049215 109
1757654840915 1.526383868516317 110
1757654841015 2.08557116209836 111
1757654841109 1.4315226259893374 112
1757654841200 1.507600866650424 113
1757654841292 0.7088078382171413 114
1757654841380 0.6458923393671161 115
1757654841477 0.7140015984436734 116
1757654841570 1.0973019046689227 117
1757654841659 2.444037181724564 118
1757654841753 0.7472043555657532 119
1757654841845 0.674685519640837 120
1757654841937 0.9546741583747012 121
1757654842027 0.6825760421142926 122
1757654842114 1.0386676078467605 123
1757654842201 1.330693502911904 124
1757654842288 1.3317454181465522 125
1757654842383 0.6894677878692249 126
1757654842472 1.0922569547960401 127
1757654842562 2.3066454529136062 128
1757654842651 3.1961846360627777 129
1757654842742 0.8468493692957209 130
1757654842837 0.6853818469198509 131
1757654842931 1.5397723497370117 132
1757654843026 0.9467552753192 133
1757654843119 1.0337480799900514 134
1757654843204 1.7464276917579453 135
1757654843296 1.1083617919483815 136
1757654843387 0.9479718858143887 137
1757654843481 1.5882597228405073 138
1757654843574 1.1357445718444366 139
1757654843664 1.3588364856874815 140
1757654843753 1.3921435086623546 141
1757654843841 1.674415771446953 142
1757654843933 1.1000474820276498 143
1757654844013 1.4756474824875865 144
1757654844085 0.4527796931773771 145
1757654844167 0.782770954068433 146
1757654844249 1.6211073126927154 147
1757654844330 1.137239900337136 148
1757654844417 0.751748129883105 149
1757654844505 2.147580529713765 150
1757654844605 0.7993793788185846 151
1757654844708 0.4403564364304394 152
1757654844799 1.3169296622426014 153
1757654844890 1.8030791760788827 154
1757654844973 0.580731538665098 155
1757654845055 1.4729479029680979 156
1757654845137 1.7258297239265097 157
1757654845220 0.6666572852115542 158
1757654845310 0.7083687534888972 159
1757654845398 0.9624983221560103 160
1757654845485 2.813691601402483 161
1757654845569 0.8215983773769042 162
1757654845655 2.0613327719273986 163
1757654845741 0.5350749363990455 164
1757654845830 1.2590700641327588 165
1757654845925 0.8199132134436059 166
1757654846013 1.10623683303489 167
1757654846093 1.1309228108009735 168
1757654846174 1.0541348335127712 169
1757654846260 0.9926061481057772 170
1757654846349 2.0154495466914044 171
1757654846436 0.8340075542949112 172
1757654846525 1.6115843184695018 173
1757654846614 1.086639968085437 174
1757654846700 0.8594417223182861 175
1757654846791 0.8109211430682053 176
1757654846946 0.6046640878918335 177
1757654847083 1.478381848969555 178
1757654847217 1.1964014219758528 179
1757654847357 1.5336651821581602 180
1757654847484 1.082798720485157 181
1757654847598 1.8744693977235625 182
1757654847711 1.2857139921142746 183
