1757453061168 169.25981117781285 0
1757453061238 169.11054577702782 1
1757453061300 168.98343911668906 2
1757453061366 168.85642037979318 3
1757453061421 168.72949785658219 4
1757453061473 168.60267147101172 5
1757453061534 168.47594115026303 6
1757453061598 168.34930682157133 7
1757453061664 168.2227684122269 8
1757453061734 168.0963258495751 9
1757453061807 167.96997906101632 10
1757453061883 167.84372797400601 11
1757453061958 167.71757251605445 12
1757453062036 167.591512614727 13
1757453062112 167.4655481976437 14
1757453062190 167.3396791924795 15
1757453062270 167.21390552696417 16
1757453062346 167.08822712888215 17
1757453062458 166.96264392607264 18
1757453062540 166.83715584642943 19
1757453062614 166.711762817901 20
1757453062684 166.58646476849032 21
1757453062757 166.46126162625504 22
1757453062829 166.33615331930713 23
1757453062903 166.21113977581314 24
1757453062981 166.08622092399395 25
1757453063074 165.96139669212488 26
1757453063136 165.83666700853547 27
1757453063209 165.71203180160973 28
1757453063276 165.5874909997857 29
1757453063348 165.4630445315558 30
1757453063420 165.3386923254665 31
1757453063487 165.2144343101184 32
1757453063554 165.0902704141663 33
1757453063626 164.96620056631897 34
1757453063699 164.84222469533907 35
1757453063772 164.71834273004336 36
1757453063847 164.59455459930254 37
1757453063922 164.47086023204102 38
1757453063999 164.3472595572372 39
1757453064076 164.22375250392327 40
1757453064155 164.10033900118503 41
1757453064236 163.97701897816216 42
1757453064316 163.85379236404796 43
1757453064391 163.73065908808928 44
1757453064465 163.60761907958673 45
1757453064539 163.4846722678943 46
1757453064616 163.3618185824196 47
1757453064695 163.23905795262363 48
1757453064769 163.11639030802093 49
1757453064842 162.99381557817935 50
1757453064918 162.87133369272007 51
1757453064995 162.74894458131763 52
1757453065070 162.62664817369986 53
1757453065141 162.50444439964778 54
1757453065215 162.38233318899552 55
1757453065282 162.26031447163052 56
1757453065355 162.1383881774932 57
1757453065428 162.01655423657712 58
1757453065505 161.89481257892876 59
1757453065583 161.77316313464775 60
1757453065660 161.65160583388655 61
1757453065737 161.53014060685058 62
1757453065812 161.40876738379808 63
1757453065891 161.28748609504012 64
1757453065965 161.1662966709406 65
1757453066041 161.04519904191613 66
1757453066114 160.92419313843604 67
1757453066187 160.80327889102236 68
1757453066258 160.68245623024967 69
1757453066334 160.56172508674516 70
1757453066410 160.4410853911886 71
1757453066484 160.32053707431234 72
1757453066559 160.20008006690097 73
1757453066632 160.0797142997917 74
1757453066706 159.9594397038741 75
1757453066781 159.83925621009004 76
1757453066854 159.7191637494337 77
1757453066929 159.5991622529516 78
1757453067005 159.47925165174237 79
1757453067080 159.359431876957 80
1757453067158 159.23970285979837 81
1757453067236 159.1200645315218 82
1757453067308 159.0005168234344 83
1757453067375 158.88105966689545 84
1757453067444 158.7616929933162 85
1757453067521 158.64241673415984 86
1757453067597 158.5232308209415 87
1757453067677 158.40413518522814 88
1757453067750 158.2851297586386 89
1757453067824 158.16621447284348 90
1757453067900 158.04738925956514 91
1757453067977 157.9286540505777 92
1757453068053 157.81000877770688 93
1757453068128 157.69145337283013 94
1757453068207 157.57298776787644 95
1757453068282 157.45461189482643 96
1757453068358 157.33632568571207 97
1757453068435 157.21812907261702 98
1757453068514 157.10002198767629 99
1757453068592 156.98200436307627 100
1757453068668 156.86407613105473 101
1757453068746 156.74623722390083 102
1757453068824 156.62848757395494 103
1757453068901 156.51082711360874 104
1757453068977 156.39325577530505 105
1757453069057 156.2757734915379 106
1757453069133 156.15838019485247 107
1757453069210 156.04107581784504 108
1757453069294 155.9238602931629 109
1757453069361 155.80673355350436 110
1757453069429 155.68969553161875 111
1757453069500 155.5727461603063 112
1757453069564 155.4558853724182 113
1757453069635 155.33911310085642 114
1757453069711 155.2224292785738 115
1757453069784 155.10583383857397 116
1757453069862 154.9893267139113 117
1757453069942 154.87290783769086 118
1757453070020 154.75657714306837 119
1757453070099 154.6403345632502 120
1757453070178 154.52418003149336 121
1757453070257 154.4081134811054 122
1757453070334 154.29213484544428 123
1757453070416 154.17624405791852 124
1757453070493 154.06044105198717 125
1757453070573 153.9447257611595 126
1757453070650 153.8290981189953 127
1757453070726 153.71355805910454 128
1757453070805 153.59810551514767 129
1757453070882 153.48274042083514 130
1757453070960 153.36746270992785 131
1757453071050 153.25227231623674 132
1757453071124 153.1371691736229 133
1757453071204 153.02215321599758 134
1757453071288 152.90722437732197 135
1757453071353 152.79238259160743 136
1757453071410 152.67762779291516 137
1757453071482 152.56295991535643 138
1757453071556 152.44837889309233 139
1757453071634 152.33388466033387 140
1757453071711 152.21947715134186 141
1757453071785 152.10515630042693 142
1757453071862 151.99092204194943 143
1757453071938 151.87677431031946 144
1757453072017 151.7627130399968 145
1757453072097 151.6487381654909 146
1757453072177 151.53484962136076 147
1757453072256 151.42104734221493 148
1757453072334 151.30733126271159 149
1757453072407 151.19370131755835 150
1757453072486 151.08015744151228 151
1757453072564 150.9666995693799 152
1757453072644 150.853327636017 153
1757453072724 150.74004157632888 154
1757453072802 150.62684132527008 155
1757453072881 150.5137268178443 156
1757453072960 150.40069798910463 157
1757453073039 150.28775477415329 158
1757453073121 150.1748971081416 159
1757453073200 150.06212492627014 160
1757453073280 149.94943816378844 161
1757453073359 149.83683675599517 162
1757453073430 149.72432063823788 163
1757453073502 149.61188974591326 164
1757453073572 149.49954401446678 165
1757453073647 149.38728337939293 166
1757453073721 149.27510777623496 167
1757453073797 149.16301714058503 168
1757453073874 149.05101140808404 169
1757453073950 148.9390905144216 170
1757453074023 148.82725439533613 171
1757453074103 148.71550298661464 172
1757453074177 148.60383622409284 173
1757453074249 148.49225404365498 174
1757453074329 148.38075638123394 175
1757453074410 148.2693431728111 176
1757453074485 148.15801435441625 177
1757453074564 148.04676986212775 178
1757453074642 147.93560963207236 179
1757453074719 147.8245336004252 180
1757453074794 147.71354170340976 181
1757453074869 147.60263387729773 182
1757453074951 147.49181005840921 183
1757453075030 147.3810701831125 184
1757453075109 147.270414187824 185
1757453075187 147.15984200900843 186
1757453075265 147.0493535831785 187
1757453075345 146.93894884689507 188
1757453075418 146.82862773676706 189
1757453075490 146.71839018945136 190
1757453075563 146.6082361416529 191
1757453075641 146.49816553012454 192
1757453075720 146.38817829166697 193
1757453075795 146.27827436312884 194
1757453075876 146.16845368140662 195
1757453075956 146.05871618344455 196
1757453076034 145.94906180623465 197
1757453076111 145.83949048681666 198
1757453076193 145.730002162278 199
1757453076271 145.62059676975375 200
1757453076344 145.51127424642664 201
1757453076423 145.4020345295269 202
1757453076502 145.2928775563324 203
1757453076580 145.1838032641685 204
1757453076657 145.07481159040796 205
1757453076734 144.96590247247104 206
1757453076813 144.85707584782537 207
1757453076890 144.748331653986 208
1757453076968 144.63966982851528 209
1757453077050 144.53109030902277 210
1757453077128 144.4225930331655 211
1757453077208 144.31417793864748 212
1757453077288 144.20584496322004 213
1757453077366 144.09759404468164 214
1757453077440 143.98942512087785 215
1757453077510 143.8813381297013 216
1757453077580 143.77333300909171 217
1757453077657 143.66540969703578 218
1757453077731 143.55756813156717 219
1757453077806 143.4498082507665 220
1757453077884 143.34212999276124 221
1757453077963 143.23453329572584 222
1757453078044 143.1270180978814 223
1757453078119 143.01958433749604 224
1757453078193 142.91223195288444 225
1757453078269 142.80496088240812 226
1757453078344 142.69777106447523 227
1757453078419 142.59066243754057 228
1757453078492 142.48363494010565 229
1757453078565 142.37668851071848 230
1757453078645 142.26982308797358 231
1757453078724 142.1630386105121 232
1757453078804 142.05633501702155 233
1757453078884 141.94971224623595 234
1757453078962 141.84317023693572 235
1757453079035 141.73670892794763 236
1757453079113 141.63032825814483 237
1757453079186 141.52402816644664 238
1757453079266 141.41780859181887 239
1757453079344 141.31166947327333 240
1757453079422 141.20561074986819 241
1757453079492 141.0996323607077 242
1757453079561 140.99373424494223 243
1757453079638 140.8879163417683 244
1757453079710 140.78217859042843 245
1757453079784 140.67652093021118 246
1757453079860 140.5709433004512 247
1757453079935 140.46544564052883 248
1757453080012 140.3600278898706 249
1757453080092 140.25468998794878 250
1757453080168 140.14943187428148 251
1757453080246 140.0442534884327 252
1757453080322 139.93915477001218 253
1757453080394 139.83413565867536 254
1757453080474 139.72919609412352 255
1757453080553 139.6243360161034 256
1757453080635 139.51955536440755 257
1757453080716 139.41485407887407 258
1757453080793 139.31023209938667 259
1757453080866 139.20568936587455 260
1757453080949 139.1012258183124 261
1757453081029 138.99684139672036 262
1757453081107 138.89253604116413 263
1757453081182 138.78830969175462 264
1757453081259 138.68416228864828 265
1757453081336 138.5800937720468 266
1757453081415 138.47610408219714 267
1757453081486 138.37219315939154 268
1757453081558 138.26836094396756 269
1757453081637 138.16460737630777 270
1757453081711 138.0609323968401 271
1757453081787 137.9573359460374 272
1757453081863 137.85381796441777 273
1757453081948 137.75037839254435 274
1757453082029 137.64701717102514 275
1757453082111 137.54373424051337 276
1757453082176 137.44052954170704 277
1757453082244 137.33740301534908 278
1757453082317 137.2343546022274 279
1757453082394 137.13138424317475 280
1757453082470 137.02849187906853 281
1757453082549 136.9256774508312 282
1757453082624 136.8229408994297 283
1757453082700 136.72028216587591 284
1757453082779 136.6177011912262 285
1757453082859 136.51519791658166 286
1757453082938 136.4127722830881 287
1757453083031 136.3104242319357 288
1757453083106 136.2081537043594 289
1757453083180 136.1059606416385 290
1757453083255 136.00384498509683 291
1757453083337 135.90180667610267 292
1757453083418 135.79984565606873 293
1757453083491 135.697961866452 294
1757453083562 135.59615524875397 295
1757453083636 135.4944257445203 296
1757453083708 135.39277329534104 297
1757453083778 135.29119784285038 298
1757453083850 135.18969932872676 299
1757453083923 135.08827769469283 300
1757453083999 134.98693288251536 301
1757453084078 134.88566483400518 302
1757453084153 134.78447349101728 303
1757453084228 134.68335879545063 304
1757453084303 134.5823206892482 305
1757453084378 134.4813591143971 306
1757453084454 134.38047401292803 307
1757453084531 134.27966532691602 308
1757453084607 134.17893299847964 309
1757453084684 134.07827696978154 310
1757453084763 133.97769718302794 311
1757453084839 133.8771935804691 312
1757453084916 133.77676610439883 313
1757453084995 133.67641469715468 314
1757453085068 133.57613930111802 315
1757453085144 133.47593985871364 316
1757453085227 133.37581631241014 317
1757453085313 133.27576860471956 318
1757453085397 133.17579667819751 319
1757453085473 133.07590047544323 320
1757453085546 132.9760799390993 321
1757453085622 132.87633501185172 322
1757453085695 132.7766656364301 323
1757453085763 132.67707175560722 324
1757453085836 132.57755331219929 325
1757453085912 132.47811024906588 326
1757453085986 132.3787425091098 327
1757453086060 132.27945003527705 328
1757453086143 132.18023277055698 329
1757453086227 132.08109065798195 330
1757453086302 131.98202364062766 331
1757453086380 131.88303166161276 332
1757453086464 131.7841146640991 333
1757453086543 131.6852725912915 334
1757453086625 131.5865053864379 335
1757453086709 131.4878129928291 336
1757453086783 131.38919535379895 337
1757453086876 131.2906524127242 338
1757453087003 131.1921841130245 339
1757453087113 131.09379039816233 340
1757453087225 130.99547121164298 341
1757453087329 130.89722649701454 342
1757453087435 130.79905619786794 343
1757453087538 130.70096025783675 344
1757453087643 130.60293862059726 345
1757453087751 130.5049912298684 346
1757453087859 130.40711802941178 347
1757453087977 130.30931896303156 348
1757453088091 130.2115939745745 349
1757453088206 130.11394300792986 350
1757453088327 130.01636600702946 351
1757453088444 129.91886291584757 352
1757453088561 129.82143367840075 353
1757453088669 129.72407823874823 354
1757453088782 129.6267965409914 355
1757453088895 129.5295885292741 356
1757453089007 129.43245414778244 357
1757453089127 129.3353933407448 358
1757453089230 129.2384060524318 359
1757453089346 129.14149222715633 360
1757453089455 129.04465180927338 361
1757453089567 128.94788474318017 362
1757453089676 128.85119097331597 363
1757453089789 128.7545704441621 364
1757453089909 128.6580231002421 365
1757453090027 128.5615488861214 366
1757453090144 128.46514774640738 367
1757453090253 128.36881962574944 368
1757453090370 128.27256446883897 369
1757453090482 128.17638222040912 370
1757453090619 128.08027282523503 371
1757453090737 127.98423622813358 372
1757453090851 127.88827237396349 373
1757453090960 127.79238120762524 374
1757453091069 127.69656267406104 375
1757453091172 127.60081671825476 376
1757453091281 127.50514328523205 377
1757453091389 127.40954232006013 378
1757453091499 127.31401376784783 379
1757453091608 127.21855757374554 380
1757453091720 127.12317368294526 381
1757453091834 127.02786204068045 382
1757453091951 126.93262259222605 383
1757453092055 126.83745528289847 384
1757453092162 126.74236005805561 385
1757453092257 126.64733686309664 386
1757453092359 126.55238564346213 387
1757453092500 126.457506344634 388
1757453092618 126.36269891213543 389
1757453092736 126.26796329153092 390
1757453092846 126.17329942842615 391
1757453092955 126.07870726846801 392
1757453093068 125.98418675734457 393
1757453093184 125.88973784078503 394
1757453093299 125.79536046455969 395
1757453093415 125.70105457448 396
1757453093530 125.60682011639834 397
1757453093643 125.51265703620821 398
1757453093745 125.41856527984397 399
1757453093858 125.32454479328105 400
1757453093968 125.23059552253576 401
1757453094076 125.13671741366531 402
1757453094191 125.04291041276774 403
1757453094307 124.94917446598193 404
1757453094414 124.85550951948755 405
1757453094559 124.76191551950508 406
1757453094669 124.6683924122957 407
1757453094773 124.57494014416125 408
1757453094875 124.48155866144432 409
1757453094957 124.38824791052821 410
1757453095036 124.29500783783662 411
1757453095117 124.20183838983397 412
1757453095198 124.10873951302521 413
1757453095278 124.01571115395586 414
1757453095359 123.92275325921185 415
1757453095441 123.82986577541956 416
1757453095521 123.7370486492459 417
1757453095602 123.6443018273981 418
1757453095679 123.55162525662374 419
1757453095757 123.4590188837108 420
1757453095834 123.36648265548754 421
1757453095914 123.27401651882246 422
1757453095993 123.18162042062436 423
1757453096077 123.0892943078422 424
1757453096156 122.99703812746517 425
1757453096237 122.9048518265226 426
1757453096319 122.81273535208393 427
1757453096404 122.72068865125868 428
1757453096487 122.62871167119647 429
1757453096567 122.53680435908697 430
1757453096648 122.44496666215977 431
1757453096730 122.3531985276845 432
1757453096813 122.26149990297068 433
1757453096889 122.16987073536777 434
1757453096969 122.07831097226517 435
1757453097050 121.986820561092 436
1757453097130 121.8953994493173 437
1757453097209 121.80404758444988 438
1757453097289 121.71276491403827 439
1757453097372 121.62155138567076 440
1757453097452 121.53040694697536 441
1757453097533 121.43933154561974 442
1757453097613 121.34832512931112 443
1757453097697 121.25738764579653 444
1757453097782 121.16651904286233 445
1757453097867 121.07571926833465 446
1757453097953 120.984988270079 447
1757453098032 120.89432599600046 448
1757453098111 120.80373239404346 449
1757453098192 120.71320741219205 450
1757453098270 120.62275099846944 451
1757453098352 120.5323631009384 452
1757453098435 120.44204366770094 453
1757453098515 120.35179264689845 454
1757453098592 120.26160998671156 455
1757453098675 120.17149563536016 456
1757453098759 120.0814495411033 457
1757453098837 119.99147165223933 458
1757453098920 119.90156191710572 459
1757453099003 119.81172028407903 460
1757453099081 119.72194670157496 461
1757453099159 119.63224111804833 462
1757453099262 119.54260348199287 463
1757453099349 119.45303374194143 464
1757453099432 119.36353184646585 465
1757453099515 119.27409774417686 466
1757453099597 119.18473138372414 467
1757453099675 119.09543271379628 468
1757453099753 119.00620168312079 469
1757453099836 118.91703824046388 470
1757453099918 118.82794233463066 471
1757453100003 118.738913914465 472
1757453100086 118.64995292884956 473
1757453100170 118.56105932670562 474
1757453100252 118.47223305699323 475
1757453100332 118.38347406871112 476
1757453100412 118.29478231089655 477
1757453100494 118.20615773262546 478
1757453100578 118.11760028301241 479
1757453100659 118.02910991121031 480
1757453100760 117.94068656641083 481
1757453100841 117.85233019784397 482
1757453100924 117.76404075477821 483
1757453101007 117.67581818652046 484
1757453101091 117.58766244241605 485
1757453101170 117.49957347184868 486
1757453101255 117.41155122424038 487
1757453101348 117.32359564905146 488
1757453101426 117.23570669578058 489
1757453101503 117.14788431396457 490
1757453101582 117.06012845317856 491
1757453101665 116.97243906303581 492
1757453101746 116.88481609318775 493
1757453101823 116.79725949332408 494
1757453101904 116.7097692131724 495
1757453101985 116.62234520249851 496
1757453102071 116.53498741110624 497
1757453102156 116.44769578883745 498
1757453102239 116.360470285572 499
