1757434972798 169.38634097125342 0
1757434972864 166.82962216760689 1
1757434972923 164.31682021117163 2
1757434972986 161.8471423668026 3
1757434973051 159.41981062112708 4
1757434973119 157.0340614049342 5
1757434973177 154.689145320841 6
1757434973237 152.38432687613493 7
1757434973303 150.11888422069333 8
1757434973366 147.89210888988356 9
1757434973442 145.70330555234847 10
1757434973508 143.55179176258406 11
1757434973574 141.43689771821775 12
1757434973636 139.35796602189794 13
1757434973696 137.3143514477061 14
1757434973749 135.30542071200634 15
1757434973811 133.33055224864648 16
1757434973875 131.3891359884283 17
1757434973940 129.4805731427659 18
1757434974005 127.60427599145093 19
1757434974098 125.75966767444827 20
1757434974242 123.94618198764327 21
1757434974297 122.16326318246679 22
1757434974348 120.41036576932329 23
1757434974397 118.68695432474935 24
1757434974442 116.9925033022321 25
1757434974489 115.32649684661696 26
1757434974536 113.68842861203719 27
1757434974589 112.07780158329695 28
1757434974644 110.49412790064328 29
1757434974698 108.93692868786128 30
1757434974754 107.40573388362981 31
1757434974806 105.90008207607542 32
1757434974860 104.41952034046327 33
1757434974916 102.96360407996559 34
1757434974973 101.5318968694489 35
1757434975034 100.12397030222222 36
1757434975092 98.73940383969034 37
1757434975153 97.37778466385619 38
1757434975212 96.03870753261852 39
1757434975270 94.72177463781132 40
1757434975325 93.42659546593288 41
1757434975384 92.15278666151303 42
1757434975440 90.89997189306881 43
1757434975494 89.66778172159842 44
1757434975555 88.45585347156602 45
1757434975611 87.26383110432921 46
1757434975671 86.091365093963 47
1757434975719 84.9381123054347 48
1757434975773 83.80373587508453 49
1757434975832 82.68790509336861 50
1757434975893 81.59029528982082 51
1757434975949 80.51058772019131 52
1757434976005 79.44846945572064 53
1757434976060 78.40363327450814 54
1757434976120 77.37577755493541 55
1757434976177 76.36460617110524 56
1757434976232 75.36982839025784 57
1757434976287 74.39115877212693 58
1757434976346 73.42831707019815 59
1757434976404 72.48102813483423 60
1757434976462 71.54902181823131 61
1757434976521 70.63203288117087 62
1757434976579 69.72980090153423 63
1757434976640 68.84207018454495 64
1757434976701 67.9685896747072 65
1757434976758 67.10911286940713 66
1757434976813 66.26339773414604 67
1757434976873 65.43120661937401 68
1757434976934 64.61230617889395 69
1757434976996 63.80646728980563 70
1757434977058 63.013464973961 71
1757434977119 62.233078320901534 72
1757434977178 61.46509041224982 73
1757434977237 60.70928824752758 74
1757434977299 59.96546267137291 75
1757434977358 59.2334083021303 76
1757434977414 58.51292346178725 77
1757434977469 57.80381010723195 78
1757434977526 57.10587376280672 79
1757434977587 56.418923454133086 80
1757434977644 55.742771643183445 81
1757434977700 55.077234164576666 82
1757434977753 54.422130163073604 83
1757434977808 53.77728203225001 84
1757434977866 53.14251535432454 85
1757434977926 52.51765884111974 86
1757434977985 51.90254427613466 87
1757434978066 51.29700645770786 88
1757434978133 50.70088314325014 89
1757434978198 50.11401499452671 90
1757434978260 49.53624552396888 91
1757434978321 48.967421041995564 92
1757434978384 48.40739060532575 93
1757434978446 47.85600596626277 94
1757434978509 47.313121522932185 95
1757434978577 46.778594270454995 96
1757434978641 46.25228375303864 97
1757434978706 45.734052016968185 98
1757434978770 45.22376356448059 99
1757434978835 44.72128530850566 100
1757434978900 44.22648652825659 101
1757434978966 43.73923882565482 102
1757434979030 43.259416082572535 103
1757434979097 42.78689441887793 104
1757434979163 42.3215521512677 105
1757434979233 41.86326975287201 106
1757434979303 41.41192981361703 107
1757434979368 40.967417001331036 108
1757434979433 40.52961802357969 109
1757434979497 40.098421590216795 110
1757434979561 39.67371837663702 111
1757434979626 39.25540098771717 112
1757434979693 38.84336392243302 113
1757434979758 38.43750353913897 114
1757434979825 38.037718021497845 115
1757434979885 37.643907345048625 116
1757434979947 37.25597324439996 117
1757434980014 36.87381918103769 118
1757434980081 36.49735031173466 119
1757434980145 36.12647345755151 120
1757434980210 35.761097073417204 121
1757434980274 35.40113121827829 122
1757434980341 35.04648752580625 123
1757434980406 34.69707917565228 124
1757434980473 34.35282086523908 125
1757434980546 34.01362878207978 126
1757434980613 33.679420576613566 127
1757434980677 33.35011533554874 128
1757434980739 33.02563355570327 129
1757434980805 32.7058971183335 130
1757434980871 32.39082926394188 131
1757434980938 32.08035456755463 132
1757434981007 31.77439891446033 133
1757434981073 31.472889476400912 134
1757434981135 31.17575468820639 135
1757434981200 30.882924224864958 136
1757434981269 30.59432897902025 137
1757434981350 30.30990103888775 138
1757434981411 30.02957366658224 139
1757434981469 29.75328127684885 140
1757434981536 29.48095941618969 141
1757434981598 29.212544742378995 142
1757434981664 28.947975004359122 143
1757434981727 28.68718902251046 144
1757434981787 28.43012666928797 145
1757434981843 28.176728850217714 146
1757434981901 27.92693748524625 147
1757434981960 27.680695490436527 148
1757434982024 27.43794676000362 149
1757434982089 27.198636148683878 150
1757434982151 26.962709454431234 151
1757434982211 26.730113401434544 152
1757434982269 26.500795623449783 153
1757434982329 26.27470464744138 154
1757434982390 26.051789877526577 155
1757434982449 25.83200157921744 156
1757434982512 25.61529086395457 157
1757434982569 25.40160967392731 158
1757434982628 25.1909107671749 159
1757434982688 24.983147702963283 160
1757434982752 24.77827482743251 161
1757434982809 24.57624725950947 162
1757434982868 24.377020877081055 163
1757434982927 24.18055230342292 164
1757434982989 23.98679889387887 165
1757434983057 23.795718722786287 166
1757434983121 23.607270570642946 167
1757434983184 23.421413911510665 168
1757434983246 23.23810890065128 169
1757434983309 23.057316362390768 170
1757434983374 22.87899777820696 171
1757434983441 22.703115275036907 172
1757434983510 22.529631613799598 173
1757434983576 22.35851017813005 174
1757434983641 22.18971496332077 175
1757434983706 22.023210565466837 176
1757434983773 21.858962170810482 177
1757434983832 21.696935545281782 178
1757434983890 21.537097024231542 179
1757434983948 21.3794135023528 180
1757434984017 21.22385242378751 181
1757434984083 21.07038177241489 182
1757434984147 20.918970062317918 183
1757434984211 20.76958632842484 184
1757434984275 20.622200117322265 185
1757434984339 20.47678147823665 186
1757434984415 20.333300954181052 187
1757434984478 20.191729573264098 188
1757434984542 20.052038840158016 189
1757434984608 19.91420072772283 190
1757434984671 19.778187668783833 191
1757434984722 19.643972548059356 192
1757434984775 19.511528694236137 193
1757434984841 19.38082987218945 194
1757434984905 19.25185027534535 195
1757434984963 19.124564518182336 196
1757434985028 18.99894762886979 197
1757434985094 18.874975042040763 198
1757434985153 18.75262259169647 199
1757434985216 18.63186650424013 200
1757434985278 18.512683391637598 201
1757434985336 18.39505024470265 202
1757434985393 18.278944426504335 203
1757434985460 18.16434366589435 204
1757434985523 18.051226051151993 205
1757434985587 17.939570023744718 206
1757434985650 17.829354372201898 207
1757434985707 17.720558226099897 208
1757434985765 17.61316105015626 209
1757434985828 17.507142638431024 210
1757434985878 17.402483108633152 211
1757434985936 17.299162896530127 212
1757434985999 17.197162750458784 213
1757434986067 17.09646372593553 214
1757434986137 16.997047180364028 215
1757434986201 16.898894767838662 216
1757434986269 16.801988434041842 217
1757434986334 16.706310411233517 218
1757434986399 16.611843213331163 219
1757434986464 16.51856963107852 220
1757434986528 16.426472727301544 221
1757434986596 16.335535832249736 222
1757434986662 16.245742539021542 223
1757434986729 16.15707669907205 224
1757434986795 16.06952241780157 225
1757434986862 15.983064050223483 226
1757434986929 15.897686196710099 227
1757434986996 15.81337369881483 228
1757434987067 15.730111635169425 229
1757434987136 15.64788531745486 230
1757434987205 15.566680286444422 231
1757434987272 15.4864823081178 232
1757434987340 15.40727736984474 233
1757434987410 15.329051676637064 234
1757434987477 15.251791647467703 235
1757434987548 15.175483911655617 236
1757434987615 15.100115305315278 237
1757434987684 15.0256728678696 238
1757434987751 14.952143838625108 239
1757434987820 14.879515653408157 240
1757434987880 14.80777594126123 241
1757434987939 14.736912521197953 242
1757434988004 14.66691339901603 243
1757434988070 14.597766764166817 244
1757434988134 14.52946098668053 245
1757434988198 14.461984614146205 246
1757434988265 14.39532636874518 247
1757434988332 14.329475144337332 248
1757434988396 14.264420003598898 249
1757434988464 14.200150175211087 250
1757434988531 14.136655051098478 251
1757434988601 14.073924183716311 252
1757434988670 14.011947283385737 253
1757434988736 13.950714215676205 254
1757434988809 13.890214998834045 255
1757434988881 13.83043980125649 256
1757434988951 13.771378939010242 257
1757434989017 13.71302287339375 258
1757434989085 13.655362208542497 259
1757434989153 13.598387689076342 260
1757434989220 13.54209019778834 261
1757434989287 13.486460753374132 262
1757434989355 13.431490508201238 263
1757434989423 13.377170746117484 264
1757434989490 13.323492880297882 265
1757434989561 13.270448451129251 266
1757434989627 13.218029124131846 267
1757434989695 13.166226687917387 268
1757434989774 13.115033052182813 269
1757434989848 13.064440245739029 270
1757434989909 13.014440414574105 271
1757434989974 12.965025819950293 272
1757434990039 12.916188836534134 273
1757434990110 12.867921950559213 274
1757434990177 12.82021775802085 275
1757434990243 12.773068962902174 276
1757434990313 12.726468375431075 277
1757434990381 12.68040891036734 278
1757434990448 12.63488358531957 279
1757434990516 12.589885519091226 280
1757434990590 12.54540793005536 281
1757434990659 12.501444134557415 282
1757434990725 12.4579875453457 283
1757434990791 12.415031670028934 284
1757434990861 12.372570109560442 285
1757434990929 12.330596556748473 286
1757434990994 12.289104794792179 287
1757434991061 12.248088695842833 288
1757434991127 12.207542219589772 289
1757434991195 12.167459411870645 290
1757434991263 12.1278344033055 291
1757434991352 12.088661407954342 292
1757434991418 12.049934721997705 293
1757434991490 12.011648722439755 294
1757434991554 11.973797865833648 295
1757434991613 11.93637668702864 296
1757434991680 11.899379797938614 297
1757434991749 11.86280188633161 298
1757434991817 11.82663771463993 299
1757434991887 11.790882118790655 300
1757434991953 11.755530007055896 301
1757434992022 11.720576358922665 302
1757434992094 11.686016223981937 303
1757434992162 11.65184472083656 304
1757434992225 11.618057036027652 305
1757434992292 11.584648422979187 306
1757434992355 11.551614200960417 307
1757434992420 11.51894975406589 308
1757434992486 11.48665053021259 309
1757434992556 11.454712040154087 310
1757434992618 11.423129856511196 311
1757434992683 11.391899612819069 312
1757434992750 11.361017002590204 313
1757434992816 11.330477778393233 314
1757434992882 11.300277750947187 315
1757434992946 11.270412788230923 316
1757434993010 11.240878814607443 317
1757434993073 11.211671809962906 318
1757434993141 11.182787808859993 319
1757434993205 11.154222899705406 320
1757434993272 11.12597322393125 321
1757434993339 11.098034975190096 322
1757434993405 11.070404398563353 323
1757434993474 11.043077789782842 324
1757434993543 11.016051494465314 325
1757434993610 10.989321907359626 326
1757434993680 10.9628854716064 327
1757434993750 10.936738678009943 328
1757434993822 10.910878064322203 329
1757434993892 10.885300214538491 330
1757434993952 10.860001758204929 331
1757434994017 10.834979369737187 332
1757434994083 10.810229767750515 333
1757434994147 10.785749714400739 334
1757434994213 10.7615360147361 335
1757434994276 10.737585516059728 336
1757434994341 10.71389510730251 337
1757434994406 10.690461718406274 338
1757434994475 10.667282319717026 339
1757434994541 10.644353921388097 340
1757434994606 10.621673572792998 341
1757434994671 10.599238361947867 342
1757434994734 10.577045414943306 343
1757434994800 10.555091895385395 344
1757434994868 10.533375003845874 345
1757434994938 10.511891977321119 346
1757434995004 10.49064008869996 347
1757434995071 10.469616646240071 348
1757434995136 10.448818993052809 349
1757434995203 10.42824450659635 350
1757434995276 10.407890598177026 351
1757434995353 10.387754712458651 352
1757434995421 10.367834326979732 353
1757434995490 10.348126951678424 354
1757434995561 10.32863012842512 355
1757434995632 10.309341430562496 356
1757434995686 10.290258462452906 357
1757434995751 10.271378859033028 358
1757434995820 10.252700285375585 359
1757434995891 10.234220436258033 360
1757434995954 10.21593703573815 361
1757434996021 10.197847836736322 362
1757434996087 10.179950620624494 363
1757434996151 10.162243196821555 364
1757434996222 10.144723402395242 365
1757434996291 10.127389101670204 366
1757434996360 10.11023818584233 367
1757434996428 10.093268572599156 368
1757434996495 10.07647820574617 369
1757434996566 10.059865054839078 370
1757434996633 10.04342711482176 371
1757434996703 10.027162405669971 372
1757434996771 10.011068972040563 373
1757434996840 9.9951448829262 374
1757434996907 9.979388231315486 375
1757434996975 9.963797133858353 376
1757434997045 9.94836973053667 377
1757434997114 9.933104184339989 378
1757434997184 9.917998680946276 379
1757434997256 9.903051428407636 380
1757434997324 9.888260656840904 381
1757434997393 9.87362461812295 382
1757434997461 9.859141585590748 383
1757434997529 9.844809853746073 384
1757434997599 9.83062773796467 385
1757434997666 9.816593574209968 386
1757434997736 9.80270571875115 387
1757434997805 9.788962547885525 388
1757434997875 9.775362457665214 389
1757434997945 9.761903863627904 390
1757434998010 9.748585200531815 391
1757434998079 9.735404922094643 392
1757434998147 9.722361500736465 393
1757434998217 9.7094534273266 394
1757434998289 9.696679210934263 395
1757434998359 9.684037378583 396
1757434998437 9.67152647500886 397
1757434998506 9.659145062422184 398
1757434998578 9.646891720273018 399
1757434998651 9.634765045020025 400
1757434998722 9.622763649902875 401
1757434998793 9.61088616471808 402
1757434998866 9.599131235598149 403
1757434998936 9.587497524794077 404
1757434999005 9.575983710461047 405
1757434999078 9.564588486447361 406
1757434999146 9.553310562086509 407
1757434999219 9.542148661992316 408
1757434999289 9.531101525857121 409
1757434999360 9.520167908252981 410
1757434999429 9.50934657843579 411
1757434999500 9.49863632015231 412
1757434999567 9.488035931450014 413
1757434999636 9.477544224489789 414
1757434999706 9.467160025361324 415
1757434999774 9.456882173901267 416
1757434999842 9.446709523514023 417
1757434999912 9.436640940995176 418
1757434999989 9.426675306357463 419
1757435000054 9.41681151265938 420
1757435000122 9.407048465836157 421
1757435000191 9.397385084533298 422
1757435000263 9.38782029994247 423
1757435000334 9.378353055639817 424
1757435000404 9.368982307426595 425
1757435000472 9.359707023172092 426
1757435000542 9.35052618265886 427
1757435000612 9.341438777430133 428
1757435000681 9.332443810639461 429
1757435000750 9.323540296902497 430
1757435000817 9.314727262150926 431
1757435000888 9.306003743488453 432
1757435000959 9.297368789048864 433
1757435001025 9.28882145785615 434
1757435001089 9.280360819686548 435
1757435001157 9.271985954932592 436
1757435001224 9.263695954469119 437
1757435001290 9.255489919521105 438
1757435001358 9.247366961533423 439
1757435001429 9.239326202042436 440
1757435001536 9.231366772549395 441
1757435001607 9.22348781439559 442
1757435001679 9.215688478639317 443
1757435001750 9.207967925934543 444
1757435001822 9.200325326411223 445
1757435001892 9.192759859557404 446
1757435001964 9.185270714102845 447
1757435002032 9.177857087904378 448
1757435002105 9.170518187832776 449
1757435002174 9.163253229661247 450
1757435002245 9.15606143795546 451
1757435002318 9.148942045965073 452
1757435002390 9.14189429551681 453
1757435002462 9.134917436908962 454
1757435002534 9.128010728807375 455
1757435002606 9.121173438142884 456
1757435002675 9.114404840010085 457
1757435002745 9.107704217567589 458
1757435002836 9.101070861939585 459
1757435002910 9.094504072118738 460
1757435002982 9.088003154870487 461
1757435003060 9.081567424638546 462
1757435003132 9.07519620345178 463
1757435003204 9.068888820832273 464
1757435003275 9.062644613704707 465
1757435003347 9.056462926306937 466
1757435003420 9.050343110101748 467
1757435003492 9.044284523689862 468
1757435003563 9.038286532724083 469
1757435003634 9.032348509824583 470
1757435003707 9.026469834495366 471
1757435003779 9.020649893041792 472
1757435003849 9.014888078489289 473
1757435003922 9.009183790503073 474
1757435003994 9.003536435308982 475
1757435004060 8.99794542561535 476
1757435004120 8.992410180535906 477
1757435004185 8.98693012551374 478
1757435004269 8.981504692246249 479
1757435004338 8.97613331861104 480
1757435004407 8.970815448592884 481
1757435004479 8.965550532211598 482
1757435004549 8.960338025450847 483
1757435004623 8.955177390187941 484
1757435004695 8.950068094124518 485
1757435004768 8.945009610718119 486
1757435004841 8.940001419114706 487
1757435004911 8.935043004082022 488
1757435004981 8.930133855943843 489
1757435005056 8.925273470515055 490
1757435005133 8.920461349037623 491
1757435005206 8.915696998117353 492
1757435005277 8.910979929661462 493
1757435005351 8.906309660817021 494
1757435005433 8.901685713910101 495
1757435005502 8.8971076163858 496
1757435005586 8.892574900748933 497
1757435005659 8.888087104505619 498
1757435005715 8.88364377010548 499
