1757677006305 139.8133730710664 0
1757677006423 122.47875122407758 1
1757677006533 104.94557220883365 2
1757677006631 88.06581286041 3
1757677006721 80.49201906698157 4
1757677006818 70.64904376056582 5
1757677006931 59.01894535592218 6
1757677007032 54.43903965056271 7
1757677007123 43.501705705908826 8
1757677007221 37.07825908967318 9
1757677007319 33.80282655520547 10
1757677007414 26.499523884352033 11
1757677007520 27.20411122543034 12
1757677007618 21.76211203878059 13
1757677007711 18.046177297206683 14
1757677007808 18.14382328763644 15
1757677007899 13.52068594218603 16
1757677008004 13.483366850170889 17
1757677008104 11.869985905468234 18
1757677008198 11.58099197133423 19
1757677008290 7.612550006239485 20
1757677008388 6.592453602274499 21
1757677008489 8.61114704133567 22
1757677008587 6.1521289000270585 23
1757677008684 5.523059392165642 24
1757677008784 4.0164868736234345 25
1757677008890 3.081674199904852 26
1757677008991 4.499851569909245 27
1757677009092 2.686187788224882 28
1757677009197 2.6474928944993925 29
1757677009298 3.031171393697537 30
1757677009416 4.7440730907361015 31
1757677009538 2.0892725477772767 32
1757677009637 2.430442892462299 33
1757677009735 2.8579378440347845 34
1757677009835 0.9600717987332308 35
1757677009932 3.441217478014675 36
1757677010034 2.329972379295216 37
1757677010140 2.1148129126630963 38
1757677010243 1.4704526725908853 39
1757677010344 0.761690987997085 40
1757677010445 1.060647492480814 41
1757677010552 1.1738017708217325 42
1757677010656 0.8741683806586378 43
1757677010760 0.9348112643287955 44
1757677010860 0.8908406065649862 45
1757677010969 0.5264589821460209 46
1757677011073 1.560153280649499 47
1757677011174 1.20842217045911 48
1757677011275 0.7736611431964442 49
1757677011384 0.448093461229117 50
1757677011491 1.9988278209422257 51
1757677011597 1.3290115672552478 52
1757677011699 0.7033894504512243 53
1757677011794 0.8176108211274705 54
1757677011888 0.5876499960531989 55
1757677011989 1.1443218632642473 56
1757677012089 9.792493928996867 57
1757677012190 8.84621571231873 58
1757677012291 1.0010908899816926 59
1757677012383 1.319708956179296 60
1757677012478 1.8199838528558316 61
1757677012582 0.7392826226846237 62
1757677012678 0.9598344529131502 63
1757677012779 1.0230862627358515 64
1757677012879 0.5658007807310943 65
1757677012970 1.9399377055118672 66
1757677013070 1.1372561036575366 67
1757677013171 1.6223946934247477 68
1757677013272 0.5726809160000671 69
1757677013362 1.5364947515507452 70
1757677013454 0.9377958946525576 71
1757677013548 0.8004326058667621 72
1757677013650 0.9175997709976851 73
1757677013746 1.5864700035313033 74
1757677013840 0.9257878937141593 75
1757677013929 1.813184507927951 76
1757677014029 1.818485290926073 77
1757677014130 0.7728228000273882 78
1757677014228 1.8716954643449817 79
1757677014328 0.8277992515984108 80
1757677014429 0.89130250621308 81
1757677014574 0.4415116401904777 82
1757677014681 1.6306038184561424 83
1757677014776 1.0913598248095508 84
1757677014871 0.7954297922567904 85
1757677014964 1.2808261977887205 86
1757677015065 0.9769573718769242 87
1757677015160 1.7580764235415354 88
1757677015252 0.8906498486548395 89
1757677015352 0.586922568603568 90
1757677015445 1.9729036949754686 91
1757677015544 1.903218827315782 92
1757677015647 1.0930882676436815 93
1757677015741 1.1655154001504462 94
1757677015840 0.7163087528429534 95
1757677015926 1.719283429993329 96
1757677016025 2.0937553701897116 97
1757677016125 0.9860173829551845 98
1757677016224 1.57398735183958 99
1757677016320 0.6956936942927515 100
1757677016421 1.301504920521717 101
1757677016527 0.9636123445886364 102
1757677016627 3.953891885228653 103
1757677016727 1.4263915700734124 104
1757677016843 1.1579083782240382 105
1757677016987 1.0092735023834845 106
1757677017103 1.3192220672198323 107
1757677017214 1.3312344731641321 108
1757677017329 0.511622609052311 109
1757677017438 1.6727469264888613 110
1757677017549 1.2955122702819437 111
1757677017653 1.1198476554346302 112
1757677017751 0.6371882912029193 113
1757677017847 1.6896946703054245 114
1757677017940 1.143085117844485 115
1757677018039 0.6349201750083472 116
1757677018138 1.8239856363395759 117
1757677018235 2.604298489283099 118
1757677018340 2.0936910761069965 119
1757677018443 0.31367200249082827 120
1757677018542 1.141578534642548 121
1757677018641 1.441490146731303 122
1757677018748 0.6858779031419253 123
1757677018847 1.447242157251012 124
1757677018953 0.9997927245081525 125
1757677019053 2.0416018141639025 126
1757677019155 1.5766649189511772 127
1757677019252 0.81545297616442 128
1757677019354 1.5471707744606449 129
1757677019469 0.8686929793568746 130
1757677019586 1.9033488078801346 131
1757677019687 0.7508247732688303 132
1757677019799 1.9049083312145105 133
1757677019898 1.3329313575226982 134
1757677019993 1.0420062050052168 135
1757677020093 0.6195627072869755 136
1757677020196 2.2629789452434066 137
1757677020301 1.1749210563298673 138
1757677020397 0.9617701682898302 139
1757677020501 0.8224123186499144 140
1757677020601 0.9355904101289051 141
1757677020709 1.5297012397983318 142
1757677020809 0.8665379970658652 143
1757677020910 1.2956725464592938 144
1757677021005 0.6834172246993323 145
1757677021104 0.8473096980099308 146
1757677021214 1.2874924937031746 147
1757677021313 0.8596092914942198 148
1757677021411 1.0773760432044979 149
1757677021511 1.217353723200184 150
1757677021610 1.020914958309061 151
1757677021713 1.612280004394577 152
1757677021814 1.892741583223979 153
1757677021918 2.6796381853633697 154
1757677022011 2.2663414470233683 155
1757677022104 0.7102507845704753 156
1757677022202 2.494378656432874 157
1757677022303 2.558672580872559 158
1757677022406 0.7261580445353608 159
1757677022510 1.191934305688651 160
1757677022610 2.659854520894225 161
1757677022709 0.38915745646963523 162
1757677022813 0.7521190990073705 163
1757677022914 0.7561331826220398 164
1757677023018 1.2230531906096005 165
1757677023124 0.902945061919345 166
1757677023227 2.1453189292959793 167
1757677023328 0.8003261675384161 168
1757677023430 0.8203640662634601 169
1757677023530 0.5628501913640742 170
1757677023631 1.4622537280155579 171
1757677023736 1.1202789542813414 172
1757677023834 0.5781076461907789 173
1757677023936 2.055763045435638 174
1757677024030 1.896710599501472 175
1757677024131 0.3071257369467791 176
1757677024237 1.8661749391286797 177
1757677024343 1.1619296335962925 178
1757677024441 0.8786361553817938 179
1757677024542 1.0277857506638315 180
1757677024644 1.0384384117423517 181
1757677024748 2.9103430842361786 182
1757677024848 1.1667908148872825 183
1757677024948 1.5668856356590488 184
1757677025053 0.9088169094455717 185
1757677025152 0.6990134236761806 186
1757677025254 3.334297968068164 187
1757677025357 2.9490592676092047 188
1757677025458 0.6820024017308696 189
1757677025563 1.5854256983259039 190
1757677025669 0.8578568357498936 191
1757677025770 1.7038746239446017 192
1757677025871 1.428410783849373 193
1757677025972 0.8030999996837952 194
1757677026070 0.5783952376238187 195
1757677026170 1.081197407916448 196
1757677026273 2.1966081613247845 197
1757677026374 0.9645961251075886 198
1757677026474 1.2266093134948006 199
1757677026577 2.5408426954522447 200
1757677026690 1.710980754567257 201
1757677026812 0.48317263423514245 202
1757677026947 1.0164810218083833 203
1757677027070 0.9208605716595806 204
1757677027187 0.9073709880391787 205
1757677027303 0.8473698176170037 206
1757677027419 1.1189980976526335 207
1757677027532 0.9860402188781748 208
1757677027637 2.0874746065826786 209
1757677027733 0.543819477195567 210
1757677027834 1.5361270710630566 211
1757677027940 0.7437741860090279 212
1757677028034 1.5816097757095773 213
1757677028139 1.356929977379459 214
1757677028242 0.886188834418781 215
1757677028348 1.7854566178192877 216
1757677028448 0.735622858132817 217
1757677028552 0.9070616088013539 218
1757677028660 0.7290530650559431 219
1757677028767 0.989327654477866 220
1757677028867 0.4988511327284273 221
1757677028974 1.3613398540516584 222
1757677029076 0.9062017483326145 223
1757677029179 0.7844263786435838 224
1757677029287 0.7300582703215794 225
1757677029391 1.4169115860418577 226
1757677029513 0.8672515474968289 227
1757677029618 0.5180542571056501 228
1757677029725 2.194180223603515 229
1757677029833 1.0922444071449682 230
1757677029935 0.9901069975114231 231
1757677030035 0.5429255443548214 232
1757677030139 0.6971134712617558 233
1757677030245 1.543910360072515 234
1757677030357 0.866709559457302 235
1757677030468 1.355944723744941 236
1757677030581 1.3081242322239426 237
1757677030691 0.8826805689272198 238
1757677030800 0.8113159000735011 239
1757677030921 1.1217731120815646 240
1757677031053 1.0095074536382154 241
1757677031171 2.6790478875524535 242
1757677031274 0.921725066958647 243
1757677031377 0.5101488012023082 244
1757677031486 1.5966770632178091 245
1757677031592 0.8785271558869691 246
1757677031694 0.7034136104859352 247
1757677031798 0.8945789318948142 248
1757677031908 1.115124623170299 249
1757677032016 3.5319204574308083 250
1757677032114 1.1119690557856383 251
1757677032220 1.7105370431542328 252
1757677032333 1.0066918414642854 253
1757677032447 1.4340129574809148 254
1757677032553 3.7179428990833014 255
1757677032659 1.665945256118108 256
1757677032769 0.4506985915065538 257
1757677032875 1.1771620446239188 258
1757677032982 0.8351534030442054 259
1757677033089 1.1345152349490504 260
1757677033200 0.8567363473907816 261
1757677033305 1.6364181902599992 262
1757677033407 2.114500355578666 263
1757677033510 0.9161819725936322 264
1757677033617 1.125344665056059 265
1757677033721 0.2525308628143897 266
1757677033833 1.2061434457821227 267
1757677033937 0.6389317004935772 268
1757677034042 9.149407801729396 269
1757677034141 2.4991857797804427 270
1757677034249 0.8962909832671918 271
1757677034355 1.9606371271984353 272
1757677034460 0.9335886872922557 273
1757677034564 1.0268519098371534 274
1757677034667 1.7840329883624673 275
1757677034774 1.2497007526136348 276
1757677034883 0.3968971909093437 277
1757677034987 0.5205673668362593 278
1757677035090 1.0057625025767587 279
1757677035194 0.3675146865475095 280
1757677035305 1.1263587768079433 281
1757677035409 0.5156463872106776 282
1757677035513 1.2337337912247754 283
1757677035619 1.224062039278715 284
1757677035731 0.8648758678821726 285
1757677035847 1.069289512979154 286
1757677035958 0.6818465180772845 287
1757677036064 1.021510250449426 288
1757677036164 1.3551821883211577 289
1757677036273 0.543796510869564 290
1757677036382 0.6125891026853708 291
1757677036492 3.530008589720288 292
1757677036598 0.9251670648275487 293
1757677036703 1.4350006743745325 294
1757677036809 0.7646934511992672 295
1757677036944 1.635998888029218 296
1757677037067 2.1393777547546957 297
1757677037176 1.032198048635127 298
1757677037288 1.166738665762881 299
1757677037405 0.9905542653568687 300
1757677037516 0.4678518068771025 301
1757677037624 1.1753473744765435 302
1757677037729 1.7273844960805729 303
1757677037832 2.4091006769299423 304
1757677037937 0.9695906968863476 305
1757677038041 0.8783519209149693 306
1757677038152 1.6629176751212624 307
1757677038261 1.0806343809385366 308
1757677038368 1.2116592189651936 309
1757677038476 1.3630515383650903 310
1757677038581 4.223287270259756 311
1757677038683 1.2415636944994304 312
1757677038790 1.6734345557576558 313
1757677038906 0.9303045657677816 314
1757677039018 0.41199066126821204 315
1757677039122 0.7992285684711998 316
1757677039226 0.9576390785285206 317
1757677039332 1.9450423877718543 318
1757677039453 0.7543103764695388 319
1757677039571 1.158044010081413 320
1757677039679 1.100666312230306 321
1757677039794 0.9573104072344407 322
1757677039899 1.3744766679183358 323
1757677040008 1.0353065886970736 324
1757677040118 2.236759453975591 325
1757677040218 0.7194002912100316 326
1757677040327 1.2902044920694447 327
1757677040432 1.5922219938384454 328
1757677040538 0.9456102118466734 329
1757677040644 1.901013753174287 330
1757677040756 2.558193281166187 331
1757677040862 2.102685080479574 332
1757677040970 1.4519811902211543 333
1757677041081 1.018554234654291 334
1757677041194 1.1074919650771293 335
1757677041312 1.2709585113542092 336
1757677041431 1.1315499031461853 337
1757677041547 0.6665016912472556 338
1757677041650 1.0062906350121448 339
1757677041761 0.5993952325914752 340
1757677041866 1.0331964986234266 341
1757677041971 1.8612220345817168 342
1757677042082 0.8651968378498932 343
1757677042181 0.9888906498818292 344
1757677042291 0.9868891774052874 345
1757677042402 1.0986066953079363 346
1757677042514 1.34530967945512 347
1757677042621 1.0287790609717504 348
1757677042726 0.7181182167534322 349
1757677042839 1.927131629905416 350
1757677042968 0.381873277735454 351
1757677043099 0.7944799848167723 352
1757677043220 0.6617617064872704 353
1757677043332 1.6678747622613328 354
1757677043443 0.9617678934085366 355
1757677043560 0.6014361344026938 356
1757677043677 0.7342129738339014 357
1757677043795 0.803643249061755 358
1757677043905 0.4979557358119288 359
1757677044014 0.6485295476513045 360
1757677044120 1.8249968253226887 361
1757677044222 0.7122996504746496 362
1757677044337 1.4550358597943664 363
1757677044448 1.5348412435170802 364
1757677044557 1.1158463729608317 365
1757677044667 0.7357682299602736 366
1757677044776 1.7327421385103872 367
1757677044887 1.1712481044463097 368
1757677044991 0.9886838947173312 369
1757677045102 0.814799372870882 370
1757677045214 0.9127685485383715 371
1757677045329 0.7223510786812102 372
1757677045441 2.416842428001444 373
1757677045545 2.5348703954927636 374
1757677045654 1.1472959635748425 375
1757677045762 0.8938770828045501 376
1757677045874 2.0236761758330166 377
1757677045982 1.2890847445330156 378
1757677046094 0.4360575484707559 379
1757677046209 0.9790799731573301 380
1757677046325 0.8576460845926066 381
1757677046437 1.4769005119670415 382
1757677046557 2.285618010473885 383
1757677046670 0.6045101371192709 384
1757677046782 0.6250841435169379 385
1757677046911 2.029256022534778 386
1757677047034 1.9930042965287087 387
1757677047158 0.9548763308753332 388
1757677047278 0.47606661679527573 389
1757677047395 1.6128421736143246 390
1757677047514 2.3068553878381097 391
1757677047634 1.8641194477500054 392
1757677047748 1.0707350599961758 393
1757677047858 1.7444967122003345 394
1757677047972 3.69790258621684 395
1757677048080 0.692448480619074 396
1757677048214 0.9793399848277673 397
1757677048317 1.2697409991603146 398
1757677048429 0.8782509580667652 399
1757677048538 0.6430227827982415 400
1757677048644 0.5361688463266575 401
1757677048749 2.056730263962342 402
1757677048855 1.256027143089908 403
1757677048966 0.8755727198891987 404
1757677049075 0.8206433442668036 405
1757677049188 0.4980728806027693 406
1757677049295 1.11986276958688 407
1757677049410 1.1975480579454456 408
1757677049534 2.6440931472741354 409
1757677049657 0.5258790779564445 410
1757677049775 1.3146214289737868 411
1757677049894 0.6246761759478427 412
1757677050016 0.9671313378225035 413
1757677050134 0.6776111735989563 414
1757677050249 1.5249481321884557 415
1757677050351 0.5016434967006314 416
1757677050463 0.48786891801351034 417
1757677050575 1.2182374546790984 418
1757677050684 0.9519493951622195 419
1757677050789 0.7238767222837028 420
1757677050901 1.1542888103176319 421
1757677051008 0.6334946243847022 422
1757677051116 0.6581251471910322 423
1757677051226 0.9675085805660378 424
1757677051335 0.8518841453868015 425
1757677051441 1.0307649290217675 426
1757677051547 1.260871919714606 427
1757677051656 0.9595125213634198 428
1757677051764 0.8765797635405377 429
1757677051880 1.1163774778638293 430
1757677051990 0.6809870266891062 431
1757677052102 3.9331271471666156 432
1757677052211 1.8647512766458827 433
1757677052311 0.8216315393404873 434
1757677052433 1.7529337164418068 435
1757677052552 0.8940884175294609 436
1757677052674 1.9890699342890277 437
1757677052797 0.9697673056865002 438
1757677052916 0.4228024418650282 439
1757677053035 2.3843124552933372 440
1757677053153 2.955078068388838 441
1757677053295 1.0430833659126701 442
1757677053421 0.599364380967994 443
1757677053547 0.8022267910406451 444
1757677053675 0.7245994408571804 445
1757677053799 1.124817337487046 446
1757677053919 0.49808475519106876 447
1757677054040 0.7554347084305977 448
1757677054159 0.6469418479247573 449
1757677054282 0.8175354991166385 450
1757677054390 1.0055479148972724 451
1757677054505 1.015321068808001 452
1757677054623 3.4292306062512528 453
1757677054736 0.584089089801841 454
1757677054842 1.037285707965291 455
1757677054947 0.6827696399848812 456
1757677055062 1.4874298739832366 457
1757677055171 0.7195254895000075 458
1757677055281 1.3867328851910896 459
1757677055404 1.2849637229549644 460
1757677055526 1.0392736536899068 461
1757677055649 0.6242281424177054 462
1757677055775 1.7360717071435006 463
1757677055897 0.846464368886941 464
1757677056019 0.5908251743409911 465
1757677056146 0.7953786226733456 466
1757677056271 0.8741229649068175 467
1757677056377 0.6580794084763091 468
1757677056487 1.5072177476440838 469
1757677056597 0.9324187682638356 470
1757677056707 1.1536767299767532 471
1757677056814 0.43737666845898443 472
1757677056944 1.582644343666275 473
1757677057067 1.0107815626444197 474
1757677057192 1.3916413302939412 475
1757677057315 0.653394791392639 476
1757677057438 1.2236573564059374 477
1757677057560 0.7845223468412224 478
1757677057682 0.6152564925706612 479
1757677057809 2.211226239925579 480
1757677057936 1.6446217004502819 481
1757677058058 0.9112013686954512 482
1757677058182 1.2223980556893739 483
1757677058308 1.5160466227388667 484
1757677058411 1.272233937337507 485
1757677058524 0.9574736298689238 486
1757677058637 2.3779229325539273 487
1757677058779 1.2146619549958528 488
1757677058910 0.6144362184193751 489
1757677059035 1.6900039650645822 490
1757677059156 1.5786664351897648 491
1757677059293 1.349801542814703 492
1757677059421 0.6896708800308418 493
1757677059550 1.2633085838421838 494
1757677059677 1.2806014095067597 495
1757677059799 1.324149307129623 496
1757677059922 0.7744076306645986 497
1757677060049 0.6553012994911215 498
1757677060176 0.7378603337183056 499
