1757675577439 150.31166407132918 0
1757675577550 146.07333656187294 1
1757675577652 134.2126180659241 2
1757675577747 125.08849722880565 3
1757675577840 130.6707066360068 4
1757675577933 119.61816194252155 5
1757675578028 119.8404288945223 6
1757675578125 113.00973117094692 7
1757675578222 102.49239456762427 8
1757675578313 100.81009519619657 9
1757675578403 91.73266035467326 10
1757675578491 90.88917808434793 11
1757675578582 84.62693726160505 12
1757675578674 84.25896959487656 13
1757675578769 76.83964906361965 14
1757675578863 72.21332681396842 15
1757675578953 67.00274858149024 16
1757675579040 64.66007475030334 17
1757675579133 60.50374683682384 18
1757675579226 62.79949528878988 19
1757675579317 56.1478020899537 20
1757675579407 49.748609622495344 21
1757675579499 48.76661660575534 22
1757675579580 46.02817682793676 23
1757675579668 44.91048463388803 24
1757675579770 42.82899976095166 25
1757675579867 40.53941965031893 26
1757675579956 38.82110839672508 27
1757675580044 37.63994013400528 28
1757675580133 36.76956131734495 29
1757675580224 37.36473335617913 30
1757675580312 30.04469586378097 31
1757675580406 30.630800164455863 32
1757675580493 30.265715402450965 33
1757675580585 26.422157462325007 34
1757675580674 27.41298054212926 35
1757675580770 27.094189701737083 36
1757675580864 24.283154856363982 37
1757675580957 22.784935513780198 38
1757675581042 21.506439287336196 39
1757675581139 23.085602076546767 40
1757675581235 19.242399892552925 41
1757675581327 17.4621039680554 42
1757675581415 18.272252578547405 43
1757675581509 21.161665274928655 44
1757675581602 16.519012841623315 45
1757675581691 15.957457886475584 46
1757675581785 15.637246275795492 47
1757675581875 13.872431113248775 48
1757675581972 12.514503951405832 49
1757675582069 13.822527071022849 50
1757675582162 13.588350532715602 51
1757675582252 13.047210356679393 52
1757675582347 10.09771148462476 53
1757675582438 11.081552543941756 54
1757675582528 11.827816906031428 55
1757675582621 12.401111159387792 56
1757675582715 10.537503093838348 57
1757675582810 10.11284663557298 58
1757675582904 7.855608361109186 59
1757675582998 6.417878188482994 60
1757675583096 9.434882401592724 61
1757675583188 8.13005370282976 62
1757675583280 7.370835575861886 63
1757675583379 6.4727976383090144 64
1757675583471 6.771648086111426 65
1757675583564 6.224495790858863 66
1757675583659 7.408644357320587 67
1757675583752 6.207566022336174 68
1757675583847 4.195928016919215 69
1757675583940 6.0817643794023075 70
1757675584038 4.356336680678026 71
1757675584131 4.99599627536567 72
1757675584225 4.293182405344891 73
1757675584318 4.528441089594556 74
1757675584408 4.245561928547168 75
1757675584498 4.467925428181149 76
1757675584593 7.2883119641588925 77
1757675584684 3.8053682841317076 78
1757675584773 3.4666171263272183 79
1757675584874 4.218898742173828 80
1757675584968 4.575374412272483 81
1757675585060 3.86717759259588 82
1757675585158 2.4723141163363525 83
1757675585248 3.7387954183600103 84
1757675585337 2.7097055400564933 85
1757675585431 4.704191348999177 86
1757675585528 6.425625984332602 87
1757675585620 1.7235601434466477 88
1757675585710 2.834969526201972 89
1757675585807 3.2924875520923567 90
1757675585904 2.017701676109261 91
1757675585998 3.6377966430774014 92
1757675586094 0.9639779844483002 93
1757675586187 3.139523771646175 94
1757675586277 3.9486549931192676 95
1757675586369 1.5627137670280435 96
1757675586469 2.6627751856598687 97
1757675586585 1.4447774266207187 98
1757675586682 3.4864886042193755 99
1757675586779 1.5675150871701053 100
1757675586874 1.1845977479687426 101
1757675586968 1.8988724858438284 102
1757675587064 2.2528493989821023 103
1757675587161 2.4794422446842255 104
1757675587256 0.9411843759073596 105
1757675587357 3.260481671987926 106
1757675587452 1.2976934374657552 107
1757675587548 1.9941637765652562 108
1757675587640 2.221901648388386 109
1757675587737 2.3731311502714 110
1757675587814 1.0426047563707659 111
1757675587907 2.8686188575693152 112
1757675588008 0.9778671551382964 113
1757675588102 2.225435887564981 114
1757675588191 1.221696991197768 115
1757675588282 1.8920319682524058 116
1757675588375 1.275720639932785 117
1757675588469 1.636039463650321 118
1757675588554 2.2128052374633866 119
1757675588646 1.375192164576889 120
1757675588743 2.036622836898911 121
1757675588839 0.8201812955848308 122
1757675588934 0.7105750217509404 123
1757675589038 1.0271697099115504 124
1757675589146 1.8372234542510337 125
1757675589241 1.5086365010960239 126
1757675589339 0.7002759278690385 127
1757675589440 1.4569724260865002 128
1757675589536 2.232419182515706 129
1757675589631 1.8915567524294918 130
1757675589728 1.0247877858857948 131
1757675589823 2.2078171217701748 132
1757675589920 0.7816826073050545 133
1757675590014 1.1108784788496509 134
1757675590112 1.4886368763621518 135
1757675590202 1.9906632935687458 136
1757675590296 0.7765364242017209 137
1757675590388 1.6393698237573924 138
1757675590480 0.8921390335573854 139
1757675590571 1.017349057921665 140
1757675590668 1.5605242074582895 141
1757675590765 0.793104170126726 142
1757675590862 0.4316074487269583 143
1757675590960 1.4109741224870198 144
1757675591057 0.8232989419613665 145
1757675591148 1.2719101520818423 146
1757675591244 1.215319241122167 147
1757675591338 0.494911744694089 148
1757675591435 0.7469040099810331 149
1757675591532 1.5544864590260847 150
1757675591633 1.579666770407556 151
1757675591728 1.7613213976653832 152
1757675591825 0.9796463237580312 153
1757675591924 1.6671159149569685 154
1757675592020 1.42921133731694 155
1757675592119 0.9491155722888827 156
1757675592211 1.4996382470091052 157
1757675592319 0.9777893525068921 158
1757675592418 1.205551306321678 159
1757675592529 0.7912858478199618 160
1757675592620 1.643655438926876 161
1757675592715 1.1871644947556919 162
1757675592809 1.5233573984980646 163
1757675592908 0.9026245915093932 164
1757675593007 1.5975588561287606 165
1757675593105 1.3956629471758202 166
1757675593203 0.940867408998355 167
1757675593303 0.8894246722667412 168
1757675593402 0.6740135023294943 169
1757675593496 1.691406878514321 170
1757675593595 1.245687459901921 171
1757675593690 1.0410305526503012 172
1757675593793 1.1518679961283598 173
1757675593889 0.7193042948047468 174
1757675593983 1.270849855262343 175
1757675594077 0.9021904855270104 176
1757675594170 1.4382279531980806 177
1757675594269 1.80631661634754 178
1757675594370 1.3601065704370705 179
1757675594467 1.1429803725199164 180
1757675594558 0.9612333319980986 181
1757675594658 0.9405944344641987 182
1757675594757 0.7924733450298355 183
1757675594851 0.5194970861239484 184
1757675594944 1.7676975057484194 185
1757675595042 0.8362268022265275 186
1757675595139 1.457939367145646 187
1757675595233 0.7862975991389024 188
1757675595331 1.689920989414307 189
1757675595431 1.136365167208479 190
1757675595529 1.24263531712554 191
1757675595631 1.3666094746758213 192
1757675595728 0.8266377442665179 193
1757675595825 1.059414250807013 194
1757675595921 1.3615272223570962 195
1757675596013 1.0943466330070322 196
1757675596107 2.4620170807314645 197
1757675596202 1.4618532857158322 198
1757675596305 1.7864904453181563 199
1757675596404 0.698668404242213 200
1757675596518 1.5190063600869497 201
1757675596611 0.862233224583156 202
1757675596708 1.8215037111744365 203
1757675596805 1.6227354893523191 204
1757675596902 1.2289745354233015 205
1757675597001 1.6598226918234504 206
1757675597100 0.6769877877076182 207
1757675597199 1.0849300780949709 208
1757675597297 1.2102247510844337 209
1757675597400 0.9457843251393591 210
1757675597502 2.395418205643283 211
1757675597602 1.3218935885464396 212
1757675597705 1.0809966679025398 213
1757675597803 0.7401613772596772 214
1757675597904 1.768837287178641 215
1757675598001 1.07718509694255 216
1757675598099 1.5914867042251852 217
1757675598196 1.5628290876890256 218
1757675598293 0.8261635090034273 219
1757675598392 1.0859291453382058 220
1757675598493 1.9436492582060936 221
1757675598588 1.4948168558755517 222
1757675598685 1.0727146054706844 223
1757675598783 1.0744940497077224 224
1757675598882 1.140795187728382 225
1757675598978 0.8010213254841395 226
1757675599096 0.9572046469142078 227
1757675599195 0.8139771335196528 228
1757675599298 0.6800614763390809 229
1757675599398 0.9648304635930373 230
1757675599503 0.7929078000319024 231
1757675599603 0.5806803866743484 232
1757675599703 1.1312349848485592 233
1757675599798 1.8011485529635847 234
1757675599900 1.2314002570612512 235
1757675599998 1.2882017601683717 236
1757675600101 0.684245980283341 237
1757675600198 1.412437420347942 238
1757675600299 1.5756114826671443 239
1757675600399 1.225144400199086 240
1757675600500 1.430831594365769 241
1757675600597 0.8428974159563957 242
1757675600697 0.9260681825273834 243
1757675600797 1.1135275529278683 244
1757675600903 1.4877158861595772 245
1757675601001 0.7182449769810271 246
1757675601101 0.9118531665866824 247
1757675601197 2.1424061568778385 248
1757675601294 1.1003184367364531 249
1757675601391 0.9983267381496735 250
1757675601487 1.763103546041587 251
1757675601590 0.8836061331002593 252
1757675601685 1.9788934831228013 253
1757675601782 0.7932030906030935 254
1757675601879 1.8124245401658494 255
1757675601982 0.8434126346221323 256
1757675602086 1.1517332244206178 257
1757675602183 0.9458086583011285 258
1757675602278 0.8752781771824291 259
1757675602375 0.7151508653674367 260
1757675602472 0.9045824208949387 261
1757675602569 0.8950637663693866 262
1757675602661 0.8233028912251046 263
1757675602762 1.4507608429147405 264
1757675602868 1.8163379760690055 265
1757675602996 0.9032545073121466 266
1757675603119 0.7118678794153341 267
1757675603227 0.8547270373028661 268
1757675603326 1.7651539917286785 269
1757675603428 1.4703621763330137 270
1757675603527 1.0485575760970873 271
1757675603632 0.8215078414630849 272
1757675603738 1.3883410874971525 273
1757675603836 1.452876572144659 274
1757675603934 1.9771280342443873 275
1757675604037 1.960236466981338 276
1757675604134 1.322199468827875 277
1757675604238 1.0478680294316676 278
1757675604341 1.3134560208184225 279
1757675604441 0.7966302402994955 280
1757675604540 0.8580330778162476 281
1757675604634 0.8338359400023009 282
1757675604732 0.835074490700097 283
1757675604835 1.8594013155312172 284
1757675604938 0.9959764143099848 285
1757675605038 0.7661493017073814 286
1757675605136 0.6811208060978009 287
1757675605235 0.9618893530916516 288
1757675605333 1.2557297076416514 289
1757675605436 1.0179219433165059 290
1757675605537 0.709883329368279 291
1757675605639 1.0233596527420499 292
1757675605740 1.0809528813068638 293
1757675605841 1.4225530219891733 294
1757675605942 0.558072411847854 295
1757675606041 0.9562953923790495 296
1757675606137 1.8402062267009751 297
1757675606234 1.0198426115216057 298
1757675606338 0.9030292921590193 299
1757675606435 0.7603582894147205 300
1757675606554 2.0398889156183615 301
1757675606652 1.0296189527381183 302
1757675606749 1.0513709239500502 303
1757675606845 1.4453214014178817 304
1757675606946 0.8769006935980723 305
1757675607042 1.40706750302702 306
1757675607141 1.0406431303178316 307
1757675607240 1.947443471159339 308
1757675607335 1.764244737526504 309
1757675607436 1.1220579293741657 310
1757675607536 0.8108371527134951 311
1757675607639 0.7791291032782448 312
1757675607738 0.6776923333970257 313
1757675607836 0.8615081807942065 314
1757675607937 1.2078693678550996 315
1757675608038 1.0457431469836336 316
1757675608140 1.6185720770113907 317
1757675608244 0.6375688041916344 318
1757675608343 0.6665521085891729 319
1757675608441 1.7576758147085605 320
1757675608541 1.3573881361768292 321
1757675608640 1.1861527592185284 322
1757675608732 1.3274566234940004 323
1757675608831 1.1767362783437731 324
1757675608935 0.48571081796219506 325
1757675609041 0.5854809582702707 326
1757675609155 1.6608295140933307 327
1757675609254 1.2099444330065043 328
1757675609355 1.270457211531219 329
1757675609454 1.0648458314896865 330
1757675609557 1.2191737065447072 331
1757675609657 1.2564152493127019 332
1757675609757 0.991846340864117 333
1757675609857 1.0315554580935185 334
1757675609956 0.7290911405285453 335
1757675610053 1.719248389162007 336
1757675610150 0.763517530016495 337
1757675610249 1.110869460815061 338
1757675610344 1.256890506883728 339
1757675610443 1.1768354162413006 340
1757675610541 0.9385456577890388 341
1757675610638 1.701970172780025 342
1757675610733 1.4747473033772192 343
1757675610836 0.9996633141054106 344
1757675610934 1.6282036311511314 345
1757675611038 1.2193372081568392 346
1757675611137 0.8114394285217326 347
1757675611237 1.0149262081821195 348
1757675611339 1.3372454875889648 349
1757675611441 1.0323928713147534 350
1757675611541 0.9662284069681296 351
1757675611640 1.6322941452826423 352
1757675611743 1.1892414095734314 353
1757675611840 1.3349670110160545 354
1757675611937 1.2165715189065995 355
1757675612038 0.5840401109973161 356
1757675612136 1.5980881707560997 357
1757675612239 0.8538915594140098 358
1757675612339 0.8843040382188888 359
1757675612441 1.0450637464081898 360
1757675612541 0.8434622589895421 361
1757675612637 1.1677061259479362 362
1757675612731 0.8771688606973934 363
1757675612837 1.3514133496396281 364
1757675612935 1.0684421859450217 365
1757675613043 1.2711808737620502 366
1757675613148 0.9039709907078118 367
1757675613247 0.9972611666243085 368
1757675613346 1.0765311400769995 369
1757675613447 0.7866862475208447 370
1757675613545 0.6304206520488728 371
1757675613646 1.5088437861831816 372
1757675613748 0.6563214294836057 373
1757675613847 1.293289563803133 374
1757675613947 1.6228842058158368 375
1757675614049 1.2264425962991137 376
1757675614147 0.7237859104079866 377
1757675614244 1.3362678848015288 378
1757675614344 1.081477156685716 379
1757675614445 2.3028145393332946 380
1757675614541 1.0328242650781936 381
1757675614641 0.7582130138165946 382
1757675614731 0.8505556369498904 383
1757675614835 2.155811869447032 384
1757675614940 2.3178515683587206 385
1757675615042 1.1159551276934294 386
1757675615148 0.6952314432217583 387
1757675615251 1.1031208077697718 388
1757675615347 1.960186149584519 389
1757675615446 0.4818783970345776 390
1757675615548 0.47027032476916547 391
1757675615646 1.0689895430417413 392
1757675615747 0.7048167543750833 393
1757675615848 0.7557986735842742 394
1757675615950 1.6477367319333112 395
1757675616052 0.9304426840364338 396
1757675616175 1.4728098204862727 397
1757675616291 1.3282638732335779 398
1757675616396 0.6496851972706202 399
1757675616511 0.6022802285289729 400
1757675616614 0.9428470590605981 401
1757675616710 1.062764136152005 402
1757675616805 1.680221730198576 403
1757675616909 0.9599371452704607 404
1757675617054 0.3540252616044191 405
1757675617171 1.3429022122568117 406
1757675617287 1.0494761952602956 407
1757675617410 1.615384276533158 408
1757675617528 1.2332335898495763 409
1757675617637 1.2736385363625138 410
1757675617742 0.9065827759493397 411
1757675617843 0.681110564606626 412
1757675617946 1.6862861014807828 413
1757675618051 1.5630832316839762 414
1757675618159 0.6088022717197563 415
1757675618264 1.4846557620428482 416
1757675618370 0.6949630242468912 417
1757675618471 0.772076027969138 418
1757675618574 1.2051504253162841 419
1757675618675 0.8794014326527436 420
1757675618768 0.7183284949209457 421
1757675618879 1.7895116586023445 422
1757675618979 1.5129065662827874 423
1757675619101 0.8996880898923116 424
1757675619214 1.0930822680961427 425
1757675619316 1.631014087874109 426
1757675619421 1.175330425226693 427
1757675619523 0.6134491880682207 428
1757675619641 1.0915986736062753 429
1757675619746 1.2753559560322607 430
1757675619845 1.8343265559020339 431
1757675619948 0.7618166548974381 432
1757675620049 1.8198439025458069 433
1757675620149 1.1908479801987668 434
1757675620246 0.5842756966867686 435
1757675620347 1.20100321286473 436
1757675620451 0.6767831972426174 437
1757675620554 0.8767960606661686 438
1757675620661 0.6951591952051582 439
1757675620766 0.7608139750820452 440
1757675620868 0.9915443223439162 441
1757675620971 0.6039684728215763 442
1757675621076 1.1249385483846974 443
1757675621179 0.5912611904751679 444
1757675621280 1.917201273569331 445
1757675621379 2.062781251114247 446
1757675621486 0.8282607819584131 447
1757675621592 0.8105889646319661 448
1757675621697 0.3342074578018737 449
1757675621837 1.6066939266990654 450
1757675621956 1.3290986017637472 451
1757675622073 1.4553379607247094 452
1757675622188 0.48483870541541274 453
1757675622301 1.1997980673464097 454
1757675622407 1.032519800321775 455
1757675622510 0.41683538047333807 456
1757675622614 0.887235960374126 457
1757675622715 1.4618431505577867 458
1757675622806 1.3379721291994555 459
1757675622907 1.4222558150968367 460
1757675623015 0.6912079955873193 461
1757675623121 0.9135683178259391 462
1757675623231 1.2547779104445353 463
1757675623344 0.6811098963488033 464
1757675623444 0.6637474621912534 465
1757675623542 0.8448849992444004 466
1757675623653 1.0124902411810708 467
1757675623757 1.9488406441347745 468
1757675623859 1.3096001987702826 469
1757675623967 1.1345599002996114 470
1757675624071 0.8768896490287519 471
1757675624175 0.9438855688985439 472
1757675624274 0.6753662097477797 473
1757675624378 0.6558772692005267 474
1757675624478 0.9092994207044652 475
1757675624581 1.7326557432579643 476
1757675624682 1.5107147102750442 477
1757675624781 1.2137578061834562 478
1757675624878 1.2224455949879225 479
1757675624983 1.3055545225733316 480
1757675625082 0.5903139578446379 481
1757675625187 2.460383000150208 482
1757675625293 2.1682425719932303 483
1757675625401 1.1841261715150153 484
1757675625508 1.0148120514642198 485
1757675625615 1.890079624539474 486
1757675625715 1.8412930445086495 487
1757675625817 0.9315596320830442 488
1757675625917 1.0710984459321455 489
1757675626020 0.5582042395108159 490
1757675626153 1.4176613066658563 491
1757675626283 0.5059905465285665 492
1757675626403 0.35987412335116725 493
1757675626536 1.0148835208221152 494
1757675626654 0.9236874313990022 495
1757675626762 0.9983746595474341 496
1757675626858 1.2161047074058826 497
1757675626961 0.668170019309555 498
1757675627067 0.8332631738720279 499
