1757448078434 0.15618508750093266 0
1757448078527 0.0033837853348012412 1
1757448078625 1.8607611388859893 2
1757448078729 0.80576562536583 3
1757448078824 0.12163053386708694 4
1757448078919 0.6531437647725109 5
1757448079018 0.17412909947880953 6
1757448079116 0.007903172537016695 7
1757448079212 0.5631421556480952 8
1757448079308 0.5183955938564349 9
1757448079405 0.023721638272935497 10
1757448079505 0.2625118382785017 11
1757448079603 0.8806725345734501 12
1757448079704 0.20452233197568934 13
1757448079800 1.3414744156800003 14
1757448079895 0.017645131739491882 15
1757448079994 0.3318621199069741 16
1757448080097 0.6540446073597244 17
1757448080191 0.014741215521391352 18
1757448080289 1.1065941781146418 19
1757448080384 1.5203209059950007 20
1757448080482 3.2386653725139776 21
1757448080580 0.5444201433195499 22
1757448080677 0.21088772111647697 23
1757448080777 0.021696059863834275 24
1757448080872 0.00493453992390439 25
1757448080967 1.3391025722825203 26
1757448081064 0.6603786641993337 27
1757448081162 0.3157821594571456 28
1757448081259 9.813991793754717 29
1757448081356 1.8718041940421515 30
1757448081451 0.29741345223482024 31
1757448081546 1.4214224606734371 32
1757448081644 1.2864621243600514 33
1757448081738 0.0413795447113828 34
1757448081832 0.0025941563455017485 35
1757448081930 0.0018581603943420878 36
1757448082030 0.9932858703383988 37
1757448082128 1.9557862381799647 38
1757448082221 0.5322049595414942 39
1757448082317 0.06473920228101754 40
1757448082407 0.06224003522583755 41
1757448082503 0.666774221337074 42
1757448082598 0.06266538674584948 43
1757448082692 0.42763247155215106 44
1757448082790 3.832973351565678 45
1757448082888 0.9057078795497367 46
1757448082984 0.3580946059907925 47
1757448083086 0.8215066617829273 48
1757448083186 0.028046099170997336 49
1757448083283 1.8018843201942187 50
1757448083382 0.030583791889100435 51
1757448083478 0.13332997801466695 52
1757448083573 0.8567372507831066 53
1757448083664 0.12328319144394652 54
1757448083761 1.17054030776243 55
1757448083854 0.08752882987636729 56
1757448083951 4.287572278094115 57
1757448084048 0.017935883244547177 58
1757448084146 0.5158211414360535 59
1757448084244 0.002051086801040779 60
1757448084341 0.06441392181012795 61
1757448084440 0.1523529145908233 62
1757448084536 0.01743906187917218 63
1757448084632 0.350378262888063 64
1757448084728 3.96218823701053 65
1757448084826 1.3004216207048498 66
1757448084924 0.016048090558973657 67
1757448085024 1.1406555736631505 68
1757448085122 0.5544056516890513 69
1757448085219 1.647795567591601e-05 70
1757448085316 0.10667017898500256 71
1757448085410 2.322615315173775 72
1757448085505 0.548407207380586 73
1757448085603 1.3546265376538245 74
1757448085703 17.74930935809672 75
1757448085800 1.3541620277825261 76
1757448085898 0.0010910600749392434 77
1757448086000 0.058477054578870875 78
1757448086098 0.6979138030537921 79
1757448086198 0.9860292282774944 80
1757448086294 0.07061086534944006 81
1757448086392 4.389234267149039 82
1757448086487 0.0029401425616092177 83
1757448086585 0.8335344091021933 84
1757448086682 1.9310893251309957 85
1757448086777 0.003121029607712751 86
1757448086874 0.037538335321134784 87
1757448086973 0.5508575015192171 88
1757448087068 0.0016057899624868574 89
1757448087165 1.091611560259663 90
1757448087263 0.4384689743610639 91
1757448087363 2.5131807165148574 92
1757448087458 1.1255649644774912 93
1757448087553 1.0462609557931073 94
1757448087649 0.00022974460953827818 95
1757448087749 0.0027656655333307668 96
1757448087845 5.038866749723175 97
1757448087942 0.30247462898723027 98
1757448088039 2.1164600076491493 99
1757448088134 2.9272790243832283 100
1757448088232 11.249240512138062 101
1757448088334 1.4692505543462446 102
1757448088434 0.1281089663435206 103
1757448088532 0.031764161215646146 104
1757448088626 1.1040648175462213 105
1757448088722 0.5273370668191241 106
1757448088820 0.01028834418744474 107
1757448088916 0.7320990058722465 108
1757448089012 1.2598151506032118 109
1757448089108 3.343326116693356 110
1757448089204 0.0009898827540843118 111
1757448089301 0.33470395317115076 112
1757448089397 1.3576531961229876 113
1757448089495 0.369855883724804 114
1757448089593 0.25743043113771324 115
1757448089692 4.8597793271784 116
1757448089788 0.14495072212550064 117
1757448089885 0.8238907350847329 118
1757448089981 0.17266218191047122 119
1757448090076 0.3180530286363348 120
1757448090173 0.3277496799319085 121
1757448090269 0.04110759243415046 122
1757448090368 1.1983322786898112 123
1757448090462 0.5856553085926591 124
1757448090563 0.19437983453573257 125
1757448090661 0.0059678754150486665 126
1757448090759 0.027461624372140638 127
1757448090856 0.07134536291433596 128
1757448090952 0.6217166993500157 129
1757448091050 0.011269640384043107 130
1757448091146 0.04008558958354507 131
1757448091242 0.28416456235731186 132
1757448091341 0.15187538871859788 133
1757448091440 2.9253816680956124 134
1757448091536 0.329315764355623 135
1757448091633 0.12735336308491937 136
1757448091731 0.02209787397806241 137
1757448091827 0.281203934396302 138
1757448091925 0.4180905083894162 139
1757448092025 0.1067501958158018 140
1757448092124 0.35968218437761523 141
1757448092224 0.6732932932870821 142
1757448092322 0.26166816840900964 143
1757448092418 0.2654113067568877 144
1757448092517 0.21685555886835384 145
1757448092616 0.592045310813176 146
1757448092715 0.1403243423182328 147
1757448092813 0.038430773694367516 148
1757448092910 1.5401982352490142 149
1757448093008 1.66812651200913 150
1757448093109 0.6135595365240674 151
1757448093208 1.2939995947341116 152
1757448093310 6.0741210696718265e-05 153
1757448093409 0.3284295629987741 154
1757448093524 4.980909290917856 155
1757448093619 0.5571064331939685 156
1757448093727 1.3874571023569031 157
1757448093826 0.07303507394571987 158
1757448093924 1.660564067136279 159
1757448094022 0.6787606178792097 160
1757448094119 0.02789591082788789 161
1757448094217 0.011957954733078814 162
1757448094316 0.7367081879678196 163
1757448094415 0.4361665424887442 164
1757448094514 0.5477296361375794 165
1757448094615 1.786893079993642 166
1757448094712 0.5315894059437788 167
1757448094811 0.728096636916604 168
1757448094909 0.40888209055549457 169
1757448095009 0.007164184053429713 170
1757448095107 0.6019659619060137 171
1757448095207 0.16768222217980241 172
1757448095307 0.18960278925795807 173
1757448095408 4.896665490390369 174
1757448095507 0.00023017449159578958 175
1757448095605 0.11858974873460458 176
1757448095704 0.004122842747782389 177
1757448095802 5.130362260934134 178
1757448095900 0.2864166813302504 179
1757448096003 0.30672873284760727 180
1757448096098 0.019066160863641612 181
1757448096196 0.8029128495161199 182
