1757589291798 163.29671210766756 0
1757589291872 154.7793031980569 1
1757589291940 150.8531739454182 2
1757589292008 146.96118442792306 3
1757589292075 143.17270654019492 4
1757589292142 139.48403879469478 5
1757589292212 135.89254818536105 6
1757589292278 132.3956585130532 7
1757589292346 128.99086226136282 8
1757589292415 125.6757185851107 9
1757589292483 122.44785153725492 10
1757589292554 119.30494834054147 11
1757589292621 116.24475770525454 12
1757589292683 113.26508819180242 13
1757589292746 110.36380661694447 14
1757589292816 107.5388365024951 15
1757589292886 104.78815656537243 16
1757589292956 102.10979924788906 17
1757589293015 99.50776821313221 18
1757589293083 96.97105159983556 19
1757589293156 94.50099792348253 20
1757589293227 92.09580170953623 21
1757589293295 89.7537471250578 22
1757589293361 87.47316335610185 23
1757589293427 85.25242398420595 24
1757589293499 83.0899457967469 25
1757589293567 80.98418763693404 26
1757589293637 78.9336492843384 27
1757589293709 76.9368703652536 28
1757589293779 74.9924292920912 29
1757589293851 73.09894223103669 30
1757589293923 71.25506209721271 31
1757589293995 69.45947757661611 32
1757589294065 67.71091217411488 33
1757589294137 66.00812328681064 34
1757589294205 64.34990130209002 35
1757589294270 62.735068719706916 36
1757589294336 61.16247929725506 37
1757589294404 59.63101721840727 38
1757589294477 58.139596283314425 39
1757589294559 56.687159120573455 40
1757589294634 55.27267642018936 41
1757589294709 53.895146186971665 42
1757589294781 52.55359301382041 43
1757589294860 51.247067374371674 44
1757589294926 49.9746449344864 45
1757589294989 48.73542588208029 46
1757589295059 47.528534274805914 47
1757589295125 46.353117405111 48
1757589295191 45.208345182209875 49
1757589295255 44.09340953051712 50
1757589295327 43.00752380410476 51
1757589295399 41.94992221675563 52
1757589295473 40.919859287197504 53
1757589295547 39.916609299113176 54
1757589295622 38.9394657755325 55
1757589295697 37.98774096722346 56
1757589295769 37.06076535470871 57
1757589295840 36.157887163544686 58
1757589295909 35.278471892509685 59
1757589295983 34.421901854356825 60
1757589296055 33.58757572879713 61
1757589296120 32.77490812738661 62
1757589296189 31.983329170000154 63
1757589296259 31.212284072583476 64
1757589296330 30.461232745882356 65
1757589296407 29.729649404856875 66
1757589296486 29.017022188495595 67
1757589296557 28.322852789752762 68
1757589296626 27.646656095338606 69
1757589296696 26.987959835100177 70
1757589296761 26.34630424073721 71
1757589296832 25.721241713604112 72
1757589296902 25.112336501356026 73
1757589296978 24.519164383203364 74
1757589297048 23.941312363545137 75
1757589297118 23.378378373758157 76
1757589297183 22.829970981924482 77
1757589297250 22.295709110285785 78
1757589297322 21.77522176021857 79
1757589297396 21.268147744529998 80
1757589297467 20.774135426879102 81
1757589297539 20.292842468133667 82
1757589297610 19.823935579477872 83
1757589297680 19.367090282090885 84
1757589297752 18.921990673221313 85
1757589297825 18.488329198487023 86
1757589297897 18.06580643023465 87
1757589297969 17.65413085179711 88
1757589298040 17.253018647492148 89
1757589298112 16.862193498208956 90
1757589298184 16.481386382433847 91
1757589298255 16.110335382570256 92
1757589298328 15.74878549641189 93
1757589298399 15.396488453631848 94
1757589298473 15.053360377323903 95
1757589298545 14.718766582613236 96
1757589298614 14.392956726265494 97
1757589298685 14.075385948084097 98
1757589298754 13.765920130201925 99
1757589298822 13.464346845343723 100
1757589298895 13.170460289468275 101
1757589298969 12.884060071237949 102
1757589299036 12.604951082560508 103
1757589299110 12.332943358304545 104
1757589299179 12.0678519399402 105
1757589299252 11.809496742803482 106
1757589299323 11.557702426890392 107
1757589299395 11.312298271086854 108
1757589299469 11.073118050742837 109
1757589299542 10.839999918501713 110
1757589299615 10.612786288298077 111
1757589299686 10.39132372243973 112
1757589299759 10.175462821691594 113
1757589299828 9.965058118281728 114
1757589299903 9.759967971751536 115
1757589299983 9.560054467574481 116
1757589300054 9.365183318469592 117
1757589300129 9.175223768337993 118
1757589300201 8.99004849875256 119
1757589300273 8.809533537932865 120
1757589300345 8.633558172139065 121
1757589300425 8.462004859420471 122
1757589300496 8.294759145656025 123
1757589300563 8.131709582825703 124
1757589300628 7.972747649453429 125
1757589300703 7.817767673163722 126
1757589300771 7.66666675529576 127
1757589300844 7.519344697520157 128
1757589300912 7.37570393040506 129
1757589300982 7.235649443879742 130
1757589301050 7.09908871954515 131
1757589301122 6.9659316647822855 132
1757589301194 6.836090548610496 133
1757589301266 6.70947993924918 134
1757589301337 6.586016643337497 135
1757589301409 6.465619646768037 136
1757589301477 6.348210057091401 137
1757589301553 6.233711047449989 138
1757589301627 6.122047802000203 139
1757589301699 6.013147462783521 140
1757589301770 5.9069390780078885 141
1757589301839 5.803353551701835 142
1757589301909 5.702323594704889 143
1757589301987 5.6037836769586304 144
1757589302064 5.50766998106389 145
1757589302141 5.413920357070262 146
1757589302215 5.322474278465321 147
1757589302291 5.233272799331478 148
1757589302370 5.146258512639478 149
1757589302442 5.061375509648304 150
1757589302517 4.978569340382064 151
1757589302589 4.897786975155154 152
1757589302662 4.8189767671179045 153
1757589302735 4.742088415795491 154
1757589302804 4.6670729315937285 155
1757589302878 4.593882601246037 156
1757589302953 4.522470954176527 157
1757589303025 4.452792729754862 158
1757589303101 4.3848038454191745 159
1757589303173 4.3184613656439526 160
1757589303246 4.253723471730435 161
1757589303319 4.190549432397643 162
1757589303392 4.128899575152745 163
1757589303467 4.068735258420078 164
1757589303539 4.010018844408614 165
1757589303613 3.952713672698233 166
1757589303710 3.8967840345257643 167
1757589303827 3.842195147752103 168
1757589303891 3.7889131324923717 169
1757589303955 3.7369049873914655 170
1757589304020 3.686138566527834 171
1757589304096 3.6365825569288135 172
1757589304172 3.5882064566812506 173
1757589304249 3.5409805536215986 174
1757589304323 3.494875904590088 175
1757589304416 3.449864315233994 176
1757589304524 3.4059183203453767 177
1757589304598 3.363011164719147 178
1757589304676 3.321116784517599 179
1757589304749 3.280209789127955 180
1757589304821 3.240265443499836 181
1757589304894 3.201259650949917 182
1757589304970 3.1631689364213447 183
1757589305046 3.125970430185843 184
1757589305118 3.0896418519767406 185
1757589305190 3.0541614955415204 186
1757589305260 3.019508213602672 187
1757589305334 2.985661403216091 188
1757589305406 2.952600991516398 189
1757589305480 2.9203074218389684 190
1757589305554 2.88876164020861 191
1757589305625 2.857945082185206 192
1757589305696 2.8277783059934065 193
1757589305774 2.798398574942968 194
1757589305845 2.769663190854264 195
1757589305924 2.7415877429669218 196
1757589305996 2.7141555858438435 197
1757589306068 2.687291766985501 198
1757589306144 2.6611299155986723 199
1757589306225 2.635534126584279 200
1757589306307 2.610520803956278 201
1757589306391 2.586075300920085 202
1757589306474 2.5621267267455785 203
1757589306555 2.5388051893849077 204
1757589306636 2.515981009744159 205
1757589306716 2.493671234482613 206
1757589306788 2.4718629689293072 207
1757589306864 2.450489005474823 208
1757589306938 2.4296760521167453 209
1757589307017 2.4093001412248127 210
1757589307095 2.3893788162798355 211
1757589307175 2.3698472693824146 212
1757589307253 2.350829583481225 213
1757589307331 2.3322060220011878 214
1757589307405 2.31399443616163 215
1757589307481 2.296184559662832 216
1757589307556 2.278714982348092 217
1757589307629 2.261706615018717 218
1757589307704 2.2450446219925615 219
1757589307781 2.228747143854195 220
1757589307855 2.212754768578189 221
1757589307929 2.197185971247586 222
1757589308006 2.181929551762978 223
1757589308082 2.1670038166020857 224
1757589308159 2.152351473738752 225
1757589308237 2.138088644164886 226
1757589308314 2.1241075292665457 227
1757589308396 2.110426551613748 228
1757589308477 2.096990387269487 229
1757589308558 2.083912888612734 230
1757589308640 2.071089441027786 231
1757589308720 2.0584914806125596 232
1757589308798 2.046230964637834 233
1757589308871 2.034205537103642 234
1757589308946 2.0224337238841086 235
1757589309023 2.010863315838756 236
1757589309102 1.9996043984944347 237
1757589309183 1.988557452041498 238
1757589309268 1.9777410144869445 239
1757589309350 1.967104486308644 240
1757589309432 1.9567559157912453 241
1757589309515 1.9465984445542477 242
1757589309594 1.9366063771811928 243
1757589309678 1.9268860602698077 244
1757589309759 1.9173425257881664 245
1757589309844 1.9079942680205966 246
1757589309923 1.8987932411200321 247
1757589310003 1.8898441233166983 248
1757589310083 1.881054322128347 249
1757589310164 1.8724422770408213 250
1757589310247 1.8639612649927657 251
1757589310329 1.8557141478795998 252
1757589310411 1.8476105652303558 253
1757589310497 1.8396271145015088 254
1757589310577 1.8318651372662953 255
1757589310661 1.8242358603083577 256
1757589310743 1.8167164238702904 257
1757589310818 1.8094069041363696 258
1757589310896 1.802220039228938 259
1757589310972 1.7951740616399339 260
1757589311051 1.7882251781324856 261
1757589311126 1.7814720400098258 262
1757589311204 1.7748292896456979 263
1757589311281 1.768275215776523 264
1757589311358 1.7619071020048478 265
1757589311453 1.755640948239249 266
1757589311532 1.7494554895228598 267
1757589311610 1.7434468781016608 268
1757589311686 1.7375324071631224 269
1757589311766 1.7317300353757648 270
1757589311842 1.7259984363475451 271
1757589311920 1.7204324977244543 272
1757589311996 1.7149511431040352 273
1757589312070 1.7095340538985628 274
1757589312146 1.7042748902877993 275
1757589312223 1.6990937394660295 276
1757589312301 1.6939706514247828 277
1757589312381 1.6889982784446103 278
1757589312458 1.6840978167217961 279
1757589312534 1.6792496645862725 280
1757589312612 1.674545501359686 281
1757589312688 1.669907582652228 282
1757589312766 1.6653534603707736 283
1757589312840 1.6608444528740576 284
1757589312916 1.6564711644610945 285
1757589312993 1.6521571870826655 286
1757589313070 1.6478836596133257 287
1757589313147 1.6437401226082362 288
1757589313226 1.6396511230689066 289
1757589313307 1.6355980890947235 290
1757589313386 1.6316696977931815 291
1757589313469 1.6277914068034172 292
1757589313550 1.6239449180094798 293
1757589313633 1.620218075873944 294
1757589313717 1.6165372085329945 295
1757589313800 1.6128842771039233 296
1757589313886 1.609346323279884 297
1757589313969 1.6058505074382108 298
1757589314054 1.6023790362377421 299
1757589314136 1.5990181775637813 300
1757589314218 1.5956958875661633 301
1757589314299 1.5923946055572291 302
1757589314382 1.589199853677044 303
1757589314465 1.5860403490747688 304
1757589314545 1.5828987515796777 305
1757589314624 1.5798598647663433 306
1757589314703 1.5768531336189944 307
1757589314782 1.5738614270502709 308
1757589314858 1.5709688563830424 309
1757589314938 1.5681055627996883 310
1757589315014 1.5652546135205092 311
1757589315095 1.562499453082225 312
1757589315176 1.5597708886788 313
1757589315253 1.5570521756783557 314
1757589315333 1.5544261164670654 315
1757589315413 1.551824155441599 316
1757589315495 1.5492297265348531 317
1757589315582 1.5467250138068738 318
1757589315666 1.5442420713572553 319
1757589315752 1.5417645026410143 320
1757589315838 1.5393738964244206 321
1757589315919 1.5370028902545265 322
1757589316005 1.5346352485722987 323
1757589316087 1.532351987109924 324
1757589316171 1.5300863017895159 325
1757589316254 1.5278221099767333 326
1757589316340 1.5256398758762586 327
1757589316432 1.5234733298380891 328
1757589316515 1.5213065345367809 329
1757589316599 1.5192194234226373 330
1757589316682 1.5171462383968422 331
1757589316766 1.5150711802450807 332
1757589316853 1.5130736717226203 333
1757589316933 1.5110884444238397 334
1757589317014 1.509099830440218 335
1757589317093 1.5071867611971679 336
1757589317173 1.5052844370939913 337
1757589317252 1.5033773150911773 338
1757589317334 1.5015438539748407 339
1757589317416 1.4997197029842615 340
1757589317497 1.497889437858423 341
1757589317575 1.4961310627794553 342
1757589317656 1.4943806567410696 343
1757589317738 1.4926229084956895 344
1757589317819 1.4909353850207194 345
1757589317902 1.4892545768165275 346
1757589317988 1.4875652801899677 347
1757589318073 1.4859446416958804 348
1757589318156 1.4843295458918484 349
1757589318239 1.4827048914680285 350
1757589318321 1.4811474207404691 351
1757589318404 1.4795943956354443 352
1757589318487 1.4780308123262222 353
1757589318573 1.4765330244938373 354
1757589318655 1.4750082087445535 355
1757589318735 1.4735484247338837 356
1757589318814 1.4720914094325745 357
1757589318889 1.4706223131197256 358
1757589318976 1.469216873851603 359
1757589319058 1.4678132845552163 360
1757589319140 1.4663967795110995 361
1757589319223 1.4650427470851564 362
1757589319306 1.463689702326588 363
1757589319390 1.4623229611009927 364
1757589319478 1.4610175756906998 365
1757589319567 1.4597123696895873 366
1757589319654 1.458392736718752 367
1757589319730 1.4571334061074992 368
1757589319811 1.4558734969988716 369
1757589319891 1.4545984771334417 370
1757589319974 1.4533827655359697 371
1757589320060 1.4521657644590251 372
1757589320145 1.4509330123092492 373
1757589320230 1.4497586299892993 374
1757589320314 1.4485527526768476 375
1757589320395 1.447404758546773 376
1757589320481 1.4462543837466117 377
1757589320562 1.445087278988089 378
1757589320645 1.4439770931012061 379
1757589320730 1.4428682456134376 380
1757589320838 1.441735619232628 381
1757589320919 1.4406656087274785 382
1757589321000 1.4395855450768895 383
1757589321082 1.4384942017689888 384
1757589321165 1.4374517099243602 385
1757589321244 1.4364116278586387 386
1757589321310 1.435346808801447 387
1757589321385 1.4343430951379326 388
1757589321468 1.433328327435897 389
1757589321556 1.4323013343463793 390
1757589321641 1.4313218179546734 391
1757589321730 1.430314775555681 392
1757589321818 1.4293548898689559 393
1757589321907 1.4283961116643147 394
1757589321994 1.427411505430574 395
1757589322083 1.426486231082365 396
1757589322170 1.4255487465127104 397
1757589322252 1.4245979445222556 398
1757589322339 1.4236930069513731 399
1757589322424 1.4227883303584306 400
1757589322506 1.421857120191743 401
1757589322589 1.4209840710766866 402
1757589322674 1.4200980601353066 403
1757589322755 1.4191980217615396 404
1757589322835 1.4183427847600423 405
1757589322917 1.417458509745001 406
1757589322999 1.4166188088178633 407
1757589323081 1.4157783807577586 408
1757589323163 1.4149106050065237 409
1757589323242 1.4140996101263257 410
1757589323325 1.4132747813141555 411
1757589323407 1.412435101150936 412
1757589323489 1.4116389708595998 413
1757589323574 1.4108414685925974 414
1757589323661 1.4100160897344158 415
1757589323748 1.4092465772872467 416
1757589323836 1.4084626614725633 417
1757589323921 1.40766335589206 418
1757589324006 1.406906772230999 419
1757589324090 1.4061200201098325 420
1757589324177 1.405375832504182 421
1757589324264 1.4046295159320208 422
1757589324350 1.4038547096933531 423
1757589324435 1.4031346878069846 424
1757589324517 1.4023995988895956 425
1757589324601 1.4016484922470005 426
1757589324687 1.4009391293287743 427
1757589324782 1.4002271415752774 428
1757589324868 1.3994862639973418 429
1757589324950 1.3987994514963908 430
1757589325052 1.3980691316319058 431
1757589325145 1.3973927508867556 432
1757589325232 1.3967007318065732 433
1757589325321 1.3959921548621794 434
1757589325407 1.3953286547278716 435
1757589325492 1.3946514551047682 436
1757589325578 1.3939575073906587 437
1757589325666 1.3933041609469412 438
1757589325754 1.3926474075223827 439
1757589325843 1.3919611410520094 440
1757589325930 1.3913277941184516 441
1757589326018 1.3906782630822805 442
1757589326105 1.3900116546126997 443
1757589326196 1.389385109064294 444
1757589326283 1.388727013556685 445
1757589326371 1.3881089096225683 446
1757589326463 1.3874869170541275 447
1757589326550 1.3868350334220263 448
1757589326638 1.3862353570453914 449
1757589326723 1.3856190803304742 450
1757589326812 1.3849853295597625 451
1757589326902 1.3843910022651313 452
1757589326986 1.3837924689903875 453
1757589327065 1.3831637958623748 454
1757589327149 1.3825868542143744 455
1757589327238 1.3819654106768298 456
1757589327325 1.3813956451160825 457
1757589327415 1.380808917450249 458
1757589327507 1.3802043709962628 459
1757589327595 1.3796428335470716 460
1757589327684 1.3790663218793573 461
1757589327771 1.3784718666695739 462
1757589327856 1.3779160835624535 463
1757589327941 1.3773555883735695 464
1757589328032 1.3767645620804412 465
1757589328120 1.376224504775145 466
1757589328207 1.3756396389905938 467
1757589328296 1.3751057115794627 468
1757589328384 1.3745544025220193 469
1757589328472 1.3739848715220642 470
1757589328556 1.373453544822671 471
1757589328643 1.372917191797459 472
1757589328733 1.3723500678113718 473
1757589328819 1.371833435578058 474
1757589328905 1.3712992258718326 475
1757589328992 1.370746603386834 476
1757589329093 1.3702318729470149 477
1757589329171 1.3696845162710494 478
1757589329251 1.3691750473656055 479
1757589329337 1.3686602749307817 480
1757589329421 1.3681145229969853 481
1757589329509 1.3676188416735784 482
1757589329597 1.367109465542308 483
1757589329684 1.3665711323693452 484
1757589329768 1.366082718217252 485
1757589329851 1.3655764132883972 486
1757589329933 1.3650513905539614 487
1757589330014 1.3645637590846762 488
1757589330095 1.364043257244057 489
1757589330174 1.3635601574350553 490
1757589330255 1.3630714279475706 491
1757589330337 1.3625514748913692 492
1757589330422 1.362081092798204 493
1757589330505 1.3615926255801074 494
1757589330589 1.3610852495164025 495
1757589330669 1.360614951827629 496
1757589330748 1.360138869978255 497
1757589330830 1.3596314492776533 498
1757589330916 1.3591733609210837 499
