1757431943725 87.82796138283767 0
1757431943964 47.400815144888774 1
1757431944102 25.63451328676537 2
1757431944200 9.496076029397216 3
1757431944288 13.071984273550546 4
1757431944383 7.893213237639723 5
1757431944470 13.125948809179654 6
1757431944562 9.826154108226982 7
1757431944648 16.649919495246664 8
1757431944733 11.037662914958199 9
1757431944823 4.848360180793775 10
1757431944910 12.820328715242368 11
1757431944995 7.211722756468325 12
1757431945098 5.521881575542849 13
1757431945203 5.079407433451796 14
1757431945291 14.185590351436662 15
1757431945383 13.780947825451342 16
1757431945475 12.037044263368392 17
1757431945565 9.446217733969881 18
1757431945651 12.028372715672473 19
1757431945741 1.5424412713251785 20
1757431945842 6.234383861595663 21
1757431945929 6.835160092560679 22
1757431946021 9.908882076160177 23
1757431946116 11.785140312907464 24
1757431946207 8.494877947991883 25
1757431946297 4.368816139054115 26
1757431946385 9.710504645783026 27
1757431946473 5.3788068538055 28
1757431946561 5.583649124214051 29
1757431946652 4.5688655539589185 30
1757431946741 3.6506571215299815 31
1757431946830 40.00660916919692 32
1757431946918 11.332033503988212 33
1757431947004 8.210240822627206 34
1757431947099 8.783063398185664 35
1757431947190 12.467769626837475 36
1757431947280 2.9789506421435767 37
1757431947374 8.830435708723256 38
1757431947461 7.71283449292141 39
1757431947548 5.3203610931549 40
1757431947639 6.235593701318146 41
1757431947729 17.423327769546063 42
1757431947819 6.644398030565307 43
1757431947919 7.288610710661785 44
1757431948010 9.561177774094732 45
1757431948101 13.077552120265006 46
1757431948187 17.67145772438045 47
1757431948275 2.9742711611686823 48
1757431948364 8.515670616704938 49
1757431948450 5.000884683516415 50
1757431948537 5.246201439685144 51
1757431948622 7.753562931396763 52
1757431948706 2.7634953892749246 53
1757431948792 2.2944974652476344 54
1757431948880 2.1343747964842903 55
1757431948969 9.156225656243157 56
1757431949056 5.409967918539207 57
1757431949145 16.47306869009084 58
1757431949234 18.384046748160284 59
1757431949324 9.128662246328135 60
1757431949413 6.460568564710045 61
1757431949503 5.543264544745165 62
1757431949590 9.86974085384205 63
1757431949677 8.196843022542383 64
1757431949764 5.158447226577411 65
1757431949852 8.53837627548428 66
1757431949938 4.702164851321388 67
1757431950027 6.703298420344547 68
1757431950115 5.7855845615749635 69
1757431950201 3.5865154588596635 70
1757431950287 6.78841916509323 71
1757431950373 13.341753018004813 72
1757431950456 5.970613825483589 73
1757431950548 21.39562946375721 74
1757431950631 3.5373249818973793 75
1757431950717 3.661175004361904 76
1757431950803 5.353301640695853 77
1757431950889 4.385797953104512 78
1757431950977 9.907989291456694 79
1757431951062 4.002554125166122 80
1757431951149 8.031621671833319 81
1757431951237 3.9398590274645535 82
1757431951327 1.152945818361339 83
1757431951416 4.567158528257358 84
1757431951503 12.37003168619158 85
1757431951591 5.0025585432784565 86
1757431951677 4.552278621571628 87
1757431951762 20.909692308456556 88
1757431951850 9.19712303485693 89
1757431951937 9.596039049892354 90
1757431952025 4.572470794795559 91
1757431952113 6.057736062983083 92
1757431952199 9.099532519492538 93
1757431952285 3.74070880058934 94
