1757440502874 168.70548511332154 0
1757440502931 168.5576427969648 1
1757440502989 168.43174423861836 2
1757440503047 168.30593244399824 3
1757440503100 168.18021562038706 4
1757440503157 168.05459369284523 5
1757440503217 167.93026799116365 6
1757440503275 167.8054347657635 7
1757440503331 167.68069577515797 8
1757440503390 167.55605072190767 9
1757440503446 167.43149953515962 10
1757440503508 167.30704214402854 11
1757440503561 167.182678477683 12
1757440503619 167.05840846534488 13
1757440503675 166.9342320362898 14
1757440503727 166.81014911984678 15
1757440503786 166.68615964539822 16
1757440503851 166.56226354238004 17
1757440503909 166.4384607402814 18
1757440503971 166.31475116864493 19
1757440504036 166.19113475706644 20
1757440504117 166.067611435195 21
1757440504174 165.94418113273284 22
1757440504231 165.82084377943545 23
1757440504292 165.69759930511137 24
1757440504348 165.57444763962226 25
1757440504410 165.45138871288273 26
1757440504470 165.32842245486057 27
1757440504532 165.20554879557636 28
1757440504595 165.08276766510363 29
1757440504658 164.96007899356889 30
1757440504725 164.83748271115138 31
1757440504787 164.71497874808318 32
1757440504847 164.59256703464916 33
1757440504909 164.4702475011869 34
1757440504965 164.3480200780866 35
1757440505026 164.22588469579114 36
1757440505076 164.10384128479603 37
1757440505130 163.98188977564928 38
1757440505188 163.86003009895154 39
1757440505249 163.7382621853558 40
1757440505304 163.61658596556757 41
1757440505362 163.4950013703447 42
1757440505424 163.37350833049746 43
1757440505491 163.25210677688852 44
1757440505557 163.13079664043264 45
1757440505619 163.00957785209695 46
1757440505682 162.88845034290077 47
1757440505746 162.76741404391555 48
1757440505812 162.64646888626493 49
1757440505875 162.5256148011246 50
1757440505935 162.40485171972225 51
1757440505996 162.28417957333764 52
1757440506056 162.16359829330244 53
1757440506120 162.04310781100037 54
1757440506183 161.92270805786686 55
1757440506247 161.80239896538936 56
1757440506307 161.68218046510697 57
1757440506367 161.56205248861076 58
1757440506431 161.4420149675433 59
1757440506495 161.32206783359905 60
1757440506557 161.202211018524 61
1757440506612 161.08244445411583 62
1757440506674 160.96276807222372 63
1757440506741 160.84318180474844 64
1757440506804 160.72368558364232 65
1757440506865 160.604279340909 66
1757440506932 160.48496300860361 67
1757440506997 160.36573651883273 68
1757440507062 160.24659980375415 69
1757440507128 160.1275527955771 70
1757440507196 160.00859542656195 71
1757440507266 159.88972762902037 72
1757440507338 159.7709493353152 73
1757440507403 159.65226047786044 74
1757440507469 159.53366098912122 75
1757440507536 159.4151508016136 76
1757440507610 159.29672984790486 77
1757440507681 159.17839806061318 78
1757440507749 159.06015537240768 79
1757440507817 158.94200171600846 80
1757440507885 158.82393702418642 81
1757440507952 158.70596122976335 82
1757440508021 158.58807426561188 83
1757440508088 158.47027606465528 84
1757440508154 158.3525665598676 85
1757440508224 158.2349456842737 86
1757440508293 158.1174133709489 87
1757440508363 157.9999695530192 88
1757440508432 157.88261416366117 89
1757440508503 157.76534713610198 90
1757440508573 157.6481684036192 91
1757440508645 157.53107789954086 92
1757440508716 157.4140755572455 93
1757440508787 157.2971613101619 94
1757440508850 157.18033509176934 95
1757440508914 157.0635968355972 96
1757440508984 156.94694647522536 97
1757440509053 156.83038394428374 98
1757440509123 156.71390917645257 99
1757440509192 156.5975221054622 100
1757440509257 156.481222665093 101
1757440509325 156.3650107891755 102
1757440509393 156.2488864115903 103
1757440509463 156.13284946626794 104
1757440509530 156.01689988718897 105
1757440509602 155.90103760838375 106
1757440509670 155.7852625639327 107
1757440509741 155.6695746879659 108
1757440509810 155.55397391466343 109
1757440509878 155.43846017825499 110
1757440509948 155.32303341302008 111
1757440510021 155.20769355328795 112
1757440510092 155.09244053343738 113
1757440510163 154.97727428789685 114
1757440510233 154.86219475114447 115
1757440510296 154.74720185770778 116
1757440510360 154.63229554216397 117
1757440510427 154.5174757391396 118
1757440510492 154.40274238331062 119
1757440510555 154.28809540940256 120
1757440510623 154.1735347521901 121
1757440510688 154.05906034649743 122
1757440510754 153.9446721271979 123
1757440510821 153.83037002921412 124
1757440510882 153.716153987518 125
1757440510944 153.6020239371305 126
1757440511006 153.4879798131218 127
1757440511070 153.3740215506112 128
1757440511136 153.26014908476694 129
1757440511200 153.14636235080638 130
1757440511258 153.0326612839959 131
1757440511322 152.91904581965073 132
1757440511383 152.80551589313512 133
1757440511450 152.6920714398621 134
1757440511517 152.5787123952936 135
1757440511584 152.46543869494027 136
1757440511653 152.3522502743617 137
1757440511722 152.23914706916602 138
1757440511790 152.12612901501015 139
1757440511858 152.01319604759965 140
1757440511927 151.90034810268867 141
1757440512002 151.78758511608004 142
1757440512072 151.67490702362497 143
1757440512140 151.5623137612233 144
1757440512209 151.44980526482334 145
1757440512271 151.33738147042178 146
1757440512326 151.2250423140637 147
1757440512389 151.11278773184264 148
1757440512452 151.00061765990034 149
1757440512514 150.88853203442693 150
1757440512584 150.77653079166072 151
1757440512649 150.66461386788828 152
1757440512714 150.55278119944433 153
1757440512781 150.44103272271175 154
1757440512848 150.32936837412151 155
1757440512907 150.21778809015268 156
1757440512970 150.10629180733233 157
1757440513039 149.99487946223556 158
1757440513109 149.88355099148532 159
1757440513182 149.77230633175273 160
1757440513250 149.6611454197565 161
1757440513317 149.5500681922634 162
1757440513386 149.43907458608794 163
1757440513456 149.3281645380924 164
1757440513530 149.21733798518684 165
1757440513598 149.106594864329 166
1757440513669 148.99593511252428 167
1757440513735 148.88535866682577 168
1757440513802 148.77486546433408 169
1757440513870 148.66445544219744 170
1757440513942 148.5541285376116 171
1757440514010 148.44388468781978 172
1757440514083 148.33372383011263 173
1757440514157 148.22364590182835 174
1757440514241 148.11365084035234 175
1757440514313 148.00373858311747 176
1757440514385 147.8939090676039 177
1757440514456 147.784162231339 178
1757440514527 147.67449801189744 179
1757440514597 147.56491634690113 180
1757440514665 147.45541717401906 181
1757440514735 147.3460004309674 182
1757440514804 147.23666605550946 183
1757440514875 147.1274139854555 184
1757440514939 147.01824415866287 185
1757440515006 146.90915651303595 186
1757440515075 146.800150986526 187
1757440515145 146.69122751713127 188
1757440515212 146.58238604289681 189
1757440515283 146.4736265019146 190
1757440515351 146.36494883232336 191
1757440515420 146.25635297230866 192
1757440515496 146.14783886010275 193
1757440515565 146.03940643398462 194
1757440515638 145.93105563227988 195
1757440515707 145.82278639336087 196
1757440515776 145.71459865564648 197
1757440515846 145.60649235760212 198
1757440515916 145.4984674377398 199
1757440515987 145.39052383461797 200
1757440516056 145.28266148684162 201
1757440516123 145.17488033306205 202
1757440516191 145.067180311977 203
1757440516260 144.95956136233067 204
1757440516332 144.85202342291342 205
1757440516403 144.74456643256192 206
1757440516474 144.63719033015914 207
1757440516544 144.52989505463432 208
1757440516617 144.42268054496273 209
1757440516689 144.3155467401659 210
1757440516763 144.2084935793114 211
1757440516833 144.10152100151296 212
1757440516904 143.9946289459302 213
1757440516965 143.88781735176892 214
1757440517029 143.78108615828083 215
1757440517095 143.67443530476342 216
1757440517162 143.5678647305604 217
1757440517229 143.46137437506098 218
1757440517294 143.35496417770048 219
1757440517360 143.24863407795988 220
1757440517424 143.14238401536596 221
1757440517490 143.03621392949125 222
1757440517560 142.93012375995391 223
1757440517631 142.82411344641784 224
1757440517700 142.71818292859246 225
1757440517770 142.61233214623286 226
1757440517839 142.50656103913963 227
1757440517910 142.40086954715895 228
1757440517979 142.29525761018238 229
1757440518048 142.18972516814708 230
1757440518117 142.08427216103547 231
1757440518187 141.9788985288755 232
1757440518258 141.8736042117403 233
1757440518330 141.7683891497484 234
1757440518399 141.66325328306365 235
1757440518468 141.55819655189512 236
1757440518538 141.45321889649705 237
1757440518607 141.34832025716887 238
1757440518679 141.2435005742552 239
1757440518749 141.1387597881457 240
1757440518819 141.03409783927515 241
1757440518889 140.92951466812332 242
1757440518954 140.82501021521506 243
1757440519020 140.72058442112015 244
1757440519088 140.61623722645328 245
1757440519157 140.51196857187406 246
1757440519227 140.40777839808706 247
1757440519299 140.30366664584153 248
1757440519368 140.19963325593162 249
1757440519442 140.09567816919625 250
1757440519513 139.991801326519 251
1757440519583 139.88800266882825 252
1757440519656 139.78428213709697 253
1757440519726 139.6806396723428 254
1757440519794 139.5770752156279 255
1757440519864 139.47358870805922 256
1757440519935 139.37018009078793 257
1757440520005 139.26684930500988 258
1757440520080 139.1635962919654 259
1757440520147 139.06042099293916 260
1757440520216 138.95732334926035 261
1757440520285 138.85430330230233 262
1757440520356 138.75136079348295 263
1757440520425 138.64849576426428 264
1757440520496 138.54570815615276 265
1757440520568 138.4429979106989 266
1757440520642 138.34036496949747 267
1757440520713 138.23780927418753 268
1757440520786 138.13533076645203 269
1757440520857 138.0329293880182 270
1757440520925 137.93060508065724 271
1757440520992 137.82835778618445 272
1757440521056 137.72618744645905 273
1757440521122 137.62409400338424 274
1757440521188 137.52207739890721 275
1757440521258 137.42013757501894 276
1757440521323 137.31827447375443 277
1757440521391 137.21648803719228 278
1757440521458 137.1147782074551 279
1757440521527 137.0131449267091 280
1757440521597 136.9115881371644 281
1757440521670 136.81010778107466 282
1757440521740 136.70870380073725 283
1757440521810 136.60737613849315 284
1757440521884 136.50612473672706 285
1757440521954 136.40494953786705 286
1757440522026 136.30385048438484 287
1757440522098 136.2028275187956 288
1757440522171 136.10188058365807 289
1757440522243 136.0010096215743 290
1757440522316 135.9002145751898 291
1757440522387 135.79949538719336 292
1757440522458 135.69885200031726 293
1757440522530 135.59828435733692 294
1757440522600 135.49779240107117 295
1757440522669 135.39737607438198 296
1757440522739 135.29703532017456 297
1757440522807 135.19677008139726 298
1757440522879 135.09658030104163 299
1757440522952 134.99646592214222 300
1757440523027 134.89642688777678 301
1757440523097 134.796463141066 302
1757440523165 134.6965746251736 303
1757440523224 134.59676128330634 304
1757440523277 134.4970230587138 305
1757440523342 134.39735989468863 306
1757440523410 134.29777173456617 307
1757440523485 134.19825852172477 308
1757440523552 134.09882019958548 309
1757440523622 133.99945671161217 310
1757440523693 133.9001680013115 311
1757440523763 133.80095401223278 312
1757440523835 133.701814687968 313
1757440523949 133.60274997215188 314
1757440524021 133.5037598084617 315
1757440524093 133.4048441406173 316
1757440524165 133.30600291238113 317
1757440524237 133.2072360675581 318
1757440524315 133.10854354999572 319
1757440524386 133.00992530358377 320
1757440524458 132.91138127225466 321
1757440524537 132.8129113999831 322
1757440524608 132.7145156307861 323
1757440524680 132.61619390872315 324
1757440524751 132.51794617789585 325
1757440524826 132.41977238244823 326
1757440524903 132.3216724665665 327
1757440524977 132.223646374479 328
1757440525048 132.12569405045627 329
1757440525120 132.02781543881113 330
1757440525187 131.93001048389826 331
1757440525259 131.8322791301146 332
1757440525334 131.7346213218991 333
1757440525407 131.63703700373262 334
1757440525478 131.53952612013816 335
1757440525552 131.44208861568046 336
1757440525625 131.34472443496642 337
1757440525701 131.24743352264457 338
1757440525772 131.1502158234055 339
1757440525845 131.0530712819815 340
1757440525920 130.95599984314666 341
1757440525991 130.85900145171686 342
1757440526072 130.7620760525497 343
1757440526146 130.66522359054446 344
1757440526221 130.56844401064205 345
1757440526295 130.47173725782514 346
1757440526367 130.37510327711777 347
1757440526444 130.27854201358576 348
1757440526519 130.1820534123364 349
1757440526589 130.0856374185184 350
1757440526664 129.98929397732203 351
1757440526736 129.89302303397903 352
1757440526810 129.79682453376245 353
1757440526884 129.7006984219868 354
1757440526957 129.60464464400786 355
1757440527029 129.5086631452228 356
1757440527092 129.4127538710701 357
1757440527158 129.31691676702934 358
1757440527230 129.22115177862148 359
1757440527303 129.1254588514086 360
1757440527376 129.02983793099395 361
1757440527453 128.93428896302197 362
1757440527531 128.83881189317802 363
1757440527606 128.7434066671887 364
1757440527683 128.64807323082164 365
1757440527753 128.5528115298853 366
1757440527827 128.45762151022942 367
1757440527901 128.36250311774435 368
1757440527977 128.2674562983615 369
1757440528055 128.17248099805326 370
1757440528130 128.07757716283268 371
1757440528208 127.98274473875378 372
1757440528280 127.88798367191127 373
1757440528349 127.79329390844065 374
1757440528421 127.69867539451813 375
1757440528493 127.60412807636072 376
1757440528564 127.50965190022593 377
1757440528635 127.41524681241197 378
1757440528708 127.32091275925772 379
1757440528779 127.22664968714255 380
1757440528854 127.13245754248635 381
1757440528928 127.03833627174964 382
1757440529003 126.94428582143328 383
1757440529070 126.85030613807872 384
1757440529134 126.7563971682677 385
1757440529198 126.66255885862242 386
1757440529265 126.5687911558054 387
1757440529335 126.47509400651956 388
1757440529405 126.381467357508 389
1757440529478 126.2879111555542 390
1757440529550 126.19442534748178 391
1757440529623 126.10100988015463 392
1757440529697 126.0076647004768 393
1757440529773 125.91438975539245 394
1757440529847 125.82118499188594 395
1757440529940 125.72805035698161 396
1757440530015 125.63498579774394 397
1757440530087 125.54199126127732 398
1757440530159 125.4490666947263 399
1757440530238 125.3562120452752 400
1757440530315 125.26342726014845 401
1757440530390 125.17071228661025 402
1757440530473 125.07806707196472 403
1757440530549 124.98549156355588 404
1757440530622 124.89298570876747 405
1757440530695 124.80054945502303 406
1757440530771 124.70818274978589 407
1757440530846 124.61588554055906 408
1757440530922 124.52365777488528 409
1757440530996 124.43149940034692 410
1757440531071 124.33941036456599 411
1757440531143 124.24739061520411 412
1757440531219 124.15544009996243 413
1757440531306 124.06355876658176 414
1757440531384 123.97174656284227 415
1757440531455 123.88000343656367 416
1757440531528 123.78832933560514 417
1757440531600 123.69672420786529 418
1757440531672 123.6051880012821 419
1757440531744 123.51372066383287 420
1757440531819 123.42232214353433 421
1757440531891 123.33099238844244 422
1757440531965 123.23973134665242 423
1757440532060 123.14853896629879 424
1757440532129 123.0574151955553 425
1757440532201 122.96635998263473 426
1757440532277 122.87537327578923 427
1757440532353 122.78445502330993 428
1757440532432 122.69360517352705 429
1757440532504 122.60282367480998 430
1757440532577 122.51211047556707 431
1757440532652 122.42146552424565 432
1757440532726 122.3308887693321 433
1757440532797 122.24038015935173 434
1757440532870 122.1499396428687 435
1757440532948 122.05956716848613 436
1757440533026 121.96926268484602 437
1757440533101 121.87902614062908 438
1757440533174 121.78885748455494 439
1757440533246 121.69875666538192 440
1757440533326 121.60872363190715 441
1757440533402 121.51875833296648 442
1757440533482 121.4288607174343 443
1757440533556 121.33903073422384 444
1757440533642 121.24926833228685 445
1757440533723 121.15957346061363 446
1757440533797 121.0699460682332 447
1757440533878 120.98038610421297 448
1757440533949 120.89089351765891 449
1757440534014 120.80146825771548 450
1757440534084 120.71211027356559 451
1757440534160 120.62281951443057 452
1757440534232 120.53359592957011 453
1757440534301 120.44443946828227 454
1757440534371 120.35535007990349 455
1757440534442 120.26632771380845 456
1757440534514 120.17737231941011 457
1757440534583 120.08848384615975 458
1757440534656 119.99966224354681 459
1757440534721 119.91090746109887 460
1757440534808 119.82221944838179 461
1757440534900 119.73359815499943 462
1757440534978 119.64504353059387 463
1757440535048 119.55655552484517 464
1757440535115 119.4681340874715 465
1757440535181 119.37977916822899 466
1757440535248 119.29149071691181 467
1757440535319 119.20326868335196 468
1757440535389 119.11511301741959 469
1757440535459 119.02702366902258 470
1757440535524 118.93900058810671 471
1757440535597 118.85104372465563 472
1757440535668 118.76315302869081 473
1757440535751 118.67532845027148 474
1757440535825 118.58756993949466 475
1757440535903 118.49987744649503 476
1757440535977 118.41225092144504 477
1757440536050 118.32469031455481 478
1757440536121 118.23719557607198 479
1757440536190 118.14976665628201 480
1757440536262 118.06240350550782 481
1757440536333 117.97510607410987 482
1757440536404 117.88787431248619 483
1757440536477 117.80070817107232 484
1757440536551 117.71360760034123 485
1757440536627 117.62657255080342 486
1757440536700 117.5396029730067 487
1757440536773 117.45269881753627 488
1757440536846 117.36586003501482 489
1757440536919 117.27908657610223 490
1757440536991 117.19237839149574 491
1757440537061 117.10573543192989 492
1757440537131 117.01915764817636 493
1757440537197 116.93264499104417 494
1757440537266 116.8461974113795 495
1757440537342 116.75981486006565 496
1757440537423 116.67349728802306 497
1757440537494 116.58724464620933 498
1757440537570 116.50105688561906 499
