1757432844742 100.7164704271734 0
1757432844794 51.90893503849844 1
1757432844844 41.68478112880059 2
1757432844899 35.42750585844885 3
1757432844959 35.942893061815575 4
1757432845016 26.65994723421987 5
1757432845071 24.53338026845605 6
1757432845122 42.78090326862857 7
1757432845175 38.06815629616183 8
1757432845233 30.67908136065693 9
1757432845286 27.63473040691101 10
1757432845342 38.45431031013013 11
1757432845398 26.196482226557833 12
1757432845455 32.34601155490673 13
1757432845510 34.095683215248734 14
1757432845563 31.94349254927241 15
1757432845616 26.728098110733306 16
1757432845666 29.949364359667552 17
1757432845719 25.39253526485624 18
1757432845777 36.320783684736355 19
1757432845831 27.012759926391134 20
1757432845888 33.186229911247764 21
1757432845947 27.581218919803025 22
1757432846010 30.824820013716156 23
1757432846055 30.016390868211424 24
1757432846100 25.078059349939934 25
1757432846143 32.09868629043428 26
1757432846198 29.751936336217845 27
1757432846251 27.411825453092675 28
1757432846305 32.66701470791648 29
1757432846366 33.89748816681849 30
1757432846424 36.79203020854867 31
