1757588229930 49872.264273853616 0
1757588229992 388379001350491.3 1
1757588230058 3.034452304095513e+24 2
1757588230120 2.370854436808661e+34 3
1757588230183 1.8523773640959408e+44 4
1757588230246 1.4472849305897365e+54 5
1757588230308 1.1307812926846311e+64 6
1757588230369 8.834931566408893e+73 7
1757588230431 6.902839327825538e+83 8
1757588230492 5.393272197709028e+93 9
1757588230585 4.213829066153866e+103 10
1757588230734 3.292315823834328e+113 11
1757588230834 2.572326336379701e+123 12
1757588230901 2.0097898059872075e+133 13
1757588230971 1.5702731831198926e+143 14
1757588231030 1.2268735080056369e+153 15
1757588231095 9.585711714540187e+162 16
1757588231153 7.489432975339126e+172 17
1757588231217 5.85158493834238e+182 18
1757588231279 4.571914376346391e+192 19
1757588231346 3.5720922254209105e+202 20
1757588231412 2.7909190366573332e+212 21
1757588231490 2.1805789373924823e+222 22
1757588231556 1.7037128056192827e+232 23
1757588231622 1.3311315056092652e+242 24
1757588231686 1.0400292111331125e+252 25
1757588231748 8.125874531946274e+261 26
1757588231810 6.348844455723861e+271 27
1757588231873 4.960429276197706e+281 28
1757588231942 3.8756436349571673e+291 29
1757588232007 3.028087439379367e+301 30
1757588232070 inf 31
