1757613787771 154.45608983104955 0
1757613787850 152.2729414101574 1
1757613787934 137.615666971532 2
1757613788021 129.70980203636154 3
1757613788103 116.44635202735594 4
1757613788187 110.47276811901403 5
1757613788254 97.08479861137243 6
1757613788331 95.07658957188974 7
1757613788406 94.8439090504837 8
1757613788486 83.26938538420524 9
1757613788566 73.86057637344089 10
1757613788648 72.23455404403904 11
1757613788725 71.06443460340228 12
1757613788801 63.25698321049994 13
1757613788879 60.98093672582041 14
1757613788953 57.97933722469699 15
1757613789030 53.97792947882486 16
1757613789111 52.6078838416505 17
1757613789190 47.894391279874256 18
1757613789271 46.72983755279837 19
1757613789346 42.64638440397529 20
1757613789421 40.07006198729566 21
1757613789497 41.47990488271548 22
1757613789584 36.003606144544804 23
1757613789667 33.707803858687015 24
1757613789745 36.378221483821804 25
1757613789824 32.56047093626409 26
1757613789900 31.73459855703055 27
1757613789977 30.871693775726165 28
1757613790056 25.745804011176 29
1757613790134 24.145684392762313 30
1757613790213 25.88908175751431 31
1757613790286 25.390963581634796 32
1757613790365 26.67527214868616 33
1757613790446 22.004851728221247 34
1757613790530 21.367728108332912 35
1757613790614 22.194994265706374 36
1757613790695 19.197501519563644 37
1757613790772 22.00905202885569 38
1757613790851 21.108642284982864 39
1757613790931 20.4037122186918 40
1757613791009 18.73659632446136 41
1757613791091 17.34688106684085 42
1757613791172 17.627959799361285 43
1757613791250 17.006809424338876 44
1757613791330 15.379529936083667 45
1757613791408 13.182113751007222 46
1757613791486 15.518388893036477 47
1757613791564 15.408276756130565 48
1757613791643 15.477030813856045 49
1757613791722 16.085738007486547 50
1757613791798 14.315823440463735 51
1757613791878 13.234257503325594 52
1757613791959 13.535203830474515 53
1757613792042 12.81413165289418 54
1757613792124 14.404988364914525 55
1757613792200 11.026591866374707 56
1757613792277 11.386693372946485 57
1757613792355 11.993293222313866 58
1757613792440 11.608272518415214 59
1757613792517 10.94841284059881 60
1757613792599 10.68168107404486 61
1757613792682 11.609749443576899 62
1757613792765 9.649388329494958 63
1757613792839 11.031072068116762 64
1757613792920 12.531004465843083 65
1757613792998 10.22127284716618 66
1757613793077 9.841110937162597 67
1757613793155 11.474623181344594 68
1757613793236 10.590366088549654 69
1757613793316 10.922558806852049 70
1757613793393 9.677977772233277 71
1757613793473 8.003412558277981 72
1757613793552 11.264428438396061 73
1757613793631 10.500909643805969 74
1757613793713 11.850618638927992 75
1757613793792 9.416679290688446 76
1757613793870 11.287695043037726 77
1757613793951 11.059271147053336 78
1757613794033 9.620948398605286 79
1757613794111 10.780838314774183 80
1757613794190 8.40570765147083 81
1757613794272 8.661688213488109 82
1757613794346 11.351392318731524 83
1757613794425 9.397535682966973 84
1757613794504 11.168938549223544 85
1757613794587 6.428478961941842 86
1757613794670 9.676693906948806 87
1757613794753 10.682821848510379 88
1757613794834 10.923209362153438 89
1757613794911 8.427343790193396 90
1757613794994 8.372744454208801 91
1757613795076 6.4925265837726505 92
1757613795160 8.493065231408917 93
1757613795237 10.804623126592382 94
1757613795322 10.792150832921342 95
1757613795405 7.386924926420837 96
1757613795486 8.327183007658551 97
1757613795564 8.438876031618728 98
1757613795644 7.768717609040907 99
1757613795721 9.968111161912473 100
1757613795802 10.009239310219819 101
1757613795880 10.957775830641806 102
1757613795960 7.844991050954269 103
1757613796041 10.776753376197709 104
1757613796121 9.99311694378811 105
1757613796198 10.437644683877568 106
1757613796278 7.591535541617539 107
1757613796354 10.433354879195166 108
1757613796433 7.849141210304146 109
1757613796516 8.194428788191653 110
1757613796596 8.614789982810318 111
1757613796675 9.927066094894363 112
1757613796753 10.34596070317662 113
1757613796832 8.770696623507895 114
1757613796911 7.687843661349724 115
1757613796990 8.477075994629095 116
1757613797074 8.510003329386127 117
1757613797157 6.929819558257755 118
1757613797237 7.135842281180931 119
1757613797316 12.021987086706467 120
1757613797397 6.9974883437038535 121
1757613797478 7.91000169166036 122
1757613797559 7.886017033386376 123
1757613797638 8.980114003813451 124
1757613797720 8.03058121730726 125
1757613797799 7.505929828676372 126
1757613797881 8.371845582737325 127
1757613797959 10.756865902284602 128
1757613798045 7.520177819792842 129
1757613798131 8.667476080357313 130
1757613798213 9.280365778103695 131
1757613798293 8.491294737835407 132
1757613798368 8.375325526794146 133
1757613798447 8.44253475058851 134
1757613798531 9.467104748203422 135
1757613798614 10.967570947525076 136
1757613798693 6.868865462366843 137
1757613798776 8.509455289234998 138
1757613798857 11.252910370625653 139
1757613798934 7.346324631475781 140
1757613799016 7.697677263233894 141
1757613799095 8.348540379642 142
1757613799178 8.535207009970122 143
1757613799262 8.420739485059018 144
1757613799344 10.590543596355385 145
1757613799428 7.969032375158723 146
1757613799508 7.986243431803671 147
1757613799597 7.290977796583038 148
1757613799678 12.807877330741555 149
1757613799762 7.084433577516041 150
1757613799848 7.837475613150743 151
1757613799931 10.592714277762788 152
1757613800018 7.122561938448801 153
1757613800097 7.23036688611863 154
1757613800181 6.798352164120475 155
1757613800259 7.906496168714953 156
1757613800340 8.400054605175711 157
1757613800418 7.786561210051303 158
1757613800505 9.100028349876595 159
1757613800585 8.546037712783582 160
1757613800667 6.611384001217855 161
1757613800746 9.16225190653423 162
1757613800828 8.85591079087678 163
1757613800913 5.750426859087995 164
1757613800992 8.225759242184472 165
1757613801074 8.44542249106633 166
1757613801157 6.786627466756009 167
1757613801239 6.703951142902357 168
1757613801326 8.65118291727455 169
1757613801411 9.20289116722438 170
1757613801491 9.221946735060941 171
1757613801576 8.146583862809328 172
1757613801659 5.748427197976728 173
1757613801741 8.512146797913225 174
1757613801823 7.119716115806081 175
1757613801906 7.554888542167484 176
1757613801989 10.273388927683305 177
1757613802074 8.47868093739205 178
1757613802156 8.769336741485464 179
1757613802239 8.363297316765369 180
1757613802318 7.452453086799773 181
