1757450170366 170.70061289297163 0
1757450170445 164.7225238102225 1
1757450170521 154.34202393112565 2
1757450170603 153.75926405903593 3
1757450170674 153.10237596957666 4
1757450170743 156.21627642246702 5
1757450170818 154.3188394548588 6
1757450170895 154.84529437104368 7
1757450170971 152.9038134657426 8
1757450171044 145.76841496601324 9
1757450171127 147.80550981976126 10
1757450171201 140.03346813065082 11
1757450171274 145.9284593997579 12
1757450171348 135.80842190701796 13
1757450171424 135.3667675680196 14
1757450171499 133.126711884842 15
1757450171585 131.46402913583236 16
1757450171658 131.06992229494867 17
1757450171719 127.75867141956662 18
1757450171790 129.62975410128075 19
1757450171858 121.84036828536858 20
1757450171925 124.64326616906804 21
1757450171983 126.1833608447699 22
1757450172043 113.80541055091254 23
1757450172110 118.96115262203172 24
1757450172163 119.67554828200993 25
1757450172227 112.6630814051799 26
1757450172296 110.9071322338606 27
1757450172371 107.99961931974462 28
1757450172446 106.43822228399523 29
1757450172523 109.70837638839714 30
1757450172597 110.53798896410485 31
1757450172670 105.63704646539205 32
1757450172744 108.05163963344084 33
1757450172818 100.99423848660743 34
1757450172893 96.53552264993898 35
1757450172967 99.74726744798103 36
1757450173040 100.40536545074382 37
1757450173113 95.34711103343011 38
1757450173192 91.76814084659159 39
1757450173264 94.85481113184177 40
1757450173340 93.41705818602078 41
1757450173413 87.01976496726154 42
1757450173489 89.4190046891328 43
1757450173569 86.97475087339232 44
1757450173638 86.89597905281637 45
1757450173700 88.33815128772278 46
1757450173766 82.77232584432363 47
1757450173838 86.23724482786214 48
1757450173911 79.34772893387014 49
1757450173966 79.00243561139025 50
1757450174027 80.40321999675014 51
1757450174095 78.63365709370612 52
1757450174155 79.3173772593747 53
1757450174225 74.65808929068884 54
1757450174298 71.40962140336136 55
1757450174371 76.00877967103328 56
1757450174446 72.66125661599696 57
1757450174521 73.6278830969832 58
1757450174594 75.14238866167707 59
1757450174669 72.03288980586595 60
1757450174745 66.03966818536549 61
1757450174818 66.9433408152852 62
1757450174889 67.13593073411842 63
1757450174963 62.74489374316946 64
1757450175037 66.32961178171696 65
1757450175109 63.14343751313063 66
1757450175185 65.22101367482935 67
1757450175260 63.85474144252272 68
1757450175332 62.48730764532621 69
1757450175408 62.235353940150816 70
1757450175490 60.26095154332017 71
1757450175564 60.3688241178289 72
1757450175637 53.81876623857309 73
1757450175707 53.11709699291561 74
1757450175772 55.0411659510614 75
1757450175841 54.106864207189815 76
1757450175913 56.48547858280804 77
1757450175983 51.55089805348904 78
1757450176054 53.52963918815111 79
1757450176119 53.640782885758234 80
1757450176192 51.41645223205563 81
1757450176263 50.28664466078868 82
1757450176334 51.03469153662053 83
1757450176408 55.43112215865895 84
1757450176482 48.20461798584541 85
1757450176556 46.25439690908534 86
1757450176635 47.990281317127426 87
1757450176714 46.03526155179906 88
1757450176787 49.35003279534632 89
1757450176862 44.79760140091324 90
1757450176938 44.98603140805737 91
1757450177020 44.66011598290914 92
1757450177096 44.81977150243385 93
1757450177171 41.68402493934944 94
1757450177247 43.79349648153024 95
1757450177322 41.91386987266494 96
1757450177398 43.2269033839748 97
1757450177481 42.63283813815796 98
1757450177555 40.07828044667054 99
1757450177631 38.838608652188384 100
1757450177707 39.85107945594077 101
1757450177780 38.93538020542364 102
1757450177847 36.27396562288725 103
1757450177917 35.60438599262997 104
1757450177984 39.08864093878663 105
1757450178050 35.630736996501376 106
1757450178117 34.2663580478243 107
1757450178188 34.02512437976696 108
1757450178265 34.51106715247147 109
1757450178345 34.101139984493635 110
1757450178418 35.8071375806431 111
1757450178494 29.989190406372025 112
1757450178569 33.95940631942026 113
1757450178645 31.374224082963096 114
1757450178719 31.628899747020895 115
1757450178798 32.73851403272524 116
1757450178877 36.25388088726182 117
1757450178963 32.14595239405405 118
1757450179039 28.962025940189534 119
1757450179114 26.896452997254464 120
1757450179193 28.24609763894222 121
1757450179271 33.962087421843 122
1757450179349 28.85673430715901 123
1757450179427 24.521644178578512 124
1757450179506 26.567666817538335 125
1757450179580 26.71052763297725 126
1757450179657 31.28845570921694 127
1757450179737 30.387681125869147 128
1757450179803 29.437229353774338 129
1757450179876 24.606622975396167 130
1757450179942 25.72824872082224 131
1757450180010 27.427031152977992 132
1757450180082 24.140682004750367 133
1757450180155 23.569092594174517 134
1757450180229 23.85371084324901 135
1757450180304 22.59371514213812 136
1757450180376 22.696898162951907 137
1757450180449 23.27371517739162 138
1757450180529 22.268258004680135 139
1757450180609 22.879759333926284 140
1757450180691 22.498012956413522 141
1757450180775 22.208375132310053 142
1757450180851 22.10343894705923 143
1757450180929 19.986343288922104 144
1757450181006 18.56879056160864 145
1757450181084 19.949927805650926 146
1757450181159 19.669898283085924 147
1757450181235 19.298973669579038 148
1757450181311 20.210468755298535 149
1757450181392 23.811487738154362 150
1757450181472 21.463423134569485 151
1757450181549 19.28028517358129 152
1757450181627 18.523320301346168 153
1757450181705 16.93404636677919 154
1757450181780 18.81219048750477 155
1757450181855 21.612243701834192 156
1757450181928 16.137529762733436 157
1757450181999 18.14018334547797 158
1757450182074 18.099879500029278 159
1757450182145 16.705126097712395 160
1757450182219 14.415344502944052 161
1757450182297 15.962917230283074 162
1757450182375 19.07043296783522 163
1757450182455 15.44867542967539 164
1757450182531 14.233918529797796 165
1757450182607 15.047965309424486 166
1757450182688 14.96185548715101 167
1757450182767 14.484126442685309 168
1757450182845 17.878751383958082 169
1757450182926 17.244078751832074 170
1757450183002 13.628450584387547 171
1757450183097 15.688981924324457 172
1757450183173 11.936787644830575 173
1757450183252 14.735472356464376 174
1757450183329 12.935292107641922 175
1757450183408 10.836005623644626 176
1757450183487 12.489985462504162 177
1757450183569 17.012392359122956 178
1757450183647 14.008165971708042 179
1757450183725 13.748634443100585 180
1757450183803 12.67897380875742 181
1757450183874 11.560676229653618 182
1757450183948 14.508250702717522 183
1757450184022 10.01536146269733 184
1757450184094 12.825262526951985 185
1757450184172 12.73646335006866 186
1757450184254 10.985413960000377 187
1757450184333 10.900779570643726 188
1757450184418 9.25138555625544 189
1757450184498 10.79463194365871 190
1757450184572 10.722086147162559 191
1757450184637 11.783972969921818 192
1757450184697 12.809829106264644 193
1757450184764 10.814938206389865 194
1757450184835 10.311485697427152 195
1757450184905 10.160748162198255 196
1757450184970 10.861868065016907 197
1757450185046 9.472685158492956 198
1757450185119 7.7316295992296675 199
1757450185194 9.064264775904306 200
1757450185278 10.555044070967636 201
1757450185359 9.5486268178813 202
1757450185435 10.660666703147504 203
1757450185514 8.570974764831144 204
1757450185595 7.62790531138322 205
1757450185676 9.275847165206745 206
1757450185757 7.006613217422187 207
1757450185831 18.7839785425235 208
1757450185898 7.869806126627617 209
1757450185965 11.957993983158588 210
1757450186035 7.973971179521724 211
1757450186107 8.249621139315854 212
1757450186178 8.513610334446799 213
1757450186248 11.953801648588334 214
1757450186316 6.190357654562993 215
1757450186387 8.254315147079751 216
1757450186463 8.126321241598749 217
1757450186541 9.529507122638663 218
1757450186619 6.829822592164663 219
1757450186698 8.236264626309081 220
1757450186777 8.72634817733099 221
1757450186853 8.446501936549446 222
1757450186926 10.620832556654035 223
1757450187007 7.137000130238376 224
1757450187087 8.167158696260428 225
1757450187169 6.052772047582209 226
1757450187248 7.395246235074551 227
1757450187327 6.692004679479968 228
1757450187406 8.223898700490748 229
1757450187482 6.2423163741955205 230
1757450187562 6.787049944510057 231
1757450187641 5.330962784311155 232
1757450187719 7.743190532337506 233
1757450187804 6.102602392492717 234
1757450187879 6.257162106934623 235
1757450187949 6.221514628624061 236
1757450188021 8.031889260070855 237
1757450188096 7.495868659588181 238
1757450188169 5.619630727773608 239
1757450188244 5.682337407819474 240
1757450188323 6.655596319831932 241
1757450188403 4.8830696944497785 242
1757450188482 5.339600983293103 243
1757450188561 4.661448489871724 244
1757450188639 5.546507034306113 245
1757450188721 5.507684575289497 246
1757450188800 4.072679227506307 247
1757450188879 5.60880588669631 248
1757450188957 5.001357478878344 249
1757450189036 4.907042818369392 250
1757450189114 6.458145315392354 251
1757450189196 4.98409223651716 252
1757450189279 6.3911502866884975 253
1757450189357 5.123770834164393 254
1757450189437 6.431249837265754 255
1757450189515 5.2422327971406855 256
1757450189592 4.1745539219956616 257
1757450189674 4.358679262828613 258
1757450189753 5.425868284032704 259
1757450189833 3.969805721939043 260
1757450189902 5.257036115598496 261
1757450189974 3.5742919866794076 262
1757450190047 5.055078940045497 263
1757450190121 3.826036731410874 264
1757450190194 4.952530773949626 265
1757450190267 5.701121787745644 266
1757450190341 3.143881482671507 267
1757450190417 4.161148421573098 268
1757450190495 3.800212814755564 269
1757450190571 4.575540092544874 270
1757450190646 4.5991319049547945 271
1757450190724 4.278472118529976 272
1757450190801 4.043717396956226 273
1757450190880 2.8738663827073134 274
1757450190960 4.842401010083237 275
1757450191037 3.4944295643697134 276
1757450191114 3.119310609097988 277
1757450191194 3.190732927295101 278
1757450191274 6.806532757210928 279
1757450191366 5.787756913716389 280
1757450191449 3.1541384531539034 281
1757450191530 3.880699242905115 282
1757450191612 4.626094770007139 283
1757450191693 4.149724475987529 284
1757450191772 2.353856856995546 285
1757450191849 2.9013495994113465 286
1757450191923 3.6005017354928004 287
1757450191993 4.170803883618381 288
1757450192068 3.1768524873305606 289
1757450192143 2.7419757145633588 290
1757450192217 3.173149459756357 291
1757450192295 4.444084220753066 292
1757450192373 2.897549089887144 293
1757450192452 3.891767053069453 294
1757450192531 4.523994788135258 295
1757450192609 2.2816669142968315 296
1757450192692 6.298452220148223 297
1757450192770 4.09799154174735 298
1757450192846 3.2431008063897795 299
1757450192924 3.0341237088585378 300
1757450193004 3.977842726089376 301
1757450193084 3.6895216292928676 302
1757450193164 6.495031216993629 303
1757450193248 2.4507017411160708 304
1757450193331 4.134258681807977 305
1757450193410 2.1741057780551762 306
1757450193490 3.368963687237913 307
1757450193570 1.7224447355202668 308
1757450193647 3.5372899013061248 309
1757450193727 3.1743271240047806 310
1757450193808 2.4505487722596855 311
1757450193886 1.9732744328358875 312
1757450193957 4.21202132864311 313
1757450194029 2.6120651229659493 314
1757450194102 2.151963277926277 315
1757450194177 2.6881497108945354 316
1757450194253 2.33685180621422 317
1757450194334 2.3115604165454737 318
1757450194412 1.9863098134285897 319
1757450194493 1.5400193642004196 320
1757450194571 2.8784464143248782 321
1757450194649 2.247217138800135 322
1757450194728 1.4870945554753294 323
1757450194812 4.439198742930884 324
1757450194895 2.862189827479002 325
1757450194975 2.063283158122733 326
1757450195055 2.7951118364694367 327
1757450195129 2.010722813419836 328
1757450195190 3.792434209075744 329
1757450195264 1.763968830825022 330
1757450195339 3.1537626760574917 331
1757450195410 1.6051484773150835 332
1757450195482 2.3240224123371953 333
1757450195554 3.7292470827081456 334
1757450195628 3.063184698955355 335
1757450195703 3.20770539141552 336
1757450195777 1.595162944558522 337
1757450195855 2.1816214101555262 338
1757450195931 1.9156361079777204 339
1757450196001 3.305394811976715 340
1757450196077 3.2068282951401472 341
1757450196155 1.1314759043572022 342
1757450196231 1.6766548408408297 343
1757450196305 2.7217350348340283 344
1757450196381 1.3151456966708661 345
1757450196457 1.6880459045273772 346
1757450196537 1.3501004631128384 347
1757450196624 1.2478856510447651 348
1757450196706 2.705435321047083 349
1757450196786 2.623584866641108 350
1757450196866 1.6892920181245534 351
1757450196946 1.3317510137326791 352
1757450197028 1.6690897082449547 353
1757450197107 1.3457399258328637 354
1757450197184 1.1915778960514702 355
1757450197262 1.9644846380664158 356
1757450197341 2.160855646979636 357
1757450197419 0.6566843164912541 358
1757450197502 1.29093898229971 359
1757450197581 0.554771947291702 360
1757450197665 1.696642287334089 361
1757450197753 1.5261343135844474 362
1757450197834 2.6642406946155326 363
1757450197915 0.4740684022846415 364
1757450197988 1.2937954183588578 365
1757450198063 2.1175070527983952 366
1757450198139 2.5234906478501378 367
1757450198229 1.4802205683215421 368
1757450198307 2.062989749153825 369
1757450198384 4.785854633615175 370
1757450198461 2.623784265476689 371
1757450198542 1.082559139694737 372
1757450198623 0.7310262535169096 373
1757450198704 1.4531092852818244 374
1757450198787 1.2853735501967538 375
1757450198868 0.8548021485717908 376
1757450198955 2.0762145068081823 377
1757450199039 2.7966785127874596 378
1757450199120 1.4420943680459872 379
1757450199207 1.4751882025615188 380
1757450199288 2.380121380338183 381
1757450199364 2.18256450555406 382
1757450199441 3.2012582871822484 383
1757450199526 2.5793019738155665 384
1757450199611 3.869200514329672 385
1757450199691 1.5067425709416467 386
1757450199772 1.8889766816482463 387
1757450199853 2.9325510544322464 388
1757450199948 0.948807116079454 389
1757450200022 2.1631564505585548 390
1757450200097 0.9545773537500838 391
1757450200175 1.6559727952321353 392
1757450200253 0.7457611463686229 393
1757450200335 2.8255932145202753 394
1757450200413 1.578005109231395 395
1757450200489 1.8835156950071517 396
1757450200565 2.2454140059180183 397
1757450200647 2.652083907238353 398
1757450200725 2.150578116065159 399
1757450200804 1.474914314617603 400
1757450200883 2.325529720803851 401
1757450200964 1.6354551307318435 402
1757450201044 3.0783366886499444 403
1757450201121 2.2087286449905053 404
1757450201198 1.6064482510878506 405
1757450201278 0.6643625295391303 406
1757450201361 2.0292941697179656 407
1757450201445 1.7322831206351872 408
1757450201527 2.312526776366773 409
1757450201609 1.3517145670448676 410
1757450201690 1.2987430675320761 411
1757450201774 0.7378158673053463 412
1757450201858 0.6968104507247589 413
1757450201949 1.2496772691804827 414
1757450202026 1.9424731581397594 415
1757450202103 2.0677162425890687 416
1757450202180 1.3844367154809671 417
1757450202257 0.5844392862214923 418
1757450202336 1.7308734546269435 419
1757450202423 1.2157144846151182 420
1757450202507 1.1948391509458574 421
1757450202591 1.2157924231520634 422
1757450202670 0.7288690091044313 423
1757450202748 0.7687530123056295 424
1757450202827 1.187488764087939 425
1757450202905 2.658236069996011 426
1757450202987 1.5703589311928685 427
1757450203066 1.0071917986312298 428
1757450203152 0.7942298265561206 429
1757450203237 1.8502438463497133 430
1757450203318 0.8669121867889426 431
1757450203403 2.9141323316500407 432
1757450203487 0.8118961014935371 433
1757450203567 2.8296369165196142 434
1757450203651 2.053380580715978 435
1757450203732 1.1576581418075458 436
1757450203811 2.505344056990264 437
1757450203889 1.227142517407897 438
1757450203969 1.1766720058945805 439
1757450204048 1.7035395039628813 440
1757450204123 0.7086017686647471 441
1757450204198 1.7373002763199326 442
1757450204277 1.0810119294719078 443
1757450204361 0.8444233422339968 444
1757450204442 0.9187468353794744 445
1757450204524 1.6020075727316043 446
1757450204606 2.300681839960709 447
1757450204688 1.541550676777557 448
1757450204771 1.3899898667393635 449
1757450204849 0.8678613525337959 450
1757450204932 0.892658184885163 451
1757450205012 1.8077382371808293 452
1757450205091 0.6369168013323007 453
1757450205172 0.8996391299976155 454
1757450205255 1.0095361759197725 455
1757450205335 1.6795527085949562 456
1757450205415 1.3238887298588813 457
1757450205496 1.3482907091112937 458
1757450205577 1.6269488430580414 459
1757450205664 1.8691895378415573 460
1757450205741 1.4503252332926602 461
1757450205821 0.9823502221309965 462
1757450205893 2.9928165687375436 463
1757450205967 2.114190573598288 464
1757450206054 1.089348025526447 465
1757450206134 1.2040357142980747 466
1757450206214 1.0334615655613066 467
1757450206298 0.8390079717465946 468
1757450206375 0.681242246342344 469
1757450206459 1.128798643952369 470
1757450206540 1.7454083996341936 471
1757450206623 1.318411630358736 472
1757450206708 1.8663616167562307 473
1757450206792 3.098587542604046 474
1757450206871 1.3014381014572853 475
1757450206952 3.5233612437918507 476
1757450207032 1.1485309320029404 477
1757450207116 1.6615584823659915 478
1757450207201 1.6605683908386433 479
1757450207284 1.6565396170827849 480
1757450207367 0.9072716314660915 481
1757450207449 1.423355712006492 482
1757450207536 1.8208336151700093 483
1757450207619 0.7910516934210698 484
1757450207702 0.6411042582926558 485
1757450207783 1.0568894765583678 486
1757450207863 3.185879985628867 487
1757450207944 1.0585226026690993 488
1757450208027 2.10525535241556 489
1757450208102 0.43213503577346923 490
1757450208183 0.6869402671170083 491
1757450208262 0.7447203523796544 492
1757450208342 1.1662486208705902 493
1757450208422 1.0746491486308436 494
1757450208506 2.0663403298826934 495
1757450208587 1.336023726291741 496
1757450208666 0.8208832238872725 497
1757450208748 0.6775174267474222 498
1757450208829 0.7062143121325778 499
