1757588301134 168.01144009107549 0
1757588301194 169.22595059262565 1
1757588301257 169.5114495046837 2
1757588301322 165.0767155840027 3
1757588301384 166.26454403856135 4
1757588301439 168.98340977813433 5
1757588301493 169.61850504777988 6
1757588301551 164.98640369382315 7
1757588301620 174.12390340527708 8
1757588301686 171.41418217732217 9
1757588301754 172.8520415674332 10
1757588301846 171.09164476077396 11
1757588301916 170.33087188756923 12
1757588301985 174.35879356961635 13
1757588302057 170.02020500410606 14
1757588302126 163.974931041661 15
1757588302190 170.11005355897194 16
1757588302261 171.38700232548425 17
1757588302330 167.5141995396678 18
1757588302388 168.4583041389881 19
1757588302452 167.3062083611947 20
1757588302517 163.2563675166487 21
1757588302581 165.825042569999 22
1757588302646 173.6474791928672 23
1757588302704 170.0126972993277 24
1757588302762 156.03818617559003 25
1757588302827 170.67635351120074 26
1757588302891 166.41800999047604 27
1757588302957 170.39967663580376 28
1757588303026 167.8129828945597 29
1757588303086 166.72069945007772 30
1757588303146 162.95278939195222 31
1757588303205 164.3246188322398 32
1757588303262 169.43006329474733 33
1757588303325 163.24035297478991 34
1757588303395 170.0724231431348 35
1757588303458 170.50660959973146 36
1757588303526 173.89709164637873 37
1757588303591 166.3784004630939 38
1757588303657 167.29907936522386 39
1757588303729 173.79729378978172 40
1757588303795 166.24039017182412 41
1757588303860 173.12365100290265 42
1757588303929 166.12246896411804 43
1757588303994 164.90331745996153 44
1757588304060 164.87789038007867 45
1757588304124 170.82017948184566 46
1757588304191 168.21668842264364 47
1757588304256 173.90437538965054 48
1757588304323 165.6949218212505 49
1757588304388 163.3849568506452 50
1757588304455 168.3321581446321 51
1757588304518 167.6708117763837 52
1757588304584 160.00144233776672 53
1757588304649 166.0141579423857 54
1757588304718 172.61700695508625 55
1757588304781 164.6109954648981 56
1757588304849 172.05248383347936 57
1757588304916 174.14633607076715 58
1757588304981 163.789219730453 59
1757588305046 168.22577873663087 60
1757588305110 165.99259806102248 61
1757588305173 168.22588817731855 62
1757588305242 179.0740248050295 63
1757588305309 167.40415416009648 64
1757588305375 166.04437842027235 65
1757588305442 168.6177817669597 66
1757588305511 171.26735441451643 67
1757588305576 167.89208918480244 68
1757588305645 174.1609637233077 69
