1757433307347 167.94728107987095 0
1757433307416 159.49523717485692 1
1757433307474 164.50529151529685 2
1757433307533 157.82437643287676 3
1757433307591 162.53320777790927 4
1757433307648 162.3634287585772 5
1757433307702 157.06562534910978 6
1757433307760 156.51597911308545 7
1757433307816 169.51823593204685 8
1757433307870 164.2942987106831 9
1757433307925 157.40140865183108 10
1757433307973 159.4303799529754 11
1757433308027 149.0552453957485 12
1757433308077 149.5444527885702 13
1757433308128 147.63497159269417 14
1757433308186 140.71802052522858 15
1757433308242 149.76722806219396 16
1757433308299 150.84726343405467 17
1757433308346 147.69252712700302 18
1757433308400 148.8742555179647 19
1757433308454 142.26782903609708 20
1757433308510 147.06756788453384 21
1757433308574 138.17896546059404 22
1757433308629 140.33618102368752 23
1757433308687 143.26229838989968 24
1757433308737 140.82177284327727 25
1757433308794 141.75112835202253 26
1757433308850 137.56471968252646 27
1757433308907 143.43525174428478 28
1757433308962 138.91972390788916 29
1757433309028 132.77899796493068 30
1757433309196 136.73861557472244 31
1757433309246 132.28341215609157 32
1757433309289 131.92522918834553 33
1757433309333 134.67487665614024 34
1757433309377 139.28084379879442 35
1757433309421 125.45972210788632 36
1757433309470 127.79597490174862 37
1757433309524 118.59416199293852 38
1757433309584 121.37685129708643 39
1757433309638 127.64703080318544 40
1757433309690 127.91283656842434 41
1757433309743 121.52486010924734 42
1757433309800 120.40111609605762 43
1757433309852 131.2259701653897 44
1757433309903 118.14979824249153 45
1757433309960 120.64198438953075 46
1757433310013 123.86425797308236 47
1757433310068 124.17602321781087 48
1757433310125 116.19253047493737 49
1757433310176 120.69129302863952 50
1757433310232 120.87983088427772 51
1757433310292 117.18414201578578 52
1757433310343 116.06551025591004 53
1757433310390 109.74397574937655 54
1757433310441 109.37233757003601 55
1757433310500 113.23279187770261 56
1757433310553 115.56056595968407 57
1757433310615 109.74546751089422 58
1757433310681 104.59440679444798 59
1757433310741 106.33976264882307 60
1757433310802 107.08753983131807 61
1757433310863 112.25794662544425 62
1757433310926 105.47102643137832 63
1757433310993 105.59206008108158 64
1757433311060 100.09317841906355 65
1757433311123 103.39146170821206 66
1757433311186 108.65317082374415 67
1757433311250 108.32914884323466 68
1757433311305 102.99860340875792 69
1757433311365 102.20518618724132 70
1757433311419 98.89955250771469 71
1757433311480 104.0303238445527 72
1757433311537 100.51511299219554 73
1757433311599 100.27016899550102 74
1757433311652 100.95030949277692 75
1757433311706 101.17494062903816 76
1757433311763 95.88578299685162 77
1757433311823 95.27974469746039 78
1757433311878 94.55799922145695 79
1757433311937 96.31234896986923 80
1757433311994 98.15967730510235 81
1757433312055 93.32600921750262 82
1757433312113 89.33650488136776 83
1757433312166 96.16289255781231 84
1757433312225 92.15315610060829 85
1757433312289 91.17051587700317 86
1757433312346 94.6496820260605 87
1757433312395 93.09118163663412 88
1757433312457 93.35675306699966 89
1757433312515 89.19337984214307 90
1757433312570 88.06875953836567 91
1757433312627 85.60285917341132 92
1757433312684 87.8926816552983 93
1757433312738 86.22919590571829 94
1757433312808 88.15155379270922 95
1757433312863 84.74701451058131 96
1757433312922 88.627765585333 97
1757433312982 88.82330169414311 98
1757433313039 85.68951908316839 99
1757433313086 82.74998837458426 100
1757433313134 81.39059714760454 101
1757433313184 82.83997938550117 102
1757433313240 81.7669126186416 103
1757433313298 82.24669591874809 104
1757433313356 81.38399803481914 105
1757433313412 80.45560062450618 106
1757433313473 83.83325384174803 107
1757433313532 80.3015792538849 108
1757433313588 78.59682217110695 109
1757433313650 74.67418317427962 110
1757433313705 75.65807571754823 111
1757433313758 81.99005924787342 112
1757433313814 76.8783532949794 113
1757433313868 73.40574144495771 114
1757433313924 73.77514467489462 115
1757433313979 77.48859813752249 116
1757433314038 73.56358406236534 117
1757433314097 76.53339308004813 118
1757433314154 71.00458344317497 119
1757433314212 71.90718769585511 120
1757433314270 76.27879831140433 121
1757433314333 71.87467666302479 122
1757433314389 69.86137384239595 123
1757433314445 68.84817043403869 124
1757433314508 73.41888290322889 125
1757433314561 74.11335872413183 126
1757433314623 76.33509258713696 127
1757433314679 69.72208184411305 128
1757433314739 68.62161111075729 129
1757433314795 68.82082403735431 130
1757433314853 70.05528645498283 131
1757433314909 68.09526726709764 132
1757433314968 69.85162720073167 133
1757433315027 66.34944312790128 134
1757433315091 70.82103476777846 135
1757433315147 63.803244384916674 136
1757433315206 65.0332538288286 137
1757433315267 64.82192838593475 138
1757433315328 63.95437465885291 139
1757433315390 67.78296891364641 140
1757433315448 66.98989418013778 141
1757433315506 64.46546287743035 142
1757433315565 65.21554968138852 143
1757433315625 62.856493466359844 144
1757433315685 66.66043038065168 145
1757433315747 62.217174077045364 146
1757433315805 63.07063663160793 147
1757433315867 58.51032630987546 148
1757433315920 63.50627688297265 149
1757433315977 60.93115483375556 150
1757433316039 60.3060661289319 151
1757433316098 59.320174085229205 152
1757433316157 62.359515945162414 153
1757433316216 62.98627989658022 154
1757433316273 62.6417082048664 155
1757433316332 65.07456771661438 156
1757433316391 57.0573630839723 157
1757433316443 57.46836713106958 158
1757433316503 58.67219375916051 159
1757433316559 59.7206522884446 160
1757433316620 57.594093304949766 161
1757433316680 57.43885811331521 162
1757433316739 55.16481135482899 163
1757433316798 58.09005125355401 164
1757433316853 55.9843933824046 165
1757433316912 57.47754438511816 166
1757433316970 57.227161285811164 167
1757433317028 55.68858977482501 168
1757433317092 54.034727414082305 169
1757433317154 57.37265254973018 170
1757433317214 52.531529364673446 171
1757433317270 50.65718464766511 172
1757433317333 53.029991969944604 173
1757433317395 55.40326615282617 174
1757433317455 52.61084789220268 175
1757433317515 51.79201180070635 176
1757433317573 52.99490030662435 177
1757433317630 54.36657864962224 178
1757433317690 49.40812140682368 179
1757433317748 52.729834071659695 180
1757433317810 51.74503734230026 181
1757433317869 49.83326660416771 182
1757433317927 54.82096072217509 183
1757433317983 49.81819744924886 184
1757433318037 50.19289642466286 185
1757433318094 49.480222967686906 186
1757433318159 50.43701333437193 187
1757433318223 49.39924703016547 188
1757433318282 51.48323713871374 189
1757433318339 47.931758814246805 190
1757433318395 46.81827554355389 191
1757433318444 49.87708007381467 192
1757433318499 46.89495780327616 193
1757433318554 49.965161044015765 194
1757433318616 49.5389342740589 195
1757433318674 48.96984704674866 196
1757433318737 46.79730123154149 197
1757433318794 49.07020070923325 198
1757433318857 44.54805854262357 199
1757433318924 48.55788761365689 200
1757433318982 46.106906234155865 201
1757433319042 47.67682816632485 202
1757433319101 47.77913115307669 203
1757433319165 47.838674372546336 204
1757433319225 43.687848422837696 205
1757433319287 45.94328267109503 206
1757433319348 46.52441585288052 207
1757433319409 45.70781195885281 208
1757433319475 41.73890675543586 209
1757433319536 45.60517081245831 210
1757433319594 44.253846718126994 211
1757433319654 41.62386352336311 212
1757433319715 41.86653783749554 213
1757433319779 44.66494612095748 214
1757433319838 44.478069889373124 215
1757433319901 44.202843418338794 216
1757433319966 42.350987462615194 217
1757433320030 41.79633660902353 218
1757433320094 41.62226749982328 219
1757433320159 42.825442968199326 220
1757433320225 39.28342114375641 221
1757433320289 40.65592024419899 222
1757433320353 39.80702711341686 223
1757433320415 41.25654567531133 224
1757433320469 38.99518257216004 225
1757433320551 39.729661814207134 226
1757433320613 37.80312571567984 227
1757433320675 40.705316607788085 228
1757433320735 42.0851099387508 229
1757433320794 36.729304998240195 230
1757433320858 39.19298116307373 231
1757433320917 39.27417994875865 232
1757433320987 35.78480135784657 233
1757433321050 36.99547455330199 234
1757433321117 39.321635823715866 235
1757433321182 40.05597087959037 236
1757433321241 35.7189074461383 237
1757433321302 36.698360919474574 238
1757433321367 35.35123124982671 239
1757433321431 40.89409491484094 240
1757433321495 36.04566379838202 241
1757433321560 35.70337743970304 242
1757433321624 36.56045225684388 243
1757433321689 36.03030963845819 244
1757433321754 36.235550759227415 245
1757433321818 36.882906157246914 246
1757433321881 36.34167259228602 247
1757433321944 35.33411435831279 248
1757433322006 36.889094465672926 249
1757433322078 34.064145909452265 250
1757433322139 36.897247635635225 251
1757433322199 35.79899791259424 252
1757433322260 36.8005822766884 253
1757433322325 34.546742371658155 254
1757433322386 36.34097424470801 255
1757433322446 33.83800915655969 256
1757433322500 35.69987253875971 257
1757433322562 32.91666339180409 258
1757433322624 32.3358142169685 259
1757433322683 34.33441850946024 260
1757433322751 33.65547961700633 261
1757433322816 36.27708829309512 262
1757433322879 33.8399187852946 263
1757433322945 32.89404464082168 264
1757433323014 33.258458088060436 265
1757433323090 34.31280038072364 266
1757433323139 31.75819345067266 267
1757433323194 29.932911150057446 268
1757433323253 32.19401984123919 269
1757433323311 31.858350326520416 270
1757433323370 31.570109561892583 271
1757433323433 33.24690501493103 272
1757433323500 31.554664306891528 273
1757433323563 30.27638120746007 274
1757433323629 31.21944123798364 275
1757433323695 34.782539286760695 276
1757433323756 32.400768395860965 277
1757433323818 27.448224959492247 278
1757433323878 31.1260346675342 279
1757433323946 32.51200237564403 280
1757433324010 30.89408933546994 281
1757433324072 32.91052093739091 282
1757433324131 31.588534374295342 283
1757433324191 34.05097609077828 284
1757433324256 29.218839591998133 285
1757433324322 29.630584073969455 286
1757433324390 30.400621346380884 287
1757433324452 34.461572720427114 288
1757433324509 29.637053378702124 289
1757433324576 29.024473803949526 290
1757433324637 28.568327441794178 291
1757433324700 30.17852186984356 292
1757433324760 30.78956946407523 293
1757433324823 28.591063408767447 294
1757433324888 29.418926199472274 295
1757433324955 28.042021669755275 296
1757433325019 27.56366464210821 297
1757433325086 29.549044347124685 298
1757433325148 29.89112947663901 299
1757433325213 28.913808133312557 300
1757433325277 27.035322403090646 301
1757433325336 28.011474774529848 302
1757433325397 30.015772051400585 303
1757433325461 30.693620234681013 304
1757433325524 26.27060248155219 305
1757433325593 31.323213260861547 306
1757433325659 28.293763943238755 307
1757433325727 28.091418201755936 308
1757433325793 29.132895835196226 309
1757433325862 28.965296969952075 310
1757433325929 27.06380515788706 311
1757433325996 26.972963061632452 312
1757433326066 26.535649402675425 313
1757433326133 26.459734273703535 314
1757433326205 25.121910166820665 315
1757433326275 25.70057769246808 316
1757433326345 27.995992584370434 317
1757433326414 26.549352284974344 318
1757433326481 28.373859403296944 319
1757433326544 25.796308274691494 320
1757433326608 24.800543781748697 321
1757433326669 28.001837462042243 322
1757433326736 26.69695836015095 323
1757433326802 29.56433356663855 324
1757433326868 27.027476774614833 325
1757433326931 24.48337421287445 326
1757433326996 29.936918574159524 327
1757433327064 25.022882406319027 328
1757433327130 25.677676227341294 329
1757433327193 25.79998139203536 330
1757433327259 26.61538767504974 331
1757433327323 24.674873157773057 332
1757433327392 24.02366554539522 333
1757433327460 26.5683798836719 334
1757433327528 22.865059349840013 335
1757433327594 23.896053595401128 336
1757433327655 24.843173034944115 337
1757433327721 25.914140872223367 338
1757433327788 25.005837108154765 339
1757433327853 27.509946278728982 340
1757433327918 24.858321683370118 341
1757433327985 22.797289415338806 342
1757433328056 24.18847940710066 343
1757433328126 22.98050644029016 344
1757433328196 26.04158499190253 345
1757433328263 21.970683070521297 346
1757433328331 24.50362035921458 347
1757433328400 26.042471243398367 348
1757433328467 24.233973431462292 349
1757433328527 21.382559271468732 350
1757433328589 24.49747607321667 351
1757433328654 23.881626324324838 352
1757433328718 22.581116494499216 353
1757433328784 24.374299148846276 354
1757433328847 22.322034543932247 355
1757433328912 21.91942636623489 356
1757433328981 22.117802611273238 357
1757433329043 23.47481513725429 358
1757433329109 21.870618425152493 359
1757433329172 23.698577638497504 360
1757433329235 23.295746036314682 361
1757433329300 22.669449436100912 362
1757433329363 22.173700252827363 363
1757433329426 20.679641360031997 364
1757433329492 23.925239388698575 365
1757433329559 23.052852459817515 366
1757433329622 22.61058015761516 367
1757433329684 19.798142059630013 368
1757433329750 22.01612612218918 369
1757433329807 22.330976902696506 370
1757433329866 25.319546175518905 371
1757433329930 21.212301316826842 372
1757433329993 20.767286041783045 373
1757433330057 20.948575863660345 374
1757433330122 21.367818176414648 375
1757433330191 21.824612111949996 376
1757433330250 23.605267411418133 377
1757433330315 22.562900633578362 378
1757433330380 21.825330911334174 379
1757433330446 20.48794806166254 380
1757433330508 20.68795298211106 381
1757433330569 21.529625779490555 382
1757433330629 20.788588458668325 383
1757433330689 18.8824283622313 384
1757433330748 18.93058723367541 385
1757433330814 20.500040977883824 386
1757433330880 21.068978628453575 387
1757433330943 18.16690460890914 388
1757433331009 18.272259114540336 389
1757433331071 19.044852518124003 390
1757433331132 21.77160145798428 391
1757433331193 21.29932309228307 392
1757433331259 20.395364880179823 393
1757433331350 19.56457246181747 394
1757433331415 22.090708671413687 395
1757433331484 19.083833505496983 396
1757433331555 17.56092252074539 397
1757433331626 21.0076559110805 398
1757433331696 19.291913282885865 399
1757433331767 19.509246707254995 400
1757433331837 19.072877441099916 401
1757433331908 19.64529956712885 402
1757433331977 17.962356027406855 403
1757433332048 18.637300285991426 404
1757433332117 20.396348370500455 405
1757433332186 18.692226750565048 406
1757433332256 19.458815108010047 407
1757433332327 18.96443450523023 408
1757433332397 18.89056055493973 409
1757433332468 21.951191240446743 410
1757433332538 21.228859863233414 411
1757433332604 19.556276389616905 412
1757433332669 18.5878817393527 413
1757433332738 18.384434069741033 414
1757433332808 19.353051940113964 415
1757433332882 19.561465216472605 416
1757433332954 19.133279410683933 417
1757433333027 17.151913161787736 418
1757433333099 18.392697419399216 419
1757433333172 16.965676520721075 420
1757433333243 22.29784844751647 421
1757433333313 17.30192069453672 422
1757433333384 18.525614716609255 423
1757433333454 16.803375454722886 424
1757433333529 15.464929416408086 425
1757433333602 19.91844248616222 426
1757433333681 17.836875192354825 427
1757433333752 17.01121297050969 428
1757433333823 16.87966299532219 429
1757433333895 16.566654602489706 430
1757433333954 18.601584259285808 431
1757433334013 15.18300934395083 432
1757433334080 17.58997072532928 433
1757433334143 19.415867848194555 434
1757433334257 17.642719200878133 435
1757433334319 17.715164945090418 436
1757433334371 17.80942799283861 437
1757433334425 17.12163847835911 438
1757433334476 18.13188927587774 439
1757433334536 19.00691920116394 440
1757433334602 15.152239837248635 441
1757433334677 19.93565759420681 442
1757433334740 16.459483245227773 443
1757433334810 18.479099273633548 444
1757433334873 16.40148594091246 445
1757433334936 17.248346991648713 446
1757433334997 20.03702792400853 447
1757433335059 17.778651185425566 448
1757433335123 14.086113426307012 449
1757433335188 15.955807901116728 450
1757433335249 16.801750702074944 451
1757433335311 14.834915201021703 452
1757433335372 14.994495458478186 453
1757433335454 17.83372986671219 454
1757433335520 18.797273186139623 455
1757433335592 16.38428521634736 456
1757433335656 16.83632433499043 457
1757433335722 19.23540213112665 458
1757433335790 16.39560314644672 459
1757433335857 14.733139300944327 460
1757433335928 18.897721261589393 461
1757433335996 15.92039112556231 462
1757433336064 18.27129009549969 463
1757433336133 16.609328544989335 464
1757433336207 17.38019462678492 465
1757433336282 12.49102595742411 466
1757433336354 16.417202034859823 467
1757433336425 13.356521432838743 468
1757433336497 17.683545850427436 469
1757433336569 15.039443286009648 470
1757433336631 14.78029056261266 471
1757433336696 17.22986945967599 472
1757433336757 14.356878991086985 473
1757433336822 16.888754406366708 474
1757433336893 15.956155164071818 475
1757433336967 16.05186714239377 476
1757433337039 15.964793119292194 477
1757433337115 17.527436993951397 478
1757433337187 20.42893991077086 479
1757433337258 16.328420045578817 480
1757433337346 14.993117823560473 481
1757433337418 15.013160004901502 482
1757433337489 16.58392472261845 483
1757433337562 16.53163565119453 484
1757433337634 15.756197733779212 485
1757433337704 15.5999784310587 486
1757433337778 15.57968615183928 487
1757433337850 18.532147115028803 488
1757433337925 15.888625206900455 489
1757433337996 15.909447627863566 490
1757433338071 14.692409591927724 491
1757433338144 13.918313315948954 492
1757433338218 14.618923944818631 493
1757433338291 13.352560559003885 494
1757433338363 13.637809245760124 495
1757433338436 14.59422927088506 496
1757433338504 15.112447212767286 497
1757433338574 14.103015542908285 498
1757433338640 16.10351405491672 499
