1757654737725 81.81880259352091 0
1757654737808 39.453548161754284 1
1757654737890 19.280425906559547 2
1757654737969 10.464914399670288 3
1757654738053 5.556601040072884 4
1757654738135 4.253306694528648 5
1757654738218 1.5644783977866483 6
1757654738307 1.1170010499647163 7
1757654738395 1.5708641785225672 8
1757654738466 0.5524567051708991 9
1757654738553 1.7167238274869594 10
1757654738632 1.4695450430211094 11
1757654738711 2.073780511330446 12
1757654738792 0.8061443776931421 13
1757654738868 1.3518090001283154 14
1757654738949 0.8771931532018269 15
1757654739031 0.8615656738353205 16
1757654739117 1.3231727180807147 17
1757654739213 2.293712176191693 18
1757654739304 1.0653934493890058 19
1757654739386 2.4049505799582938 20
1757654739465 1.239434372196703 21
1757654739542 0.6571149620089043 22
1757654739622 3.006179230532312 23
1757654739701 3.1872528321057545 24
1757654739781 1.1026203281556242 25
1757654739869 0.9984597043172954 26
1757654739955 1.7690853505381228 27
1757654740042 1.6530332294319519 28
1757654740128 0.5820887138864321 29
1757654740216 1.823357034212544 30
1757654740303 1.2320870853514463 31
1757654740389 0.6352907650217402 32
1757654740472 1.5148557872392503 33
1757654740556 1.9979944495710034 34
1757654740640 0.3739164352802725 35
1757654740731 1.1292406667478505 36
1757654740818 2.458540170522452 37
1757654740925 1.3595403241542732 38
1757654741049 1.0653194452294275 39
1757654741186 1.408708175832103 40
1757654741313 0.9818118650023606 41
1757654741441 1.937413894446785 42
1757654741563 0.716182527602304 43
1757654741667 0.9235042632962724 44
1757654741780 1.5982123262586831 45
1757654741904 1.4982974880738826 46
1757654742015 1.2468370293459632 47
1757654742129 0.9429302389712412 48
1757654742240 0.5618521943077796 49
1757654742352 0.9179668617595603 50
1757654742462 1.5333429943035854 51
1757654742577 1.4831099419152427 52
1757654742688 0.7414115319613969 53
1757654742802 0.9365865430595566 54
1757654742917 1.989785364332049 55
1757654743017 0.8421779597233635 56
1757654743133 5.325499978754109 57
1757654743244 1.526416096193331 58
1757654743359 1.1422444966834888 59
1757654743481 0.9895416945844052 60
1757654743599 1.2036121363656795 61
1757654743723 0.5420957900597543 62
1757654743843 0.7677818699195471 63
1757654743946 1.5484074320325711 64
1757654744037 1.394961160153911 65
1757654744131 0.9287710974817376 66
1757654744220 1.3927677191202819 67
1757654744306 1.2378691238312134 68
1757654744395 1.2056016425828313 69
1757654744485 0.6096868866713246 70
1757654744569 1.3862869326880438 71
1757654744659 1.8226880143684845 72
1757654744744 0.4932560595476937 73
1757654744830 0.8191344408798229 74
1757654744912 1.2012336144773132 75
1757654744992 2.270386487735136 76
1757654745074 0.997166560368728 77
1757654745157 1.2202413163540997 78
1757654745242 1.2159005236807805 79
1757654745331 0.7986016708574373 80
1757654745415 0.5735175021010629 81
1757654745501 2.071210951793497 82
1757654745590 1.445328604470785 83
1757654745676 2.7644132187753097 84
1757654745763 1.4656218755530261 85
1757654745846 0.9517820310205143 86
1757654745934 0.7639963618452699 87
1757654746022 1.0764529347915741 88
1757654746102 1.2483095884399358 89
1757654746188 1.8539044442385357 90
1757654746272 0.8581780941380994 91
1757654746358 2.3890882193808376 92
1757654746444 0.8280018494658663 93
1757654746534 0.7048664137508426 94
1757654746620 1.973059400973778 95
1757654746709 1.0848988896068907 96
1757654746797 1.4239135899220396 97
1757654746886 1.9215223592560386 98
1757654746970 1.0072304421673177 99
1757654747052 1.0135184743039887 100
1757654747138 1.762002257564504 101
1757654747229 0.9206285959165965 102
1757654747315 0.8324712111320037 103
1757654747403 1.3039141753684569 104
1757654747486 1.049690011710025 105
1757654747571 1.243776750421784 106
1757654747658 1.5490352472816653 107
1757654747745 4.466902446371969 108
1757654747828 1.1635007126993 109
1757654747913 1.4489686975563805 110
1757654748001 0.554065316211744 111
1757654748088 0.9278881161839081 112
1757654748181 0.9967163551344773 113
1757654748334 0.9322460259034901 114
1757654748404 0.8453822603943401 115
1757654748471 1.1129140036519487 116
1757654748542 0.6577083870276487 117
1757654748627 0.6233429757681651 118
1757654748706 1.951868831711541 119
1757654748787 3.486353604862437 120
1757654748874 2.536553424298466 121
1757654748957 1.327842179846702 122
1757654749038 0.682723914471674 123
1757654749122 1.457502654434573 124
1757654749220 0.794154062506364 125
1757654749307 1.762378217157821 126
1757654749396 0.6819977036620103 127
1757654749483 1.534171882033303 128
1757654749571 0.9406862947082173 129
1757654749661 1.1534475119954986 130
1757654749747 2.1434718269747655 131
1757654749832 2.509567002582296 132
1757654749917 1.2284239069686402 133
1757654750005 2.1320921747252894 134
1757654750091 1.3202321333848293 135
1757654750180 1.034531657503447 136
1757654750267 1.0518831269265856 137
1757654750357 1.641720863992547 138
1757654750446 0.6965224853407298 139
1757654750536 2.9121575327744567 140
1757654750635 1.344038188684825 141
1757654750727 0.728499566030525 142
1757654750820 0.9306609237466733 143
1757654750920 0.8711671435952313 144
1757654751002 0.6871799391010929 145
1757654751087 1.240099597247887 146
1757654751174 0.9948937557263375 147
1757654751266 0.5102255461217825 148
1757654751335 1.4204207790943544 149
1757654751420 0.5707900223093046 150
1757654751509 2.038688672781968 151
1757654751596 0.9280651062474964 152
1757654751688 2.7769182518328073 153
1757654751780 2.01341352008122 154
1757654751869 1.2966235437574702 155
1757654751959 0.7977731966933232 156
1757654752047 1.3610058607182876 157
1757654752133 0.674772600707388 158
1757654752221 1.5952465180048327 159
1757654752315 1.7784485764789264 160
1757654752407 1.1661317263445972 161
1757654752505 2.3725948650329154 162
1757654752594 2.1706037301948897 163
1757654752683 1.3930333853844716 164
1757654752770 1.2850842121521442 165
1757654752856 2.684834063792776 166
1757654752942 1.254204185841022 167
1757654753025 1.2533280124125028 168
1757654753109 1.039332315645965 169
1757654753198 0.588834838068617 170
1757654753287 1.0414159283340947 171
