1757440041353 169.38634097125342 0
1757440041420 166.82962216760686 1
1757440041486 164.33996549679262 2
1757440041546 161.88793988766878 3
1757440041608 159.47297496934937 4
1757440041671 157.094509028205 5
1757440041737 154.75198887636734 6
1757440041793 152.4448697222311 7
1757440041850 150.1726150429244 8
1757440041913 147.93469645871645 9
1757440041976 145.7305936093333 10
1757440042040 143.5597940321536 11
1757440042095 141.4217930422542 12
1757440042155 139.31609361427928 13
1757440042212 137.2422062661036 14
1757440042270 135.19964894426383 15
1757440042333 133.18794691113055 16
1757440042390 131.2066326337945 17
1757440042455 129.25524567464112 18
1757440042515 127.3333325835878 19
1757440042579 125.44044679195837 20
1757440042640 123.57614850796992 21
1757440042706 121.74000461380787 22
1757440042770 119.93158856426466 23
1757440042833 118.15048028691855 24
1757440042898 116.39626608382893 25
1757440042961 114.66853853472556 26
1757440043025 112.96689640166846 27
1757440043086 111.2909445351563 28
1757440043143 109.64029378166153 29
1757440043202 108.01456089257029 30
1757440043269 106.41336843450583 31
1757440043339 104.83634470101431 32
1757440043403 103.2831236255926 33
1757440043468 101.75334469603726 34
1757440043539 100.24665287009502 35
1757440043604 98.76269849239452 36
1757440043670 97.30113721264051 37
1757440043736 95.86162990505049 38
1757440043801 94.44384258901572 39
1757440043860 93.04744635096735 40
1757440043921 91.67211726742978 41
1757440043982 90.3175363292431 42
1757440044047 88.9833893669365 43
1757440044111 87.6693669772359 44
1757440044172 86.37516445068772 45
1757440044236 85.10048170038252 46
1757440044297 83.84502319176136 47
1757440044359 82.60849787348855 48
1757440044420 81.39061910937478 49
1757440044480 80.1911046113343 50
1757440044543 79.00967637336075 51
1757440044607 77.84606060650604 52
1757440044675 76.69998767484698 53
1757440044738 75.57119203242476 54
1757440044800 74.45941216114247 55
1757440044863 73.36439050960601 56
1757440044928 72.28587343289423 57
1757440044992 71.22361113324392 58
1757440045062 70.17735760163607 59
1757440045126 69.14687056026948 60
1757440045192 68.13191140590813 61
1757440045259 67.13224515408952 62
1757440045326 66.14764038418032 63
1757440045392 65.1778691852667 64
1757440045460 64.2227071028669 65
1757440045527 63.28193308645301 66
1757440045596 62.35532943777019 67
1757440045661 61.44268175994084 68
1757440045727 60.54377890734207 69
1757440045794 59.658412936244424 70
1757440045861 58.786379056200595 71
1757440045922 57.92747558217254 72
1757440045991 57.08150388738579 73
1757440046055 56.248268356900056 74
1757440046119 55.42757634188491 75
1757440046182 54.61923811459035 76
1757440046247 53.82306682400114 77
1757440046315 53.03887845216488 78
1757440046381 52.26649177118354 79
1757440046451 51.50572830085813 80
1757440046521 50.75641226697698 81
1757440046590 50.01837056023745 82
1757440046657 49.291432695791705 83
1757440046723 48.57543077340706 84
1757440046789 47.870199438231325 85
1757440046856 47.17557584215427 86
1757440046927 46.4913996057559 87
1757440046993 45.81751278083286 88
1757440047062 45.153759813493885 89
1757440047130 44.499987507815966 90
1757440047198 43.856044990052446 91
1757440047267 43.22178367338486 92
1757440047334 42.59705722321014 93
1757440047403 41.98172152295509 94
1757440047472 41.3756346404101 95
1757440047542 40.778656794574225 96
1757440047609 40.19065032300388 97
1757440047676 39.61147964965745 98
1757440047745 39.0410112532283 99
1757440047811 38.4791136359588 100
1757440047869 37.925657292928015 101
1757440047929 37.38051468180582 102
1757440048000 36.84356019306651 103
1757440048060 36.31467012065473 104
1757440048125 35.793722633096976 105
1757440048192 35.280597745051864 106
1757440048259 34.7751772892925 107
1757440048313 34.27734488911435 108
1757440048369 33.78698593116228 109
1757440048433 33.30398753867017 110
1757440048499 32.82823854510702 111
1757440048564 32.359629468223325 112
1757440048625 31.89805248449162 113
1757440048687 31.443401403935194 114
1757440048748 30.995571645339076 115
1757440048808 30.554460211837576 116
1757440048873 30.119965666872424 117
1757440048937 29.691988110516323 118
1757440049004 29.2704291561557 119
1757440049070 28.855191907527924 120
1757440049136 28.446180936107062 121
1757440049203 28.04330225883307 122
1757440049270 27.646463316179332 123
1757440049337 27.255572950553134 124
1757440049407 26.87054138502427 125
1757440049479 26.491280202376597 126
1757440049551 26.117702324477786 127
1757440049621 25.749721991962335 128
1757440049692 25.387254744223103 129
1757440049760 25.030217399706714 130
1757440049829 24.67852803650821 131
1757440049891 24.332105973260337 132
1757440049956 23.990871750313065 133
1757440050019 23.65474711119894 134
1757440050083 23.323654984379814 135
1757440050145 22.99751946527085 136
1757440050211 22.676265798537425 137
1757440050278 22.35982036066089 138
1757440050343 22.04811064276901 139
1757440050407 21.741065233727266 140
1757440050476 21.438613803486678 141
1757440050541 21.14068708668475 142
1757440050611 20.847216866495227 143
1757440050675 20.558135958723152 144
1757440050741 20.273378196141433 145
1757440050809 19.99287841306524 146
1757440050877 19.716572430160657 147
1757440050945 19.44439703948391 148
1757440051016 19.17628998974782 149
1757440051095 18.912189971811994 150
1757440051165 18.652036604393246 151
1757440051232 18.395770419993053 152
1757440051310 18.143332851038608 153
1757440051382 17.894666216234363 154
1757440051450 17.64971370712077 155
1757440051524 17.408419374837095 156
1757440051588 17.17072811708519 157
1757440051650 16.936585665291215 158
1757440051713 16.70593857196231 159
1757440051778 16.478734198235127 160
1757440051839 16.254920701613475 161
1757440051897 16.03444702389216 162
1757440051953 15.81726287926405 163
1757440052019 15.60331874260782 164
1757440052082 15.39256583795344 165
1757440052144 15.18495612712279 166
1757440052204 14.980442298542714 167
1757440052266 14.778977756227928 168
1757440052331 14.58051660893116 169
1757440052398 14.385013659458034 170
1757440052466 14.19242439414409 171
1757440052534 14.00270497249166 172
1757440052597 13.81581221696394 173
1757440052661 13.631703602934097 174
1757440052726 13.45033724878686 175
1757440052792 13.271671906170452 176
1757440052859 13.09566695039642 177
1757440052926 12.922282370985286 178
1757440052995 12.751478762355587 179
1757440053063 12.583217314654368 180
1757440053131 12.41745980472679 181
1757440053201 12.254168587222848 182
1757440053272 12.093306585839052 183
1757440053348 11.93483728469307 184
1757440053417 11.778724719829274 185
1757440053487 11.624933470853238 186
1757440053556 11.47342865269319 187
1757440053622 11.324175907486548 188
1757440053692 11.177141396589526 189
1757440053759 11.032291792708115 190
1757440053827 10.889594272148406 191
1757440053898 10.74901650718461 192
1757440053960 10.610526658542845 193
1757440054023 10.47409336799903 194
1757440054089 10.339685751089158 195
1757440054153 10.207273389930087 196
1757440054216 10.076826326149446 197
1757440054300 9.9483150539227 198
1757440054369 9.821710513115962 199
1757440054437 9.696984082532836 200
1757440054504 9.574107573263793 201
1757440054571 9.453053222136392 202
1757440054640 9.333793685264993 203
1757440054708 9.216302031698282 204
1757440054777 9.100551737163217 205
1757440054845 8.986516677903927 206
1757440054915 8.8741711246141 207
1757440054984 8.763489736461398 208
1757440055054 8.654447555202614 209
1757440055124 8.547019999388093 210
1757440055194 8.44118285865409 211
1757440055265 8.336912288101763 212
1757440055331 8.234184802761396 213
1757440055399 8.132977272140693 214
1757440055467 8.033266914855737 215
1757440055539 7.9350312933434575 216
1757440055609 7.838248308654276 217
1757440055679 7.742896195323795 218
1757440055746 7.648953516322282 219
1757440055815 7.556399158080772 220
1757440055886 7.465212325592658 221
1757440055955 7.37537253758959 222
1757440056018 7.286859621790541 223
1757440056084 7.199653710222965 224
1757440056151 7.11373523461495 225
1757440056215 7.029084921857269 226
1757440056282 6.9456837895342565 227
1757440056349 6.863513141522503 228
1757440056417 6.782554563656317 229
1757440056484 6.702789919458921 230
1757440056550 6.624201345938434 231
1757440056617 6.546771249447607 232
1757440056687 6.470482301606365 233
1757440056755 6.395317435286205 234
1757440056822 6.321259840655491 235
1757440056890 6.2482929612847675 236
1757440056961 6.176400490311117 237
1757440057030 6.105566366660705 238
1757440057100 6.035774771328622 239
1757440057169 5.96701012371516 240
1757440057238 5.899257078017656 241
1757440057308 5.832500519677034 242
1757440057377 5.766725561878285 243
1757440057447 5.7019175421039705 244
1757440057519 5.6380620187400625 245
1757440057587 5.575144767733183 246
1757440057657 5.513151779298606 247
1757440057727 5.452069254678144 248
1757440057798 5.391883602947218 249
1757440057865 5.332581437870338 250
1757440057934 5.2741495748042775 251
1757440057997 5.216575027648209 252
1757440058069 5.159845005840093 253
1757440058133 5.103946911398582 254
1757440058199 5.048868336009827 255
1757440058266 4.994597058158429 256
1757440058331 4.9411210403018915 257
1757440058400 4.888428426087934 258
1757440058452 4.836507537613983 259
1757440058509 4.78534687272822 260
1757440058570 4.734935102371542 261
1757440058638 4.685261067959848 262
1757440058708 4.6363137788059845 263
1757440058778 4.5880824095807835 264
1757440058853 4.540556297812614 265
1757440058925 4.493724941424809 266
1757440058995 4.4475779963104465 267
1757440059065 4.402105273943893 268
1757440059134 4.357296739028556 269
1757440059205 4.313142507180276 270
1757440059275 4.269632842645868 271
1757440059342 4.226758156056215 272
1757440059410 4.184509002213456 273
1757440059479 4.142876077911673 274
1757440059552 4.101850219790639 275
1757440059623 4.061422402222095 276
1757440059692 4.021583735228059 277
1757440059761 3.98232546243069 278
1757440059831 3.943638959033217 279
1757440059903 3.9055157298314747 280
1757440059971 3.867947407255583 281
1757440060038 3.830925749441284 282
1757440060108 3.7944426383305365 283
1757440060182 3.75849007780087 284
1757440060252 3.723060191823094 285
1757440060342 3.6881452226469467 286
1757440060413 3.6537375290141845 287
1757440060488 3.619829584398823 288
1757440060562 3.5864139752739765 289
1757440060635 3.553483399404985 290
1757440060705 3.5210306641684275 291
1757440060778 3.4890486848965616 292
1757440060851 3.4575304832468694 293
1757440060922 3.426469185596319 294
1757440060995 3.3958580214599303 295
1757440061067 3.365690321933307 296
1757440061136 3.33595951815877 297
1757440061204 3.306659139814729 298
1757440061273 3.277782813627925 299
1757440061346 3.2493242619082254 300
1757440061418 3.221277301105611 301
1757440061487 3.19363584038901 302
1757440061560 3.166393880246685 303
1757440061638 3.139545511107788 304
1757440061711 3.1130849119848136 305
1757440061783 3.087006349136615 306
1757440061852 3.0613041747516645 307
1757440061922 3.0359728256512493 308
1757440061989 3.0110068220123254 309
1757440062055 2.986400766109702 310
1757440062125 2.9621493410772723 311
1757440062195 2.938247309688011 312
1757440062263 2.9146895131524357 313
1757440062336 2.8914708699352825 314
1757440062408 2.8685863745900844 315
1757440062478 2.846031096611398 316
1757440062549 2.8238001793044045 317
1757440062619 2.8018888386716596 318
1757440062690 2.780292362316645 319
1757440062759 2.7590061083639634 320
1757440062831 2.738025504395866 321
1757440062900 2.7173460464048693 322
1757440062974 2.6969632977622577 323
1757440063044 2.6768728882021717 324
1757440063116 2.6570705128210874 325
1757440063187 2.6375519310924473 326
1757440063259 2.6183129658961883 327
1757440063333 2.599349502562987 328
1757440063406 2.5806574879329394 329
1757440063482 2.5622329294285144 330
1757440063561 2.5440718941415255 331
1757440063636 2.5261705079339176 332
1757440063710 2.5085249545521813 333
1757440063782 2.49113147475514 334
1757440063858 2.473986365454962 335
1757440063934 2.457085978871156 336
1757440064005 2.4404267216973885 337
1757440064071 2.424005054280872 338
1757440064142 2.407817489814207 339
1757440064217 2.391860593539434 340
1757440064289 2.3761309819641263 341
1757440064364 2.360625322089355 342
1757440064437 2.3453403306493206 343
1757440064511 2.330272773362497 344
1757440064585 2.315419464194099 345
1757440064659 2.300777264629706 346
1757440064735 2.2863430829598834 347
1757440064811 2.272113873575607 348
1757440064884 2.258086636274365 349
1757440064956 2.2442584155767373 350
1757440065026 2.2306263000533217 351
1757440065100 2.2171874216618375 352
1757440065172 2.203938955094254 353
1757440065240 2.190878117133789 354
1757440065313 2.1780021660216353 355
1757440065381 2.165308400833259 356
1757440065451 2.1527941608641394 357
1757440065523 2.1404568250247773 358
1757440065597 2.1282938112448697 359
1757440065671 2.1163025758864844 360
1757440065739 2.1044806131661016 361
1757440065818 2.0928254545854035 362
1757440065891 2.0813346683706677 363
1757440065963 2.070005858920619 364
1757440066033 2.0588366662626525 365
1757440066101 2.047824765517257 366
1757440066174 2.0369678663705395 367
1757440066245 2.0262637125547247 368
1757440066316 2.0157100813365028 369
1757440066388 2.0053047830131097 370
1757440066462 1.9950456604160234 371
1757440066537 1.9849305884221597 372
1757440066611 1.9749574734724609 373
1757440066684 1.9651242530977389 374
1757440066761 1.9554288954517094 375
1757440066835 1.9458693988510603 376
1757440066908 1.9364437913224812 377
1757440066985 1.9271501301565228 378
1757440067058 1.9179865014682158 379
1757440067131 1.908951019764306 380
1757440067202 1.9000418275170443 381
1757440067273 1.8912570947443974 382
1757440067349 1.8825950185966125 383
1757440067421 1.8740538229490231 384
1757440067495 1.8656317580009976 385
1757440067568 1.8573270998809543 386
1757440067644 1.8491381502573316 387
1757440067719 1.841063235955439 388
1757440067792 1.8331007085800892 389
1757440067867 1.8252489441439361 390
1757440067940 1.8175063427014089 391
1757440068014 1.809871327988189 392
1757440068083 1.8023423470661213 393
1757440068155 1.7949178699734814 394
1757440068222 1.7875963893805327 395
1757440068292 1.7803764202502717 396
1757440068358 1.7732564995043083 397
1757440068428 1.766235185693767 398
1757440068499 1.7593110586751735 399
1757440068561 1.7524827192912267 400
1757440068620 1.7457487890563828 401
1757440068686 1.7391079098471915 402
1757440068750 1.7325587435972976 403
1757440068820 1.7260999719970476 404
1757440068892 1.7197302961976275 405
1757440068967 1.7134484365196656 406
1757440069044 1.7072531321662288 407
1757440069120 1.7011431409401432 408
1757440069197 1.6951172389655946 409
1757440069275 1.6891742204139057 410
1757440069352 1.6833128972334679 411
1757440069423 1.6775320988837301 412
1757440069499 1.6718306720732123 413
1757440069572 1.666207480501466 414
1757440069647 1.6606614046049148 415
1757440069723 1.6551913413065393 416
1757440069801 1.6497962037693354 417
1757440069880 1.644474921153477 418
1757440069957 1.6392264383771522 419
1757440070031 1.634049715880999 420
1757440070103 1.6289437293960898 421
1757440070166 1.6239074697154172 422
1757440070229 1.6189399424688184 423
1757440070294 1.614040167901294 424
1757440070364 1.6092071806546682 425
1757440070438 1.6044400295525356 426
1757440070512 1.5997377773884505 427
1757440070590 1.595099500717303 428
1757440070666 1.590524289649849 429
1757440070739 1.5860112476503165 430
1757440070815 1.581559491337078 431
1757440070889 1.5771681502863177 432
1757440070963 1.572836366838652 433
1757440071038 1.5685632959086657 434
1757440071120 1.5643481047973204 435
1757440071197 1.560189973007177 436
1757440071273 1.5560880920604123 437
1757440071354 1.5520416653195626 438
1757440071426 1.5480499078109782 439
1757440071500 1.5441120460509228 440
1757440071575 1.5402273178743033 441
1757440071654 1.5363949722659647 442
1757440071730 1.5326142691945353 443
1757440071804 1.5288844794487586 444
1757440071876 1.5252048844763022 445
1757440071948 1.521574776224986 446
1757440072025 1.5179934569863922 447
1757440072100 1.5144602392418405 448
1757440072170 1.5109744455106673 449
1757440072242 1.5075354082008003 450
1757440072314 1.5041424694615673 451
1757440072389 1.5007949810387289 452
1757440072464 1.4974923041316808 453
1757440072537 1.4942338092528145 454
1757440072610 1.4910188760889855 455
1757440072689 1.4878468933650641 456
1757440072765 1.4847172587095405 457
1757440072839 1.4816293785221444 458
1757440072917 1.4785826678434661 459
1757440072993 1.4755765502265186 460
1757440073068 1.4726104576102481 461
1757440073147 1.4696838301949342 462
1757440073227 1.466796116319459 463
1757440073302 1.463946772340437 464
1757440073381 1.4611352625131435 465
1757440073454 1.4583610588742342 466
1757440073530 1.4556236411262369 467
1757440073600 1.4529224965237646 468
1757440073676 1.450257119761447 469
1757440073755 1.4476270128635371 470
1757440073830 1.4450316850751819 471
1757440073908 1.4424706527553226 472
1757440073986 1.4399434392712016 473
1757440074064 1.4374495748944511 474
1757440074138 1.4349885966987452 475
1757440074211 1.4325600484589893 476
1757440074278 1.4301634805520147 477
1757440074346 1.4277984498587692 478
1757440074417 1.4254645196679736 479
1757440074489 1.4231612595812242 480
1757440074562 1.4208882454195142 481
1757440074640 1.4186450591311652 482
1757440074720 1.4164312887011299 483
1757440074794 1.4142465280616654 484
1757440074870 1.412090377004333 485
1757440074947 1.409962441093329 486
1757440075026 1.4078623315801067 487
1757440075102 1.4057896653192843 488
1757440075189 1.4037440646858086 489
1757440075268 1.4017251574933596 490
1757440075345 1.3997325769139823 491
1757440075419 1.3977659613989197 492
1757440075497 1.395824954600626 493
1757440075579 1.3939092052959614 494
1757440075655 1.3920183673105242 495
1757440075731 1.390152099444126 496
1757440075809 1.3883100653973726 497
1757440075885 1.3864919336993522 498
1757440075959 1.3846973776364058 499
