1757640825976 169.38634097125342 0
1757640826057 169.29656583817305 1
1757640826142 169.20684047475427 2
1757640826215 169.11716485292362 3
1757640826294 169.0275389446235 4
1757640826368 168.9379627218123 5
1757640826447 168.84843615646446 6
1757640826522 168.75895922057023 7
1757640826607 168.66953188613584 8
1757640826686 168.58015412518353 9
1757640826764 168.4908259097514 10
1757640826842 168.4015472118935 11
1757640826923 168.31231800367976 12
1757640827001 168.223138257196 13
1757640827080 168.13400794454395 14
1757640827158 168.04492703784112 15
1757640827235 167.95589550922114 16
1757640827314 167.8669133308332 17
1757640827392 167.77798047484254 18
1757640827472 167.68909691343015 19
1757640827550 167.60026261879287 20
1757640827630 167.5114775631434 21
1757640827708 167.4227417187102 22
1757640827788 167.33405505773763 23
1757640827866 167.24541755248572 24
1757640827941 167.1568291752303 25
1757640828019 167.06828989826317 26
1757640828096 166.97979969389164 27
1757640828176 166.8913585344389 28
1757640828255 166.80296639224395 29
1757641764422 166.7146232396614 30
1757641764593 166.6263290490617 31
1757641764685 166.538083792831 32
1757641764771 166.44988744337115 33
1757641764865 166.3617399730997 34
1757641765082 166.2736413544499 35
1757641765181 166.18559155987066 36
1757641765266 166.0975905618267 37
1757641765360 166.00963833279823 38
1757641765450 165.92173484528124 39
1757641765559 165.83388007178735 40
1757641765673 165.74607398484378 41
1757641765789 165.65831655699347 42
1757641765901 165.57060776079484 43
1757641766009 165.4829475688221 44
1757641766141 165.395335953665 45
1757641766260 165.30777288792885 46
1757641766380 165.22025834423454 47
1757641766497 165.13279229521862 48
1757641766606 165.0453747135332 49
1757641766722 164.95800557184586 50
1757641766833 164.8706848428398 51
1757641766937 164.78341249921385 52
1757641767048 164.6961885136822 53
1757641767160 164.6090128589747 54
1757641767274 164.52188550783669 55
1757641767374 164.43480643302894 56
1757641767519 164.3477756073279 57
1757641767634 164.26079300352524 58
1757641767746 164.17385859442842 59
1757641767852 164.08697235286022 60
1757641767952 164.0001342516588 61
1757641768048 163.91334426367797 62
1757641768148 163.82660236178683 63
1757641768247 163.73990851887 64
1757641768336 163.6532627078275 65
1757641768412 163.5666649015748 66
1757641768505 163.48011507304275 67
1757641768584 163.3936131951776 68
1757641768677 163.30715924094105 69
1757641768771 163.22075318331017 70
1757641768865 163.13439499527732 71
1757641768959 163.04808464985032 72
1757641769052 162.96182212005232 73
1757641769141 162.87560737892187 74
1757641769245 162.78944039951278 75
1757641769333 162.70332115489424 76
1757641769425 162.61724961815077 77
1757641769522 162.53122576238215 78
1757641769629 162.4452495607036 79
1757641769723 162.35932098624548 80
1757641769822 162.2734400121535 81
1757641769913 162.1876066115887 82
1757641770001 162.10182075772735 83
1757641770097 162.016082423761 84
1757641770191 161.93039158289636 85
1757641770280 161.8447482083556 86
1757641770369 161.7591522733759 87
1757641770454 161.67360375120975 88
1757641770538 161.58810261512497 89
1757641770618 161.50264883840444 90
1757641770702 161.41724239434626 91
1757641770785 161.33188325626384 92
1757641770870 161.24657139748567 93
1757641770953 161.1613067913554 94
1757641771037 161.07608941123195 95
1757641771121 160.9909192304893 96
1757641771203 160.90579622251667 97
1757641771290 160.8207203607183 98
1757641771378 160.73569161851375 99
1757641771467 160.6507099693375 100
1757641771559 160.5657753866393 101
1757641771648 160.48088784388386 102
1757641771734 160.39604731455114 103
1757641771821 160.31125377213615 104
1757641771906 160.22650719014888 105
1757641771991 160.14180754211452 106
1757641772087 160.05715480157323 107
1757641772184 159.97254894208038 108
1757641772266 159.88798993720613 109
1757641772353 159.80347776053588 110
1757641772436 159.71901238567006 111
1757641772523 159.63459378622397 112
1757641772603 159.55022193582812 113
1757641772682 159.46589680812784 114
1757641772763 159.38161837678354 115
1757641772848 159.29738661547069 116
1757641772932 159.2132014978796 117
1757641773019 159.1290629977156 118
1757641773101 159.04497108869904 119
1757641773177 158.96092574456515 120
1757641773259 158.87692693906413 121
1757641773338 158.7929746459611 122
1757641773417 158.70906883903618 123
1757641773499 158.6252094920843 124
1757641773578 158.5413965789154 125
1757641773656 158.45763007335418 126
1757641773733 158.3739099492404 127
1757641773816 158.29023618042862 128
1757641773898 158.2066087407883 129
1757641773977 158.12302760420368 130
1757641774057 158.03949274457403 131
1757641774137 157.9560041358133 132
1757641774218 157.8725617518504 133
1757641774302 157.78916556662904 134
1757641774383 157.70581555410766 135
1757641774464 157.6225116882597 136
1757641774556 157.53925394307322 137
1757641774638 157.45604229255122 138
1757641774716 157.3728767107114 139
1757641774796 157.28975717158633 140
1757641774881 157.20668364922324 141
1757641774957 157.12365611768428 142
1757641775037 157.0406745510462 143
1757641775116 156.95773892340057 144
1757641775199 156.87484920885373 145
1757641775280 156.7920053815267 146
1757641775361 156.70920741555523 147
1757641775443 156.62645528508978 148
1757641775523 156.5437489642956 149
1757641775604 156.4610884273525 150
1757641775686 156.37847364845513 151
1757641775770 156.29590460181268 152
1757641775852 156.21338126164912 153
1757641775936 156.13090360220298 154
1757641776019 156.04847159772754 155
1757641776102 155.96608522249076 156
1757641776183 155.88374445077505 157
1757641776267 155.80144925687773 158
1757641776350 155.71919961511043 159
1757641776433 155.6369954997997 160
1757641776516 155.55483688528645 161
1757641776594 155.47272374592632 162
1757641776671 155.39065605608948 163
1757641776757 155.30863379016077 164
1757641776839 155.2266569225395 165
1757641776921 155.1447254276396 166
1757641777005 155.06283927988952 167
1757641777087 154.98099845373233 168
1757641777170 154.89920292362552 169
1757641777253 154.81745266404124 170
1757641777339 154.7357476494661 171
1757641777421 154.65408785440118 172
1757641777504 154.57247325336218 173
1757641777587 154.49090382087914 174
1757641777672 154.4093795314968 175
1757641777757 154.32790035977416 176
1757641777840 154.24646628028484 177
1757641777926 154.1650772676169 178
1757641778011 154.08373329637286 179
1757641778094 154.00243434116956 180
1757641778179 153.92118037663846 181
1757641778263 153.8399713774254 182
1757641778348 153.75880731819058 183
1757641778433 153.67768817360863 184
1757641778514 153.59661391836875 185
1757641778600 153.51558452717424 186
1757641778679 153.43459997474304 187
1757641778761 153.35366023580735 188
1757641778846 153.27276528511385 189
1757641778930 153.1919150974234 190
1757641779016 153.11110964751146 191
1757641779100 153.03034891016762 192
1757641779183 152.94963286019592 193
1757641779267 152.86896147241475 194
1757641779349 152.7883347216568 195
1757641779432 152.70775258276905 196
1757641779515 152.6272150306128 197
1757641779598 152.54672204006368 198
1757641779680 152.46627358601154 199
1757641779765 152.38586964336065 200
1757641779850 152.30551018702943 201
1757641779936 152.22519519195055 202
1757641780017 152.14492463307107 203
1757641780102 152.06469848535224 204
1757641780186 151.98451672376947 205
1757641780271 151.90437932331255 206
1757641780356 151.8242862589854 207
1757641780440 151.74423750580615 208
1757641780525 151.66423303880725 209
1757641780608 151.5842728330352 210
1757641780688 151.50435686355084 211
1757641780771 151.42448510542908 212
1757641780858 151.34465753375903 213
1757641780941 151.2648741236441 214
1757641781028 151.18513485020165 215
1757641781115 151.10543968856334 216
1757641781199 151.025788613875 217
1757641781285 150.9461816012964 218
1757641781376 150.8666186260017 219
1757641781463 150.78709966317902 220
1757641781552 150.70762468803062 221
1757641781640 150.62819367577288 222
1757641781724 150.54880660163627 223
1757641781809 150.46946344086538 224
1757641781895 150.39016416871883 225
1757641781978 150.31090876046935 226
1757641782066 150.23169719140367 227
1757641782157 150.15252943682273 228
1757641782244 150.07340547204134 229
1757641782328 149.99432527238847 230
1757641782415 149.91528881320707 231
1757641782497 149.83629606985411 232
1757641782587 149.75734701770065 233
1757641782675 149.67844163213164 234
1757641782756 149.59957988854615 235
1757641782842 149.52076176235713 236
1757641782929 149.44198722899162 237
1757641783016 149.36325626389063 238
1757641783099 149.28456884250895 239
1757641783184 149.20592494031567 240
1757641783268 149.12732453279355 241
1757641783352 149.04876759543936 242
1757641783438 148.9702541037639 243
1757641783520 148.8917840332918 244
1757641783610 148.81335735956165 245
1757641783690 148.73497405812594 246
1757641783776 148.6566341045511 247
1757641783858 148.57833747441745 248
1757641783947 148.50008414331913 249
1757641784035 148.42187408686425 250
1757641784120 148.34370728067475 251
1757641784203 148.26558370038643 252
1757641784288 148.18750332164896 253
1757641784375 148.1094661201259 254
1757641784463 148.03147207149456 255
1757641784553 147.95352115144613 256
1757641784640 147.8756133356857 257
1757641784724 147.79774859993205 258
1757641784808 147.71992691991787 259
1757641784896 147.6421482713896 260
1757641784985 147.5644126301075 261
1757641785074 147.48671997184553 262
1757641785164 147.4090702723916 263
1757641785249 147.33146350754728 264
1757641785338 147.25389965312783 265
1757641785426 147.17637868496243 266
1757641785517 147.0989005788939 267
1757641785605 147.02146531077884 268
1757641785688 146.9440728564876 269
1757641785777 146.86672319190413 270
1757641785864 146.7894162929263 271
1757641785953 146.7121521354655 272
1757641786039 146.6349306954469 273
1757641786122 146.55775194880943 274
1757641786208 146.48061587150553 275
1757641786293 146.4035224395015 276
1757641786377 146.32647162877723 277
1757641786466 146.24946341532623 278
1757641786552 146.1724977751557 279
1757641786636 146.0955746842865 280
1757641786723 146.01869411875316 281
1757641786802 145.9418560546037 282
1757641786886 145.86506046789998 283
1757641786977 145.78830733471725 284
1757641787068 145.71159663114452 285
1757641787156 145.63492833328436 286
1757641787240 145.55830241725286 287
1757641787327 145.48171885917984 288
1757641787413 145.4051776352085 289
1757641787501 145.3286787214958 290
1757641787586 145.25222209421213 291
1757641787675 145.1758077295415 292
1757641787761 145.09943560368143 293
1757641787849 145.02310569284302 294
1757641787939 144.94681797325077 295
1757641788025 144.87057242114292 296
1757641788114 144.79436901277103 297
1757641788200 144.71820772440026 298
1757641788286 144.6420885323092 299
1757641788373 144.56601141279003 300
1757641788455 144.48997634214837 301
1757641788543 144.4139832967033 302
1757641788634 144.33803225278726 303
1757641788721 144.26212318674638 304
1757641788807 144.18625607494008 305
1757641788890 144.11043089374127 306
1757641788977 144.03464761953632 307
1757641789061 143.95890622872494 308
1757641789145 143.88320669772034 309
1757641789232 143.80754900294917 310
1757641789316 143.73193312085138 311
1757641789404 143.65635902788046 312
1757641789492 143.58082670050308 313
1757641789579 143.50533611519955 314
1757641789665 143.42988724846333 315
1757641789753 143.3544800768014 316
1757641789840 143.27911457673403 317
1757641789926 143.20379072479489 318
1757641790015 143.12850849753087 319
1757641790102 143.05326787150238 320
1757641790191 142.97806882328305 321
1757641790281 142.9029113294598 322
1757641790369 142.82779536663296 323
1757641790460 142.75272091141608 324
1757641790547 142.6776879404361 325
1757641790633 142.60269643033317 326
1757641790722 142.52774635776075 327
1757641790805 142.4528376993855 328
1757641790887 142.37797043188758 329
1757641790977 142.30314453196019 330
1757641791062 142.22835997630983 331
1757641791150 142.1536167416563 332
1757641791236 142.07891480473256 333
1757641791321 142.00425414228488 334
1757641791410 141.92963473107272 335
1757641791502 141.85505654786877 336
1757641791588 141.78051956945887 337
1757641791674 141.7060237726421 338
1757641791762 141.6315691342308 339
1757641791849 141.55715563105036 340
1757641791938 141.48278323993947 341
1757641792027 141.40845193774993 342
1757641792116 141.33416170134666 343
1757641792203 141.25991250760785 344
1757641792289 141.18570433342472 345
1757641792376 141.11153715570177 346
1757641792462 141.03741095135646 347
1757641792548 140.96332569731948 348
1757641792634 140.88928137053463 349
1757641792722 140.81527794795886 350
1757641792809 140.7413154065621 351
1757641792893 140.66739372332745 352
1757641792984 140.59351287525112 353
1757641793073 140.5196728393424 354
1757641793162 140.4458735926236 355
1757641793249 140.3721151121301 356
1757641793338 140.2983973749104 357
1757641793426 140.22472035802602 358
1757641793515 140.1510840385515 359
1757641793605 140.0774883935744 360
1757641793693 140.00393340019536 361
1757641793779 139.93041903552805 362
1757641793867 139.85694527669904 363
1757641793954 139.7835121008481 364
1757641794046 139.71011948512776 365
1757641794135 139.63676740670377 366
1757641794219 139.56345584275473 367
1757641794308 139.4901847704722 368
1757641794397 139.4169541670608 369
1757641794491 139.3437640097381 370
1757641794581 139.27061427573446 371
1757641794674 139.19750494229345 372
1757641794762 139.12443598667136 373
1757641794850 139.05140738613756 374
1757641794933 138.97841911797423 375
1757641795025 138.90547115947652 376
1757641795114 138.83256348795248 377
1757641795202 138.75969608072313 378
1757641795298 138.68686891512226 379
1757641795386 138.61408196849663 380
1757641795474 138.54133521820586 381
1757641795567 138.46862864162242 382
1757641795655 138.39596221613166 383
1757641795744 138.32333591913186 384
1757641795873 138.25074972803404 385
1757641795963 138.17820362026208 386
1757641796052 138.10569757325277 387
1757641796141 138.03323156445566 388
1757641796228 137.96080557133314 389
1757641796315 137.88841957136043 390
1757641796404 137.81607354202555 391
1757641796493 137.74376746082928 392
1757641796584 137.67150130528526 393
1757641796671 137.59927505291986 394
1757641796760 137.52708868127226 395
1757641796850 137.4549421678944 396
1757641796933 137.38283549035094 397
1757641797028 137.31076862621939 398
1757641797120 137.23874155308985 399
1757641797211 137.1667542485654 400
1757641797299 137.0948066902616 401
1757641797387 137.02289885580697 402
1757641797480 136.95103072284252 403
1757641797567 136.87920226902213 404
1757641797656 136.80741347201234 405
1757641797746 136.73566430949236 406
1757641797836 136.66395475915414 407
1757641797927 136.59228479870228 408
1757641798016 136.52065440585406 409
1757641798105 136.44906355833945 410
1757641798195 136.37751223390097 411
1757641798285 136.30600041029402 412
1757641798378 136.2345280652864 413
1757641798469 136.16309517665871 414
1757641798559 136.09170172220416 415
1757641798647 136.0203476797285 416
1757641798739 135.9490330270502 417
1757641798829 135.87775774200023 418
1757641798916 135.80652180242234 419
1757641799000 135.73532518617262 420
1757641799090 135.66416787112001 421
1757641799182 135.59304983514585 422
1757641799272 135.5219710561441 423
1757641799366 135.45093151202144 424
1757641799453 135.37993118069681 425
1757641799543 135.30897004010194 426
1757641799632 135.23804806818106 427
1757641799722 135.16716524289086 428
1757641799813 135.09632154220063 429
1757641799903 135.02551694409217 430
1757641799992 134.95475142655982 431
1757641800099 134.8840249676104 432
1757641800189 134.81333754526318 433
1757641800281 134.74268913755 434
1757641800369 134.67207972251524 435
1757641800456 134.60150927821562 436
1757641800549 134.5309777827204 437
1757641800639 134.46048521411137 438
1757641800728 134.39003155048272 439
1757641800818 134.31961676994104 440
1757641800908 134.24924085060545 441
1757641800992 134.17890377060746 442
1757641801081 134.10860550809107 443
1757641801172 134.03834604121266 444
1757641801264 133.968125348141 445
1757641801354 133.89794340705734 446
1757641801445 133.82780019615527 447
1757641801535 133.7576956936408 448
1757641801626 133.68762987773235 449
1757641801718 133.6176027266607 450
1757641801809 133.54761421866897 451
1757641801899 133.47766433201272 452
1757641801990 133.40775304495983 453
1757641802081 133.33788033579052 454
1757641802171 133.2680461827974 455
1757641802260 133.19825056428542 456
1757641802349 133.12849345857177 457
1757641802441 133.05877484398604 458
1757641802532 132.98909469887016 459
1757641802621 132.91945300157838 460
1757641802712 132.8498497304771 461
1757641802802 132.78028486394524 462
1757641802887 132.71075838037385 463
1757641802971 132.64127025816634 464
1757641803060 132.57182047573838 465
1757641803149 132.50240901151784 466
1757641803238 132.43303584394494 467
1757641803330 132.36370095147217 468
1757641803421 132.2944043125642 469
1757641803514 132.22514590569796 470
1757641803603 132.15592570936263 471
1757641803691 132.08674370205958 472
1757641803784 132.01759986230246 473
1757641803871 131.94849416861712 474
1757641803978 131.87942659954152 475
1757641804070 131.81039713362594 476
1757641804167 131.74140574943283 477
1757641804259 131.6724524255368 478
1757641804352 131.60353714052462 479
1757641804446 131.53465987299523 480
1757641804545 131.4658206015598 481
1757641804638 131.39701930484162 482
1757641804751 131.3282559614761 483
1757641804847 131.2595305501108 484
1757641804940 131.1908430494055 485
1757641805029 131.12219343803196 486
1757641805120 131.0535816946742 487
1757641805211 130.98500779802828 488
1757641805303 130.91647172680246 489
1757641805392 130.84797345971694 490
1757641805486 130.77951297550413 491
1757641805577 130.71109025290855 492
1757641805669 130.64270527068672 493
1757641805760 130.5743580076073 494
1757641805852 130.50604844245092 495
1757641805939 130.43777655401044 496
1757641806030 130.3695423210906 497
1757641806121 130.30134572250833 498
1757641806215 130.23318673709244 499
