1757647385249 165.8691458988008 0
1757647385319 165.8239238144927 1
1757647385391 165.78032127721573 2
1757647385462 165.73673051324664 3
1757647385534 165.693151749 4
1757647385604 165.6495849810811 5
1757647385677 165.6060302061289 6
1757647385750 165.56248742078338 7
1757647385823 165.5189566216855 8
1757647385896 165.4754378054771 9
1757647385967 165.431930968801 10
1757647386038 165.38843610830097 11
1757647386105 165.3449532206217 12
1757647386177 165.30148230240889 13
1757647386250 165.25802335030912 14
1757647386321 165.21457636097003 15
1757647386393 165.17114133104 16
1757647386464 165.12771825716857 17
1757647386531 165.08430713600612 18
1757647386605 165.040907964204 19
1757647386676 164.99752073841455 20
1757647386749 164.95414545529096 21
1757647386820 164.91078211148744 22
1757647386891 164.8674307036591 23
1757647386964 164.82409122846204 24
1757647387029 164.78076368255327 25
1757647387101 164.73744806259083 26
1757647387174 164.69414436523357 27
1757647387244 164.65085258714137 28
1757647387315 164.60757272497503 29
1757647387391 164.5643047753963 30
1757647387459 164.5210487350679 31
1757647387530 164.4778046006534 32
1757647387602 164.43457236881744 33
1757647387679 164.39135203622556 34
1757647387746 164.3481435995442 35
1757647387813 164.30494705544072 36
1757647387880 164.2617624005835 37
1757647387951 164.21858963164192 38
1757647388021 164.17542874528607 39
1757647388091 164.13227973818726 40
1757647388159 164.08914260701752 41
1757647388230 164.04601734844994 42
1757647388300 164.00290395915852 43
1757647388372 163.95980243581815 44
1757647388443 163.91671277510477 45
1757647388518 163.87363497369518 46
1757647388591 163.83056902826715 47
1757647388668 163.78751493549936 48
1757647388743 163.74447269207144 49
1757647388817 163.701442294664 50
1757647388887 163.6584237399585 51
1757647388960 163.61541702463745 52
1757647389032 163.5724221453842 53
1757647389105 163.52943909888307 54
1757647389180 163.48646788181935 55
1757647389252 163.44350849087925 56
1757647389325 163.40056092274992 57
1757647389399 163.35762517411936 58
1757647389476 163.3147012416767 59
1757647389548 163.27178912211176 60
1757647389621 163.22888881211554 61
1757647389694 163.18600030837976 62
1757647389769 163.14312360759723 63
1757647389845 163.10025870646163 64
1757647389919 163.0574056016676 65
1757647389993 163.01456428991065 66
1757647390065 162.97173476788734 67
1757647390139 162.92891703229506 68
1757647390213 162.88611107983218 69
1757647390284 162.84331690719793 70
1757647390355 162.80053451109265 71
1757647390426 162.75776388821745 72
1757647390499 162.7150050352744 73
1757647390572 162.67225794896655 74
1757647390645 162.62952262599785 75
1757647390719 162.5867990630732 76
1757647390795 162.5440872568984 77
1757647390871 162.50138720418022 78
1757647390944 162.4586989016263 79
1757647391016 162.41602234594532 80
1757647391089 162.37335753384681 81
1757647391162 162.33070446204124 82
1757647391239 162.28806312723995 83
1757647391311 162.24543352615535 84
1757647391381 162.20281565550067 85
1757647391453 162.16020951199016 86
1757647391526 162.11761509233887 87
1757647391598 162.0750323932629 88
1757647391669 162.03246141147915 89
1757647391742 161.98990214370562 90
1757647391812 161.94735458666108 91
1757647391882 161.90481873706537 92
1757647391959 161.8622945916391 93
1757647392037 161.81978214710392 94
1757647392108 161.77728140018237 95
1757647392183 161.73479234759787 96
1757647392257 161.69231498607496 97
1757647392327 161.64984931233883 98
1757647392441 161.60739532311575 99
1757647392523 161.56495301513291 100
1757647392595 161.52252238511844 101
1757647392672 161.48010342980135 102
1757647392748 161.43769614591153 103
1757647392821 161.39530053017992 104
1757647392899 161.35291657933826 105
1757647392975 161.31054429011934 106
1757647393049 161.26818365925675 107
1757647393126 161.22583468348512 108
1757647393207 161.18349735953987 109
1757647393280 161.14117168415743 110
1757647393354 161.09885765407518 111
1757647393429 161.05655526603132 112
1757647393504 161.0142645167651 113
1757647393576 160.9719854030166 114
1757647393655 160.92971792152676 115
1757647393727 160.88746206903767 116
1757647393800 160.8452178422921 117
1757647393879 160.8029852380338 118
1757647393953 160.7607642530076 119
1757647394026 160.7185548839591 120
1757647394100 160.67635712763476 121
1757647394171 160.63417098078213 122
1757647394244 160.5919964401496 123
1757647394316 160.54983350248636 124
1757647394388 160.50768216454284 125
1757647394449 160.46554242307002 126
1757647394519 160.42341427482 127
1757647394594 160.3812977165458 128
1757647394671 160.33919274500127 129
1757647394742 160.29709935694126 130
1757647394817 160.25501754912153 131
1757647394897 160.21294731829866 132
1757647394975 160.17088866123026 133
1757647395054 160.12884157467482 134
1757647395125 160.08680605539175 135
1757647395199 160.04478210014133 136
1757647395274 160.00276970568484 137
1757647395345 159.96076886878433 138
1757647395417 159.918779586203 139
1757647395489 159.87680185470472 140
1757647395563 159.83483567105446 141
1757647395638 159.79288103201802 142
1757647395710 159.75093793436207 143
1757647395782 159.70900637485425 144
1757647395857 159.66708635026316 145
1757647395932 159.6251778573582 146
1757647396007 159.58328089290987 147
1757647396082 159.5413954536893 148
1757647396160 159.49952153646882 149
1757647396235 159.45765913802146 150
1757647396311 159.4158082551213 151
1757647396387 159.37396888454325 152
1757647396460 159.33214102306314 153
1757647396537 159.2903246674578 154
1757647396613 159.24851981450487 155
1757647396689 159.20672646098296 156
1757647396766 159.16494460367147 157
1757647396842 159.1231742393509 158
1757647396918 159.08141536480255 159
1757647396997 159.03966797680866 160
1757647397072 158.99793207215228 161
1757647397144 158.95620764761753 162
1757647397221 158.91449469998935 163
1757647397297 158.8727932260536 164
1757647397371 158.83110322259705 165
1757647397445 158.78942468640736 166
1757647397522 158.74775761427316 167
1757647397596 158.7061020029839 168
1757647397673 158.66445784932998 169
1757647397749 158.62282515010278 170
1757647397823 158.58120390209444 171
1757647397899 158.5395941020981 172
1757647397972 158.49799574690786 173
1757647398048 158.4564088333185 174
1757647398125 158.41483335812606 175
1757647398202 158.37326931812711 176
1757647398279 158.33171671011942 177
1757647398357 158.2901755309015 178
1757647398430 158.24864577727283 179
1757647398507 158.20712744603375 180
1757647398587 158.1656205339856 181
1757647398663 158.1241250379305 182
1757647398738 158.08264095467152 183
1757647398815 158.04116828101266 184
1757647398890 157.9997070137588 185
1757647398966 157.95825714971582 186
1757647399041 157.91681868569026 187
1757647399112 157.87539161848983 188
1757647399189 157.83397594492297 189
1757647399266 157.79257166179914 190
1757647399342 157.7511787659286 191
1757647399421 157.70979725412258 192
1757647399498 157.66842712319314 193
1757647399573 157.62706836995332 194
1757647399649 157.58572099121702 195
1757647399723 157.5443849837991 196
1757647399797 157.50306034451518 197
1757647399871 157.46174707018193 198
1757647399946 157.4204451576168 199
1757647400025 157.37915460363828 200
1757647400101 157.33787540506563 201
1757647400174 157.29660755871907 202
1757647400250 157.2553510614197 203
1757647400327 157.21410590998954 204
1757647400403 157.17287210125144 205
1757647400483 157.13164963202925 206
1757647400562 157.09043849914767 207
1757647400638 157.04923869943227 208
1757647400712 157.00805022970957 209
1757647400787 156.9668730868069 210
1757647400864 156.92570726755267 211
1757647400944 156.8845527687759 212
1757647401019 156.84340958730678 213
1757647401093 156.8022777199763 214
1757647401162 156.76115716361625 215
1757647401241 156.72004791505947 216
1757647401318 156.67894997113956 217
1757647401396 156.63786332869114 218
1757647401476 156.5967879845496 219
1757647401555 156.55572393555133 220
1757647401632 156.51467117853358 221
1757647401710 156.4736297103344 222
1757647401788 156.43259952779292 223
1757647401865 156.39158062774905 224
1757647401942 156.35057300704352 225
1757647402018 156.30957666251814 226
1757647402097 156.26859159101548 227
1757647402176 156.227617789379 228
1757647402256 156.18665525445306 229
1757647402339 156.14570398308302 230
1757647402421 156.104763972115 231
1757647402498 156.06383521839612 232
1757647402575 156.0229177187742 233
1757647402654 155.98201147009826 234
1757647402731 155.9411164692179 235
1757647402808 155.90023271298375 236
1757647402885 155.8593601982474 237
1757647402963 155.81849892186116 238
1757647403040 155.7776488806784 239
1757647403119 155.7368100715533 240
1757647403192 155.69598249134089 241
1757647403271 155.65516613689715 242
1757647403344 155.61436100507893 243
1757647403420 155.57356709274396 244
1757647403495 155.53278439675086 245
1757647403570 155.49201291395917 246
1757647403647 155.4512526412293 247
1757647403724 155.4105035754225 248
1757647403805 155.36976571340094 249
1757647403882 155.32903905202778 250
1757647403960 155.2883235881668 251
1757647404039 155.247619318683 252
1757647404115 155.206926240442 253
1757647404192 155.16624435031048 254
1757647404272 155.12557364515587 255
1757647404351 155.08491412184657 256
1757647404433 155.04426577725184 257
1757647404515 155.00362860824188 258
1757647404594 154.96300261168767 259
1757647404667 154.9223877844611 260
1757647404745 154.88178412343507 261
1757647404826 154.8411916254832 262
1757647404905 154.80061028748003 263
1757647404988 154.76004010630106 264
1757647405064 154.71948107882264 265
1757647405139 154.67893320192198 266
1757647405214 154.63839647247713 267
1757647405296 154.59787088736718 268
1757647405372 154.55735644347186 269
1757647405448 154.516853137672 270
1757647405528 154.47636096684923 271
1757647405607 154.43587992788605 272
1757647405689 154.39541001766585 273
1757647405769 154.3549512330729 274
1757647405848 154.31450357099237 275
1757647405926 154.27406702831027 276
1757647406006 154.23364160191352 277
1757647406086 154.19322728868994 278
1757647406167 154.15282408552818 279
1757647406245 154.11243198931777 280
1757647406324 154.0720509969492 281
1757647406404 154.03168110531374 282
1757647406482 153.99132231130355 283
1757647406560 153.95097461181177 284
1757647406639 153.91063800373237 285
1757647406720 153.87031248396002 286
1757647406801 153.82999804939055 287
1757647406881 153.78969469692055 288
1757647406962 153.7494024234474 289
1757647407039 153.70912122586944 290
1757647407121 153.66885110108595 291
1757647407196 153.62859204599695 292
1757647407275 153.58834405750343 293
1757647407356 153.54810713250723 294
1757647407435 153.50788126791105 295
1757647407513 153.46766646061846 296
1757647407594 153.427462707534 297
1757647407673 153.38727000556287 298
1757647407749 153.34708835161146 299
1757647407831 153.30691774258673 300
1757647407909 153.2667581753967 301
1757647407989 153.22660964695018 302
1757647408068 153.18647215415686 303
1757647408146 153.14634569392734 304
1757647408226 153.10623026317316 305
1757647408307 153.06612585880652 306
1757647408386 153.0260324777407 307
1757647408465 152.98595011688974 308
1757647408546 152.94587877316857 309
1757647408625 152.90581844349305 310
1757647408703 152.86576912477986 311
1757647408785 152.82573081394656 312
1757647408865 152.78570350791156 313
1757647408947 152.74568720359417 314
1757647409029 152.70568189791464 315
1757647409107 152.6656875877939 316
1757647409181 152.62570427015393 317
1757647409262 152.5857319419175 318
1757647409342 152.54577060000824 319
1757647409424 152.50582024135073 320
1757647409501 152.4658808628703 321
1757647409582 152.42595246149324 322
1757647409663 152.3860350341467 323
1757647409748 152.34612857775866 324
1757647409828 152.30623308925794 325
1757647409907 152.2663485655744 326
1757647409985 152.2264750036385 327
1757647410067 152.18661240038182 328
1757647410145 152.14676075273664 329
1757647410225 152.1069200576362 330
1757647410304 152.0670903120145 331
1757647410390 152.02727151280652 332
1757647410472 151.9874636569481 333
1757647410554 151.94766674137585 334
1757647410634 151.90788076302735 335
1757647410714 151.86810571884098 336
1757647410797 151.82834160575604 337
1757647410876 151.7885884207126 338
1757647410960 151.7488461606517 339
1757647411037 151.70911482251518 340
1757647411118 151.66939440324578 341
1757647411196 151.6296848997871 342
1757647411277 151.58998630908354 343
1757647411361 151.55029862808044 344
1757647411442 151.51062185372405 345
1757647411522 151.4709559829613 346
1757647411604 151.43130101274016 347
1757647411687 151.39165694000943 348
1757647411768 151.35202376171858 349
1757647411843 151.31240147481833 350
1757647411924 151.2727900762599 351
1757647412005 151.23318956299548 352
1757647412087 151.19359993197824 353
1757647412169 151.154021180162 354
1757647412246 151.11445330450172 355
1757647412326 151.0748963019529 356
1757647412406 151.03535016947214 357
1757647412494 150.99581490401684 358
1757647412578 150.95629050254516 359
1757647412656 150.91677696201629 360
1757647412739 150.8772742793901 361
1757647412820 150.8377824516275 362
1757647412901 150.79830147569007 363
1757647412985 150.7588313485404 364
1757647413068 150.7193720671419 365
1757647413144 150.6799236284588 366
1757647413223 150.6404860294562 367
1757647413305 150.60105926710008 368
1757647413389 150.56164333835727 369
1757647413467 150.52223824019543 370
1757647413549 150.4828439695831 371
1757647413632 150.44346052348968 372
1757647413713 150.40408789888542 373
1757647413797 150.36472609274145 374
1757647413882 150.3253751020297 375
1757647413963 150.28603492372307 376
1757647414041 150.2467055547951 377
1757647414122 150.20738699222045 378
1757647414205 150.1680792329744 379
1757647414285 150.12878227403328 380
1757647414370 150.08949611237412 381
1757647414453 150.05022074497492 382
1757647414534 150.01095616881443 383
1757647414612 149.97170238087233 384
1757647414694 149.93245937812915 385
1757647414776 149.89322715756623 386
1757647414877 149.85400571616577 387
1757647414956 149.8147950509109 388
1757647415036 149.7755951587855 389
1757647415120 149.7364060367743 390
1757647415199 149.697227681863 391
1757647415278 149.65806009103807 392
1757647415358 149.6189032612868 393
1757647415440 149.57975718959742 394
1757647415522 149.54062187295892 395
1757647415605 149.5014973083612 396
1757647415684 149.46238349279494 397
1757647415764 149.42328042325184 398
1757647415844 149.38418809672424 399
1757647415929 149.34510651020545 400
1757647416016 149.30603566068964 401
1757647416102 149.26697554517173 402
1757647416190 149.2279261606476 403
1757647416280 149.1888875041139 404
1757647416364 149.14985957256818 405
1757647416448 149.1108423630088 406
1757647416528 149.07183587243503 407
1757647416609 149.03284009784687 408
1757647416695 148.9938550362453 409
1757647416780 148.95488068463206 410
1757647416862 148.9159170400098 411
1757647416945 148.87696409938195 412
1757647417025 148.83802185975284 413
1757647417106 148.79909031812764 414
1757647417188 148.76016947151234 415
1757647417270 148.72125931691377 416
1757647417354 148.68235985133964 417
1757647417439 148.6434710717985 418
1757647417522 148.6045929752997 419
1757647417602 148.5657255588536 420
1757647417686 148.52686881947105 421
1757647417770 148.48802275416415 422
1757647417856 148.44918735994563 423
1757647417938 148.41036263382904 424
1757647418021 148.3715485728289 425
1757647418102 148.33274517396046 426
1757647418182 148.2939524342399 427
1757647418267 148.2551703506842 428
1757647418350 148.2163989203112 429
1757647418434 148.1776381401395 430
1757647418516 148.13888800718865 431
1757647418598 148.100148518479 432
1757647418701 148.06141967103176 433
1757647418785 148.02270146186896 434
1757647418882 147.98399388801346 435
1757647418960 147.94529694648904 436
1757647419049 147.90661063432017 437
1757647419136 147.8679349485323 438
1757647419237 147.8292698861517 439
1757647419316 147.79061544420543 440
1757647419405 147.75197161972142 441
1757647419490 147.71333840972838 442
1757647419573 147.674715811256 443
1757647419657 147.63610382133461 444
1757647419745 147.59750243699563 445
1757647419828 147.55891165527106 446
1757647419913 147.52033147319392 447
1757647419999 147.481761887798 448
1757647420080 147.44320289611787 449
1757647420168 147.4046544951891 450
1757647420255 147.36611668204793 451
1757647420340 147.32758945373158 452
1757647420424 147.289072807278 453
1757647420507 147.25056673972594 454
1757647420593 147.21207124811514 455
1757647420675 147.17358632948608 456
1757647420758 147.1351119808801 457
1757647420842 147.0966481993393 458
1757647420925 147.0581949819068 459
1757647421008 147.01975232562637 460
1757647421089 146.98132022754268 461
1757647421174 146.94289868470128 462
1757647421257 146.90448769414843 463
1757647421337 146.86608725293138 464
1757647421418 146.8276973580981 465
1757647421504 146.7893180066975 466
1757647421590 146.75094919577919 467
1757647421674 146.71259092239373 468
1757647421756 146.67424318359247 469
1757647421834 146.63590597642758 470
1757647421917 146.59757929795202 471
1757647422001 146.55926314521972 472
1757647422085 146.52095751528532 473
1757647422170 146.48266240520434 474
1757647422258 146.4443778120331 475
1757647422347 146.40610373282883 476
1757647422441 146.3678401646495 477
1757647422553 146.3295871045539 478
1757647422642 146.29134454960177 479
1757647422730 146.2531124968536 480
1757647422817 146.21489094337068 481
1757647422909 146.17667988621523 482
1757647422998 146.13847932245017 483
1757647423084 146.1002892491394 484
1757647423173 146.06210966334748 485
1757647423260 146.02394056213998 486
1757647423340 145.98578194258315 487
1757647423431 145.94763380174416 488
1757647423516 145.90949613669096 489
1757647423599 145.87136894449233 490
1757647423685 145.83325222221794 491
1757647423766 145.79514596693818 492
1757647423848 145.75705017572434 493
1757647423931 145.71896484564857 494
1757647424016 145.68088997378382 495
1757647424103 145.64282555720376 496
1757647424184 145.604771592983 497
1757647424268 145.56672807819706 498
1757647424351 145.52869500992205 499
