1757655893850 168.86266928634348 0
1757655893922 168.2011199871621 1
1757655893999 167.7686085363255 2
1757655894075 167.33239270525914 3
1757655894148 166.8973464750988 4
1757655894231 166.46343341933604 5
1757655894312 166.03067743371187 6
1757655894390 165.5990560658601 7
1757655894470 165.1685670471597 8
1757655894550 164.73922157808553 9
1757655894635 164.31099872067261 10
1757655894718 163.88391340666863 11
1757655894798 163.45795216477416 12
1757655894885 163.0331039455773 13
1757655894970 162.60938871101786 14
1757655895119 162.18677687229768 15
1757655895213 161.7652920816087 16
1757655895281 161.34491219078362 17
1757655895349 160.92563500708314 18
1757655895423 160.50747163468435 19
1757655895499 160.09040143331825 20
1757655895575 159.6744391938603 21
1757655895653 159.2595643305004 22
1757655895733 158.84579160604548 23
1757655895815 158.43310779917104 24
1757655895902 158.0215020613315 25
1757655895978 157.6109941279562 26
1757655896055 157.20155487489586 27
1757655896134 156.79320767506366 28
1757655896215 156.38593217926493 29
1757655896297 155.97972123882573 30
1757655896376 155.57459376976135 31
1757655896455 155.17052083967542 32
1757655896527 154.76752570602036 33
1757655896604 154.3655867262343 34
1757655896685 153.96470183196928 35
1757655896771 153.56488196427128 36
1757655896853 153.1661069776703 37
1757655896928 152.7683914254906 38
1757655897005 152.37172239131263 39
1757655897085 151.97608927117415 40
1757655897160 151.58151152040085 41
1757655897235 151.1879605833045 42
1757655897311 150.79545948791738 43
1757655897390 150.4039797489861 44
1757655897469 150.01354434890197 45
1757655897548 149.6241319935079 46
1757655897621 149.23574069887397 47
1757655897703 148.84838129138623 48
1757655897786 148.46203396649463 49
1757655897868 148.07671311133947 50
1757655897950 147.6924060475229 51
1757655898038 147.30910236172818 52
1757655898111 146.92682128758446 53
1757655898231 146.54553471457518 54
1757655898348 146.16526539813964 55
1757655898419 145.7859923291996 56
1757655898490 145.40771359211428 57
1757655898573 145.03044131542347 58
1757655898652 144.65415108052684 59
1757655898736 144.27886482630961 60
1757655898819 143.90455469453133 61
1757655898900 143.53124328301413 62
1757655898980 143.1589097794328 63
1757655899064 142.78755231486787 64
1757655899153 142.41718155404345 65
1757655899234 142.04777816388454 66
1757655899315 141.67935629828045 67
1757655899390 141.31190360732631 68
1757655899475 140.9454099403407 69
1757655899558 140.57989422060245 70
1757655899640 140.21532895394935 71
1757655899717 139.85173651475296 72
1757655899802 139.48909636786166 73
1757655899887 139.1274067095757 74
1757655899967 138.76667810998515 75
1757655900051 138.4068915072084 76
1757655900135 138.0480609191427 77
1757655900222 137.69016733344134 78
1757655900306 137.33322474091787 79
1757655900388 136.9772210175617 80
1757655900472 136.6221461930012 81
1757655900552 136.26801897404275 82
1757655900629 135.91481229177933 83
1757655900705 135.56254825514918 84
1757655900784 135.21120665563814 85
1757655900870 134.86078576551162 86
1757655900953 134.51129739756593 87
1757655901039 134.16271806210253 88
1757655901130 133.81506907546887 89
1757655901219 133.46832360973877 90
1757655901307 133.12250362040336 91
1757655901395 132.7775890865107 92
1757655901489 132.43357832352146 93
1757655901580 132.09048172274058 94
1757655901661 131.74828072536585 95
1757655901743 131.4069890934365 96
1757655901826 131.06659501475116 97
1757655901912 130.72708876737983 98
1757655902006 130.38848875520696 99
1757655902100 130.05076849817073 100
1757655902190 129.7139497342596 101
1757655902278 129.37800604763356 102
1757655902369 129.04295913302187 103
1757655902459 128.70878928606055 104
1757655902550 128.37549489436637 105
1757655902655 128.0430862370626 106
1757655902753 127.71154506505773 107
1757655902843 127.3808849805294 108
1757655902936 127.05109438573403 109
1757655903020 126.72216372933866 110
1757655903119 126.39411120401415 111
1757655903256 126.06691073602059 112
1757655903337 125.74058380503341 113
1757655903472 125.41510440032667 114
1757655903596 125.09049395880572 115
1757655903688 124.76673440229793 116
1757655903787 124.4438195810031 117
1757655903881 124.12176690270442 118
1757655903981 123.800550527855 119
1757655904077 123.48019178682176 120
1757655904171 123.16067141318855 121
1757655904267 122.84198789287277 122
1757655904361 122.52415134710954 123
1757655904444 122.20714395523991 124
1757655904530 121.89097909530476 125
1757655904624 121.5756389923547 126
1757655904714 121.26113699824825 127
1757655904807 120.94746184556051 128
1757655904901 120.63460424523021 129
1757655904994 120.32258205998868 130
1757655905088 120.01136984401934 131
1757655905179 119.70098867401336 132
1757655905272 119.3914195854638 133
1757655905364 119.08266113099198 134
1757655905453 118.77472332115393 135
1757655905543 118.46758863060683 136
1757655905636 118.16127028084466 137
1757655905720 117.85575079133021 138
1757655905808 117.55104335760677 139
1757655905896 117.24713691519722 140
1757655905981 116.9440223358972 141
1757655906068 116.641717276864 142
1757655906157 116.34019667938955 143
1757655906246 116.03948136940258 144
1757655906343 115.73954634820339 145
1757655906437 115.44041240020604 146
1757655906533 115.14206218042114 147
1757655906625 114.8444898532745 148
1757655906717 114.5477123150701 149
1757655906809 114.25170473024022 150
1757655906896 113.9564877797963 151
1757655906991 113.66204296532318 152
1757655907081 113.36836894072627 153
1757655907180 113.0754755426881 154
1757655907279 112.78334570176766 155
1757655907371 112.49199239445056 156
1757655907462 112.20139859471105 157
1757655907552 111.91157725345447 158
1757655907643 111.62251761885378 159
1757655907727 111.33421081005271 160
1757655907811 111.0466741632005 161
1757655907899 110.75988321789362 162
1757655907991 110.47385840897128 163
1757655908085 110.18857533427476 164
1757655908180 109.90405438789139 165
1757655908275 109.62027740576829 166
1757655908370 109.33724311316186 167
1757655908464 109.05496121975972 168
1757655908557 108.77341498313312 169
1757655908652 108.4926172014984 170
1757655908745 108.21255117484858 171
1757655908833 107.93322967609562 172
1757655908927 107.65464217716848 173
1757655909021 107.3767799739107 174
1757655909110 107.09966016941695 175
1757655909203 106.82325873300505 176
1757655909295 106.54759581594459 177
1757655909389 106.27265477001674 178
1757655909490 105.99843005434494 179
1757655909582 105.72493806748379 180
1757655909673 105.45215493058545 181
1757655909758 105.18010069462242 182
1757655909844 104.9087515366456 183
1757655909937 104.63812746763344 184
1757655910029 104.36821076532394 185
1757655910118 104.09900024758485 186
1757655910211 103.83050545333758 187
1757655910301 103.56271007223097 188
1757655910392 103.29562666364697 189
1757655910484 103.02923895834807 190
1757655910580 102.76355949078946 191
1757655910668 102.49857802790132 192
1757655910762 102.23428609802625 193
1757655910855 101.97070049273985 194
1757655910945 101.70779774982003 195
1757655911037 101.4455976419572 196
1757655911128 101.18407676224587 197
1757655911222 100.92325484393548 198
1757655911315 100.66311448174717 199
1757655911403 100.40365455878644 200
1757655911495 100.14488448935805 201
1757655911585 99.88678827308634 202
1757655911674 99.62937829567257 203
1757655911756 99.37263859691986 204
1757655911842 99.1165815378827 205
1757655911929 98.86119709666109 206
1757655912024 98.60647696772914 207
1757655912116 98.35243771658396 208
1757655912210 98.09905628934597 209
1757655912300 97.84635218428942 210
1757655912390 97.59430359661198 211
1757655912481 97.34292580152453 212
1757655912574 97.09220827905408 213
1757655912664 96.84214280573077 214
1757655912756 96.59274583514005 215
1757655912851 96.34399451426812 216
1757655912945 96.09590820564836 217
1757655913039 95.84846992289707 218
1757655913130 95.60167863379361 219
1757655913217 95.35554358521331 220
1757655913309 95.11004918641581 221
1757655913400 94.86520759053842 222
1757655913495 94.62100324578844 223
1757655913592 94.37744828103868 224
1757655913682 94.13453295285534 225
1757655913769 93.89224917435543 226
1757655913855 93.6506132089555 227
1757655913943 93.40960254302496 228
1757655914037 93.1692363085874 229
1757655914131 92.92949204456231 230
1757655914226 92.69038884482336 231
1757655914320 92.45191002359238 232
1757655914418 92.21405460829139 233
1757655914511 91.97683172371119 234
1757655914603 91.74022607303517 235
1757655914697 91.50424964036613 236
1757655914772 91.2688871669549 237
1757655914857 91.03415061292267 238
1757655914952 90.80003043421057 239
1757655915047 90.56651870020325 240
1757655915145 90.33363145516716 241
1757655915236 90.10134657360135 242
1757655915334 89.86968292212438 243
1757655915432 89.63861842665821 244
1757655915525 89.40817191621262 245
1757655915623 89.17832815311488 246
1757655915717 88.94908218089512 247
1757655915804 88.72044935421638 248
1757655915891 88.49240773910091 249
1757655915979 88.2649760709069 250
1757655916072 88.03813246594025 251
1757655916172 87.81189562222018 252
1757655916271 87.58624929241716 253
1757655916366 87.36119258927627 254
1757655916461 87.1367344565543 255
1757655916556 86.91286002613055 256
1757655916646 86.68958103227516 257
1757655916737 86.46688264365606 258
1757655916830 86.24477657098724 259
1757655916923 86.02324802289938 260
1757655917014 85.80230868658664 261
1757655917108 85.58194933522432 262
1757655917199 85.36216228631508 263
1757655917289 85.14296323044256 264
1757655917384 84.92433066192989 265
1757655917478 84.70628301957518 266
1757655917574 84.48879884733002 267
1757655917668 84.27189654726362 268
1757655917763 84.05556019640404 269
1757655917849 83.83978896929892 270
1757655917937 83.62459167350065 271
1757655918027 83.40995375798931 272
1757655918121 83.19588676968898 273
1757655918217 82.98237619342613 274
1757655918314 82.76943355289357 275
1757655918416 82.5570498082904 276
1757655918510 82.34521742310164 277
1757655918608 82.13395187644878 278
1757655918701 81.9232320294208 279
1757655918801 81.71307606532669 280
1757655918897 81.50346400901243 281
1757655918988 81.29441010275612 282
1757655919082 81.08590483711126 283
1757655919178 80.87794074770805 284
1757655919276 80.67053320904093 285
1757655919369 80.4636612626415 286
1757655919467 80.2573429654874 287
1757655919567 80.05155740716022 288
1757655919659 79.84632260870194 289
1757655919753 79.6416230605024 290
1757655919844 79.43745801425888 291
1757655919931 79.23383610106431 292
1757655920023 79.03074317401409 293
1757655920114 78.8281905380874 294
1757655920210 78.62616408102994 295
1757655920307 78.42467508501625 296
1757655920405 78.22370947546892 297
1757655920502 78.02327851179442 298
1757655920604 77.82337345184942 299
1757655920698 77.62398699097166 300
1757655920793 77.42513426714636 301
1757655920888 77.22679472726048 302
1757655920982 77.02898614291924 303
1757655921076 76.83168800789402 304
1757655921171 76.63491805845196 305
1757655921268 76.43866109084199 306
1757655921364 76.24291641263912 307
1757655921461 76.04769252228358 308
1757655921554 75.85297557184835 309
1757655921651 75.6587766849807 310
1757655921746 75.46508204752232 311
1757655921841 75.27190276064078 312
1757655921931 75.07923025771976 313
1757655922021 74.88705737054879 314
1757655922117 74.69539903323222 315
1757655922207 74.50423503934299 316
1757655922297 74.31358291469813 317
1757655922391 74.1234235746824 318
1757655922480 73.93377074296734 319
1757655922572 73.74461539747365 320
1757655922666 73.55595043744616 321
1757655922759 73.36779069613583 322
1757655922857 73.18011613769268 323
1757655922957 72.99294416642113 324
1757655923055 72.80625479187269 325
1757655923154 72.62006538378873 326
1757655923249 72.43435600000159 327
1757655923344 72.2491439757589 328
1757655923439 72.06441453363854 329
1757655923533 71.88016705739871 330
1757655923628 71.69640985754567 331
1757655923720 71.51312950288462 332
1757655923816 71.33033686094939 333
1757655923904 71.1480185330902 334
1757655923996 70.96618536482727 335
1757655924093 70.78482906897412 336
1757655924188 70.60394269409676 337
1757655924280 70.42354084551788 338
1757655924376 70.2436038706198 339
1757655924472 70.06414889926745 340
1757655924569 69.88515632314936 341
1757655924672 69.70664323815076 342
1757655924768 69.52859008308704 343
1757655924867 69.35101391993229 344
1757655924968 69.17390025888372 345
1757655925066 68.99724853393862 346
1757655925159 68.82106692680897 347
1757655925254 68.64534228741142 348
1757655925352 68.47008530827273 349
1757655925452 68.29528287103231 350
1757655925548 68.12094564652668 351
1757655925647 67.94706553561538 352
1757655925749 67.77363573245367 353
1757655925844 67.60067061809877 354
1757655925935 67.42815195254774 355
1757655926023 67.25609295946735 356
1757655926116 67.08448011811936 357
1757655926213 66.91332402423691 358
1757655926309 66.7426117140501 359
1757655926407 66.57235376127123 360
1757655926508 66.40254217032336 361
1757655926604 66.23317021541988 362
1757655926708 66.06425215308721 363
1757655926802 65.89576891124939 364
1757655926903 65.7277372002615 365
1757655926998 65.56013799069977 366
1757655927115 65.39298795983822 367
1757655927213 65.22627301885977 368
1757655927310 65.05999267025295 369
1757655927403 64.89415491340712 370
1757655927496 64.72874699014982 371
1757655927586 64.56377934595943 372
1757655927680 64.39923925324455 373
1757655927774 64.23513713625623 374
1757655927870 64.07146030072194 375
1757655927960 63.908219149701715 376
1757655928049 63.74540586788618 377
1757655928141 63.583013868684155 378
1757655928238 63.421057190019326 379
1757655928331 63.25951712006479 380
1757655928424 63.09841010653577 381
1757655928520 62.937717479234685 382
1757655928612 62.77745565336247 383
1757655928706 62.61760600302677 384
1757655928798 62.458184910980954 385
1757655928891 62.2991785923404 386
1757655928986 62.140586600260875 387
1757655929080 61.98241679378671 388
1757655929176 61.82465671175784 389
1757655929271 61.66731661001617 390
1757655929366 61.51038405712102 391
1757655929463 61.35386928804726 392
1757655929560 61.197764662964886 393
1757655929653 61.042064731618325 394
1757655929745 60.886779811729504 395
1757655929839 60.73189705151208 396
1757655929936 60.57742663441859 397
1757655930022 60.423356241947346 398
1757655930115 60.26969603634034 399
1757655930210 60.116433731139296 400
1757655930306 59.96357946789501 401
1757655930406 59.81112570343768 402
1757655930502 59.65906606084337 403
1757655930596 59.507414243649016 404
1757655930689 59.35615208584769 405
1757655930782 59.20529563381405 406
1757655930877 59.05482676162538 407
1757655930974 58.90476148401435 408
1757655931070 58.755081717733795 409
1757655931164 58.60580344593996 410
1757655931261 58.45691329195915 411
1757655931362 58.30841087531819 412
1757655931464 58.16030386356797 413
1757655931566 58.0125801944633 414
1757655931661 57.865249865826584 415
1757655931760 57.71830084397954 416
1757655931857 57.57174310637457 417
1757655931955 57.42556927812303 418
1757655932044 57.27977311168295 419
1757655932140 57.13436810110178 420
1757655932236 56.98933641913489 421
1757655932332 56.844693860971475 422
1757655932430 56.700422638495176 423
1757655932526 56.55653851580281 424
1757655932622 56.41302374644495 425
1757655932717 56.2698940634908 426
1757655932815 56.12713634333791 427
1757655932911 55.984750245662525 428
1757655933009 55.842743317564796 429
1757655933107 55.70110374408144 430
1757655933203 55.559841361154426 431
1757655933302 55.4189443816757 432
1757655933398 55.27842262153308 433
1757655933497 55.13826432401175 434
1757655933617 54.99848024869707 435
1757655933716 54.85905983034645 436
1757655933813 54.72000226543599 437
1757655933913 54.58131503449208 438
1757655934004 54.44298645897268 439
1757655934092 54.30502628487052 440
1757655934184 54.16742286110782 441
1757655934281 54.03018591379992 442
1757655934377 53.89330382184148 443
1757655934474 53.75678629150619 444
1757655934574 53.62062622189886 445
1757655934670 53.48481757565917 446
1757655934767 53.349373501241054 447
1757655934861 53.21427672500586 448
1757655934958 53.079542628172334 449
1757655935054 52.945153974672884 450
1757655935150 52.81112611554599 451
1757655935251 52.67744185474725 452
1757655935345 52.544116513198176 453
1757655935444 52.411137380388375 454
1757655935542 52.27850417988615 455
1757655935641 52.146224259264706 456
1757655935740 52.01428620719022 457
1757655935834 51.882699592137236 458
1757655935930 51.75145302947053 459
1757655936024 51.620556068138775 460
1757655936113 51.48999735265673 461
1757655936210 51.35978641248274 462
1757655936307 51.2299163226753 463
1757655936407 51.10038118054987 464
1757655936512 50.971193909591975 465
1757655936608 50.84233759307252 466
1757655936707 50.713827343002905 467
1757655936803 50.58564627922453 468
1757655936900 50.45780948416556 469
1757655936999 50.33030011663405 470
1757655937096 50.20313322953747 471
1757655937194 50.07629637837074 472
1757655937288 49.94978932673636 473
1757655937386 49.823619291799226 474
1757655937483 49.69777512210778 475
1757655937582 49.57226621177147 476
1757655937677 49.447081435295736 477
1757655937776 49.32223109426865 478
1757655937880 49.19770084696287 479
1757655937975 49.07350514797558 480
1757655938086 48.94963168348097 481
1757655938178 48.826080236378786 482
1757655938274 48.702857959410025 483
1757655938369 48.57995382838653 484
1757655938468 48.4573771514094 485
1757655938567 48.33511692988524 486
1757655938668 48.21318245291113 487
1757655938763 48.09156274985632 488
1757655938861 47.970267090849056 489
1757655938963 47.84928880526232 490
1757655939063 47.72862218460753 491
1757655939161 47.608279822971284 492
1757655939260 47.48824532139223 493
1757655939357 47.36853339808278 494
1757655939462 47.24912768920519 495
1757655939558 47.130042884267866 496
1757655939656 47.011262656871146 497
1757655939756 46.89280166788062 498
1757655939855 46.774643628224105 499
