1757678595856 159.2020778771338 0
1757678595954 159.11773559223278 1
1757678596047 159.07559543560663 2
1757678596142 159.03346090236556 3
1757678596233 158.9913376271889 4
1757678596324 158.94922560631534 5
1757678596415 158.90712483673775 6
1757678596509 158.86503531544975 7
1757678596597 158.82295703944575 8
1757678596692 158.78089000572098 9
1757678596787 158.73883421127144 10
1757678596882 158.69678965309404 11
1757678596979 158.65475632818632 12
1757678597075 158.61273423354672 13
1757678597170 158.57072336617452 14
1757678597268 158.5287237230697 15
1757678597367 158.4867353012331 16
1757678597461 158.44475809766635 17
1757678597557 158.40279210937197 18
1757678597645 158.36083733335312 19
1757678597742 158.3188937666138 20
1757678597838 158.276961406159 21
1757678597932 158.2350402489942 22
1757678598026 158.19313029212597 23
1757678598117 158.15123153256144 24
1757678598211 158.10934396730872 25
1757678598311 158.06746759337656 26
1757678598405 158.02560240777473 27
1757678598499 157.98374840751362 28
1757678598594 157.9419055896044 29
1757678598689 157.9000739510592 30
1757678598790 157.8582534888908 31
1757678598891 157.8164442001128 32
1757678598985 157.77464608173972 33
1757678599084 157.7328591307867 34
1757678599179 157.69108334426983 35
1757678599265 157.64931871920587 36
1757678599356 157.60756525261252 37
1757678599451 157.56582294150815 38
1757678599546 157.52409178291194 39
1757678599648 157.48237177384397 40
1757678599743 157.44066291132498 41
1757678599838 157.39896519237658 42
1757678599936 157.35727861402125 43
1757678600032 157.31560317328206 44
1757678600126 157.2739388671831 45
1757678600221 157.2322856927491 46
1757678600316 157.19064364700566 47
1757678600411 157.14901272697912 48
1757678600507 157.10739292969672 49
1757678600605 157.06578425218635 50
1757678600700 157.0241866914768 51
1757678600794 156.9826002445976 52
1757678600886 156.94102490857912 53
1757678600981 156.89946068045248 54
1757678601085 156.85790755724963 55
1757678601190 156.81636553600327 56
1757678601281 156.77483461374695 57
1757678601387 156.73331478751493 58
1757678601496 156.69180605434238 59
1757678601597 156.65030841126514 60
1757678601703 156.6088218553199 61
1757678601805 156.56734638354413 62
1757678601910 156.52588199297614 63
1757678602012 156.484428680655 64
1757678602114 156.44298644362047 65
1757678602215 156.40155527891332 66
1757678602318 156.3601351835749 67
1757678602418 156.31872615464744 68
1757678602523 156.277328189174 69
1757678602645 156.23594128419833 70
1757678602743 156.19456543676506 71
1757678602837 156.15320064391958 72
1757678602933 156.11184690270804 73
1757678603032 156.0705042101774 74
1757678603123 156.02917256337545 75
1757678603207 155.98785195935068 76
1757678603291 155.94654239515245 77
1757678603382 155.9052438678309 78
1757678603471 155.8639563744369 79
1757678603572 155.82267991202218 80
1757678603673 155.78141447763915 81
1757678603768 155.74016006834114 82
1757678603869 155.69891668118223 83
1757678603968 155.65768431321723 84
1757678604067 155.61646296150175 85
1757678604165 155.57525262309224 86
1757678604260 155.53405329504588 87
1757678604356 155.4928649744207 88
1757678604454 155.45168765827546 89
1757678604551 155.4105213436697 90
1757678604651 155.3693660276638 91
1757678604747 155.32822170731887 92
1757678604842 155.28708837969685 93
1757678604936 155.24596604186044 94
1757678605036 155.20485469087313 95
1757678605133 155.1637543237992 96
1757678605230 155.12266493770366 97
1757678605320 155.08158652965238 98
1757678605412 155.04051909671205 99
1757678605509 154.99946263595 100
1757678605605 154.9584171444345 101
1757678605704 154.91738261923442 102
1757678605801 154.8763590574196 103
1757678605900 154.83534645606056 104
1757678605999 154.79434481222864 105
1757678606093 154.75335412299594 106
1757678606191 154.7123743854354 107
1757678606290 154.6714055966206 108
1757678606383 154.63044775362604 109
1757678606483 154.58950085352694 110
1757678606579 154.5485648933994 111
1757678606678 154.5076398703201 112
1757678606773 154.4667257813667 113
1757678606872 154.42582262361756 114
1757678606971 154.3849303941518 115
1757678607068 154.34404909004934 116
1757678607164 154.3031787083909 117
1757678607270 154.26231924625793 118
1757678607361 154.22147070073277 119
1757678607456 154.18063306889837 120
1757678607555 154.1398063478386 121
1757678607652 154.09899053463806 122
1757678607751 154.05818562638214 123
1757678607847 154.01739162015696 124
1757678607943 153.97660851304948 125
1757678608041 153.93583630214746 126
1757678608139 153.89507498453935 127
1757678608236 153.8543245573144 128
1757678608335 153.8135850175627 129
1757678608428 153.77285636237505 130
1757678608534 153.7321385888431 131
1757678608648 153.69143169405916 132
1757678608744 153.65073567511647 133
1757678608845 153.61005052910895 134
1757678608943 153.56937625313125 135
1757678609044 153.5287128442789 136
1757678609140 153.4880602996482 137
1757678609241 153.4474186163361 138
1757678609340 153.4067877914405 139
1757678609430 153.36616782205996 140
1757678609527 153.32555870529387 141
1757678609624 153.28496043824234 142
1757678609723 153.2443730180063 143
1757678609836 153.20379644168744 144
1757678609934 153.16323070638828 145
1757678610043 153.12267580921193 146
1757678610140 153.0821317472625 147
1757678610238 153.0415985176448 148
1757678610334 153.00107611746432 149
1757678610432 152.96056454382745 150
1757678610531 152.92006379384128 151
1757678610628 152.8795738646137 152
1757678610726 152.83909475325328 153
1757678610824 152.7986264568696 154
1757678610919 152.75816897257278 155
1757678611020 152.71772229747373 156
1757678611120 152.6772864286843 157
1757678611222 152.63686136331694 158
1757678611319 152.59644709848496 159
1757678611407 152.55604363130243 160
1757678611504 152.51565095888415 161
1757678611602 152.47526907834575 162
1757678611704 152.43489798680358 163
1757678611806 152.39453768137474 164
1757678611902 152.35418815917726 165
1757678611997 152.3138494173297 166
1757678612095 152.27352145295157 167
1757678612197 152.2332042631631 168
1757678612291 152.1928978450852 169
1757678612387 152.15260219583976 170
1757678612486 152.11231731254924 171
1757678612583 152.0720431923369 172
1757678612681 152.0317798323269 173
1757678612782 151.99152722964396 174
1757678612880 151.95128538141378 175
1757678612977 151.9110542847627 176
1757678613076 151.8708339368179 177
1757678613174 151.83062433470718 178
1757678613274 151.7904254755593 179
1757678613370 151.75023735650365 180
1757678613462 151.71005997467051 181
1757678613560 151.66989332719078 182
1757678613661 151.62973741119623 183
1757678613766 151.5895922238194 184
1757678613866 151.54945776219355 185
1757678613964 151.5093340234527 186
1757678614063 151.46922100473165 187
1757678614162 151.429118703166 188
1757678614258 151.38902711589205 189
1757678614357 151.34894624004698 190
1757678614454 151.30887607276858 191
1757678614558 151.2688166111955 192
1757678614655 151.22876785246714 193
1757678614753 151.1887297937237 194
1757678614854 151.14870243210603 195
1757678614954 151.1086857647559 196
1757678615056 151.0686797888157 197
1757678615155 151.02868450142867 198
1757678615254 150.9886998997388 199
1757678615360 150.94872598089086 200
1757678615453 150.90876274203026 201
1757678615548 150.86881018030334 202
1757678615647 150.82886829285715 203
1757678615746 150.78893707683946 204
1757678615846 150.7490165293988 205
1757678615946 150.70910664768454 206
1757678616050 150.66920742884668 207
1757678616151 150.62931887003612 208
1757678616248 150.5894409684045 209
1757678616348 150.54957372110408 210
1757678616448 150.50971712528803 211
1757678616551 150.4698711781103 212
1757678616652 150.43003587672547 213
1757678616749 150.39021121828893 214
1757678616849 150.3503971999569 215
1757678616950 150.31059381888628 216
1757678617053 150.27080107223472 217
1757678617153 150.23101895716073 218
1757678617259 150.19124747082347 219
1757678617361 150.1514866103829 220
1757678617455 150.1117363729998 221
1757678617550 150.07199675583556 222
1757678617651 150.0322677560525 223
1757678617748 149.99254937081355 224
1757678617848 149.95284159728254 225
1757678617950 149.9131444326239 226
1757678618047 149.873457874003 227
1757678618149 149.8337819185858 228
1757678618248 149.79411656353906 229
1757678618346 149.7544618060304 230
1757678618445 149.7148176432281 231
1757678618544 149.6751840723012 232
1757678618645 149.6355610904195 233
1757678618746 149.59594869475356 234
1757678618843 149.5563468824747 235
1757678618943 149.5167556507551 236
1757678619042 149.47717499676745 237
1757678619142 149.4376049176855 238
1757678619250 149.39804541068347 239
1757678619356 149.35849647293648 240
1757678619456 149.31895810162044 241
1757678619555 149.27943029391196 242
1757678619690 149.23991304698833 243
1757678619817 149.20040635802772 244
1757678619927 149.16091022420903 245
1757678620040 149.12142464271187 246
1757678620156 149.0819496107166 247
1757678620282 149.04248512540434 248
1757678620391 149.0030311839571 249
1757678620499 148.96358778355736 250
1757678620602 148.9241549213886 251
1757678620706 148.88473259463493 252
1757678620822 148.8453208004813 253
1757678620941 148.80591953611332 254
1757678621054 148.7665287987174 255
1757678621154 148.72714858548068 256
1757678621653 148.6877788935911 257
1757678621799 148.6484197202373 258
1757678621919 148.60907106260873 259
1757678622039 148.5697329178955 260
1757678622172 148.53040528328847 261
1757678622293 148.49108815597947 262
1757678622419 148.45178153316076 263
1757678622526 148.41248541202555 264
1757678622626 148.37319978976777 265
1757678622724 148.33392466358205 266
1757678622822 148.29466003066383 267
1757678622922 148.25540588820925 268
1757678623020 148.21616223341525 269
1757678623121 148.17692906347943 270
1757678623220 148.13770637560026 271
1757678623319 148.09849416697693 272
1757678623419 148.05929243480924 273
1757678623514 148.02010117629789 274
1757678623610 147.98092038864428 275
1757678623716 147.9417500690506 276
1757678623842 147.90259021471965 277
1757678623957 147.86344082285518 278
1757678624075 147.82430189066156 279
1757678624210 147.78517341534388 280
1757678624315 147.74605539410803 281
1757678624424 147.7069478241607 282
1757678624546 147.66785070270916 283
1757678624662 147.6287640269617 284
1757678624772 147.58968779412703 285
1757678624877 147.55062200141487 286
1757678624983 147.5115666460355 287
1757678625095 147.4725217252001 288
1757678625203 147.43348723612047 289
1757678625318 147.39446317600925 290
1757678625433 147.35544954207975 291
1757678625541 147.31644633154608 292
1757678625646 147.27745354162306 293
1757678625765 147.23847116952626 294
1757678625883 147.19949921247203 295
1757678626003 147.16053766767737 296
1757678626131 147.12158653236017 297
1757678626251 147.0826458037389 298
1757678626419 147.0437154790329 299
1757678626533 147.00479555546218 300
1757678626649 146.9658860302476 301
1757678626764 146.92698690061056 302
1757678626880 146.88809816377335 303
1757678626993 146.84921981695905 304
1757678627111 146.81035185739137 305
1757678627218 146.7714942822948 306
1757678627347 146.73264708889454 307
1757678627463 146.69381027441662 308
1757678627575 146.6549838360877 309
1757678627701 146.6161677711353 310
1757678627817 146.57736207678755 311
1757678627934 146.53856675027342 312
1757678628044 146.49978178882262 313
1757678628151 146.46100718966548 314
1757678628260 146.42224295003325 315
1757678628368 146.38348906715777 316
1757678628472 146.34474553827167 317
1757678628582 146.3060123606084 318
1757678628694 146.267289531402 319
1757678628798 146.2285770478874 320
1757678628907 146.1898749073001 321
1757678629023 146.15118310687646 322
1757678629142 146.11250164385362 323
1757678629263 146.07383051546933 324
1757678629376 146.03516971896212 325
1757678629490 145.99651925157133 326
1757678629605 145.95787911053696 327
1757678629709 145.91924929309974 328
1757678629819 145.88062979650124 329
1757678629941 145.84202061798362 330
1757678630187 145.80342175478987 331
1757678630303 145.76483320416375 332
1757678630417 145.72625496334965 333
1757678630547 145.68768702959278 334
1757678630662 145.649129400139 335
1757678630774 145.61058207223505 336
1757678630895 145.57204504312824 337
1757678631010 145.53351831006677 338
1757678631127 145.49500187029943 339
1757678631246 145.45649572107587 340
1757678631367 145.4179998596464 341
1757678631495 145.37951428326204 342
1757678631609 145.34103898917468 343
1757678631719 145.30257397463677 344
1757678631831 145.26411923690162 345
1757678631943 145.22567477322323 346
1757678632056 145.1872405808563 347
1757678632179 145.14881665705633 348
1757678632286 145.11040299907953 349
1757678632395 145.07199960418282 350
1757678632576 145.0336064696239 351
1757678632686 144.99522359266112 352
1757678632791 144.9568509705536 353
1757678632897 144.91848860056126 354
1757678633001 144.8801364799447 355
1757678633110 144.84179460596522 356
1757678633219 144.8034629758849 357
1757678633326 144.76514158696654 358
1757678633438 144.72683043647362 359
1757678633549 144.68852952167043 360
1757678633662 144.65023883982195 361
1757678633768 144.6119583881939 362
1757678633882 144.57368816405275 363
1757678633996 144.53542816466563 364
1757678634107 144.4971783873005 365
1757678634222 144.45893882922599 366
1757678634329 144.42070948771143 367
1757678634433 144.38249036002694 368
1757678634538 144.34428144344335 369
1757678634643 144.30608273523225 370
1757678634748 144.2678942326659 371
1757678634850 144.22971593301727 372
1757678634958 144.19154783356015 373
1757678635065 144.15338993156902 374
1757678635169 144.11524222431908 375
1757678635273 144.07710470908623 376
1757678635376 144.0389773831471 377
1757678635483 144.00086024377921 378
1757678635594 143.96275328826053 379
1757678635698 143.92465651386996 380
1757678635802 143.88656991788704 381
1757678635914 143.84849349759207 382
1757678636021 143.8104272502661 383
1757678636128 143.7723711731908 384
1757678636235 143.73432526364877 385
1757678636342 143.6962895189231 386
1757678636452 143.65826393629774 387
1757678636558 143.62024851305736 388
1757678636659 143.58224324648734 389
1757678636764 143.54424813387377 390
1757678636869 143.50626317250342 391
1757678636972 143.46828835966394 392
1757678637077 143.43032369264355 393
1757678637183 143.39236916873125 394
1757678637299 143.3544247852168 395
1757678637407 143.3164905393906 396
1757678637510 143.27856642854385 397
1757678637644 143.24065244996848 398
1757678637744 143.20274860095705 399
1757678637851 143.16485487880297 400
1757678637956 143.12697128080026 401
1757678638062 143.08909780424364 402
1757678638169 143.0512344464288 403
1757678638275 143.01338120465184 404
1757678638382 142.97553807620977 405
1757678638486 142.93770505840027 406
1757678638593 142.8998821485217 407
1757678638696 142.86206934387323 408
1757678638798 142.82426664175472 409
1757678638906 142.78647403946667 410
1757678639009 142.7486915343104 411
1757678639118 142.71091912358798 412
1757678639224 142.67315680460206 413
1757678639335 142.63540457465612 414
1757678639443 142.59766243105435 415
1757678639548 142.55993037110161 416
1757678639654 142.52220839210358 417
1757678639756 142.48449649136649 418
1757678639871 142.4467946661975 419
1757678639977 142.40910291390426 420
1757678640087 142.37142123179538 421
1757678640199 142.33374961718002 422
1757678640307 142.2960880673681 423
1757678640414 142.25843657967027 424
1757678640527 142.2207951513979 425
1757678640634 142.18316377986312 426
1757678640745 142.14554246237867 427
1757678640871 142.1079311962581 428
1757678640981 142.07032997881564 429
1757678641095 142.0327388073663 430
1757678641208 141.99515767922566 431
1757678641323 141.95758659171017 432
1757678641442 141.92002554213695 433
1757678641564 141.8824745278238 434
1757678641689 141.84493354608927 435
1757678641797 141.80740259425258 436
1757678641905 141.7698816696338 437
1757678642019 141.73237076955354 438
1757678642146 141.6948698913332 439
1757678642267 141.657379032295 440
1757678642380 141.6198981897617 441
1757678642493 141.58242736105683 442
1757678642625 141.54496654350473 443
1757678642730 141.50751573443034 444
1757678642836 141.4700749311594 445
1757678642950 141.43264413101826 446
1757678643059 141.3952233313341 447
1757678643172 141.35781252943474 448
1757678643304 141.32041172264874 449
1757678643413 141.2830209083054 450
1757678643525 141.24564008373463 451
1757678643635 141.2082692462672 452
1757678643747 141.17090839323447 453
1757678643851 141.1335575219686 454
1757678643961 141.09621662980246 455
1757678644073 141.05888571406948 456
1757678644184 141.021564772104 457
1757678644294 140.984253801241 458
1757678644420 140.9469527988162 459
1757678644530 140.90966176216588 460
1757678644638 140.87238068862726 461
1757678644749 140.8351095755381 462
1757678644862 140.79784842023696 463
1757678644969 140.7605972200631 464
1757678645077 140.72335597235642 465
1757678645190 140.6861246744576 466
1757678645298 140.64890332370805 467
1757678645411 140.61169191744986 468
1757678645520 140.5744904530258 469
1757678645633 140.53729892777935 470
1757678645742 140.50011733905475 471
1757678645843 140.46294568419697 472
1757678645951 140.4257839605516 473
1757678646060 140.388632165465 474
1757678646170 140.3514902962842 475
1757678646279 140.314358350357 476
1757678646389 140.27723632503182 477
1757678646500 140.2401242176579 478
1757678646612 140.20302202558508 479
1757678646728 140.16592974616398 480
1757678646841 140.12884737674588 481
1757678646954 140.09177491468282 482
1757678647065 140.0547123573275 483
1757678647178 140.01765970203343 484
1757678647298 139.98061694615456 485
1757678647414 139.94358408704593 486
1757678647524 139.90656112206298 487
1757678647639 139.86954804856194 488
1757678647748 139.83254486389984 489
1757678647856 139.79555156543432 490
1757678647964 139.75856815052376 491
1757678648076 139.72159461652723 492
1757678648191 139.6846309608045 493
1757678648306 139.6476771807161 494
1757678648419 139.6107332736232 495
1757678648532 139.5737992368877 496
1757678648644 139.53687506787222 497
1757678648775 139.49996076394 498
1757678648889 139.4630563224552 499
