1757673225484 0.012806486794013206 0
1757673225598 0.04531473450344767 1
1757673225715 5.082564917831738 2
1757673225880 1.6519782440994553 3
1757673226100 2.352122177818118 4
1757673226313 0.9310681825839383 5
1757673226505 2.3960767767748297 6
1757673226695 2.966138197005513 7
1757673226875 0.704740611220405 8
1757673227015 6.458689165945391 9
1757673227161 0.3076194700857398 10
1757673227315 1.1421482678360948 11
1757673227461 0.5374415651306618 12
1757673227611 0.005177599734285962 13
1757673227759 0.8268153489386633 14
1757673227953 1.4446179657965714 15
1757673228119 0.19513584381704271 16
1757673228259 0.01636361365620169 17
1757673228394 26.20854745780796 18
1757673228532 3.875656409059323 19
1757673228684 0.5186476891345522 20
1757673228824 0.8596922945023471 21
1757673228968 0.1889834383887493 22
1757673229115 0.28353588640211996 23
1757673229274 0.026660923857060353 24
1757673229410 0.38499399733997286 25
1757673229559 0.33391342620394593 26
1757673229706 0.5949499885136553 27
1757673229848 0.49680862866436826 28
1757673230003 0.1420343842132882 29
1757673230151 0.07242381802578823 30
1757673230288 1.0252644843844558 31
1757673230430 0.027611163669178467 32
1757673230575 3.2800763975685863 33
1757673230719 0.6016718249922363 34
1757673230861 0.2608948261352631 35
1757673231002 0.8683499713877751 36
1757673231144 1.8823057275620227 37
1757673231284 0.06847976539169269 38
1757673231454 0.22632196537958582 39
1757673231595 0.021510859645995237 40
1757673231730 0.019919686785684985 41
1757673231884 0.00013246602497673637 42
1757673232040 0.0408142890224698 43
1757673232191 0.43889948546943847 44
1757673232331 0.5952552907435494 45
1757673232474 0.018687813903078634 46
1757673232629 0.7511022905662657 47
1757673232780 0.5836023968451853 48
1757673232925 0.691669317235901 49
1757673233168 0.05051869551390637 50
1757673233348 0.10854729318935857 51
1757673233470 1.7410437051655576 52
1757673233589 0.047151394276434506 53
1757673233715 0.45057050384764574 54
1757673233832 0.5699660125487991 55
1757673233949 0.25394995402590537 56
1757673234065 0.689144225073821 57
1757673234179 0.7806539878249537 58
1757673234295 0.07149158606044131 59
1757673234412 0.5022830783863753 60
1757673234527 0.02769620391121624 61
1757673234644 0.6651991033194284 62
1757673234759 0.09382806770780794 63
1757673234875 0.2955808389882669 64
1757673234989 0.4306706461038541 65
1757673235105 1.4086931958009026 66
1757673235221 0.05942635041892737 67
1757673235335 0.07270513414755266 68
1757673235449 0.4025556751173069 69
1757673235563 0.6045956129871772 70
1757673235680 3.887582966152716 71
1757673235821 0.14255869640972754 72
1757673235942 1.951330114496708 73
1757673236060 0.5972123916027915 74
1757673236177 0.323127625308263 75
1757673236302 5.771825354359616 76
1757673236418 0.20869008333675707 77
1757673236536 0.5805799833603941 78
1757673236654 0.614727753740022 79
1757673236768 0.13985695207837692 80
1757673236884 0.3362076679854107 81
1757673236999 0.12273446207555938 82
1757673237116 0.0691341449413133 83
1757673237231 0.06548683775812482 84
1757673237346 0.6955687819328689 85
1757673237464 0.23108249521663382 86
1757673237581 0.001801792380453975 87
1757673237697 0.21110303156023766 88
1757673237813 0.36761205431735705 89
1757673237929 0.36858069265464144 90
1757673238045 0.010505496834210296 91
1757673238160 0.07505599958167666 92
1757673238275 0.14781298769719517 93
1757673238391 0.13491507091645308 94
1757673238504 4.22261666993359 95
1757673238619 0.8268245529186334 96
1757673238736 0.4089079437280111 97
1757673238854 0.12072401139951747 98
1757673238971 0.0823938136362254 99
1757673239088 0.2615430582588061 100
1757673239201 0.24514076579724653 101
1757673239317 0.11854632240530102 102
1757673239434 0.5013352877077112 103
1757673239550 0.09182228304823203 104
1757673239666 0.07842990267290026 105
1757673239783 0.531983330259656 106
1757673239899 1.143711732665656 107
1757673240016 0.40373485993592795 108
1757673240134 0.11559940295550922 109
1757673240249 0.46902852236775106 110
1757673240364 0.2121947302745339 111
1757673240480 0.25086071992491843 112
1757673240598 0.31705423207289474 113
1757673240713 0.29108147539781215 114
1757673240830 35.516015100288975 115
1757673240949 0.05719375936725611 116
1757673241066 0.4070347348671913 117
1757673241182 0.04990246448651849 118
1757673241298 0.11455206578507175 119
1757673241414 1.6880704309264112 120
1757673241530 0.011932433107078783 121
1757673241648 0.37654647743033265 122
1757673241766 0.4240862020411461 123
1757673241881 0.08094231209884116 124
1757673241997 0.015422956592070412 125
1757673242112 0.305079620014351 126
1757673242230 0.057598965738659774 127
1757673242348 0.021574825709390077 128
1757673242464 0.06611026787035267 129
1757673242584 0.04671993563093618 130
1757673242701 0.9569341500930095 131
1757673242815 0.4210338875665262 132
1757673242934 1.295760902174314 133
1757673243051 0.028036569539267434 134
1757673243167 0.43799569957592593 135
1757673243283 0.4207477890972238 136
1757673243402 0.41227496332327584 137
1757673243519 0.1996587953744487 138
1757673243641 0.29543819525705944 139
1757673243760 0.03557531333302046 140
1757673243878 0.025488135349705277 141
1757673243996 0.0718398446481588 142
1757673244114 0.10434534727062582 143
1757673244230 9.037834982753912 144
1757673244347 1.3765829887165353 145
1757673244463 0.44149281030588605 146
1757673244579 0.01342058823198524 147
1757673244696 0.7492920831392749 148
1757673244814 0.13381625432921374 149
1757673244933 0.10698659983000415 150
1757673245049 0.10529923954495939 151
1757673245167 0.22704339809778976 152
1757673245285 0.40930226510899165 153
1757673245399 0.27995928540720616 154
1757673245517 0.05294150770690042 155
1757673245633 0.7818651057092888 156
1757673245752 0.005580483299915316 157
1757673245867 0.07956757060919306 158
1757673245983 0.007477954893942527 159
1757673246101 0.016908210601458234 160
1757673246225 0.13021326190112106 161
1757673246346 1.3305088472828432 162
1757673246464 14.706067923504909 163
1757673246581 0.15214556926883444 164
1757673246699 0.7422495749807704 165
1757673246818 1.1972739805086876 166
1757673246935 1.0302355634993885 167
1757673247052 0.023586185876952475 168
1757673247170 0.4249586243716471 169
1757673247289 0.4447890914960756 170
1757673247408 0.2626193924113896 171
1757673247525 0.1500363011194206 172
1757673247642 0.0006140246012758387 173
1757673247758 0.7149435750856868 174
1757673247876 0.9227248089727229 175
1757673247993 0.3069140820886929 176
1757673248110 0.01882977320143212 177
1757673248228 0.04370062447350297 178
1757673248345 0.5225575896973216 179
1757673248462 0.26766475698082026 180
1757673248579 0.024591262637137058 181
1757673248695 2.691831195049899 182
1757673248814 1.7426339516116514 183
1757673248932 0.00026479546126917337 184
1757673249049 0.2783781090879028 185
1757673249170 0.18888814210206564 186
1757673249289 0.4111589087229688 187
1757673249406 0.12041803735869464 188
1757673249523 0.9977289480297205 189
1757673249642 0.6414741977551167 190
1757673249760 0.04289159607503437 191
1757673249880 0.5884554766131501 192
1757673249997 0.018637284420958123 193
1757673250115 0.0036012808864270478 194
1757673250232 0.08368779111997085 195
1757673250351 0.1733265495057062 196
1757673250468 1.1880629926139514 197
1757673250587 0.04563428296594074 198
1757673250702 0.05620159909480931 199
1757673250826 0.07945208954327089 200
1757673250944 0.13849064388010932 201
1757673251062 0.36304647598560913 202
1757673251182 11.558364147101413 203
1757673251300 6.92606567660598e-05 204
1757673251417 2.262371367479067 205
1757673251535 0.03508809736661978 206
1757673251654 0.12777509385124883 207
1757673251772 0.35503054352760843 208
1757673251890 0.018079901801657562 209
1757673252008 0.14496746101064004 210
1757673252126 0.008732583352827101 211
1757673252245 0.029661145746878798 212
1757673252365 0.0970292582658147 213
1757673252484 0.08531733095023634 214
1757673252603 1.5439079123335322 215
1757673252720 0.3906219978985031 216
1757673252839 0.03206052695637677 217
1757673252958 0.6347326752486303 218
1757673253075 0.47440941822615884 219
1757673253195 0.0572576380087886 220
1757673253314 0.03297752046850023 221
1757673253432 0.24555044274680324 222
1757673253551 2.1138165504519395 223
1757673253669 0.2014621226952778 224
1757673253791 2.1090858940616864e-05 225
1757673253910 0.7956529521527079 226
1757673254031 1.0772961266277552 227
1757673254151 0.3345782057951767 228
1757673254270 0.5766827023021012 229
1757673254390 0.015616534514472506 230
1757673254509 0.8937700779145512 231
1757673254628 0.2712043137840983 232
1757673254748 1.2343144163851547 233
1757673254870 1.9973889665925464 234
1757673254988 1.0677838993033948 235
1757673255109 1.8978164858263464 236
1757673255228 4.399310482394713e-05 237
1757673255347 0.13842286279340366 238
1757673255464 0.031810069186419224 239
1757673255583 0.002884030011907672 240
1757673255702 1.2273152270857977 241
1757673255819 0.10370517074446911 242
1757673255938 0.04138365174016702 243
1757673256057 0.8508146905912637 244
1757673256178 0.19268572978623724 245
1757673256306 0.06669328639366794 246
1757673256425 0.8287429569177032 247
1757673256546 0.06300019838911985 248
1757673256664 0.9217378814212305 249
1757673256784 0.8058537166313231 250
1757673256901 6.230961774396189 251
1757673257022 0.08670400175665226 252
1757673257143 0.41889320949821235 253
1757673257263 0.06047613804570298 254
1757673257382 0.3392597172419803 255
1757673257502 1.4329214497123732 256
1757673257620 0.01089675043894528 257
1757673257740 0.8079472393550553 258
1757673257857 0.3751452362761009 259
1757673257978 1.5202541842460198 260
1757673258097 0.4974539238933949 261
1757673258216 0.6804052560427832 262
1757673258336 0.2624712275901992 263
1757673258456 0.3611335532983216 264
1757673258576 0.6339798814927855 265
1757673258696 1.0335144245189893 266
1757673258815 0.011869771745040439 267
1757673258934 0.005018740419252563 268
1757673259054 0.0019979829717355958 269
1757673259191 1.4204867835495874 270
1757673259328 0.42249669070809986 271
1757673259449 1.0569850093372226 272
1757673259572 0.3772592100276657 273
1757673259693 12.867331787745545 274
1757673259814 1.6631284333879184 275
1757673259932 0.34033319162819964 276
1757673260054 0.27515774938810617 277
1757673260175 0.014820307824334435 278
1757673260295 0.6995161944424576 279
1757673260414 1.15383373772628 280
1757673260534 0.1720760961349177 281
1757673260656 0.4117846589533729 282
1757673260778 0.05237843178128043 283
1757673260898 1.7022736458597945 284
1757673261020 1.9360173077000589 285
1757673261140 2.4500070201184716 286
1757673261257 0.6485830802071697 287
1757673261378 0.399048917591978 288
1757673261500 0.41823257397021457 289
1757673261620 0.47425441693631276 290
1757673261741 0.00018432674360956933 291
1757673261861 1.6826575086753264 292
1757673261982 0.018243129380999038 293
1757673262101 0.2475258452990036 294
1757673262222 0.00819684358347104 295
1757673262341 0.0035950849613609567 296
1757673262460 0.006098784457327231 297
1757673262582 0.06862867943339135 298
1757673262701 1.5838860227888754 299
1757673262823 3.9193073221115244 300
1757673262944 0.2755085288295879 301
1757673263065 1.5629087661157022 302
1757673263186 0.49324427935053494 303
1757673263315 0.3723422844450591 304
1757673263508 0.08806960417234587 305
1757673263701 0.20606669578161696 306
1757673263887 0.24845012108466158 307
1757673264066 4.3456039858887205 308
1757673264260 0.7303355587218284 309
1757673264411 0.12917467505584035 310
1757673264565 1.998608513411955 311
1757673264720 0.09520199839307149 312
1757673264870 1.8319034476797513 313
1757673265013 0.0260103573348346 314
1757673265162 0.3369647751522037 315
1757673265314 1.2367573319205454 316
1757673265465 0.3563448304568341 317
1757673265604 0.0012945506251943251 318
1757673265762 0.3011685312560804 319
1757673265910 0.1042353571479089 320
1757673266051 0.08571703832575768 321
1757673266200 0.1022514769522978 322
1757673266353 2.2292467995387177 323
1757673266512 4.683047379047936 324
1757673266662 1.0621964964705204 325
1757673266818 0.7173139263202287 326
1757673266991 1.6514355880780396 327
1757673267142 0.0007689590888959866 328
1757673267296 0.11276413924836215 329
1757673267449 0.5175094422517352 330
1757673267592 0.2784568985653672 331
1757673267736 2.6202496166466243 332
1757673267895 0.31104097449267837 333
1757673268042 0.1247365928835048 334
1757673268191 0.05145442917193102 335
1757673268342 0.014510670507220103 336
1757673268493 0.9355125265109758 337
1757673268635 0.4738706068587831 338
1757673268780 0.031932092429081516 339
1757673268926 0.19813918524650803 340
1757673269067 0.26007360754294295 341
1757673269227 0.3172492605993549 342
1757673269386 0.041081217994819036 343
1757673269545 0.003468096119063725 344
1757673269691 1.5837086696435991 345
1757673269842 0.5076373456210793 346
1757673270010 0.09080707530590909 347
1757673270194 0.018724440776491207 348
1757673270355 0.04406470912452545 349
1757673270643 3.337371837054739e-05 350
1757673270772 0.04786263784542944 351
1757673270894 0.26426283122344063 352
1757673271015 0.035256145950528686 353
1757673271135 1.2088031763974383 354
1757673271255 0.22063412485429362 355
1757673271378 8.701960143562893 356
1757673271499 0.1699305480580947 357
1757673271622 0.191307077446963 358
1757673271742 1.0324297990194014 359
1757673271864 0.005544230653270151 360
1757673271986 2.8374396926331977 361
1757673272108 0.10569000373956451 362
1757673272230 0.04986619082615621 363
1757673272352 1.38845049405593 364
1757673272474 0.01011367676767451 365
1757673272597 0.21664271092056442 366
1757673272721 0.452052373919291 367
1757673272842 1.6509243286564494 368
1757673272966 0.04566170361091819 369
1757673273090 0.2647775165902187 370
1757673273212 0.2535214701852324 371
1757673273336 0.47422041518161523 372
1757673273458 0.13984825153746216 373
1757673273581 1.138648227911374 374
1757673273708 3.3435038288606744 375
1757673273833 12.380263234436974 376
1757673273957 16.732239215124334 377
1757673274082 0.010791590751333981 378
1757673274206 0.0002675448960598363 379
1757673274329 0.5612014871018934 380
1757673274456 0.0016643044327902263 381
1757673274587 0.1109447899089288 382
1757673274711 0.3312289915586544 383
1757673274835 0.05993335755136865 384
1757673274958 0.0004700890405418697 385
1757673275081 0.13254428651677447 386
1757673275203 3.838840911486717 387
1757673275328 0.00262910456288811 388
1757673275451 1.6635652526645595 389
1757673275574 1.1288421140892655 390
1757673275701 0.05536590173525168 391
1757673275824 6.530564277540291 392
1757673275947 0.008196810758025728 393
1757673276071 0.3885080610638324 394
1757673276195 0.5806263930204175 395
1757673276326 0.31757238390678416 396
1757673276450 0.105237613155311 397
1757673276572 0.2854921349282184 398
1757673276694 0.004138499086511843 399
1757673276817 0.026176980896205945 400
1757673276941 0.29485520039838153 401
1757673277065 0.5542508132354308 402
1757673277189 0.02972955682258602 403
1757673277312 0.26985148663162184 404
1757673277437 0.2508493295790637 405
1757673277559 12.438951936852224 406
1757673277682 0.45085724699321206 407
1757673277803 2.2869263555917354 408
1757673277926 0.01389881273942914 409
1757673278049 1.0660977607941087 410
1757673278172 0.7353658518838849 411
1757673278294 0.020198990391538014 412
1757673278417 0.10452763883518229 413
1757673278538 0.030499876476666618 414
1757673278663 1.123555161223219 415
1757673278786 0.0731444368598774 416
1757673278910 0.2321833784622799 417
1757673279053 0.009576426441915193 418
1757673279177 0.0605353038641246 419
1757673279299 0.09360413473441086 420
1757673279422 0.019824546602425927 421
1757673279546 1.4358382968563814 422
1757673279668 0.01618101933737479 423
1757673279790 0.016205833524455298 424
1757673279913 0.02366233802668089 425
1757673280036 0.25814050445199943 426
1757673280157 0.2556879756820568 427
1757673280279 0.23336899810161282 428
1757673280403 1.1506762237322183 429
1757673280526 0.42832020441075325 430
1757673280649 0.13175211064558962 431
1757673280771 0.24881014320819683 432
1757673280894 0.11572812579715434 433
1757673281016 0.08796302612808932 434
1757673281138 0.19106409019833492 435
1757673281262 0.007894652800023518 436
1757673281385 5.639435149264558 437
1757673281507 0.669302204178787 438
1757673281631 0.00620552823635327 439
1757673281754 0.11141067427218772 440
1757673281878 0.6799123514472737 441
1757673282001 0.029189658275192914 442
1757673282124 0.07124170871434156 443
1757673282248 0.2726559164950961 444
1757673282371 0.0014860248324982746 445
1757673282491 0.8751237851314462 446
1757673282614 1.3743089231389436 447
1757673282736 0.07726232415323527 448
1757673282923 0.03134114341051092 449
1757673283051 0.00025818924679488745 450
1757673283174 1.3776312607983112 451
1757673283297 0.3981428177277485 452
1757673283423 0.02111434211001237 453
1757673283548 0.08717291043063807 454
1757673283671 0.0938295060678457 455
1757673283799 0.17705144046473914 456
1757673283922 0.059749213823384086 457
1757673284046 0.6193727898977844 458
1757673284169 0.05238895471617579 459
1757673284293 0.45875312511594113 460
1757673284416 0.34232782688050123 461
1757673284538 0.0241722793506338 462
1757673284691 0.020769072432231212 463
1757673284815 0.7472373279874287 464
1757673284937 0.03205907622495069 465
1757673285059 0.6159355256746533 466
1757673285183 0.0037671113126876766 467
1757673285306 0.9411055394716619 468
1757673285428 0.048614486563341976 469
1757673285550 2.7701060027895004 470
1757673285671 0.43565348787200203 471
1757673285795 0.30934008828124276 472
1757673285920 0.4637053360474692 473
1757673286046 0.3520672528927809 474
1757673286171 0.6582888361475885 475
1757673286306 0.1866912081873601 476
1757673286431 0.0267062239514815 477
1757673286554 0.011799274784570003 478
1757673286677 2.164742628563281 479
1757673286801 0.0005138046525380524 480
1757673286924 2.0722276851063177 481
1757673287046 0.24207755452477916 482
1757673287173 0.1216019962409256 483
1757673287296 0.006365829448351604 484
1757673287420 0.039106939235938595 485
1757673287544 0.06751583881480627 486
1757673287668 0.008869609387428602 487
1757673287792 0.8458126647663275 488
1757673287917 0.009351687295262421 489
1757673288040 0.9578046831638966 490
1757673288163 0.04412205297526794 491
1757673288287 0.7115227216311245 492
1757673288412 0.0466430785654651 493
1757673288536 0.15943681716030664 494
1757673288662 0.0004562425989520785 495
1757673288785 0.2716969076733946 496
1757673288909 0.4177649845916051 497
1757673289033 0.22609987263487147 498
1757673289158 1.1236113125841645 499
