1757517598592 189.38892747809177 0
1757517598658 3619.6162243392732 1
1757517598724 9400535.447105752 2
1757517598798 25092553551.334137 3
1757517598857 66979364124748.76 4
1757517598917 1.7878751275694058e+17 5
1757517598982 4.77236162725843e+20 6
1757517599045 1.273882898762914e+24 7
1757517599112 3.400366037836974e+27 8
1757517599178 9.076571482750696e+30 9
1757517599242 2.422802397293917e+34 10
1757517599310 6.467168211574785e+37 11
1757517599375 1.7262763452569542e+41 12
1757517599440 4.607936461062058e+44 13
1757517599523 1.2299930128524548e+48 14
1757517599612 3.283211095573912e+51 15
1757517599684 8.763850676762126e+54 16
1757517599756 2.3393280678213123e+58 17
1757517599818 6.244350811917799e+61 18
1757517599879 1.6667998643992147e+65 19
1757517599949 4.449176338169214e+68 20
1757517600015 1.1876152926890098e+72 21
1757517600082 3.170092565962863e+75 22
1757517600154 8.461904236698499e+78 23
1757517600221 2.2587297317391444e+82 24
1757517600290 6.029210279780875e+85 25
1757517600364 1.609372564013046e+89 26
1757517600439 4.295886077292483e+92 27
1757517600513 1.1466976386783838e+96 28
1757517600584 3.060871379948967e+99 29
1757517600648 8.170360946577716e+102 30
1757517600712 2.180908300644609e+106 31
1757517600781 5.821482119235896e+109 32
1757517600844 1.5539238423993572e+113 33
1757517600907 4.147877221847624e+116 34
1757517600975 1.1071897462463071e+120 35
1757517601041 2.9554132599106216e+123 36
1757517601106 7.888862380154685e+126 37
1757517601175 2.1057681000897346e+130 38
1757517601244 5.620910947198668e+133 39
1757517601314 1.5003855303436058e+137 40
1757517601378 4.004967808263158e+140 41
1757517601447 1.0690430439935598e+144 42
1757517601513 2.8535885545772663e+147 43
1757517601580 7.617062460268364e+150 44
1757517601654 2.0332167519582986e+154 45
1757517601722 5.4272501794585576e+157 46
1757517601790 1.448691807307971e+161 47
1757517601867 3.866982142272674e+164 48
1757517601929 1.0322106339817742e+168 49
1757517601989 2.7552720796348875e+171 50
1757517602053 7.354627033371079e+174 51
1757517602121 1.9631650608952236e+178 52
1757517602189 5.240261727525258e+181 53
1757517602259 1.398779120510826e+185 54
1757517602325 3.733750582914241e+188 55
1757517602389 9.966472340766122e+191 56
1757517602456 2.6603429638229695e+195 57
1757517602525 7.101233458716642e+198 58
1757517602598 1.8955269046488495e+202 59
1757517602676 5.05971570592042e+205 60
1757517602749 1.350586106794439e+209 61
1757517602828 3.605109333972618e+212 62
1757517602898 9.623091222775784e+215 63
1757517602973 2.568684500334415e+219 64
1757517603045 6.856570211702762e+222 65
1757517603123 1.830219128191467e+226 66
1757517603196 4.885390149554186e+229 67
1757517603273 1.304053517184325e+233 68
1757517603349 3.480900242605991e+236 69
1757517603424 9.29154082965577e+239 70
1757517603498 2.4801840033349337e+243 71
1757517603569 6.620336500879792e+246 72
1757517603642 1.7671614414877135e+250 73
1757517603712 4.717070740839121e+253 74
1757517603798 1.2591241440481238e+257 75
1757517603873 3.360970604911653e+260 76
1757517603938 8.9714135500276e+263 77
1757517604002 2.394732669425828e+267 78
1757517604074 6.392241898154085e+270 79
1757517604136 1.7062763207850568e+274 80
1757517604204 4.5545505462058376e+277 81
1757517604269 1.2157427507638249e+281 82
1757517604337 3.245172978190043e+284 83
1757517604410 8.662315816202473e+287 84
1757517604492 2.3122254438800625e+291 85
1757517604583 6.172005981733188e+294 86
1757517604659 1.6474889133053968e+298 87
1757517604736 4.397629761697036e+301 88
1757517604819 inf 89
1757517604901 inf 90
