1757672434876 0.00028137023554832414 0
1757672434994 0.24872051120454872 1
1757672435119 0.10772362976775428 2
1757672435234 4.227074566323603e-05 3
1757672435348 1.1506242855049489 4
1757672435461 0.00034881756278233697 5
1757672435573 0.19792846856717738 6
1757672435687 0.08336441618747274 7
1757672435799 0.4929259856880624 8
1757672435913 1.0556976489714192 9
1757672436038 7.345328517067876e-06 10
1757672436151 0.022128045450876085 11
1757672436264 0.06577105306831244 12
1757672436378 1.7465378799923879 13
1757672436488 0.009813039204070279 14
1757672436603 0.24094582715792606 15
1757672436714 0.6947664155025814 16
1757672436829 7.884990994907527e-05 17
1757672436944 0.5283575435998075 18
1757672437058 0.04925208899369322 19
1757672437173 0.036212341243647875 20
1757672437285 0.00018496269898715125 21
1757672437397 0.3526447743792956 22
1757672437511 1.2000523388736049 23
1757672437624 0.008590738824292643 24
1757672437735 0.5035301647287895 25
1757672437848 3.4174981687201815 26
1757672437963 0.03878241558905738 27
1757672438074 0.22561988176403838 28
1757672438186 0.04447318036778801 29
1757672438298 0.03252803428371481 30
1757672438409 0.027209801468215212 31
1757672438522 7.379116027415623 32
1757672438634 3.8908327750721328 33
1757672438746 0.000500246306651144 34
1757672438861 1.4982717314215628 35
1757672438975 1.0433879207091 36
1757672439087 0.026557657440453415 37
1757672439200 5.622049508661862 38
1757672439311 0.6289655406181291 39
1757672439425 4.662375675673605 40
1757672439542 0.007455044948472657 41
1757672439657 3.3149115789588084 42
1757672439777 0.12400764072081469 43
1757672439902 0.23866853303664654 44
1757672440018 0.2798910351112565 45
1757672440130 0.07946585323130699 46
1757672440243 0.5666723338051899 47
1757672440358 0.2677033062354476 48
1757672440472 2.5479557874142706 49
1757672440588 0.03700541031514916 50
1757672440703 0.1189204336101138 51
1757672440815 0.8328730522766885 52
1757672440930 0.2904739503343441 53
1757672441044 0.07382883158733614 54
1757672441156 0.0600915714486738 55
1757672441270 0.4809888202061984 56
1757672441383 0.14878633661192817 57
1757672441497 0.1867491499297376 58
1757672441613 0.36805413681091187 59
1757672441726 0.004361674534292458 60
1757672441837 0.013730487628302425 61
1757672441950 0.38952218390659926 62
1757672442071 0.1880885210551192 63
1757672442188 0.756217667162176 64
1757672442300 0.21004674414768823 65
1757672442416 0.02005162885623153 66
1757672442530 0.05659099571527003 67
1757672442643 0.010605534946086292 68
1757672442755 0.22126101628414466 69
1757672442875 0.3127426509118382 70
1757672442990 0.3806416923537107 71
1757672443104 0.06984511747160169 72
1757672443220 0.6894847802597257 73
1757672443333 0.35588648327123906 74
1757672443462 0.2563244339309188 75
1757672443577 5.6619129581752e-05 76
1757672443690 0.46467380544329406 77
1757672443805 0.10155009010662304 78
1757672443918 0.01630235095343241 79
1757672444033 1.6060167053790555 80
1757672444147 1.001140423506332 81
1757672444261 0.045294013314108934 82
1757672444375 0.9629518860133611 83
1757672444490 0.4926339422498164 84
1757672444605 0.21699444495323017 85
1757672444718 0.19671680121923757 86
1757672444833 11.233434537313526 87
1757672444947 0.15750329372733554 88
1757672445060 0.0456303975957914 89
1757672445175 21.103289958181456 90
1757672445289 0.14934284184100005 91
1757672445405 0.12322924647772407 92
1757672445520 4.622034978916056 93
1757672445634 0.07223878983147089 94
1757672445748 0.06446571783735162 95
1757672445863 0.11985922205966347 96
1757672445984 0.3882416533293656 97
1757672446102 0.23275999779638898 98
1757672446263 0.5051741344377315 99
1757672446460 1.2128865989928062 100
1757672446669 0.07388481763119098 101
1757672446871 0.7133093359314929 102
1757672447062 1.3653612519626463 103
1757672447268 0.04079376649842914 104
1757672447464 0.8890405697574353 105
1757672447611 0.10386907853566726 106
1757672447771 0.8919248198420329 107
1757672447989 0.006494523677107804 108
1757672448146 1.3410352407316684 109
1757672448293 0.3362034625974586 110
1757672448447 0.20455710934208785 111
1757672448605 0.14109110104677872 112
1757672448748 0.6573549208285986 113
1757672448932 0.4962255427533329 114
1757672449089 0.0024654612768551225 115
1757672449240 0.00024672833433696056 116
1757672449386 1.7565052244322803 117
1757672449531 9.07201336799147 118
1757672449681 0.5924605420936259 119
1757672449832 0.01994623549937832 120
1757672449972 0.28804660979168895 121
1757672450122 0.09294116273324052 122
1757672450276 2.3103437850862982 123
1757672450431 0.6275642937732812 124
1757672450585 0.13154613551952035 125
1757672450736 0.17107724049609752 126
1757672450888 0.019343643260285315 127
1757672451035 0.025212956984296504 128
1757672451191 0.39455051746763714 129
1757672451344 0.010986440658479799 130
1757672451490 0.00015341852101700046 131
1757672451633 0.9385114105181303 132
1757672451780 0.11766914748676699 133
1757672451920 0.5266135840744105 134
1757672452063 0.10703251262287668 135
1757672452208 0.17104450646292796 136
1757672452360 0.22558329793085868 137
1757672452519 0.16300774709960011 138
1757672452673 0.12190473013923225 139
1757672452821 2.7277638265276636 140
1757672452972 0.40007341653594525 141
1757672453127 0.0038928958528293388 142
1757672453282 0.007907776507079299 143
1757672453451 0.2473829044559806 144
1757672453601 1.5718378120741239 145
1757672453899 0.15611789796414924 146
1757672454040 0.08240317575019683 147
1757672454161 0.07615526616737003 148
1757672454279 5.659764673302974 149
1757672454401 7.431475719990071 150
1757672454518 0.09835318413262055 151
1757672454638 0.03809991338552771 152
1757672454756 0.6461022441582385 153
1757672454874 0.016661848723360254 154
1757672454992 6.432953329459871e-06 155
1757672455110 1.0343283301199067 156
1757672455230 0.6473954065376215 157
1757672455347 0.015369283132218891 158
1757672455465 1.109377557044619 159
1757672455584 0.0035327337199988463 160
1757672455703 0.00045959729739952586 161
1757672455821 0.3875032667836194 162
1757672455940 0.1542431459602008 163
1757672456068 0.019833963866881726 164
1757672456186 0.019693984821130064 165
1757672456305 0.04384040441988689 166
