1757669270499 176.72447056415024 0
1757669270617 174.04466333859278 1
1757669270737 172.73410656667838 2
1757669270846 171.4283612558758 3
1757669270945 170.13288147533555 4
1757669271063 168.84756319842919 5
1757669271179 167.57232565144037 6
1757669271290 166.32870654144665 7
1757669271403 165.08390123213573 8
1757669271514 163.8488593247324 9
1757669271633 162.6234588099904 10
1757669271745 161.40762333480905 11
1757669271860 160.20127697582518 12
1757669271994 159.00434441834489 13
1757669272219 157.8167509507065 14
1757669272336 156.6384224594334 15
1757669272434 155.4692854244231 16
1757669272530 154.30926691417477 17
1757669272627 153.15829458105574 18
1757669272722 152.0162966566057 19
1757669272815 150.88320194687898 20
1757669272903 149.75893982782435 21
1757669272989 148.643440240702 22
1757669273086 147.5366336875375 23
1757669273174 146.43845122661241 24
1757669273248 145.34882446799136 25
1757669273333 144.26768556908476 26
1757669273423 143.19496723024787 27
1757669273518 142.1306026904149 28
1757669273612 141.0745257227684 29
1757669273706 140.0266706304438 30
1757669273799 138.98697224226805 31
1757669273891 137.95536590853328 32
1757669273980 136.93178749680388 33
1757669274076 135.91617338775782 34
1757669274168 134.9084604710613 35
1757669274264 133.90858614127666 36
1757669274356 132.91648829380327 37
1757669274449 131.93210532085124 38
1757669274543 130.9553761074474 39
1757669274635 129.98624002747354 40
1757669274728 129.02463693973675 41
1757669274825 128.07050718407115 42
1757669274912 127.12379157747112 43
1757669274997 126.18443141025598 44
1757669275091 125.252368442265 45
1757669275188 124.32754489908366 46
1757669275281 123.4099034683 47
1757669275376 122.49938729579117 48
1757669275478 121.59593998204004 49
1757669275577 120.69950557848118 50
1757669275671 119.81002858387681 51
1757669275766 118.92745394072138 52
1757669275859 118.05172703167555 53
1757669275955 117.18279367602865 54
1757669276045 116.32060012618976 55
1757669276139 115.46509306420711 56
1757669276235 114.61621959831528 57
1757669276330 113.77392725951071 58
1757669276424 112.93816399815417 59
1757669276519 112.10887818060098 60
1757669276614 111.28601858585864 61
1757669276705 110.4695344022707 62
1757669276801 109.65937522422792 63
1757669276899 108.85549104890565 64
1757669276982 108.05783227302774 65
1757669277070 107.2663496896562 66
1757669277164 106.48099448500696 67
1757669277256 105.70171823529127 68
1757669277352 104.9284729035824 69
1757669277442 104.16121083670777 70
1757669277537 103.39988476216593 71
1757669277631 102.6444477850686 72
1757669277721 101.89485338510715 73
1757669277815 101.15105541354359 74
1757669277909 100.41300809022582 75
1757669278002 99.68066600062689 76
1757669278105 98.9539840929082 77
1757669278199 98.23291767500619 78
1757669278293 97.51742241174269 79
1757669278386 96.80745432195837 80
1757669278481 96.10296977566942 81
1757669278578 95.40392549124712 82
1757669278675 94.71027853261995 83
1757669278769 94.02198630649858 84
1757669278863 93.33900655962283 85
1757669278955 92.66129737603109 86
1757669279043 91.98881717435164 87
1757669279137 91.32152470511573 88
1757669279229 90.65937904809236 89
1757669279327 90.00233960964455 90
1757669279421 89.35036612010688 91
1757669279515 88.70341863118414 92
1757669279610 88.0614575133709 93
1757669279708 87.42444345339196 94
1757669279800 86.79233745166333 95
1757669279890 86.16510081977373 96
1757669279985 85.54269517798625 97
1757669280078 84.92508245276034 98
1757669280171 84.31222487429346 99
1757669280263 83.70408497408286 100
1757669280361 83.10062558250678 101
1757669280457 82.50180982642514 102
1757669280552 81.9076011267997 103
1757669280648 81.31796319633317 104
1757669280743 80.73286003712751 105
1757669280840 80.15225593836102 106
1757669280934 79.57611547398415 107
1757669281023 79.00440350043382 108
1757669281109 78.43708515436626 109
1757669281202 77.87412585040792 110
1757669281296 77.31549127892463 111
1757669281388 76.76114740380876 112
1757669281485 76.21106046028412 113
1757669281576 75.66519695272842 114
1757669281672 75.12352365251355 115
1757669281765 74.586007595863 116
1757669281859 74.05261608172668 117
1757669281954 73.52331666967271 118
1757669282049 72.99807717779635 119
1757669282147 72.4768656806456 120
1757669282239 71.9596505071637 121
1757669282332 71.44640023864797 122
1757669282431 70.93708370672526 123
1757669282526 70.43166999134363 124
1757669282620 69.93012841878014 125
1757669282713 69.43242855966487 126
1757669282805 68.93854022702054 127
1757669282901 68.44843347431825 128
1757669282993 67.96207859354864 129
1757669283081 67.47944611330873 130
1757669283173 67.00050679690392 131
1757669283274 66.5252316404656 132
1757669283366 66.05359187108367 133
1757669283457 65.58555894495413 134
1757669283549 65.12110454554178 135
1757669283644 64.66020058175732 136
1757669283743 64.20281918614954 137
1757669283837 63.74893271311178 138
1757669283931 63.29851373710295 139
1757669284023 62.85153505088286 140
1757669284117 62.40796966376168 141
1757669284211 61.967790799863586 142
1757669284307 61.53097189640434 143
1757669284403 61.09748660198273 144
1757669284500 60.667308774885726 145
1757669284595 60.240412481407375 146
1757669284691 59.81677199418112 147
1757669284790 59.396361790525596 148
1757669284884 58.9791565508038 149
1757669284981 58.56513115679524 150
1757669285068 58.154260690081486 151
1757669285161 57.74652043044449 152
1757669285259 57.34188585427794 153
1757669285355 56.94033263301126 154
1757669285448 56.54183663154638 155
1757669285555 56.1463739067071 156
1757669285651 55.753920705700914 157
1757669285751 55.3644534645931 158
1757669285849 54.977948806793314 159
1757669285941 54.594383541554144 160
1757669286037 54.21373466248192 161
1757669286129 53.83597934605932 162
1757669286229 53.46109495018002 163
1757669286324 53.08905901269513 164
1757669286421 52.71984924997117 165
1757669286514 52.35344355545985 166
1757669286610 51.989819998279174 167
1757669286705 51.62895682180614 168
1757669286799 51.27083244228059 169
1757669286891 50.91542544742042 170
1757669286989 50.56271459504785 171
1757669287083 50.21267881172679 172
1757669287169 49.86529719141117 173
1757669287264 49.52054899410409 174
1757669287359 49.17841364452786 175
1757669287454 48.83887073080461 176
1757669287551 48.50190000314758 177
1757669287646 48.167481372563024 178
1757669287741 47.83559490956233 179
1757669287834 47.50622084288473 180
1757669287928 47.17933955823019 181
1757669288031 46.854931597002455 182
1757669288132 46.53297765506226 183
1757669288229 46.21345858149052 184
1757669288326 45.89635537736157 185
1757669288424 45.58164919452611 186
1757669288520 45.26932133440411 187
1757669288619 44.95935324678728 188
1757669288718 44.65172652865129 189
1757669288813 44.34642292297743 190
1757669288909 44.04342431758381 191
1757669289005 43.742712743966 192
1757669289096 43.4442703761469 193
1757669289184 43.14807952953591 194
1757669289279 42.854122659797305 195
1757669289373 42.56238236172759 196
1757669289470 42.27284136814205 197
1757669289567 41.98548254877013 198
1757669289663 41.70028890915974 199
1757669289757 41.417243589590356 200
1757669289852 41.136329863994916 201
1757669289948 40.857531138890245 202
1757669290046 40.58083095231629 203
1757669290142 40.306212972783676 204
1757669290241 40.03366099822987 205
1757669290334 39.76315895498364 206
1757669290431 39.49469089673793 207
1757669290526 39.22824100353087 208
1757669290622 38.96379358073514 209
1757669290718 38.701333058055326 210
1757669290816 38.440843988533366 211
1757669290912 38.18231104756205 212
1757669291021 37.925719031906354 213
1757669291118 37.67105285873274 214
1757669291193 37.41829756464619 215
1757669291277 37.167438304734986 216
1757669291368 36.91846035162325 217
1757669291466 36.671349094530946 218
1757669291563 36.4260900383416 219
1757669291660 36.1826688026774 220
1757669291755 35.94107112098176 221
1757669291849 35.701282839609306 222
1757669291948 35.46328991692311 223
1757669292043 35.2270784223992 224
1757669292139 34.9926345357383 225
1757669292234 34.75994454598466 226
1757669292330 34.52899485065199 227
1757669292426 34.29977195485641 228
1757669292521 34.07226247045641 229
1757669292621 33.84645311519964 230
1757669292715 33.622330711876614 231
1757669292814 33.39988218748121 232
1757669292908 33.17909457237792 233
1757669293004 32.95995499947578 234
1757669293101 32.742450703408885 235
1757669293189 32.52656901972358 236
1757669293285 32.31229738407214 237
1757669293383 32.09962333141292 238
1757669293483 31.88853449521698 239
1757669293584 31.679018606680977 240
1757669293683 31.471063493946485 241
1757669293780 31.26465708132555 242
1757669293878 31.059787388532452 243
1757669293972 30.856442529921676 244
1757669294069 30.654610713731973 245
1757669294168 30.454280241336456 246
1757669294264 30.25543950649884 247
1757669294361 30.058076994635545 248
1757669294457 29.862181282083778 249
1757669294551 29.667741035375396 250
1757669294648 29.474745010516855 251
1757669294745 29.283182052274558 252
1757669294840 29.093041093466365 253
1757669294937 28.90431115425841 254
1757669295036 28.716981341467836 255
1757669295130 28.531040847871026 256
1757669295221 28.34647895151738 257
1757669295317 28.163285015048583 258
1757669295415 27.98144848502348 259
1757669295525 27.80095889124815 260
1757669295622 27.62180584611153 261
1757669295722 27.443979043926344 262
1757669295822 27.267468260275262 263
1757669295917 27.092263351362366 264
1757669296016 26.918354253369817 265
1757669296111 26.74573098181966 266
1757669296208 26.574383630940776 267
1757669296305 26.404302373040878 268
1757669296408 26.23547745788365 269
1757669296510 26.067899212070742 270
1757669296612 25.90155803842888 271
1757669296707 25.736444415401706 272
1757669296806 25.572548896446747 273
1757669296903 25.40986210943696 274
1757669296998 25.248374756067314 275
1757669297098 25.08807761126598 276
1757669297192 24.92896152261029 277
1757669297289 24.771017409747415 278
1757669297385 24.614236263819652 279
1757669297482 24.458609146894393 280
1757669297580 24.30412719139855 281
1757669297677 24.150781599557583 282
1757669297773 23.998563642839144 283
1757669297872 23.847464661400938 284
1757669297966 23.69747606354323 285
1757669298077 23.548589325165665 286
1757669298175 23.400795989228424 287
1757669298272 23.254087665217757 288
1757669298368 23.10845602861573 289
1757669298463 22.96389282037435 290
1757669298564 22.820389846393763 291
1757669298660 22.67793897700476 292
1757669298759 22.536532146455347 293
1757669298854 22.39616135240147 294
1757669298949 22.256818655401894 295
1757669299052 22.118496178416983 296
1757669299148 21.981186106311647 297
1757669299238 21.844880685362142 298
1757669299334 21.709572222767004 299
1757669299431 21.575253086161712 300
1757669299529 21.44191570313739 301
1757669299631 21.30955256076328 302
1757669299730 21.178156205113076 303
1757669299828 21.047719240795068 304
1757669299933 20.918234330486094 305
1757669300034 20.789694194469092 306
1757669300129 20.66209161017453 307
1757669300226 20.535419411725375 308
1757669300328 20.409670489485816 309
1757669300426 20.284837789613526 310
1757669300525 20.1609143136156 311
1757669300623 20.037893117907927 312
1757669300722 19.915767313378222 313
1757669300821 19.79453006495251 314
1757669300921 19.674174591165087 315
1757669301020 19.554694163731874 316
1757669301118 19.436082107127326 317
1757669301215 19.31833179816462 318
1757669301306 19.201436665579223 319
1757669301401 19.085390189615836 320
1757669301502 18.970185901618617 321
1757669301601 18.85581738362475 322
1757669301700 18.742278267961147 323
1757669301798 18.629562236844524 324
1757669301899 18.51766302198461 325
1757669301997 18.406574404190472 326
1757669302095 18.296290212980207 327
1757669302194 18.186804326193485 328
1757669302319 18.07811066960743 329
1757669302490 17.970203216555422 330
1757669302654 17.863075987549067 331
1757669302809 17.756723049903112 332
1757669302964 17.651138517363435 333
1757669303121 17.546316549737938 334
1757669303267 17.442251352530477 335
1757669303391 17.338937176577673 336
1757669303521 17.236368317688644 337
1757669303657 17.134539116287666 338
1757669303805 17.033443957059607 339
1757669303929 16.933077268598282 340
1757669304063 16.833433523057593 341
1757669304194 16.734507235805463 342
1757669304314 16.63629296508058 343
1757669304443 16.538785311651818 344
1757669304571 16.441978918480437 345
1757669304705 16.34586847038498 346
1757669304836 16.25044869370884 347
1757669304965 16.15571435599055 348
1757669305099 16.061660265636615 349
1757669305230 15.968281271597032 350
1757669305357 15.875572263043377 351
1757669305500 15.783528169049498 352
1757669305654 15.69214395827476 353
1757669305796 15.601414638649809 354
1757669305932 15.511335257064836 355
1757669306061 15.421900899060425 356
1757669306192 15.333106688520745 357
1757669306322 15.244947787369309 358
1757669306449 15.157419395267075 359
1757669306575 15.07051674931311 360
1757669306705 14.984235123747467 361
1757669306837 14.898569829656559 362
1757669306971 14.81351621468087 363
1757669307121 14.729069662724994 364
1757669307254 14.645225593669984 365
1757669307380 14.56197946308806 366
1757669307511 14.479326761959507 367
1757669307633 14.397263016391898 368
1757669307755 14.315783787341612 369
1757669307878 14.234884670337443 370
1757669308002 14.154561295206568 371
1757669308135 14.074809325802605 372
1757669308257 13.995624459735895 373
1757669308377 13.917002428105967 374
1757669308502 13.838938995236038 375
1757669308630 13.76142995840977 376
1757669308751 13.684471147610036 377
1757669308991 13.608058425259829 378
1757669309104 13.532187685965228 379
1757669309207 13.456854856260405 380
1757669309305 13.382055894354671 381
1757669309402 13.307786789881614 382
1757669309505 13.234043563650145 383
1757669309607 13.160822267397569 384
1757669309713 13.088118983544664 385
1757669309818 13.015929824952716 386
1757669309919 12.944250934682437 387
1757669310024 12.873078485754876 388
1757669310127 12.802408680914203 389
1757669310230 12.73223775239241 390
1757669310335 12.662561961675896 391
1757669310437 12.593377599273891 392
1757669310560 12.524680984488771 393
1757669310659 12.456468465188191 394
1757669310759 12.388736417578995 395
1757669310861 12.321481245983046 396
1757669310963 12.25469938261471 397
1757669311064 12.188387287360232 398
1757669311164 12.122541447558826 399
1757669311266 12.057158377785484 400
1757669311364 11.992234619635612 401
1757669311463 11.927766741511284 402
1757669311565 11.863751338409267 403
1757669311670 11.800185031710756 404
1757669311772 11.737064468972697 405
1757669311873 11.674386323720888 406
1757669311975 11.612147295244661 407
1757669312079 11.550344108393254 408
1757669312182 11.488973513373766 409
1757669312283 11.428032285550726 410
1757669312385 11.367517225247301 411
1757669312488 11.307425157548092 412
1757669312598 11.247752932103449 413
1757669312706 11.18849742293542 414
1757669312812 11.129655528245166 415
1757669312917 11.071224170222028 416
1757669313022 11.013200294854032 417
1757669313127 10.9555808717399 418
1757669313233 10.898362893902624 419
1757669313337 10.841543377604502 420
1757669313431 10.785119362163636 421
1757669313531 10.729087909771891 422
1757669313633 10.673446105314365 423
1757669313735 10.61819105619023 424
1757669313837 10.563319892135025 425
1757669313940 10.508829765044384 426
1757669314046 10.454717848799183 427
1757669314149 10.400981339092034 428
1757669314253 10.347617453255202 429
1757669314356 10.294623430089889 430
1757669314458 10.241996529696872 431
1757669314560 10.189734033308493 432
1757669314665 10.137833243122026 433
1757669314765 10.086291482134275 434
1757669314867 10.035106093977653 435
1757669314968 9.984274442757398 436
1757669315073 9.933793912890195 437
1757669315180 9.883661908944081 438
1757669315279 9.833875855479553 439
1757669315378 9.78443319689202 440
1757669315478 9.735331397255509 441
1757669315590 9.686567940167548 442
1757669315694 9.63814032859536 443
1757669315823 9.590046084723248 444
1757669315930 9.542282749801222 445
1757669316033 9.494847883994787 446
1757669316137 9.447739066236004 447
1757669316239 9.400953894075638 448
1757669316344 9.354489983536588 449
1757669316445 9.308344968968413 450
1757669316553 9.262516502903066 451
1757669316654 9.21700225591174 452
1757669316756 9.171799916462861 453
1757669316855 9.126907190781239 454
1757669316958 9.082321802708341 455
1757669317063 9.03804149356364 456
1757669317165 8.994064022007104 457
1757669317271 8.950387163902763 458
1757669317378 8.907008712183368 459
1757669317476 8.863926476716149 460
1757669317582 8.821138284169598 461
1757669317687 8.778641977881374 462
1757669317790 8.73643541772721 463
1757669317889 8.694516479990856 464
1757669317997 8.652883057235124 465
1757669318113 8.611533058173917 466
1757669318220 8.570464407545257 467
1757669318323 8.529675045985348 468
1757669318427 8.489162929903676 469
1757669318531 8.448926031359036 470
1757669318638 8.40896233793662 471
1757669318743 8.369269852625994 472
1757669318852 8.329846593700125 473
1757669318955 8.290690594595356 474
1757669319061 8.251799903792309 475
1757669319164 8.213172584697759 476
1757669319270 8.174806715527428 477
1757669319378 8.136700389189746 478
1757669319476 8.098851713170506 479
1757669319575 8.061258809418467 480
1757669319679 8.023919814231828 481
1757669319786 7.986832878145613 482
1757669319887 7.949996165820014 483
1757669319989 7.913407855929539 484
1757669320096 7.877066141053096 485
1757669320202 7.8409692275649245 486
1757669320309 7.8051153355264 487
1757669320415 7.769502698578728 488
1757669320537 7.734129563836437 489
1757669320641 7.69899419178177 490
1757669320748 7.664094856159892 491
1757669320851 7.629429843874936 492
1757669320955 7.594997454886874 493
1757669321063 7.560796002109214 494
1757669321166 7.526823811307493 495
1757669321272 7.493079220998606 496
1757669321383 7.459560582350915 497
1757669321498 7.426266259085156 498
1757669321605 7.393194627376121 499
