1757443398291 160.2382699631293 0
1757443398363 157.24531156364682 1
1757443398433 154.86286143119898 2
1757443398492 141.1144779775757 3
1757443398558 143.09580912763457 4
1757443398626 133.48247175431194 5
1757443398686 128.1488594066191 6
1757443398754 125.92273729308384 7
1757443398823 124.32158486965312 8
1757443398892 119.01797162895829 9
1757443398961 116.48478829501357 10
1757443399030 106.5752531930261 11
1757443399099 108.83687793996776 12
1757443399168 105.40009200831075 13
1757443399236 100.11960111495543 14
1757443399306 98.42077637470068 15
1757443399376 95.86254549998363 16
1757443399443 88.89564356665333 17
1757443399519 84.11980130039332 18
1757443399589 87.45754371105303 19
1757443399654 82.55514854113939 20
1757443399720 82.34856370906628 21
1757443399781 71.28315785499059 22
1757443399845 80.19912605386799 23
1757443399912 71.69341240523899 24
1757443399980 70.4605359747358 25
1757443400044 65.70147430678992 26
1757443400105 61.89952720798438 27
1757443400161 60.422605283900715 28
1757443400224 58.84948837505923 29
1757443400293 53.10065183141699 30
1757443400357 60.59869802167092 31
1757443400421 55.45333340234209 32
1757443400487 67.36435011868764 33
1757443400539 58.043357708441334 34
1757443400605 53.08604168047746 35
1757443400666 46.38936661746019 36
1757443400728 55.65625380668772 37
1757443400788 53.731194653072755 38
1757443400849 45.391703115089875 39
1757443400910 40.38754640914643 40
1757443400974 45.621593780431446 41
1757443401036 50.948375176641854 42
1757443401100 48.8838491880166 43
1757443401166 39.2240746391333 44
1757443401229 45.524780569767884 45
1757443401286 31.6646508481701 46
1757443401346 43.36788001421361 47
1757443401414 40.21817153652766 48
1757443401480 43.167812943989006 49
1757443401546 36.03019360231645 50
1757443401612 40.58084222574165 51
1757443401676 35.167872133747345 52
1757443401740 29.122211100962367 53
1757443401805 34.9990133958894 54
1757443401870 25.807493557493995 55
1757443401935 33.48842188832559 56
1757443402001 30.271830873073583 57
1757443402069 25.2988465894987 58
1757443402136 27.982179444498655 59
1757443402199 30.24580667064954 60
1757443402266 33.4855016898912 61
1757443402331 37.44508558716468 62
1757443402396 25.675400665077763 63
1757443402465 22.07296196247413 64
1757443402529 26.703951104287526 65
1757443402582 24.846588825075678 66
1757443402642 19.14737193785793 67
1757443402704 26.664603526064326 68
1757443402769 26.052314708854276 69
1757443402835 29.754413946052978 70
1757443402900 23.108393695510216 71
1757443402963 24.526443387773842 72
1757443403030 22.80880796688387 73
1757443403115 28.96934285133073 74
1757443403187 27.94233635752911 75
1757443403266 27.41465777323784 76
1757443403336 14.803611423469118 77
1757443403403 22.76105565598899 78
1757443403472 15.920668945976374 79
1757443403536 19.57578158529797 80
1757443403604 30.787375420814122 81
1757443403669 25.625639357354892 82
1757443403728 20.683028563872117 83
1757443403794 39.50346647649151 84
1757443403857 25.411804498716315 85
1757443403923 19.434162962986473 86
1757443403983 23.003725358847067 87
1757443404046 29.40599945010318 88
1757443404111 25.546692751945383 89
1757443404171 16.022285332394155 90
1757443404231 16.65295416897805 91
1757443404303 19.898559311691113 92
1757443404367 17.938720341501455 93
1757443404430 23.463363242200188 94
1757443404494 25.799718831639645 95
1757443404560 17.598332092092374 96
1757443404615 7.469182730307176 97
1757443404677 16.861657093962943 98
1757443404740 21.274415018077526 99
1757443404803 24.497909958449 100
1757443404864 25.271062317566617 101
1757443404928 24.79630613035211 102
1757443404991 34.16539751297505 103
1757443405057 17.799788749082268 104
1757443405121 25.783020661500903 105
1757443405191 26.062191105935945 106
1757443405260 23.0877800099013 107
1757443405329 24.76904576290469 108
1757443405406 22.099490001900772 109
1757443405479 16.405332193520877 110
1757443405552 22.45728129049399 111
1757443405625 14.109085080660918 112
1757443405696 17.333122310163475 113
1757443405764 21.473525726383325 114
1757443405832 21.55323266869188 115
1757443405901 22.41751862724082 116
1757443405976 20.017850949120472 117
1757443406048 25.32356541848114 118
1757443406117 19.505628383717337 119
1757443406188 19.98880266583082 120
1757443406259 20.934737837323166 121
1757443406329 15.40164873723602 122
1757443406401 16.37818629922228 123
1757443406470 21.968676434204042 124
1757443406542 27.37941132509056 125
1757443406607 18.938342284900802 126
1757443406678 12.655525054934852 127
1757443406748 18.078181133261165 128
1757443406820 18.117936389499807 129
1757443406892 24.502922144402724 130
1757443406963 15.910655454470218 131
1757443407032 20.64975967993983 132
1757443407102 13.402580068142955 133
1757443407178 19.144895513097932 134
1757443407252 14.061565660043028 135
1757443407333 12.56436697767578 136
1757443407399 14.501667436379977 137
1757443407465 20.986029003533336 138
1757443407529 27.398480934206624 139
1757443407590 22.232392132308902 140
1757443407645 14.917085365711925 141
1757443407704 10.672324473706087 142
1757443407773 17.72824587459932 143
1757443407832 21.204003125714774 144
1757443407891 26.039354468594585 145
1757443407953 26.78773464546515 146
1757443408018 23.60463370626229 147
1757443408084 9.388390795994393 148
1757443408150 13.43087238446712 149
1757443408220 26.148260424598117 150
1757443408286 16.614676431356997 151
1757443408351 30.314010270672945 152
1757443408420 9.051295633519995 153
1757443408489 23.16311858010504 154
1757443408562 20.625125702494213 155
1757443408626 12.15573625623253 156
1757443408691 25.060471675787344 157
1757443408763 14.982397924269215 158
1757443408834 15.978115093040504 159
1757443408906 18.973396200853976 160
1757443408978 15.349824878917726 161
1757443409051 9.441023770407993 162
1757443409124 21.738831777455193 163
1757443409195 17.33963581592131 164
1757443409272 24.429438635857263 165
1757443409343 10.907368024734295 166
1757443409418 16.595868737926917 167
1757443409489 17.213018713810264 168
1757443409561 16.638555750556765 169
1757443409634 15.321922217275274 170
1757443409707 23.883142650917915 171
1757443409777 23.234078149211356 172
1757443409847 9.545173293158644 173
1757443409919 25.64036948527654 174
1757443409991 17.1248638011839 175
1757443410064 13.118591631756047 176
1757443410139 16.495308887382524 177
1757443410212 11.124591994793553 178
1757443410286 12.167238147739189 179
1757443410356 19.227354168366148 180
1757443410426 13.683280402770338 181
1757443410499 16.825203608406742 182
1757443410570 18.606166908350435 183
1757443410638 12.13175311915714 184
1757443410709 18.551118264707938 185
1757443410781 14.710495915340616 186
1757443410854 10.39266345819278 187
1757443410929 13.512849181874344 188
1757443411004 16.554288426755807 189
1757443411078 12.777255089250602 190
1757443411153 16.262713660896985 191
1757443411228 17.504654062579007 192
1757443411308 14.698290682606201 193
1757443411388 13.106799731080425 194
1757443411459 16.52184685298767 195
1757443411530 20.60021432206214 196
1757443411597 13.720439810109744 197
1757443411668 7.565748369314133 198
1757443411740 19.20447449437076 199
1757443411814 15.190618926042612 200
1757443411887 20.023768685181615 201
1757443411960 12.49486315088394 202
1757443412033 16.296442040417844 203
1757443412105 16.10068203385145 204
1757443412176 16.351514634931295 205
1757443412248 17.753154369425257 206
1757443412319 9.809878022665078 207
1757443412391 17.288315039020226 208
1757443412464 13.001730904031138 209
1757443412537 9.47630179212186 210
1757443412610 13.496777585360798 211
1757443412675 18.62362441161139 212
1757443412742 22.6024054431995 213
1757443412814 29.964674327600903 214
1757443412887 17.597340795992796 215
1757443412963 21.706494357516597 216
1757443413039 20.63040394274798 217
1757443413115 30.090466404706426 218
1757443413190 10.649487617510285 219
1757443413261 8.08217417322488 220
1757443413332 16.765667276743176 221
1757443413403 15.980458546905899 222
1757443413478 20.253258247237792 223
1757443413550 22.764568764171404 224
1757443413622 13.883987196855049 225
1757443413691 12.177019788426632 226
1757443413763 19.277186910068924 227
1757443413837 11.146591214865937 228
1757443413910 17.108984956914554 229
1757443413983 14.279073699075425 230
1757443414054 17.20998559320632 231
1757443414127 5.405629002650282 232
1757443414199 9.635815202197701 233
1757443414269 11.551554439955517 234
1757443414345 22.555746261007943 235
1757443414417 8.224343844228107 236
1757443414488 15.919766948539538 237
1757443414568 12.666974061687517 238
1757443414642 22.883304088554855 239
1757443414713 12.194283567606298 240
1757443414776 10.844627464418856 241
1757443414844 17.04314117862597 242
1757443414915 12.915064160575161 243
1757443414986 12.661562506192166 244
1757443415062 16.195861192624406 245
1757443415135 12.34345767467556 246
1757443415212 10.394544859307686 247
1757443415286 16.684392700456755 248
1757443415360 10.10778881066564 249
1757443415435 14.886165932871883 250
1757443415511 12.551099990193649 251
1757443415590 15.887105259688042 252
1757443415662 12.025256094218824 253
1757443415738 18.705026386454055 254
1757443415849 19.665567526615508 255
1757443415929 15.26901269771467 256
1757443415994 22.266441144101144 257
1757443416064 20.336009243341817 258
1757443416133 21.649268901843364 259
1757443416204 16.08329347014417 260
1757443416276 15.580679559915746 261
1757443416350 9.942701395649813 262
1757443416425 19.750056542834734 263
1757443416504 16.851776417912852 264
1757443416591 10.923222131600676 265
1757443416662 13.999323701291726 266
1757443416727 19.31778569717596 267
1757443416792 17.28532003279857 268
1757443416856 14.381968733404475 269
1757443416925 18.73372777688414 270
1757443416992 7.190878099975039 271
1757443417068 22.548911602262386 272
1757443417136 14.827504880562294 273
1757443417202 18.592537247212753 274
1757443417272 11.825696423384052 275
1757443417339 19.25007993735005 276
1757443417405 18.16996517911966 277
1757443417479 16.92365387068772 278
1757443417552 10.742217380118705 279
1757443417624 12.07919870602929 280
1757443417691 20.668085833121694 281
1757443417756 14.648619191305684 282
1757443417826 14.432363475415 283
1757443417893 18.688776243191317 284
1757443417964 16.35898608356838 285
1757443418038 15.358426227097649 286
1757443418112 14.288880790381738 287
1757443418178 8.154264614260985 288
1757443418249 20.399475496980447 289
1757443418311 13.423597618197833 290
1757443418375 22.887272287751312 291
1757443418441 19.08972660071782 292
1757443418512 20.122586838458147 293
1757443418584 9.155505800793708 294
1757443418650 12.763194628468753 295
1757443418706 16.70048488268366 296
1757443418763 15.134071240087478 297
