1757588237554 168.68984809021973 0
1757588237622 168.6445213397252 1
1757588237686 168.63252856607872 2
1757588237753 168.62074312574887 3
1757588237815 168.610839351929 4
1757588237877 168.60244937429465 5
1757588237937 168.5953711891589 6
1757588238000 168.58942191084208 7
1757588238063 168.58444341520885 8
1757588238127 168.58029859160362 9
1757588238188 168.57686864302266 10
1757588238252 168.574050697159 11
1757588238312 168.57175572781057 12
1757588238374 168.5699067442683 13
1757588238440 168.56843721445583 14
1757588238499 168.56728969180105 15
1757588238563 168.5664146196767 16
1757588238628 168.56576929059776 17
1757588238692 168.56531694028718 18
1757588238754 168.5650259592697 19
1757588238815 168.56486920687541 20
1757588238883 168.56482341447386 21
1757588238950 168.5648686664477 22
1757588239017 168.5649879488894 23
1757588239082 168.56516675728923 24
