1757654674464 161.67781046304668 0
1757654674547 156.38097694618966 1
1757654674633 149.72353185117188 2
1757654674719 149.61486365253455 3
1757654674799 133.81953155331263 4
1757654674885 125.95428328335527 5
1757654674970 122.04503553354516 6
1757654675051 117.35491048396364 7
1757654675130 117.72849746507583 8
1757654675217 98.23649763155215 9
1757654675306 96.52680247046904 10
1757654675395 94.5604952878009 11
1757654675482 89.06227248224711 12
1757654675568 88.4074956731782 13
1757654675656 81.00580325121928 14
1757654675743 77.19051070398397 15
1757654675837 78.47370604032342 16
1757654675931 72.06549291072412 17
1757654676020 67.36829194628716 18
1757654676104 65.24230632582201 19
1757654676185 61.614377757420804 20
1757654676272 56.06493833334122 21
1757654676353 53.96792315091689 22
1757654676426 49.351618567230474 23
1757654676507 48.66931257998972 24
1757654676591 44.9496894150474 25
1757654676677 43.45497599278978 26
1757654676763 45.241596125428295 27
1757654676852 39.34769624435767 28
1757654676942 37.066968331122034 29
1757654677032 36.32934461156722 30
1757654677125 36.266969894825365 31
1757654677220 32.02002565281974 32
1757654677309 31.296699260079134 33
1757654677402 32.110602621554214 34
1757654677494 27.990452049995113 35
1757654677592 29.14935313075918 36
1757654677685 24.182535405051578 37
1757654677774 25.28785617757047 38
1757654677860 24.36079604537662 39
1757654677945 22.503410135379283 40
1757654678033 20.070400954080007 41
1757654678120 21.69014021346956 42
1757654678200 19.45409628161348 43
1757654678286 19.153028354146727 44
1757654678383 18.63817930709569 45
1757654678474 16.91711129309611 46
1757654678569 16.31014324135009 47
1757654678662 15.39762929908288 48
1757654678754 18.010028614364554 49
1757654678847 14.860717271216265 50
1757654678938 15.116581672549053 51
1757654679026 13.952874638329703 52
1757654679116 11.34936325858268 53
1757654679209 11.934998593909198 54
1757654679298 12.819181843762644 55
1757654679392 12.007922859335139 56
1757654679485 11.417081984446163 57
1757654679577 10.859185942758575 58
1757654679660 8.108376724847188 59
1757654679748 9.066813919585636 60
1757654679843 10.322645223485317 61
1757654679943 8.517559426591657 62
1757654680035 7.933899166669056 63
1757654680125 9.000579682376765 64
1757654680207 7.6171709102128675 65
1757654680294 9.810222587592508 66
1757654680376 5.82439072037545 67
1757654680460 9.052147254782115 68
1757654680552 6.026800780023569 69
1757654680642 6.297295849582069 70
1757654680738 7.079547759860794 71
1757654680831 5.578148592553994 72
1757654680925 5.523940360993457 73
1757654681014 5.017804515669373 74
1757654681106 4.8171302185739515 75
1757654681195 3.8744973692210314 76
1757654681284 3.825084355888851 77
1757654681375 4.673269242245076 78
1757654681464 5.526172593307211 79
1757654681553 3.3703150625625202 80
1757654681639 2.8750919259415317 81
1757654681727 3.922685502867721 82
1757654681816 4.081814560059295 83
1757654681909 2.590785827047251 84
1757654681998 4.081356597576484 85
1757654682089 4.177925367640654 86
1757654682180 3.611247410442998 87
1757654682264 3.3064234824380536 88
1757654682356 1.9025513476559146 89
1757654682453 3.1032468958112718 90
1757654682550 3.105993209592323 91
1757654682649 2.7555289034799664 92
1757654682736 4.036438206300686 93
1757654682823 1.9444012479835369 94
1757654682905 2.3210974885998277 95
1757654682997 3.165890284652431 96
1757654683086 2.651853435029904 97
1757654683186 1.6970933858737594 98
1757654683289 1.5677418765690576 99
1757654683388 2.7085001362731864 100
1757654683485 2.0771008429302342 101
1757654683580 4.627232825255945 102
1757654683674 3.019487016211553 103
1757654683765 1.8434590408657348 104
1757654683857 1.4584776881285926 105
1757654683952 2.7138730566971994 106
1757654684049 1.816988732689241 107
1757654684138 3.099778019026693 108
1757654684222 2.3511095926878243 109
1757654684306 2.8044683683387714 110
1757654684394 1.3271760018995988 111
1757654684477 2.40464151832023 112
1757654684561 1.7679550525763474 113
1757654684648 2.134927215398728 114
1757654684732 1.8335090674244423 115
1757654684817 2.0289605947983715 116
1757654684910 1.6422344901468435 117
1757654684999 1.6462854788977475 118
1757654685087 1.2379410170630107 119
1757654685177 2.2134743244797606 120
1757654685268 1.8777398296894046 121
1757654685371 1.0162862484279676 122
1757654685464 3.7444330501424075 123
1757654685561 1.786162222606551 124
1757654685655 3.263429408561698 125
1757654685741 3.8491783644892252 126
1757654685830 1.1084038574498336 127
1757654685917 1.8549441702805236 128
1757654686010 2.3230424195842425 129
1757654686109 2.3068376967823303 130
1757654686201 1.9533328912062478 131
1757654686284 3.3754535183827663 132
1757654686368 1.4019433796519452 133
1757654686457 1.26842907970568 134
1757654686550 1.5838835186387 135
1757654686639 1.6483018698556233 136
1757654686730 1.7615680459118526 137
1757654686822 1.3794228247277118 138
1757654686912 2.2034139920917104 139
1757654686999 1.4947035924976082 140
1757654687084 1.2269124607190771 141
1757654687176 1.275697709292264 142
1757654687268 2.2642642972274185 143
1757654687361 0.8093818468139835 144
1757654687453 1.4917658538118133 145
1757654687544 1.297182108697809 146
1757654687636 2.0435529046624374 147
1757654687729 1.1981384519958702 148
1757654687820 1.290365828031964 149
1757654687911 0.6968662855261042 150
1757654687998 1.3295319069061406 151
1757654688087 1.6882427342454056 152
1757654688177 1.1417286708663001 153
1757654688264 1.2998702207542079 154
1757654688347 2.1502972974403796 155
1757654688435 1.1630504583916488 156
1757654688529 0.9777155300739251 157
1757654688620 0.5874142836363597 158
1757654688711 1.0731654079049973 159
1757654688801 1.656956470657118 160
1757654688894 1.308826644238556 161
1757654688984 1.6518968900966753 162
1757654689077 1.3194806673565693 163
1757654689174 1.4010506665158828 164
1757654689275 1.2076258243501021 165
1757654689369 0.8552282961613988 166
1757654689458 1.7342574523317935 167
1757654689543 1.301117336816233 168
1757654689635 1.721910379705611 169
1757654689723 0.5572351043834928 170
1757654689812 1.2168080933901737 171
1757654689900 1.9579235256824645 172
1757654689992 1.8280955966474752 173
1757654690082 1.0178068759363263 174
1757654690175 2.3582157514934403 175
1757654690273 0.7416940965340569 176
1757654690344 0.6832079814938583 177
1757654690429 1.254833616396888 178
1757654690513 1.1577253118511366 179
1757654690601 2.7873892470433628 180
1757654690690 1.3854553923424096 181
1757654690780 1.8245598990106435 182
1757654690866 1.3699330669427712 183
1757654690955 2.247835194249996 184
1757654691043 1.5797054061703333 185
1757654691131 1.0415058528108143 186
1757654691220 0.9084563441696474 187
1757654691312 0.8348231666038459 188
1757654691401 1.8785927269730058 189
1757654691489 1.0836925118826082 190
1757654691580 1.9169856593629964 191
1757654691669 1.4919980668565993 192
1757654691760 1.30657872167567 193
1757654691849 0.7969763671616941 194
1757654691937 1.2828443039509614 195
1757654692025 0.7337026399429101 196
1757654692111 2.028291152284703 197
1757654692200 4.561355194204669 198
1757654692287 2.165547435571218 199
1757654692369 0.6512477005823551 200
1757654692455 2.031376669383631 201
1757654692548 1.3415567187101647 202
1757654692640 0.8762980422708799 203
1757654692730 0.8966904458881595 204
1757654692821 0.7186500912482733 205
1757654692908 1.2601797060728805 206
1757654692999 0.6342576175193133 207
1757654693089 1.217105058921694 208
1757654693176 0.8579270825733452 209
1757654693265 0.7445315396635444 210
1757654693354 1.3410285763739158 211
1757654693442 1.145736925300345 212
1757654693527 0.5606633322593124 213
1757654693615 1.1925998361637657 214
1757654693702 0.7210316976501946 215
1757654693789 0.8969719388196841 216
1757654693878 1.3007250496992153 217
1757654693968 0.8737507283360305 218
1757654694058 0.6352823376536807 219
1757654694145 1.631204487165892 220
1757654694235 1.1610565462595148 221
1757654694326 0.900906494530513 222
1757654694410 1.450553995737841 223
1757654694492 1.515386306538833 224
1757654694577 1.2878687570752883 225
1757654694664 1.6828796349055013 226
1757654694755 1.0184912135800033 227
1757654694842 1.9300332800238829 228
1757654694928 1.1294249239330736 229
1757654695020 0.7690794562967856 230
1757654695107 1.0883385950642492 231
1757654695197 1.3216403387069608 232
1757654695286 0.6918374481442954 233
1757654695376 0.9512212973080887 234
1757654695468 1.4778685663175073 235
1757654695556 0.5584903772603125 236
1757654695647 1.4655794041808474 237
1757654695737 1.7755794497632948 238
1757654695829 1.7586537816593 239
1757654695923 2.016894058653309 240
1757654696015 0.9074123611358761 241
1757654696105 0.7587777153731149 242
1757654696195 1.880942048338675 243
1757654696286 1.2513949637576218 244
1757654696373 0.9722219793323001 245
1757654696458 1.1037001694052275 246
1757654696548 0.836970593701228 247
1757654696637 1.578660732629412 248
1757654696726 0.9419414679818452 249
1757654696816 1.4250401038076992 250
1757654696906 1.2045469805947473 251
1757654696994 1.1290504662277785 252
1757654697086 0.6730857014385151 253
1757654697177 2.1642073478850676 254
1757654697267 1.3029684621642397 255
1757654697355 1.1320344042147543 256
1757654697447 0.8817161781082481 257
1757654697536 1.1465231175115276 258
1757654697627 1.2628677769780001 259
1757654697717 1.0888896106464394 260
1757654697805 2.7468789066594326 261
1757654697897 1.3208404374387421 262
1757654697989 1.1743036335201564 263
1757654698085 1.227088631888866 264
1757654698211 1.8314569835993106 265
1757654698355 0.8900387643634877 266
1757654698450 1.4007462670674249 267
1757654698540 1.011962423919784 268
1757654698631 0.7187044214667425 269
1757654698725 1.493908168035051 270
1757654698825 1.4048474413602992 271
1757654698917 1.636361739644608 272
1757654699009 1.6928287744434625 273
1757654699103 1.5025706544474116 274
1757654699206 0.7793784532850853 275
1757654699346 1.1914105171619556 276
1757654699487 2.2033605195810533 277
1757654699625 0.9813271215885488 278
1757654699761 0.7995415600691436 279
1757654699889 1.0915974397492763 280
1757654700011 1.3702597787292574 281
1757654700134 0.6355765631377219 282
1757654700252 0.9834190786027309 283
1757654700378 0.9006331440644035 284
1757654700498 0.793890757072809 285
1757654700618 0.8769824550445529 286
1757654700743 1.4401091183044983 287
1757654700863 1.8211842599960775 288
1757654700984 0.9470170320537635 289
1757654701105 2.0060354990585325 290
1757654701230 1.1145901712624897 291
1757654701352 0.9642753205307292 292
1757654701476 0.9350706204005731 293
1757654701596 1.100336650601329 294
1757654701716 1.370811839653208 295
1757654701831 1.1775091419403785 296
1757654701950 1.7848944989056341 297
1757654702073 1.095565086045862 298
1757654702199 1.178663544542221 299
1757654702330 1.0739102610398419 300
1757654702433 0.737898063566495 301
1757654702521 1.5011361459092472 302
1757654702610 1.6039257358352275 303
1757654702707 1.640182676811488 304
1757654702799 0.9381805576701412 305
1757654702893 0.9110942350733394 306
1757654702987 1.0659055873296053 307
1757654703077 1.3495221301129179 308
1757654703175 1.486296421410063 309
1757654703270 0.6725938277616139 310
1757654703371 0.4672902640800514 311
1757654703472 1.0320971232346885 312
1757654703574 1.2797828499475616 313
1757654703670 1.5339909325862724 314
1757654703765 0.6973484261498519 315
1757654703860 0.6483242020307036 316
1757654703954 0.763001730074735 317
1757654704048 0.9581871090168387 318
1757654704142 1.3417774542649246 319
1757654704239 1.145709884838597 320
1757654704357 1.8543124178854664 321
1757654704471 0.9603922844115776 322
1757654704577 1.5907898471095634 323
1757654704667 0.8445787310538851 324
1757654704762 1.405155102217396 325
1757654704956 0.9944590469904637 326
1757654705061 2.8010351564444145 327
1757654705172 1.1182419690495224 328
1757654705278 0.5787584486809365 329
1757654705380 1.5562519316421999 330
1757654705475 1.5172330503027536 331
1757654705572 1.1897009286898712 332
1757654705669 0.6975844742202257 333
1757654705765 1.8409460594778566 334
1757654705866 1.1343731935429608 335
1757654705965 0.7033517941909382 336
1757654706064 0.8125242405416642 337
1757654706162 1.117243047742913 338
1757654706258 1.5345395135317492 339
1757654706356 1.6801552751450977 340
1757654706503 1.2882478404426831 341
1757654706593 0.8907777988144163 342
1757654706684 1.0260552220088852 343
1757654706778 1.507139237883694 344
1757654706879 1.09973153445182 345
1757654706973 0.9452864897654978 346
1757654707069 0.7657074546134657 347
1757654707164 1.2865991114556146 348
1757654707260 1.030644858321945 349
1757654707355 1.4822166771238579 350
1757654707451 0.9286617511670201 351
1757654707543 1.3783348347889364 352
1757654707639 1.4042581508398437 353
1757654707732 0.9326009597450182 354
1757654707882 1.0571500674647096 355
1757654708016 1.0903310740838372 356
1757654708148 1.2259915993224075 357
1757654708282 1.3441271816745906 358
1757654708410 1.3927518371235752 359
1757654708532 0.7576423453688558 360
1757654708652 0.8328128951705909 361
1757654708776 1.195061006363504 362
1757654708898 1.1841164295864344 363
1757654709024 0.9884066959436104 364
1757654709144 1.6880579921609666 365
1757654709265 0.46901112301799325 366
1757654709390 1.5016681464963515 367
1757654709514 1.3797653094420141 368
1757654709640 1.1787081324237203 369
1757654709760 1.3913397154651364 370
1757654709882 1.3560908479447888 371
1757654710009 2.367730204623379 372
1757654710130 2.1284431501831036 373
1757654710254 0.40461088338071477 374
1757654710373 0.955564944024032 375
1757654710490 1.0448492825190263 376
1757654710603 0.6969556115533596 377
1757654710732 3.2801193312441494 378
1757654710878 1.8043007213468198 379
1757654711009 1.032741016875266 380
1757654711106 1.1030191988817102 381
1757654711199 1.0379712267689682 382
1757654711298 0.8362007072133771 383
1757654711392 0.8314023889030996 384
1757654711487 1.1836688091386351 385
1757654711582 1.4745215655408592 386
1757654711676 1.315112843279379 387
1757654711771 0.8379803398997815 388
1757654711866 0.6014120590663724 389
1757654711961 0.7943292822628868 390
1757654712055 0.9224680720004184 391
1757654712151 0.6162013494486509 392
1757654712242 0.75371084883406 393
1757654712337 0.37494511083906124 394
1757654712433 2.003423435144722 395
1757654712528 0.621303200615818 396
1757654712616 1.7709538780897458 397
1757654712706 2.7483718691384684 398
1757654712803 1.2335194986211389 399
1757654712899 1.2619783009118442 400
1757654712999 1.1089427264371898 401
1757654713100 0.7332192620040183 402
1757654713200 0.8607068973742479 403
1757654713302 2.6811767129769124 404
1757654713398 0.7365426921679257 405
1757654713491 1.2743094896659977 406
1757654713586 1.1359747100578772 407
1757654713679 1.4952559434263935 408
1757654713772 0.6017547825997552 409
1757654713864 0.9661534966562907 410
1757654713958 1.6444195153396735 411
1757654714054 1.661344762089537 412
1757654714152 1.1607463343505613 413
1757654714258 0.9073470868630369 414
1757654714363 1.0575188832952813 415
1757654714463 0.6207771413915973 416
1757654714563 1.4593510855837954 417
1757654714653 1.4809126040047729 418
1757654714745 2.0321200898271146 419
1757654714844 0.8914469581595642 420
1757654714936 1.0359298908496455 421
1757654715025 1.3788196446808887 422
1757654715126 1.1322358726750605 423
1757654715230 0.8130427885659918 424
1757654715322 1.1261674807241462 425
1757654715416 1.0021989877690256 426
1757654715513 1.7204937034140726 427
1757654715609 0.6621359683355056 428
1757654715702 0.9706187464162203 429
1757654715799 1.8309043662799698 430
1757654715920 0.6426857706433438 431
1757654716027 0.7182144191725428 432
1757654716119 2.1168619418784904 433
1757654716214 1.2866499478758562 434
1757654716310 1.002348139435624 435
1757654716404 1.3570784618640337 436
1757654716502 1.795911936735611 437
1757654716605 1.1277095241215007 438
1757654716702 1.4545584123834407 439
1757654716797 1.4593027810280157 440
1757654716890 2.3004202984864213 441
1757654716986 0.9466145963181565 442
1757654717077 0.9699590373167858 443
1757654717169 0.63675583074891 444
1757654717268 1.3159094511014127 445
1757654717368 1.0850954059537328 446
1757654717467 1.079805371867471 447
1757654717563 0.7388881881115065 448
1757654717662 0.7222801647046647 449
1757654717757 1.8678617596033644 450
1757654717849 0.8711719142939891 451
1757654717947 0.7922829283076374 452
1757654718041 0.5956192855620914 453
1757654718136 0.6504882140627698 454
1757654718231 0.7226856292496991 455
1757654718326 0.4960376376947514 456
1757654718422 1.3419942960566755 457
1757654718517 0.5539413634908065 458
1757654718612 1.4100784861282463 459
1757654718699 1.8216379812206354 460
1757654718790 0.6816554377949036 461
1757654718887 2.0067802898845954 462
1757654718982 0.9025734431030834 463
1757654719078 0.6714182231904553 464
1757654719174 1.0857606819281578 465
1757654719270 1.611000618034972 466
1757654719365 1.2073763779945401 467
1757654719467 0.8273961895913116 468
1757654719567 0.6423071155766954 469
1757654719666 0.9783197579132237 470
1757654719771 0.7759550430341806 471
1757654719868 1.2844060681981613 472
1757654719963 1.1202996997046297 473
1757654720062 0.6663576879677744 474
1757654720160 0.7719148580967117 475
1757654720280 0.7974668817774929 476
1757654720381 0.8080496872441763 477
1757654720477 1.2199706843515863 478
1757654720580 1.03561802282705 479
1757654720675 0.76765493161838 480
1757654720769 0.6790553257695544 481
1757654720875 0.6216225569899417 482
1757654720975 1.6574201037889167 483
1757654721072 0.6979231824298014 484
1757654721173 0.7299403690530393 485
1757654721274 0.9864172211566163 486
1757654721373 0.6237748060713768 487
1757654721475 1.060245307282665 488
1757654721572 1.5768212088241622 489
1757654721668 0.7936889492086748 490
1757654721770 1.2472719823821468 491
1757654721864 0.5499949682659485 492
1757654721963 0.769170738029681 493
1757654722067 0.5388350557373851 494
1757654722171 1.165816569282291 495
1757654722272 0.45564967120364325 496
1757654722372 1.224812282074527 497
1757654722472 1.2065060463617847 498
1757654722571 1.2744376436613347 499
