1757510870757 169.52948660467368 0
1757510870825 156.84547958630552 1
1757510870886 151.45065721962195 2
1757510870945 146.11394654294844 3
1757510871001 141.04236326014873 4
1757510871060 136.21550165804942 5
1757510871131 131.62077754470528 6
1757510871200 127.24609093355706 7
1757510871264 123.08001235279814 8
1757510871332 119.11173828042794 9
1757510871398 115.33105596985664 10
1757510871466 111.72831008630178 11
1757510871533 108.29437126709266 12
1757510871604 105.02060648751359 13
1757510871665 101.89885112769223 14
1757510871729 98.92138264191432 15
1757510871807 96.08089573749773 16
1757510871864 93.37047897577028 17
1757510871977 90.78359271278977 18
1757510872064 88.31404830224125 19
1757510872120 85.95598848746404 20
1757510872174 83.70386891381284 21
1757510872231 81.5524406965627 22
1757510872310 79.49673398333766 23
1757510872379 77.53204245359372 24
1757510872436 75.65390870102996 25
1757510872496 73.85811044794957 26
1757510872579 72.14064754355718 27
1757510872654 70.4977297009696 28
1757510872717 68.92576493034629 29
1757510872788 67.42134862802045 30
1757510872859 65.98125328384208 31
1757510872926 64.60241877113978 32
1757510872996 63.28194318577409 33
1757510873059 62.01707420270167 34
1757510873124 60.805200920302276 35
1757510873188 59.64384616444608 36
1757510873251 58.53065922590466 37
1757510873318 57.46340900623892 38
1757510873381 56.43997754873871 39
1757510873443 55.45835393234676 40
1757510873508 54.5166285077767 41
1757510873593 53.612987456239786 42
1757510873655 52.745707652328484 43
1757510873720 51.913151813671995 44
1757510873783 51.11376392098548 45
1757510873846 50.34606489308072 46
1757510873904 49.60864850229876 47
1757510873970 48.900177516664314 48
1757510874036 48.21938005585335 49
1757510874102 47.56504614881034 50
1757510874178 46.936024481553424 51
1757510874244 46.33121932436658 52
1757510874303 45.749587628200956 53
1757510874360 45.19013628069354 54
1757510874418 44.65191951276372 55
1757510874481 44.13403644726922 56
1757510874549 43.635628781691864 57
1757510874611 43.15587859728636 58
1757510874674 42.69400628755952 59
1757510874737 42.24926859935709 60
1757510874804 41.820956780221415 61
1757510874868 41.408394826046525 62
1757510874933 41.0109378233996 63
1757510874998 40.62797038120056 64
1757510875063 40.25890514675547 65
1757510875132 39.90318140142539 66
1757510875196 39.56026373148269 67
1757510875262 39.2296407699603 68
1757510875329 38.910824005539496 69
1757510875394 38.60334665474687 70
1757510875463 38.30676259394404 71
1757510875528 38.020645347793774 72
1757510875588 37.744587131075285 73
1757510875654 37.478197940898475 74
1757510875720 37.22110469653575 75
1757510875787 36.97295042424652 76
1757510875853 36.73339348461954 77
1757510875917 36.50210684009779 78
1757510875992 36.27877736048282 79
1757510876058 36.06310516434047 80
1757510876128 35.854802994346784 81
1757510876195 35.65359562472376 82
1757510876260 35.45921929901918 83
1757510876326 35.271421196582395 84
1757510876392 35.08995892618146 85
1757510876480 34.91460004529349 86
1757510876549 34.74512160368328 87
1757510876616 34.581309709962106 88
1757510876681 34.42295911989254 89
1757510876747 34.26987284527331 90
1757510876811 34.12186178230429 91
1757510876879 33.97874435839188 92
1757510876954 33.84034619641394 93
1757510877064 33.7064997955174 94
1757510877157 33.57704422757317 95
1757510877235 33.45182484846157 96
1757510877317 33.33069302340727 97
1757510877388 33.21350586562589 98
1757510877456 33.100125987584796 99
1757510877522 32.990421264219705 100
1757510877591 32.88426460748399 101
1757510877659 32.78153375164264 102
1757510877724 32.68211104875446 103
1757510877788 32.58588327381671 104
1757510877857 32.4927414390752 105
1757510877924 32.40258061702962 106
1757510877990 32.31529977168964 107
1757510878056 32.23080159766166 108
1757510878122 32.148992366668104 109
1757510878186 32.06978178112352 110
1757510878250 31.99308283441144 111
1757510878317 31.918811677525216 112
1757510878382 31.846887491754334 113
1757510878446 31.777232367114284 114
1757510878514 31.709771186234896 115
1757510878589 31.644431513436476 116
1757510878657 31.581143488738018 117
1757510878726 31.519839726555062 118
1757510878786 31.46045521885763 119
1757510878844 31.402927242570826 120
1757510878906 31.34719527101216 121
1757510878975 31.29320088917016 122
1757510879044 31.240887712639513 123
1757510879109 31.190201310037374 124
1757510879181 31.14108912873431 125
1757510879250 31.093500423742757 126
1757510879319 31.047386189612947 127
1757510879387 31.002699095195144 128
1757510879445 30.959393421133125 129
1757510879506 30.91742499996175 130
1757510879571 30.8767511586873 131
1757510879639 30.837330663735656 132
1757510879710 30.79912366815938 133
1757510879779 30.762091660999783 134
1757510879848 30.726197418706043 135
1757510879916 30.691404958517516 136
1757510879983 30.657679493720728 137
1757510880053 30.62498739069649 138
1757510880117 30.59329612767724 139
1757510880186 30.562574255138063 140
1757510880254 30.532791357749236 141
1757510880320 30.503918017821228 142
1757510880388 30.475925780176638 143
1757510880455 30.448787118386736 144
1757510880523 30.42247540231333 145
1757510880591 30.39696486689941 146
1757510880652 30.372230582154863 147
1757510880720 30.348248424286062 148
1757510880789 30.324995047920577 149
1757510880858 30.302447859380624 150
1757510880927 30.28058499096101 151
1757510880993 30.259385276169276 152
1757510881059 30.238828225888135 153
1757510881131 30.21889400542158 154
1757510881202 30.19956341238837 155
1757510881269 30.180817855427964 156
1757510881336 30.162639333685526 157
1757510881402 30.14501041704461 158
1757510881470 30.127914227076833 159
1757510881541 30.111334418679903 160
1757510881611 30.09525516237646 161
1757510881677 30.079661127247018 162
1757510881745 30.064537464472142 163
1757510881812 30.04986979145975 164
1757510881880 30.035644176534326 165
1757510881947 30.02184712416636 166
1757510882019 30.008465560720676 167
1757510882083 29.99548682070386 168
1757510882150 29.982898633491207 169
1757510882221 29.970689110515043 170
1757510882290 29.95884673289676 171
1757510882357 29.947360339505504 172
1757510882425 29.936219115427644 173
1757510882492 29.925412580831367 174
1757510882562 29.91493058021165 175
1757510882632 29.904763272001375 176
1757510882703 29.894901118535046 177
1757510882774 29.885334876351976 178
1757510882848 29.876055586826606 179
1757510882924 29.86705456711371 180
1757510882994 29.858323401397246 181
1757510883065 29.84985393243164 182
1757510883138 29.841638253364945 183
1757510883209 29.83366869983387 184
1757510883292 29.82593784232068 185
1757510883365 29.81843847876269 186
1757510883439 29.81116362740558 187
1757510883512 29.80410651989141 188
1757510883585 29.797260594573547 189
1757510883657 29.790619490050133 190
1757510883732 29.7841770389087 191
1757510883805 29.777927261674307 192
1757510883879 29.7718643609544 193
1757510883952 29.765982715773273 194
1757510884029 29.760276876089776 195
1757510884103 29.75474155749193 196
1757510884178 29.749371636062303 197
1757510884250 29.74416214340838 198
1757510884322 29.7391082618522 199
1757510884394 29.734205319774055 200
1757510884468 29.729448787104737 201
1757510884545 29.72483427096158 202
1757510884619 29.720357511423313 203
1757510884685 29.716014377439095 204
1757510884754 29.711800862867243 205
1757510884825 29.707713082639327 206
1757510884894 29.70374726904551 207
1757510884968 29.69989976813695 208
1757510885039 29.696167036241647 209
1757510885110 29.69254563658968 210
1757510885188 29.68903223604455 211
1757510885260 29.685623601936886 212
1757510885333 29.682316598997307 213
1757510885409 29.67910818638519 214
1757510885488 29.675995414810103 215
1757510885558 29.672975423743093 216
1757510885628 29.670045438714663 217
1757510885694 29.667202768696896 218
1757510885766 29.6644448035668 219
1757510885837 29.661769011648325 220
1757510885910 29.65917293733061 221
1757510885983 29.656654198759867 222
1757510886055 29.654210485602633 223
1757510886127 29.651839556878052 224
1757510886199 29.649539238857116 225
1757510886269 29.647307423026536 226
1757510886338 29.645142064115348 227
1757510886405 29.643041178182173 228
1757510886486 29.641002840761278 229
1757510886557 29.639025185065485 230
1757510886630 29.63710640024428 231
1757510886694 29.635244729695213 232
1757510886768 29.63343846942701 233
1757510886843 29.631685966472798 234
1757510886920 29.62998561735177 235
1757510886998 29.6283358665779 236
1757510887075 29.626735205214054 237
1757510887152 29.625182169470346 238
1757510887229 29.623675339345066 239
1757510887306 29.622213337307073 240
1757510887382 29.62079482701826 241
1757510887530 29.619418512094843 242
1757510887613 29.61808313490638 243
1757510887688 29.616787475411094 244
1757510887764 29.615530350026784 245
1757510887841 29.614310610535792 246
1757510887915 29.613127143023213 247
1757510887986 29.611978866847355 248
1757510888062 29.610864733641286 249
1757510888133 29.60978372634465 250
1757510888201 29.608734858264754 251
1757510888270 29.60771717216607 252
1757510888339 29.606729739387173 253
1757510888412 29.6057716589845 254
1757510888493 29.604842056901823 255
1757510888565 29.603940085164847 256
1757510888659 29.603064921100135 257
1757510888731 29.602215766577494 258
1757510888796 29.60139184727532 259
1757510888862 29.600592411967945 260
1757510888931 29.599816731834572 261
1757510889009 29.59906409978893 262
1757510889084 29.598333829829155 263
1757510889161 29.59762525640719 264
1757510889236 29.59693773381717 265
1757510889313 29.596270635602238 266
1757510889391 29.59562335397908 267
1757510889467 29.594995299279876 268
1757510889541 29.594385899410906 269
1757510889616 29.5937945993275 270
1757510889687 29.593220860524724 271
1757510889759 29.592664160543297 272
1757510889828 29.592123992490382 273
1757510889905 29.591599864574775 274
1757510889976 29.591091299655954 275
1757510890051 29.590597834806754 276
1757510890126 29.59011902088901 277
1757510890200 29.589654422142065 278
1757510890273 29.58920361578351 279
1757510890344 29.588766191621914 280
1757510890417 29.588341751681124 281
1757510890491 29.58792990983585 282
1757510890566 29.587530291458172 283
1757510890643 29.587142533074562 284
1757510890722 29.586766282033203 285
1757510890789 29.586401196181253 286
1757510890865 29.586046943551818 287
1757510890946 29.58570320206019 288
1757510891026 29.58536965920926 289
1757510891104 29.585046011803648 290
1757510891184 29.584731965672443 291
