1757439276596 169.35717510623664 0
1757439276656 169.28504582174938 1
1757439276710 169.2207107964764 2
1757439276765 169.15640156458298 3
1757439276824 169.09530250089705 4
1757439276885 169.03263616737172 5
1757439276945 168.96999462917566 6
1757439276997 168.90737945192893 7
1757439277055 168.84478872425927 8
1757439277114 168.78222433665937 9
1757439277170 168.7196843782417 10
1757439277225 168.65717073896482 11
1757439277281 168.59468150849207 12
1757439277338 168.5322185762481 13
1757439277398 168.46978003244692 14
1757439277460 168.40736776597933 15
1757439277524 168.3449798676099 16
1757439277586 168.28261822569584 17
1757439277649 168.2202815640757 18
1757439277710 168.15796955660295 19
1757439277770 168.09568377425472 20
1757439277843 168.03342230921555 21
1757439277905 167.9711870485107 22
1757439277964 167.90897608482857 23
1757439278025 167.8467913046616 24
1757439278085 167.78463080124772 25
1757439278145 167.72249646054678 26
1757439278201 167.66038637634585 27
1757439278268 167.5983024340725 28
1757439278340 167.53624272806272 29
1757439278406 167.4742091432119 30
1757439278467 167.4121997744048 31
1757439278525 167.35021650600495 32
1757439278585 167.28825743344564 33
1757439278643 167.22632444055853 34
1757439278704 167.16441562332523 35
1757439278766 167.10253286504602 36
1757439278828 167.04067426225055 37
1757439278887 166.97884169770774 38
1757439278954 166.91703326849506 39
1757439279010 166.85525085685043 40
1757439279068 166.79349256039893 41
1757439279129 166.73176026084752 42
1757439279191 166.67005205636872 43
1757439279257 166.6083698281389 44
1757439279323 166.5467116748776 45
1757439279387 166.4850794772309 46
1757439279452 166.4234713344652 47
1757439279514 166.36188912669633 48
1757439279578 166.30033095373744 49
1757439279642 166.2387986951743 50
1757439279706 166.17729045136656 51
1757439279770 166.11580810137022 52
1757439279832 166.05434974609116 53
1757439279895 165.99301897752417 54
1757439279959 165.9316612588965 55
1757439280022 165.87032937370805 56
1757439280086 165.80902141418653 57
1757439280150 165.74773925781753 58
1757439280216 165.68648100715578 59
1757439280283 165.6252485391567 60
1757439280350 165.56403995691952 61
1757439280419 165.5028571368718 62
1757439280490 165.44169818265695 63
1757439280561 165.38056497017493 64
1757439280630 165.31945560361314 65
1757439280699 165.25837195834401 66
1757439280770 165.19731213909893 67
1757439280837 165.1362780207229 68
1757439280906 165.07526770849086 69
1757439280972 165.01428307672091 70
1757439281029 164.9533222312313 71
1757439281086 164.89238704581322 72
1757439281149 164.83147562682808 73
1757439281210 164.77058984754046 74
1757439281273 164.70972781485472 75
1757439281335 164.64889140150902 76
1757439281400 164.58807871495029 77
1757439281464 164.52729162739053 78
1757439281528 164.46652824681925 79
1757439281592 164.40579044492236 80
1757439281656 164.3450769571115 81
1757439281720 164.28438746033126 82
1757439281779 164.22372351172467 83
1757439281841 164.1630832206807 84
1757439281905 164.1024684575721 85
1757439281962 164.0418773322843 86
1757439282026 163.9813117146648 87
1757439282092 163.92076971514047 88
1757439282156 163.86025320303378 89
1757439282224 163.79976028931287 90
1757439282293 163.73929284277537 91
1757439282361 163.6788489749304 92
1757439282430 163.61843055405086 93
1757439282498 163.55803569218676 94
1757439282567 163.49766625708668 95
1757439282635 163.43732036134102 96
1757439282705 163.3769998721742 97
1757439282772 163.31670290271697 98
1757439282840 163.25643131966973 99
1757439282910 163.1961832367034 100
1757439282982 163.13596051999457 101
1757439283042 163.075761283754 102
1757439283102 163.0155873936347 103
1757439283164 162.95543696438716 104
1757439283221 162.895311861141 105
1757439283282 162.83521019918615 106
1757439283346 162.7751338431291 107
1757439283410 162.71508090879894 108
1757439283477 162.6550532602792 109
1757439283541 162.59504901393805 110
1757439283614 162.5350700333362 111
1757439283681 162.47511443538068 112
1757439283745 162.41518408310964 113
1757439283811 162.35527709396854 114
1757439283878 162.29539533047338 115
1757439283950 162.23553691060792 116
1757439284016 162.17570369636599 117
1757439284079 162.1158938062694 118
1757439284144 162.05610910179024 119
1757439284198 161.9963477019881 120
1757439284249 161.9366114678134 121
1757439284307 161.8768985188634 122
1757439284362 161.81721071556706 123
1757439284418 161.75754617805902 124
1757439284478 161.69790676624694 125
1757439284540 161.63829060080283 126
1757439284606 161.57869954111317 127
1757439284667 161.51913170838688 128
1757439284729 161.4595889614898 129
1757439284797 161.4000694221675 130
1757439284862 161.34057494876512 131
1757439284926 161.28110366356492 132
1757439284989 161.2216574243915 133
1757439285053 161.16223435406346 134
1757439285115 161.10283630988525 135
1757439285179 161.04346141521142 136
1757439285251 160.98411152682655 137
1757439285320 160.92478476862104 138
1757439285378 160.86548299685964 139
1757439285443 160.80620433596837 140
1757439285506 160.74695064169245 141
1757439285572 160.68772003899335 142
1757439285635 160.62851438309679 143
1757439285704 160.56933179949957 144
1757439285770 160.51017414290823 145
1757439285835 160.4510401604919 146
1757439285900 160.39192953232308 147
1757439285968 160.332843801451 148
1757439286032 160.2737810947532 149
1757439286096 160.21474326564 150
1757439286160 160.15572844147883 151
1757439286223 160.09673847516163 152
1757439286286 160.03777149458998 153
1757439286350 159.97882935213755 154
1757439286419 159.91991017623997 155
1757439286486 159.86101581875292 156
1757439286553 159.80214440864574 157
1757439286622 159.7432977972563 158
1757439286689 159.68447411408746 159
1757439286758 159.62567520995955 160
1757439286827 159.56689921490877 161
1757439286895 159.50814797923792 162
1757439286961 159.44941963351633 163
1757439287029 159.39071602752972 164
1757439287093 159.3320352923803 165
1757439287158 159.27337927733672 166
1757439287223 159.21474611403386 167
1757439287294 159.15613765122362 168
1757439287363 159.09755202107328 169
1757439287427 159.03899107181826 170
1757439287493 158.980452936158 171
1757439287562 158.92193946181155 172
1757439287628 158.8634487820104 173
1757439287696 158.8049827439574 174
1757439287762 158.74653948141582 175
1757439287825 158.6881208410726 176
1757439287893 158.62972495722255 177
1757439287958 158.57135367603684 178
1757439288023 158.5130051323417 179
1757439288090 158.45468117179274 180
1757439288154 158.39637992974724 181
1757439288214 158.33810325134553 182
1757439288281 158.27984927247584 183
1757439288346 158.22161983776334 184
1757439288410 158.16341308362686 185
1757439288479 158.1052308541768 186
1757439288547 158.04707128636244 187
1757439288616 157.98893622377938 188
1757439288687 157.9308238039072 189
1757439288755 157.87273586982695 190
1757439288825 157.81467055954832 191
1757439288901 157.756629715638 192
1757439288970 157.6986114766355 193
1757439289038 157.64061768459348 194
1757439289102 157.58264647858093 195
1757439289165 157.52469970013672 196
1757439289226 157.46677548885916 197
1757439289294 157.4088756857735 198
1757439289363 157.35099843100713 199
1757439289430 157.29314556507182 200
1757439289498 157.235315228624 201
1757439289565 157.1775092616621 202
1757439289634 157.1197258053712 203
1757439289702 157.06196669923682 204
1757439289770 157.00423008497245 205
1757439289838 156.94651780155073 206
1757439289905 156.8888279912135 207
1757439289974 156.83116249242067 208
1757439290041 156.77352006358612 209
1757439290109 156.71590038777126 210
1757439290182 156.65830499453932 211
1757439290251 156.60073202749487 212
1757439290318 156.54318332381817 213
1757439290386 156.4856570275973 214
1757439290454 156.42815497550058 215
1757439290523 156.3706753121434 216
1757439290594 156.3132198736823 217
1757439290662 156.25578680525976 218
1757439290729 156.19837794252086 219
1757439290797 156.14099143113498 220
1757439290866 156.08362910623578 221
1757439290935 156.02628911401925 222
1757439291004 155.96897328910805 223
1757439291073 155.9116797782246 224
1757439291139 155.8544104154806 225
1757439291204 155.79716334812468 226
1757439291273 155.7399404097579 227
1757439291339 155.68273974815475 228
1757439291406 155.6255631964059 229
1757439291477 155.56840890281165 230
1757439291548 155.5112786999523 231
1757439291617 155.45417073665368 232
1757439291685 155.39708684498615 233
1757439291752 155.3400251743007 234
1757439291822 155.28298755615793 235
1757439291892 155.22597214043398 236
1757439291963 155.1689807581796 237
1757439292036 155.11201155979597 238
1757439292107 155.0550663758244 239
1757439292183 154.99814335719068 240
1757439292254 154.9412443339269 241
1757439292330 154.88436745748325 242
1757439292400 154.82751455738284 243
1757439292475 154.77068378560008 244
1757439292545 154.7138769711492 245
1757439292614 154.65709226652868 246
1757439292686 154.6003315002441 247
1757439292757 154.54359282531775 248
1757439292825 154.48687806974675 249
1757439292897 154.43018538707696 250
1757439292965 154.37351660479735 251
1757439293036 154.3168698769771 252
1757439293113 154.26024703059718 253
1757439293176 154.2036462202499 254
1757439293242 154.14706927240834 255
1757439293309 154.09051434218787 256
1757439293372 154.033983255554 257
1757439293439 153.97747416814465 258
1757439293509 153.92098890541797 259
1757439293578 153.86452562353443 260
1757439293648 153.808086147445 261
1757439293721 153.75166863383234 262
1757439293793 153.69527490714046 263
1757439293861 153.63890312457414 264
1757439293929 153.58255511007053 265
1757439294008 153.52622902135627 266
1757439294069 153.46992668186195 267
1757439294138 153.41364624983586 268
1757439294202 153.35738954820215 269
1757439294269 153.3011547357305 270
1757439294321 153.24494363483896 271
1757439294377 153.18875440481835 272
1757439294436 153.13258886758078 273
1757439294497 153.07644579298767 274
1757439294559 153.02032486714108 275
1757439294628 152.96422760586742 276
1757439294698 152.90815216980218 277
1757439294767 152.85210037959422 278
1757439294842 152.79607039635607 279
1757439294914 152.74006404023123 280
1757439294985 152.68407947285255 281
1757439295057 152.62811851385848 282
1757439295126 152.57217932540183 283
1757439295192 152.51626372661616 284
1757439295258 152.46036988017417 285
1757439295327 152.40449960470474 286
1757439295393 152.3486510634001 287
1757439295461 152.29282607438478 288
1757439295533 152.23702280137024 289
1757439295602 152.1812430619768 290
1757439295674 152.12548502043518 291
1757439295742 152.06975049386156 292
1757439295813 152.01403764700558 293
1757439295885 151.9583482964796 294
1757439295952 151.90268060755204 295
1757439296023 151.84703639633153 296
1757439296092 151.79141382860504 297
1757439296161 151.7358147199778 298
1757439296232 151.68023723675492 299
1757439296302 151.62468319403862 300
1757439296370 151.56915075865194 301
1757439296441 151.51364174519404 302
1757439296510 151.45815432100596 303
1757439296579 151.4026903001839 304
1757439296649 151.34724785058663 305
1757439296718 151.29182878580767 306
1757439296789 151.23643127422318 307
1757439296860 151.1810571289244 308
1757439296930 151.1257045188046 309
1757439296998 151.07037525645285 310
1757439297070 151.0150675112794 311
1757439297141 150.9597830953712 312
1757439297204 150.90452017865545 313
1757439297272 150.84928057271725 314
1757439297342 150.7940624480003 315
1757439297412 150.73886761558808 316
1757439297484 150.68369424644075 317
1757439297553 150.62854415114035 318
1757439297622 150.5734155011631 319
1757439297693 150.51831010658992 320
1757439297764 150.4632261394129 321
1757439297842 150.40816540921202 322
1757439297917 150.35312608849503 323
1757439297995 150.29810998634107 324
1757439298068 150.2431152757735 325
1757439298137 150.18814376537077 326
1757439298211 150.13319362867156 327
1757439298277 150.07826667375394 328
1757439298362 150.0233610746716 329
1757439298435 149.96847863900246 330
1757439298508 149.9136175413151 331
1757439298582 149.85877958868736 332
1757439298656 149.80396295620247 333
1757439298728 149.74916945043853 334
1757439298798 149.69439724699322 335
1757439298867 149.63964815194498 336
1757439298938 149.58492034140576 337
1757439299009 149.53021562095455 338
1757439299079 149.47553216721735 339
1757439299153 149.42087178527396 340
1757439299221 149.36623325662444 341
1757439299289 149.3116162704597 342
1757439299360 149.25702232863276 343
1757439299435 149.20244960909577 344
1757439299522 149.14789991568222 345
1757439299595 149.0933714268146 346
1757439299668 149.03886594582792 347
1757439299740 148.9843816516578 348
1757439299813 148.92992034714092 349
1757439299884 148.87548021172574 350
1757439299956 148.8210630477508 351
1757439300030 148.76666703517728 352
1757439300101 148.7122939758458 353
1757439300173 148.65794205022982 354
1757439300246 148.60361305967248 355
1757439300316 148.54930518515934 356
1757439300389 148.49502022753597 357
1757439300463 148.4407563683001 358
1757439300532 148.38651540779992 359
1757439300605 148.33229552804488 360
1757439300679 148.27809852888612 361
1757439300754 148.2239225928447 362
1757439300827 148.16976951927484 363
1757439300897 148.1156374912089 364
1757439300966 148.0615283075045 365
1757439301036 148.0074401517051 366
1757439301105 147.95337482217184 367
1757439301176 147.89933050295912 368
1757439301248 147.84530899193172 369
1757439301318 147.79130847365485 370
1757439301391 147.7373307454971 371
1757439301461 147.6833739925343 372
1757439301532 147.62944001163916 373
1757439301604 147.57552698839766 374
1757439301681 147.5216367191869 375
1757439301756 147.46776739010292 376
1757439301832 147.41392079702737 377
1757439301905 147.3600951265662 378
1757439301981 147.30629217410564 379
1757439302054 147.25251012676142 380
1757439302125 147.19875077942467 381
1757439302198 147.14501231972042 382
1757439302270 147.0912965420451 383
1757439302341 147.0376016345329 384
1757439302417 146.9839293910855 385
1757439302490 146.93027800034622 386
1757439302565 146.87664925572216 387
1757439302640 146.82304134636559 388
1757439302715 146.7694560651891 389
1757439302787 146.7158916018537 390
1757439302864 146.66234974877793 391
1757439302940 146.60882869613107 392
1757439303015 146.5553302358379 393
1757439303086 146.50185255857576 394
1757439303161 146.44839745577576 395
1757439303231 146.39496311862325 396
1757439303297 146.34155133805584 397
1757439303365 146.28816030576667 398
1757439303426 146.23479181219994 399
1757439303494 146.18144404955643 400
1757439303561 146.12811880778725 401
1757439303630 146.07481427960045 402
1757439303699 146.02153225445429 403
1757439303767 145.96827092556398 404
1757439303839 145.915032081895 405
1757439303912 145.86181391716948 406
1757439303984 145.8086182198605 407
1757439304059 145.75544378294506 408
1757439304137 145.70229029865783 409
1757439304224 145.6491592550649 410
1757439304297 145.59604884719636 411
1757439304367 145.54296086229553 412
1757439304425 145.4898934958564 413
1757439304488 145.43684853463049 414
1757439304554 145.38382417461773 415
1757439304625 145.33082220207808 416
1757439304698 145.27784081351723 417
1757439304777 145.2248817947037 418
1757439304852 145.17194334264875 419
1757439304923 145.1190272426296 420
1757439305023 145.06613169216303 421
1757439305097 145.01325847603513 422
1757439305174 144.96040579226784 423
1757439305246 144.90757542515638 424
1757439305314 144.85476557322764 425
1757439305385 144.8019780202863 426
1757439305459 144.74921096536386 427
1757439305535 144.69646619177468 428
1757439305610 144.64374189905465 429
1757439305681 144.591039870028 430
1757439305758 144.53835830473488 431
1757439305833 144.48569898550946 432
1757439305910 144.43306011289604 433
1757439305986 144.3804434687389 434
1757439306065 144.3278472540863 435
1757439306141 144.27527325029277 436
1757439306219 144.22271965891034 437
1757439306298 144.17018826080408 438
1757439306376 144.1176772580295 439
1757439306451 144.06518843096237 440
1757439306527 144.0127199821615 441
1757439306602 143.9602736915136 442
1757439306678 143.90784776208054 443
1757439306756 143.85544397326018 444
1757439306832 143.80306052861727 445
1757439306903 143.7506992070609 446
1757439306977 143.69835821265852 447
1757439307052 143.64603932383085 448
1757439307128 143.59374074514767 449
1757439307204 143.54146425454138 450
1757439307278 143.4892080570841 451
1757439307346 143.4369739302202 452
1757439307414 143.38476007952363 453
1757439307484 143.33256828195098 454
1757439307573 143.2803967435781 455
1757439307645 143.22824724087383 456
1757439307719 143.17611798041557 457
1757439307794 143.12401073818467 458
1757439307869 143.07192372126002 459
1757439307943 143.01985870513568 460
1757439308019 142.9678138973917 461
1757439308097 142.91579107303497 462
1757439308171 142.86378844014655 463
1757439308244 142.81180777324653 464
1757439308319 142.75984728091672 465
1757439308392 142.70790873719042 466
1757439308465 142.6559903511501 467
1757439308539 142.6040938963425 468
1757439308613 142.55221758235044 469
1757439308691 142.50036318223442 470
1757439308765 142.44852890607737 471
1757439308841 142.39671652645364 472
1757439308917 142.34492425394612 473
1757439308994 142.29315386064337 474
1757439309070 142.2414041508404 475
1757439309145 142.18967481977066 476
1757439309221 142.13796734189768 477
1757439309309 142.08627992909416 478
1757439309376 142.03461435223542 479
1757439309443 141.98296882365167 480
1757439309518 141.9313451137331 481
1757439309589 141.87974143530892 482
1757439309665 141.8281595582842 483
1757439309739 141.776597695987 484
1757439309815 141.72505761783756 485
1757439309917 141.67353753766258 486
1757439309991 141.6220392243976 487
1757439310069 141.57056089236772 488
1757439310143 141.51910431002406 489
1757439310217 141.46766769218985 490
1757439310293 141.41625280683198 491
1757439310372 141.36485786927167 492
1757439310447 141.31348464699178 493
1757439310525 141.26213135581128 494
1757439310600 141.21079976272912 495
1757439310674 141.15948808406185 496
1757439310751 141.10819808632482 497
1757439310827 141.05692798633197 498
1757439310906 141.00567955011496 499
