1757443228319 0.05903452657892923 0
1757443228419 13.649642942329843 1
1757443228518 0.29050530439610484 2
1757443228617 0.07407912622055607 3
1757443228715 0.02825136174313296 4
1757443228814 2.631669283793018 5
1757443228912 0.06569430631813208 6
1757443229012 0.36136358201605384 7
1757443229115 2.6334237919417793 8
1757443229213 0.7332897200985631 9
1757443229313 0.014680522548340404 10
1757443229413 0.8980279706973282 11
1757443229515 3.720789336027912 12
1757443229618 0.5831774541871868 13
1757443229719 7.026931070922659 14
1757443229819 2.3358836993253744 15
1757443229918 0.3370813919088557 16
1757443230022 0.011663971120458768 17
1757443230128 7.041274241636794 18
1757443230227 1.8962076628606592 19
1757443230327 3.763450047805952 20
1757443230428 0.009839333422100829 21
1757443230530 0.06749569615529188 22
1757443230635 5.362457950306526 23
1757443230737 3.2249694386055676 24
1757443230838 0.8636294340843794 25
1757443230942 2.5327990571826082 26
1757443231045 9.995633333433013 27
1757443231151 12.593603606482581 28
1757443231264 0.9495461036725471 29
1757443231375 0.4386880053123116 30
1757443231480 1.3205290536132617 31
1757443231582 0.0008928556456656693 32
1757443231683 0.5012470078525803 33
1757443231786 0.07067924180347335 34
1757443231888 4.166078145234397 35
1757443231991 2.083366060915496 36
1757443232095 0.037695747078090855 37
1757443232200 0.12525817816316667 38
1757443232301 2.7243280758124384 39
1757443232402 0.12735443392088 40
1757443232503 0.02778665679937235 41
1757443232607 1.2524153169630605 42
1757443232710 5.26539293516573 43
1757443232812 3.358438899186438 44
1757443232914 0.5949084882884365 45
1757443233015 0.9021179829727933 46
1757443233117 0.341304081588692 47
1757443233219 5.430452972867451 48
1757443233319 4.605307654574159 49
1757443233419 0.0002807415220122627 50
1757443233519 0.0015183763897885691 51
1757443233621 0.035261493895593604 52
1757443233724 0.20948035641647722 53
1757443233823 4.160183625841719 54
1757443233926 0.906469263488084 55
1757443234029 0.0795086837740021 56
1757443234133 0.001462493554584275 57
1757443234236 0.3887265204952939 58
1757443234337 11.806091522522959 59
1757443234440 0.26920302212335145 60
1757443234542 0.428104622718277 61
1757443234645 0.006138367174499608 62
1757443234750 1.3594628195143754 63
1757443234854 10.125636704400874 64
1757443234956 4.406407330321287 65
1757443235059 1.4196233744519466 66
1757443235161 8.08594198639891 67
1757443235263 0.10830503359600713 68
1757443235366 0.004864024598938678 69
1757443235469 1.729869427700649 70
1757443235573 0.05227044225959676 71
1757443235674 0.19239608019475815 72
1757443235775 3.729493591559035e-05 73
1757443235876 0.07065589383777757 74
1757443235980 4.571416905860981 75
1757443236081 0.0002516462384953543 76
1757443236186 0.05369671678665095 77
1757443236291 0.5835236170197811 78
1757443236394 6.753905044267073 79
1757443236496 3.6150611840516755 80
1757443236595 2.268510953245212 81
1757443236697 0.8075729975824033 82
1757443236802 0.3884189891463769 83
1757443236902 2.9875097014726864 84
1757443237004 0.1372079478780903 85
1757443237105 0.1754644682633055 86
1757443237208 0.027433817659671265 87
1757443237309 6.050282864791102 88
1757443237412 0.6625156830789144 89
1757443237516 1.0784235708761793 90
1757443237620 0.0005643904043719681 91
1757443237727 3.274745980662523 92
1757443237835 0.9971415452642224 93
1757443237939 1.9413008918218455 94
1757443238040 4.649858859227543 95
1757443238143 0.8011502074471814 96
1757443238247 2.0362539252849957e-05 97
1757443238349 0.6906642390924117 98
1757443238451 3.122919297077878 99
1757443238555 0.029397974029774024 100
1757443238658 0.049257388213187 101
1757443238760 0.7484216716006331 102
1757443238864 4.264336007280089 103
1757443238964 0.8726138101053519 104
1757443239064 1.6183223246284304 105
1757443239164 4.091446201693101 106
1757443239267 1.3393241364254589 107
1757443239370 1.7640491434593657 108
1757443239474 0.2339210504027284 109
1757443239576 0.6489065569887752 110
1757443239680 0.002246217593052758 111
1757443239782 1.6375733080163 112
1757443239880 2.509265290969527 113
1757443239981 1.5514605455477115 114
1757443240083 0.9452452823620249 115
1757443240187 5.85443488298871 116
1757443240289 0.0426954516784222 117
1757443240392 1.352499712056309 118
1757443240494 1.5620703938435478 119
1757443240597 9.402245416595626 120
1757443240697 0.4440723919890112 121
1757443240795 0.02554220627533274 122
1757443240896 0.6317639743297168 123
1757443240997 7.4996493875600025 124
1757443241099 0.9689477945283553 125
1757443241204 0.05805396356748619 126
1757443241307 0.29185771918808423 127
1757443241411 2.9905683795131575 128
1757443241515 0.8451183851723801 129
1757443241618 0.5248388643500765 130
1757443241725 0.018409729664246734 131
1757443241828 0.09312431900058997 132
1757443241932 0.10703461733399394 133
1757443242034 2.1243374507499944 134
1757443242137 0.5620730455218961 135
1757443242238 1.9015500909663094 136
1757443242340 1.9858926417195328 137
1757443242444 1.9837720487799573 138
1757443242547 3.155065810568612 139
1757443242651 10.669897407418299 140
1757443242754 0.1276297799542918 141
1757443242857 6.9386111954257705 142
1757443242961 3.122501910138767 143
1757443243065 0.2821690134802215 144
1757443243171 0.08213572826011745 145
1757443243278 0.6764737281409997 146
1757443243382 6.401038528528073 147
1757443243485 6.185252630531941 148
1757443243590 0.08318804423486431 149
1757443243695 0.31028804735965587 150
1757443243800 6.157514368667038 151
1757443243905 5.148451311414539 152
1757443244008 1.3916112114546506 153
1757443244109 0.3417938220652906 154
1757443244208 0.7254215523598834 155
1757443244309 3.4102796826781403 156
1757443244411 2.7114208071466597 157
1757443244518 0.10559912087416484 158
1757443244621 7.493540668623561 159
1757443244724 11.062156604917773 160
1757443244828 0.11885840809478482 161
1757443244931 0.10494821044482498 162
1757443245034 0.1967326857673916 163
1757443245140 0.21712173277926783 164
1757443245245 0.6486740696233142 165
1757443245349 2.293980777620047 166
1757443245455 2.115222933420922 167
1757443245560 1.1590548891626686 168
1757443245665 0.8708555543809499 169
1757443245773 0.1915435187297338 170
1757443245882 0.7045694963980224 171
1757443245989 0.048369162741865125 172
1757443246096 3.5341900329836897 173
1757443246203 13.035203279301244 174
1757443246309 0.09779923360071824 175
1757443246414 1.1983761954547931 176
1757443246518 1.162672819202281 177
1757443246622 4.357747714740414 178
1757443246723 0.3280301237332599 179
1757443246825 0.5909423863070689 180
1757443246929 1.3153204097840792 181
1757443247037 1.3636820684238053 182
1757443247140 0.6434720449488753 183
1757443247242 0.08410889914368053 184
1757443247345 0.08818618600039352 185
1757443247446 2.0686227122356713 186
1757443247548 0.29606916014353224 187
1757443247647 5.388064745865127 188
1757443247752 0.18286892911462696 189
1757443247856 1.6958352746916412 190
1757443247959 1.4423227411533293 191
1757443248066 1.596074973869026 192
1757443248169 3.6248352269850357 193
1757443248274 0.038033437514251894 194
1757443248378 0.8978606629267171 195
1757443248482 9.727716870568178 196
1757443248583 3.6569217595328576 197
1757443248687 0.0009629541872557928 198
1757443248789 0.24252997858428907 199
1757443248894 2.7306865023360927 200
1757443249000 8.078784985914002 201
1757443249105 0.9955088336829105 202
1757443249211 3.0518081277139135 203
1757443249317 1.0867044895203835 204
1757443249420 0.003095734291850267 205
1757443249522 0.26725607026021503 206
1757443249627 5.236230218871738 207
1757443249732 2.989949231919647 208
1757443249839 0.8107346273268536 209
1757443249945 0.05019086490964405 210
1757443250051 5.151704499557876 211
1757443250158 0.3122185059968539 212
1757443250262 4.064978622636161 213
1757443250365 2.1531356571302385 214
1757443250470 14.994295900303083 215
1757443250576 0.17742940767250243 216
1757443250683 0.10775405324048686 217
1757443250789 1.5230417464066706 218
1757443250895 3.3853124510953867 219
1757443250999 2.204688892169057 220
1757443251105 0.2939158196330878 221
1757443251210 2.2630894657664777 222
1757443251318 1.1370116090551556 223
1757443251424 0.09524665085539012 224
1757443251529 0.26310053892109664 225
1757443251635 2.5480735662324654 226
1757443251741 0.0006890211611517115 227
1757443251848 7.496666261832959 228
1757443251954 4.397868648712406 229
1757443252061 2.0869270342334896 230
1757443252165 3.727443851267886 231
1757443252270 0.9235691619655183 232
1757443252375 0.12544873307900384 233
1757443252479 1.7878477039627698 234
1757443252585 0.8996572847845018 235
1757443252691 0.21269273483730478 236
1757443252795 0.7995626412815429 237
1757443252901 2.372777289563425 238
1757443253008 0.2489388794463014 239
1757443253116 0.6552533154132384 240
1757443253222 5.460837795276136 241
1757443253330 3.6412445728429406 242
1757443253435 9.977635195124456 243
1757443253544 0.10394575554654897 244
1757443253650 2.6313547188302144 245
1757443253758 1.320639069944804 246
1757443253862 0.15247750195533286 247
1757443253966 2.858678314799114 248
1757443254072 0.7258162823073715 249
1757443254219 0.8236422263487211 250
1757443254335 0.1806737894653969 251
1757443254443 2.2166228696979493 252
1757443254551 0.14753944861912333 253
1757443254654 0.45178061038869255 254
1757443254758 1.9573119347090737 255
1757443254863 1.1539015610756258 256
1757443254971 0.9614973257282106 257
1757443255077 0.18208175856230868 258
1757443255182 0.010075581736706246 259
1757443255288 0.0015113588249662249 260
1757443255391 0.7065308851564088 261
1757443255494 5.946948304039225 262
1757443255597 0.03086630776381456 263
1757443255702 6.465305553838155 264
1757443255809 1.3169699836403597 265
1757443255915 1.4153570766555632 266
1757443256020 1.4296730268640694 267
1757443256125 0.5249400767130654 268
1757443256229 1.3127240948737628 269
1757443256336 2.502653430623222 270
1757443256441 6.764103934403195 271
1757443256546 0.28629258489109183 272
1757443256652 1.4912251027863492 273
1757443256756 0.666499521542265 274
1757443256862 2.0439059577248515 275
1757443256971 0.30111150742267817 276
1757443257081 1.1729050795727132 277
1757443257199 0.39898842996909273 278
1757443257303 1.4771685670253876 279
1757443257414 3.267247473406038 280
1757443257525 1.0989171133433258 281
1757443257633 2.5073134474961756 282
1757443257741 0.7554894179172548 283
1757443257849 1.370391531850682 284
1757443257947 1.8462478336886716 285
1757443258054 0.024163651451663597 286
1757443258157 0.6855574032280555 287
1757443258263 0.6733343462058936 288
1757443258370 4.661279651067804 289
1757443258478 5.304420484576001 290
1757443258588 7.360931145325978 291
1757443258717 0.01771098091786503 292
1757443258818 3.0694824106261076 293
1757443258923 0.5211491487317377 294
1757443259027 5.640676259899518 295
1757443259132 1.0673399556941743 296
1757443259238 1.161529258746827 297
1757443259347 0.030745543806015824 298
1757443259452 2.022259613050717 299
1757443259558 0.044666098077490626 300
1757443259665 1.4883375528371 301
1757443259773 0.7876380228904557 302
1757443259879 2.0603908289986705 303
1757443259984 2.780790169480639 304
1757443260089 0.14960716398163834 305
1757443260196 0.9426180539566653 306
1757443260302 0.8251802501247716 307
1757443260409 0.9317076707418135 308
1757443260517 0.002398151718529352 309
1757443260625 0.13992459669679713 310
1757443260732 0.04176850656757388 311
1757443260837 0.05046233557104019 312
1757443260944 0.19726627510848577 313
1757443261049 1.7795880692769657 314
1757443261154 8.432758805499347 315
1757443261263 0.0353078340448891 316
1757443261372 0.10130856783027892 317
1757443261481 0.14928699008815963 318
1757443261587 2.805660369369156 319
1757443261691 2.7187162221864196 320
1757443261795 1.3145092073937243 321
1757443261901 8.147081234733669 322
1757443262011 7.94628145659292 323
1757443262120 1.3407851521936611 324
1757443262227 5.277294120556491 325
1757443262335 0.055278715900367 326
1757443262443 0.7163525874864971 327
1757443262551 1.2947132957524894 328
1757443262660 1.2127092249896432 329
1757443262769 0.05859823162151727 330
1757443262879 5.842268574625958 331
1757443262987 0.026475446944364715 332
1757443263094 0.5111479645822964 333
1757443263201 0.5063946184699278 334
1757443263309 1.610491866326878 335
1757443263415 2.887734638695867 336
1757443263522 0.34592348761012465 337
1757443263628 0.6660227983312645 338
1757443263735 0.13719397499670222 339
1757443263843 0.594114471000782 340
1757443263948 1.8582240037376392 341
1757443264055 1.9638310285255396 342
1757443264163 1.0271176024628377 343
1757443264269 2.710344060453441 344
1757443264380 7.564321075108365 345
1757443264486 0.02016838149903889 346
1757443264587 0.061592840083297865 347
1757443264692 0.04939659766583358 348
1757443264798 0.20710943230768358 349
1757443264903 3.2909763496708013 350
1757443265011 0.07685759521958091 351
1757443265119 1.2334727703463197 352
1757443265224 4.6731126882256495 353
1757443265329 0.9484920479093971 354
1757443265435 0.02540181548342022 355
1757443265543 2.163940931545351 356
1757443265650 1.3220145446914744 357
1757443265752 0.7059862709382625 358
1757443265853 0.05646320247453107 359
1757443265953 3.8387184463086297 360
1757443266058 0.7943327227028754 361
1757443266165 2.2630022529586173 362
1757443266271 0.13158865936543604 363
1757443266380 0.31874973248699184 364
1757443266485 0.5976616557282688 365
1757443266587 0.6840489094421104 366
1757443266693 1.0987208321551423 367
1757443266798 4.190829541780333 368
1757443266903 0.008897008150007905 369
1757443267009 1.563344591702844 370
1757443267112 0.09909777773942217 371
1757443267216 0.17361724506948673 372
