1757657248435 161.25237374630547 0
1757657248522 161.16746670662855 1
1757657248609 161.08260489877955 2
1757657248697 160.9977882986232 3
1757657248779 160.91301688203694 4
1757657248867 160.82829062491115 5
1757657248952 160.74360950314914 6
1757657249038 160.658973492667 7
1757657249128 160.57438256939375 8
1757657249215 160.4898367092712 9
1757657249297 160.40533588825406 10
1757657249380 160.3208800823099 11
1757657249458 160.2364692674191 12
1757657249538 160.1521034195748 13
1757657249620 160.067782514783 14
1757657249709 159.98350652906265 15
1757657249797 159.89927543844524 16
1757657249885 159.8150892189753 17
1757657249977 159.73094784671 18
1757657250066 159.6468512977194 19
1757657250149 159.5627995480863 20
1757657250237 159.4787925739062 21
1757657250328 159.39483035128748 22
1757657250411 159.31091285635122 23
1757657250499 159.22704006523125 24
1757657250586 159.14321195407416 25
1757657250671 159.0594284990393 26
1757657250762 158.9756896762987 27
1757657250850 158.89199546203716 28
1757657250937 158.80834583245215 29
1757657251030 158.72474076375389 30
1757657251119 158.64118023216525 31
1757657251210 158.5576642139219 32
1757657251301 158.47419268527213 33
1757657251391 158.3907656224769 34
1757657251475 158.30738300180988 35
1757657251560 158.22404479955742 36
1757657251643 158.1407509920185 37
1757657251733 158.05750155550479 38
1757657251823 157.9742964663405 39
1757657251912 157.8911357008627 40
1757657252004 157.8080192354209 41
1757657252095 157.7249470463773 42
1757657252186 157.64191911010676 43
1757657252275 157.55893540299672 44
1757657252365 157.47599590144728 45
1757657252454 157.39310058187104 46
1757657252543 157.3102494206933 47
1757657252631 157.22744239435184 48
1757657252721 157.14467947929717 49
1757657252814 157.06196065199228 50
1757657252904 156.9792858889127 51
1757657252989 156.89665516654662 52
1757657253079 156.81406846139464 53
1757657253169 156.7315257499701 54
1757657253258 156.64902700879873 55
1757657253346 156.5665722144189 56
1757657253433 156.48416134338137 57
1757657253513 156.40179437224958 58
1757657253594 156.31947127759938 59
1757657253681 156.23719203601917 60
1757657253770 156.1549566241099 61
1757657253861 156.07276501848483 62
1757657253949 155.99061719577 63
1757657254040 155.90851313260364 64
1757657254129 155.82645280563668 65
1757657254217 155.74443619153237 66
1757657254306 155.66246326696648 67
1757657254395 155.58053400862724 68
1757657254485 155.49864839321535 69
1757657254574 155.41680639744388 70
1757657254663 155.3350079980384 71
1757657254737 155.25325317173687 72
1757657254817 155.17154189528972 73
1757657254904 155.08987414545976 74
1757657254995 155.00824989902222 75
1757657255087 154.9266691327647 76
1757657255175 154.8451318234872 77
1757657255268 154.7636379480022 78
1757657255366 154.68218748313447 79
1757657255454 154.60078040572114 80
1757657255537 154.51941669261183 81
1757657255623 154.43809632066834 82
1757657255712 154.356819266765 83
1757657255801 154.27558550778838 84
1757657255888 154.19439502063744 85
1757657255973 154.11324778222348 86
1757657256062 154.03214376947005 87
1757657256149 153.95108295931323 88
1757657256239 153.87006532870114 89
1757657256327 153.78909085459438 90
1757657256415 153.70815951396582 91
1757657256507 153.62727128380064 92
1757657256599 153.54642614109628 93
1757657256688 153.4656240628625 94
1757657256779 153.38486502612128 95
1757657256871 153.30414900790691 96
1757657256959 153.22347598526596 97
1757657257051 153.1428459352572 98
1757657257142 153.06225883495176 99
1757657257230 152.9817146614329 100
1757657257320 152.90121339179612 101
1757657257410 152.8207550031492 102
1757657257501 152.7403394726122 103
1757657257584 152.65996677731727 104
1757657257671 152.57963689440885 105
1757657257759 152.49934980104356 106
1757657257849 152.41910547439028 107
1757657257988 152.33890389162997 108
1757657258100 152.25874502995583 109
1757657258188 152.1786288665733 110
1757657258275 152.09855537869987 111
1757657258365 152.01852454356535 112
1757657258453 151.93853633841152 113
1757657258542 151.85859074049247 114
1757657258633 151.77868772707438 115
1757657258723 151.69882727543558 116
1757657258811 151.6190093628665 117
1757657258904 151.53923396666977 118
1757657258993 151.45950106416 119
1757657259081 151.37981063266406 120
1757657259177 151.3001626495209 121
1757657259269 151.22055709208152 122
1757657259357 151.14099393770903 123
1757657259445 151.06147316377863 124
1757657259534 150.98199474767765 125
1757657259612 150.90255866680542 126
1757657259698 150.8231648985734 127
1757657259788 150.74381342040505 128
1757657259882 150.66450420973595 129
1757657259973 150.58523724401368 130
1757657260065 150.5060125006979 131
1757657260154 150.42682995726034 132
1757657260245 150.3476895911846 133
1757657260333 150.26859137996647 134
1757657260433 150.18953530111378 135
1757657260524 150.11052133214616 136
1757657260617 150.03185172810115 137
1757657260709 149.95322394387068 138
1757657260802 149.8746379571632 139
1757657260894 149.796093745699 140
1757657260985 149.7175912872102 141
1757657261077 149.63913055944096 142
1757657261166 149.56071154014717 143
1757657261261 149.48233420709664 144
1757657261351 149.40399853806912 145
1757657261447 149.32570451085613 146
1757657261541 149.24745210326108 147
1757657261624 149.16924129309922 148
1757657261714 149.0910720581976 149
1757657261808 149.01294437639518 150
1757657261901 148.93485822554277 151
1757657261996 148.85681358350288 152
1757657262085 148.77881042814988 153
1757657262178 148.70084873737 154
1757657262270 148.62292848906128 155
1757657262367 148.5450496611335 156
1757657262461 148.4672122315082 157
1757657262553 148.3894161781188 158
1757657262649 148.31166147891045 159
1757657262743 148.2339481118401 160
1757657262836 148.15627605487637 161
1757657262927 148.07864528599978 162
1757657263020 148.00105578320245 163
1757657263112 147.92350752448846 164
1757657263205 147.84600048787334 165
1757657263297 147.76853465138458 166
1757657263391 147.6911099930614 167
1757657263483 147.61372649095455 168
1757657263574 147.53638412312665 169
1757657263663 147.45908286765206 170
1757657263751 147.38182270261672 171
1757657263843 147.3046036061183 172
1757657263935 147.2274255562662 173
1757657264025 147.15028853118153 174
1757657264120 147.073192508997 175
1757657264215 146.99613746785704 176
1757657264304 146.9191233859177 177
1757657264397 146.8421502413467 178
1757657264490 146.76521801232352 179
1757657264583 146.68832667703907 180
1757657264679 146.61147621369616 181
1757657264772 146.53466660050904 182
1757657264868 146.45789781570366 183
1757657264960 146.38116983751752 184
1757657265054 146.3044826441999 185
1757657265148 146.22783621401152 186
1757657265242 146.15123052522478 187
1757657265338 146.0746655561237 188
1757657265434 145.99814128500378 189
1757657265526 145.92165769017222 190
1757657265619 145.84521474994781 191
1757657265702 145.76881244266076 192
1757657265792 145.69245074665304 193
1757657265883 145.61612964027802 194
1757657265974 145.53984910190073 195
1757657266067 145.46360910989765 196
1757657266160 145.3874096426569 197
1757657266251 145.3112506785781 198
1757657266345 145.23513219607239 199
1757657266437 145.15905417356237 200
1757657266530 145.0830165894823 201
1757657266625 145.00701942227784 202
1757657266718 144.93106265040618 203
1757657266809 144.85514625233603 204
1757657266901 144.77927020654752 205
1757657266993 144.7034344915324 206
1757657267087 144.62763908579373 207
1757657267180 144.5518839678462 208
1757657267271 144.4761691162159 209
1757657267365 144.40049450944036 210
1757657267458 144.3248601260686 211
1757657267551 144.249265944661 212
1757657267645 144.17371194378958 213
1757657267732 144.0981981020376 214
1757657267839 144.0227243979998 215
1757657267932 143.94729081028245 216
1757657268025 143.87189731750317 217
1757657268120 143.79654389829085 218
1757657268216 143.72123053128598 219
1757657268313 143.64595719514045 220
1757657268406 143.57072386851746 221
1757657268499 143.49553053009157 222
1757657268592 143.42037715854877 223
1757657268684 143.3452637325865 224
1757657268779 143.2701902309134 225
1757657268873 143.19515663224965 226
1757657268967 143.1201629153267 227
1757657269063 143.04520905888728 228
1757657269156 142.9702950416856 229
1757657269253 142.89542084248717 230
1757657269348 142.8205864400688 231
1757657269444 142.74579181321866 232
1757657269532 142.67103694073623 233
1757657269624 142.59632180143225 234
1757657269714 142.52164637412884 235
1757657269805 142.44701063765945 236
1757657269896 142.37241457086873 237
1757657269990 142.2978581526127 238
1757657270084 142.22334136175863 239
1757657270182 142.14886417718503 240
1757657270278 142.07442657778182 241
1757657270373 142.00002854245 242
1757657270486 141.92567005010198 243
1757657270582 141.8513510796614 244
1757657270682 141.77707161006305 245
1757657270779 141.7028316202531 246
1757657270877 141.62863108918881 247
1757657270974 141.55446999583882 248
1757657271075 141.4803483191829 249
1757657271173 141.40626603821207 250
1757657271268 141.33222313192854 251
1757657271365 141.25821957934576 252
1757657271461 141.18425535948836 253
1757657271590 141.11033045139217 254
1757657271680 141.03644483410423 255
1757657271766 140.9625984866827 256
1757657271857 140.888791388197 257
1757657271950 140.81502351772764 258
1757657272047 140.74129485436637 259
1757657272143 140.66760537721606 260
1757657272239 140.59395506539073 261
1757657272336 140.52034389801554 262
1757657272432 140.44677185422682 263
1757657272527 140.37323891317203 264
1757657272627 140.29974505400975 265
1757657272720 140.22629025590967 266
1757657272815 140.15287449805263 267
1757657272910 140.07949775963053 268
1757657273005 140.00616001984645 269
1757657273102 139.93286125791448 270
1757657273199 139.8596014530599 271
1757657273296 139.78638058451895 272
1757657273393 139.71319863153917 273
1757657273486 139.6400555733789 274
1757657273581 139.56695138930775 275
1757657273678 139.49388605860636 276
1757657273769 139.42085956056633 277
1757657273861 139.34787187449044 278
1757657273955 139.27492297969243 279
1757657274054 139.20201285549712 280
1757657274147 139.12914148124034 281
1757657274242 139.05630883626898 282
1757657274340 138.98351489994093 283
1757657274438 138.9107596516251 284
1757657274535 138.83804307070142 285
1757657274636 138.7653651365608 286
1757657274729 138.69272582860518 287
1757657274826 138.62012512624747 288
1757657274919 138.5475630089116 289
1757657275018 138.47503945603245 290
1757657275114 138.40255444705588 291
1757657275209 138.33010796143876 292
1757657275304 138.25769997864882 293
1757657275404 138.1853304781649 294
1757657275512 138.11299943947662 295
1757657275606 138.04070684208475 296
1757657275701 137.96845266550082 297
1757657275793 137.89623688924735 298
1757657275882 137.8240594928578 299
1757657275981 137.75192045587664 300
1757657276078 137.67981975785906 301
1757657276174 137.60775737837136 302
1757657276269 137.5357332969906 303
1757657276368 137.46374749330485 304
1757657276464 137.39179994691298 305
1757657276557 137.31989063742483 306
1757657276656 137.24801954446104 307
1757657276749 137.17618664765322 308
1757657276846 137.10439192664379 309
1757657276940 137.032635361086 310
1757657277033 136.9609169306441 311
1757657277128 136.889236614993 312
1757657277224 136.81759439381858 313
1757657277319 136.74599024681757 314
1757657277413 136.67442415369752 315
1757657277514 136.60289609417674 316
1757657277609 136.53140604798446 317
1757657277707 136.45995399486068 318
1757657277796 136.38853991455616 319
1757657277887 136.31716378683265 320
1757657277984 136.24582559146248 321
1757657278082 136.17452530822894 322
1757657278184 136.10326291692596 323
1757657278328 136.03203839735843 324
1757657278434 135.9608517293419 325
1757657278531 135.8897028927027 326
1757657278630 135.81859186727792 327
1757657278733 135.7475186329155 328
1757657278837 135.67648316947404 329
1757657278932 135.60548545682292 330
1757657279025 135.5345254748423 331
1757657279122 135.46360320342296 332
1757657279220 135.39271862246662 333
1757657279319 135.32187171188548 334
1757657279412 135.25106245160268 335
1757657279510 135.1802908215519 336
1757657279607 135.10955680167766 337
1757657279701 135.0388603719351 338
1757657279801 134.96820151229014 339
1757657279894 134.89758020271927 340
1757657279991 134.8269964232098 341
1757657280088 134.75645015375966 342
1757657280187 134.68594137437742 343
1757657280291 134.61547006508232 344
1757657280390 134.5450362059044 345
1757657280494 134.47463977688417 346
1757657280602 134.40428075807293 347
1757657280703 134.3339591295325 348
1757657280805 134.2636748713355 349
1757657280904 134.1934279635651 350
1757657281003 134.12321838631502 351
1757657281104 134.05304611968975 352
1757657281201 133.98291114380433 353
1757657281303 133.91281343878435 354
1757657281400 133.84275298476618 355
1757657281502 133.77272976189658 356
1757657281602 133.70274375033307 357
1757657281701 133.6327949302437 358
1757657281798 133.5628832818071 359
1757657281894 133.49300878521245 360
1757657281989 133.42317142065951 361
1757657282087 133.35337116835873 362
1757657282189 133.28360800853093 363
1757657282290 133.21388192140765 364
1757657282390 133.14419288723087 365
1757657282490 133.07454088625317 366
1757657282590 133.00492589873764 367
1757657282687 132.93534790495795 368
1757657282785 132.8658068851982 369
1757657282883 132.79630281975315 370
1757657282983 132.72683568892796 371
1757657283087 132.65740547303835 372
1757657283190 132.58801215241056 373
1757657283289 132.5186557073813 374
1757657283390 132.44933611829777 375
1757657283490 132.3800533655177 376
1757657283588 132.31080742940927 377
1757657283687 132.24159829035113 378
1757657283783 132.17242592873242 379
1757657283876 132.10329032495272 380
1757657283971 132.03419145942212 381
1757657284072 131.9651293125612 382
1757657284173 131.89610386480078 383
1757657284274 131.8271150965824 384
1757657284375 131.7581629883578 385
1757657284473 131.6892475205894 386
1757657284571 131.62036867374982 387
1757657284670 131.55152642832215 388
1757657284772 131.4827207648 389
1757657284870 131.41395166368736 390
1757657284972 131.3452191054985 391
1757657285073 131.27652307075823 392
1757657285171 131.20786354000168 393
1757657285271 131.13924049377442 394
1757657285371 131.0706539126324 395
1757657285469 131.00210377714183 396
1757657285581 130.9335900678795 397
1757657285682 130.86511276543237 398
1757657285781 130.7966718503979 399
1757657285883 130.72826730338377 400
1757657285995 130.65989910500815 401
1757657286098 130.59156723589942 402
1757657286206 130.52327167669645 403
1757657286313 130.4550124080483 404
1757657286417 130.38678941061445 405
1757657286517 130.31860266506467 406
1757657286621 130.25045215207902 407
1757657286721 130.18233785234793 408
1757657286819 130.11425974657203 409
1757657286920 130.04621781546246 410
1757657287018 129.97821203974036 411
1757657287117 129.91024240013738 412
1757657287220 129.84230887739542 413
1757657287321 129.7744114522666 414
1757657287417 129.70655010551332 415
1757657287516 129.6387248179083 416
1757657287616 129.57093557023447 417
1757657287713 129.503182343285 418
1757657287813 129.43546511786337 419
1757657287909 129.3677838747833 420
1757657288002 129.30013859486868 421
1757657288102 129.23252925895372 422
1757657288200 129.16495584788282 423
1757657288298 129.0974183425106 424
1757657288399 129.0299167237019 425
1757657288500 128.96245097233168 426
1757657288602 128.89502106928532 427
1757657288699 128.82762699545825 428
1757657288802 128.76026873175613 429
1757657288903 128.69294625909475 430
1757657288999 128.6256595584002 431
1757657289098 128.5584086106087 432
1757657289195 128.49119339666657 433
1757657289298 128.42401389753041 434
1757657289397 128.35687009416696 435
1757657289497 128.289761967553 436
1757657289599 128.22268949867566 437
1757657289697 128.15565266853204 438
1757657289803 128.0886514581295 439
1757657289905 128.0216858484855 440
1757657290003 127.95475582062755 441
1757657290103 127.88786135559344 442
1757657290202 127.82100243443094 443
1757657290303 127.75417903819802 444
1757657290404 127.68739114796273 445
1757657290503 127.62063874480317 446
1757657290637 127.55392180980768 447
1757657290739 127.48724032407452 448
1757657290842 127.42059426871221 449
1757657290952 127.35398362483916 450
1757657291056 127.28740837358406 451
1757657291161 127.22086849608552 452
1757657291267 127.15436397349222 453
1757657291371 127.08789478696306 454
1757657291475 127.02146091766683 455
1757657291576 126.9550623467824 456
1757657291681 126.88869905549869 457
1757657291782 126.82237102501479 458
1757657291885 126.7560782365396 459
1757657291979 126.68982067129217 460
1757657292079 126.62359831050162 461
1757657292184 126.55741113540697 462
1757657292282 126.49125912725732 463
1757657292385 126.4251422673118 464
1757657292489 126.35906053683948 465
1757657292593 126.2930139171195 466
1757657292697 126.22700238944088 467
1757657292794 126.16102593510276 468
1757657292895 126.09508453541414 469
1757657292999 126.02917817169408 470
1757657293108 125.96330682527156 471
1757657293211 125.89747047748553 472
1757657293312 125.83166910968498 473
1757657293415 125.76590270322866 474
1757657293522 125.70017123948554 475
1757657293624 125.63447469983426 476
1757657293728 125.56881306566356 477
1757657293833 125.50318631837213 478
1757657293936 125.43759443936848 479
1757657294032 125.3720374100711 480
1757657294127 125.3065152119084 481
1757657294225 125.24102782631869 482
1757657294331 125.17557523475017 483
1757657294436 125.11015741866099 484
1757657294541 125.04477435951915 485
1757657294644 124.97942603880253 486
1757657294748 124.91411243799894 487
1757657294852 124.84883353860604 488
1757657294953 124.7835893221314 489
1757657295057 124.71837977009241 490
1757657295164 124.65320486401635 491
1757657295271 124.58806458544032 492
1757657295377 124.52295891591135 493
1757657295477 124.45788783698622 494
1757657295588 124.3928513302317 495
1757657295692 124.32784937722418 496
1757657295794 124.26288195955013 497
1757657295899 124.19794905880566 498
1757657296002 124.13305065659672 499
