1757662677273 1.781356643791273 0
1757662677407 0.21352073267252863 1
1757662677546 1.3259507632221093 2
1757662677676 0.0031029158708722557 3
1757662677814 0.49956623506894665 4
1757662677939 0.2569534020144367 5
1757662678080 1.0349578114985223 6
1757662678207 2.8581515132775395 7
1757662678342 1.1958552645129656 8
1757662678468 1.1854126399434621 9
1757662678611 1.5766548998447012 10
1757662678746 1.2398076313771418 11
1757662678879 0.05914759210788498 12
1757662679016 1.6717010821057825 13
1757662679150 1.1291199572449488 14
1757662679289 0.2301514272609459 15
1757662679419 1.3490027916134126 16
1757662679558 0.19871701979049114 17
1757662679688 3.126700035267275 18
1757662679830 0.09902769937308867 19
1757662679962 1.9182410535916445 20
1757662680101 0.011211910706494193 21
1757662680235 0.23562580006961661 22
1757662680368 0.147888170725331 23
1757662680498 6.250596636297068 24
1757662680636 4.91740097086259 25
1757662680774 0.24166946309430362 26
1757662680907 0.001196334789371356 27
1757662681046 7.171682595897285 28
1757662681184 0.03990643295590589 29
1757662681326 0.0067340988984123055 30
1757662681461 0.07427640225126134 31
1757662681601 0.05133385217179966 32
1757662681737 1.128112199358753 33
1757662681873 0.7839973647322788 34
1757662682004 0.05516759041568994 35
1757662682140 1.244212220381676 36
1757662682274 0.15677199770117645 37
1757662682406 1.2874270819390168 38
1757662682537 0.003655615343209614 39
1757662682671 7.7110086745995 40
1757662682806 0.28380101377340894 41
1757662682935 3.8682632325005226 42
1757662683070 3.0618634685622257 43
1757662683198 6.891075139586477 44
1757662683335 0.4845409254260216 45
1757662683467 0.9926465214835526 46
1757662683605 0.09140438265772613 47
1757662683737 0.17039453831711074 48
1757662683879 0.27249356419489806 49
1757662684013 0.01211356705169603 50
1757662684150 0.0029288761280469432 51
1757662684281 1.646557904371415 52
1757662684412 13.70255106726045 53
1757662684545 0.08064793850577996 54
1757662684679 0.023199629387031226 55
1757662684815 0.19779469127513355 56
1757662684946 0.029425270356281806 57
1757662685087 8.233007712982758 58
1757662685217 0.7915637113970075 59
1757662685362 0.034727787450345424 60
1757662685494 2.3938708412848566 61
1757662685639 0.22806111572098134 62
1757662685771 0.3172823620143211 63
1757662685910 0.06455682683883142 64
1757662686044 2.9760337117696407 65
1757662686190 0.9929641985573952 66
1757662686331 0.18381204631118253 67
1757662686460 7.94262698608384 68
1757662686604 0.316262013885197 69
1757662686733 0.10756351414761314 70
1757662686878 0.2460906643899994 71
1757662687009 0.15279736343998063 72
1757662687151 0.2188294092572337 73
1757662687285 0.001191667687471236 74
1757662687420 13.833994721719145 75
1757662687555 0.8517830235094964 76
1757662687686 0.05544422763903681 77
1757662687822 5.188321113198303 78
1757662687953 0.7161798384278529 79
1757662688091 0.2363886476633899 80
1757662688221 0.03886415886094138 81
1757662688362 5.054179795388648 82
1757662688490 0.8038715694770192 83
1757662688631 0.11041988579086168 84
1757662688758 0.0004507829558041437 85
1757662688898 1.1616965286238645 86
1757662689027 6.993517351883145 87
1757662689164 1.6558777285957709 88
1757662689304 0.6102124581489883 89
1757662689434 0.3056353160483748 90
1757662689565 0.9370196739476857 91
1757662689695 1.9812129561782872 92
1757662689825 1.5119647547306072 93
1757662689954 0.3032780870591706 94
1757662690086 8.629048807666516 95
1757662690218 0.0002452896093448017 96
1757662690358 0.02455318559902284 97
1757662690494 0.7561089779408615 98
1757662690639 4.934902004157047 99
1757662690770 4.436135611983797 100
1757662690911 1.2292683216424858 101
1757662691048 0.8275781202060511 102
1757662691188 5.345482953195982 103
1757662691329 1.2009732035354168 104
1757662691465 8.19711923026049 105
1757662691607 3.470752711039285 106
1757662691745 1.4002077654661211 107
1757662691893 0.0006130170356656118 108
1757662692034 7.915299020056867 109
1757662692178 1.712928532096582 110
1757662692319 0.5349514634054642 111
1757662692457 0.6018536674296249 112
1757662692598 0.02425584409140555 113
1757662692736 0.39499124531741636 114
1757662692883 0.16622303859539317 115
1757662693022 0.1079640139188336 116
1757662693177 0.001003076963590722 117
1757662693319 2.477531019781392 118
1757662693464 0.03480551901374111 119
1757662693619 1.069879693578761 120
1757662693762 0.0009644961349041146 121
1757662693915 2.8346066293516596 122
1757662694058 1.0101109090558396 123
1757662694204 0.08495198116754474 124
1757662694350 0.2684658035993454 125
1757662694491 6.074262868947359 126
1757662694635 1.6299801340122593 127
1757662694778 0.08458946277543396 128
1757662694924 5.391959018961213 129
1757662695062 0.9346096170753131 130
1757662695207 0.08962120580565286 131
1757662695349 0.026120593922222244 132
1757662695484 1.9903763306848694 133
1757662695625 0.3511716029706009 134
1757662695761 0.2185169967530264 135
1757662695917 1.7602376938513093 136
1757662696055 0.36746213139035333 137
1757662696214 0.6104302032121808 138
1757662696362 0.04204168621664631 139
1757662696499 1.2286544543340707 140
1757662696648 1.318407680255811 141
1757662696786 2.220081712905793 142
1757662696935 5.02113725497859 143
1757662697075 1.2293353177022155 144
1757662697218 0.19349558555556098 145
1757662697358 0.07590305655928788 146
1757662697496 3.0191653874108977 147
1757662697639 0.3020627367327263 148
1757662697779 1.7556857363500251 149
1757662697929 4.14376255166803 150
1757662698071 0.005635456805491761 151
1757662698218 1.40787629684432 152
1757662698367 0.8942146093839616 153
1757662698508 1.1357572046571884 154
1757662698655 0.20207363480769225 155
1757662698796 1.572259158354097 156
1757662698947 7.503589102106173 157
1757662699086 3.9396369118759966 158
1757662699231 0.41140437843587496 159
1757662699371 3.812270590317859 160
1757662699508 0.0010009889472796 161
1757662699650 0.5146492169599707 162
1757662699787 4.4638477746595875 163
1757662699939 1.0975924913961734 164
1757662700074 0.21927692007895055 165
1757662700220 0.29469776101998696 166
1757662700355 6.382718305653762 167
1757662700493 0.34210247221608325 168
1757662700630 0.46082666093861024 169
1757662700764 0.8110026887253436 170
1757662700909 0.17958400593382645 171
1757662701043 4.460652232766076 172
1757662701186 0.07182784570253974 173
1757662701321 0.10385664245741583 174
1757662701463 1.1670758991024983 175
1757662701600 0.19493831144133206 176
1757662701740 0.06290406258464214 177
1757662701877 8.763681917679811 178
1757662702015 8.357554264703655 179
1757662702153 3.921007303907456 180
1757662702287 0.28272813458046364 181
1757662702425 0.0516316013455792 182
1757662702559 1.1405220486132988 183
1757662702698 1.9378314229880067 184
1757662702829 0.4536057870640219 185
1757662702970 0.2593804503179937 186
1757662703103 0.218128611359512 187
1757662703247 0.9229183738572982 188
1757662703383 0.16863272270678997 189
1757662703520 11.709324775061528 190
1757662703678 0.012173886746683961 191
1757662703814 2.6306749969173615 192
1757662703958 0.0849972448136884 193
1757662704090 2.808278609601695 194
1757662704235 0.43224068292208967 195
1757662704376 0.7104723671528874 196
1757662704508 0.8895585303946322 197
1757662704643 0.09635031282405575 198
1757662704775 1.3191851380626105 199
1757662704910 0.06383256486780095 200
1757662705044 1.4921661764718532 201
1757662705202 0.0022397227149402207 202
1757662705342 0.04148649116549806 203
1757662705490 0.14892834685029485 204
1757662705639 10.156913646807908 205
1757662705782 2.1648896509364834 206
1757662705933 0.45863210063313886 207
1757662706069 1.8088887915518395 208
1757662706235 0.6888007583057936 209
1757662706382 0.028291523167022596 210
1757662706533 2.0206350091539513 211
1757662706687 0.7610636005223862 212
1757662706833 0.8631065706812255 213
1757662706987 4.809652967002363 214
1757662707137 1.9113796775251588 215
1757662707282 1.7719990121476106 216
1757662707429 0.023789120665886735 217
1757662707567 0.07222687564791727 218
1757662707720 0.17841561372817583 219
1757662707858 0.0968264066673238 220
1757662708007 0.029729646883965212 221
1757662708147 0.003921186850137505 222
1757662708287 5.284427882659475 223
1757662708429 0.17171553017245914 224
1757662708567 2.6180425422871467 225
1757662708710 2.2495243807975736 226
1757662708846 0.7595175490389583 227
1757662708992 4.794712394361855 228
1757662709134 4.772592572414679 229
1757662709278 1.3351665908897326 230
1757662709420 0.0561053248365709 231
1757662709556 0.1408115497015483 232
1757662709695 1.4275476978939798 233
1757662709831 0.6026956894627564 234
1757662709976 2.3783125202517117 235
1757662710110 0.1651872213149159 236
1757662710256 0.959207559709403 237
1757662710390 3.472168448346193 238
1757662710528 1.8809583309066613 239
1757662710664 0.1842110651150184 240
1757662710803 0.09464150931761028 241
1757662710943 9.790464507788197 242
1757662711080 0.2969265937874974 243
1757662711229 1.617813222780388 244
1757662711366 0.08750436159464242 245
1757662711515 1.5192406197283377 246
1757662711656 0.10276013905684028 247
1757662711800 4.25793661452927 248
1757662711943 2.6250032612908605 249
1757662712081 0.027392672669590938 250
1757662712228 0.04256606725314475 251
1757662712366 0.02757184476710268 252
1757662712515 1.7986402355866702 253
1757662712655 0.2346796284819512 254
1757662712799 0.8955205038902537 255
1757662712951 3.076688862944889 256
1757662713088 2.162276508174555 257
1757662713238 0.2749388000176261 258
1757662713377 0.024535976498962164 259
1757662713527 0.23154287739590873 260
1757662713723 11.132486107115168 261
1757662713877 0.03788896909730528 262
1757662714040 5.497969460025315 263
1757662714216 1.7261788137151262 264
1757662714378 0.057347662397189296 265
1757662714549 0.47551882904369336 266
1757662714715 4.271510501663514 267
1757662714870 0.1615674857074295 268
1757662715033 0.04855369836510726 269
1757662715191 1.0560996423673137 270
1757662715349 2.2077262546384366 271
1757662715531 0.7112645070558729 272
1757662715698 1.3583178007996808 273
1757662715868 0.034322257677805806 274
1757662716033 0.10085181992338224 275
1757662716200 0.5712169950945787 276
1757662716364 3.3352193545653233 277
1757662716534 3.1335081874530215 278
1757662716684 2.3849844264860662 279
1757662716858 1.4986669890600248 280
1757662717076 2.6755863462889473 281
1757662717278 2.624263496989713 282
1757662717443 7.0178521136365415 283
1757662717700 0.7294748582740449 284
1757662717898 2.500486711120601 285
1757662718086 4.768618633876161 286
1757662718256 0.32337105775420166 287
1757662718425 3.7790781715343047 288
1757662718594 0.07533437204535738 289
1757662718797 1.365697607637052 290
1757662719023 1.075115149680995 291
1757662719204 11.441159107898084 292
1757662719382 0.16547056572666005 293
1757662719583 1.9141593511429729 294
1757662719761 0.894739394789142 295
1757662719937 0.29309561290774044 296
1757662720183 0.0004993968348099274 297
1757662720475 0.03335812394430654 298
1757662720757 0.014595562279587401 299
1757662721047 0.08366174404280265 300
1757662721273 0.018069514235350265 301
1757662721465 0.30214981312530864 302
1757662721647 1.924812155776288 303
1757662721829 2.308884918840258 304
1757662722003 1.468919646760708 305
1757662722165 0.9611965979261035 306
1757662722334 1.9083490236939726 307
1757662722543 4.563021773606329 308
1757662722710 4.122216188591817 309
