1757450454529 169.00745848900357 0
1757450454609 168.28765775726396 1
1757450454685 171.0322577608465 2
1757450454765 171.03932738434443 3
1757450454833 154.51560755887755 4
1757450454892 170.23615263402556 5
1757450454950 155.78646032471752 6
1757450455010 155.7163199788357 7
1757450455077 168.3872196136394 8
1757450455142 154.51138102309255 9
1757450455210 150.6809756132311 10
1757450455280 161.9816748792066 11
1757450455352 145.1502839228444 12
1757450455422 154.72157157105812 13
1757450455496 153.53717194437078 14
1757450455576 152.62394565361117 15
1757450455649 137.4001479065635 16
1757450455720 140.67073107842657 17
1757450455810 147.23442966852323 18
1757450455877 143.30492524782434 19
1757450455944 149.8479448224379 20
1757450456015 143.2975691030893 21
1757450456085 139.94617003039968 22
1757450456146 139.40529821726923 23
1757450456212 132.3612462881475 24
1757450456337 140.05326507130422 25
1757450456425 136.81304434758536 26
1757450456480 135.24917701667462 27
1757450456534 132.34603977036684 28
1757450456591 132.5408853410082 29
1757450456655 139.839884242088 30
1757450456724 138.82489445354113 31
1757450456791 126.55195708459439 32
1757450456859 132.79901175959864 33
1757450456918 121.91547461877086 34
1757450456981 132.91463088753682 35
1757450457044 132.38310967114873 36
1757450457109 125.22655646771148 37
1757450457179 128.97126203352238 38
1757450457251 121.24201841765341 39
1757450457324 128.02361584078017 40
1757450457400 122.60670029337274 41
1757450457476 127.9742819693061 42
1757450457554 120.90407831715862 43
1757450457633 124.19093621764092 44
1757450457713 118.16304607722897 45
1757450457787 113.87498066354338 46
1757450457864 117.97080354036643 47
1757450457933 118.41003950531115 48
1757450458008 117.55774465544557 49
1757450458081 113.45125319015104 50
1757450458157 113.21446014699094 51
1757450458232 121.14822216193446 52
1757450458306 111.47102119611343 53
1757450458384 111.71045984387929 54
1757450458457 119.79389082791512 55
1757450458537 115.31759297199828 56
1757450458612 102.84355620492731 57
1757450458690 99.93853615151667 58
1757450458771 109.11299774426448 59
1757450458845 107.96718759404658 60
1757450458917 107.85501827024007 61
1757450458988 107.3562938074916 62
1757450459061 109.39124131078289 63
1757450459152 108.01646418598006 64
1757450459217 104.05250547889783 65
1757450459282 107.26209925262503 66
1757450459352 107.0484535127811 67
1757450459416 100.81769623309383 68
1757450459484 100.95841029073713 69
1757450459554 102.63930930714652 70
1757450459623 96.77546044465822 71
1757450459692 100.98802252216417 72
1757450459764 97.52073228496607 73
1757450459838 97.13265816060597 74
1757450459914 95.59241679123116 75
1757450459988 95.56233285122372 76
1757450460065 98.42359221151447 77
1757450460142 92.9124532292855 78
1757450460217 95.35603476011038 79
1757450460298 94.04549913585723 80
1757450460373 90.96376379731045 81
1757450460449 91.03956159517604 82
1757450460528 97.30383680888244 83
1757450460607 94.35024327135359 84
1757450460683 96.75149238415206 85
1757450460777 88.02851895349859 86
1757450460852 88.872267467446 87
1757450460929 87.74213835188662 88
1757450460987 87.20864953181741 89
1757450461055 84.27647938337617 90
1757450461120 87.14855647054574 91
1757450461195 88.31304132939556 92
1757450461265 84.78687910222384 93
1757450461345 84.51682110547839 94
1757450461422 86.43320374949131 95
1757450461496 81.30369476837431 96
1757450461568 81.87331733928609 97
1757450461639 81.48828898276442 98
1757450461712 81.76839171950081 99
1757450461780 82.36507304853116 100
1757450461850 78.38050260450197 101
1757450461917 80.96242640773183 102
1757450461986 76.24630040156462 103
1757450462058 79.22493968803977 104
1757450462137 84.31348825734074 105
1757450462200 76.32606594764067 106
1757450462261 76.77225614063926 107
1757450462335 76.26481568418382 108
1757450462410 78.90539175206226 109
1757450462482 75.33834482828333 110
1757450462549 77.04840690454364 111
1757450462618 76.94375484849627 112
1757450462686 73.35898437678046 113
1757450462753 74.56785418654407 114
1757450462818 69.88554493952984 115
1757450462891 70.19750770051455 116
1757450462958 71.9760265227177 117
1757450463017 70.6624506208286 118
1757450463083 72.75451710411738 119
1757450463151 69.78088860098471 120
1757450463215 73.28554305652963 121
1757450463280 71.92424951207575 122
1757450463352 66.7832908805688 123
1757450463423 67.29097222522039 124
1757450463489 70.80917452767608 125
1757450463560 68.65817453010504 126
1757450463633 66.07062937582488 127
1757450463707 68.03422397595934 128
1757450463784 68.4373467999394 129
1757450463869 65.32161295089375 130
1757450463945 66.77543369559278 131
1757450464025 64.21897476610172 132
1757450464103 69.00061295074744 133
1757450464181 60.26000760864181 134
1757450464259 65.1423953880665 135
1757450464337 64.68068691835427 136
1757450464412 60.071047801577286 137
1757450464487 62.44384339398293 138
1757450464564 61.36357823253788 139
1757450464640 60.83450870279774 140
1757450464715 62.74744465779069 141
1757450464793 62.59785779375923 142
1757450464868 57.66531628147039 143
1757450464945 58.97078150782014 144
1757450465011 57.74719849962829 145
1757450465081 58.94261488891488 146
1757450465156 57.94675156669591 147
1757450465226 54.61512395344449 148
1757450465295 54.59175485220611 149
1757450465363 56.243617946361 150
1757450465430 54.215193302689684 151
1757450465502 53.05616137952427 152
1757450465573 53.9447211219335 153
1757450465651 54.66034801457371 154
1757450465724 56.71304007377227 155
1757450465797 54.85776662128451 156
1757450465867 54.82203095433564 157
1757450465942 52.925705015149774 158
1757450466012 54.88340342152922 159
1757450466092 52.4977162548432 160
1757450466167 53.57315605468388 161
1757450466235 56.03514580006181 162
1757450466303 49.46443877066775 163
1757450466375 51.91774796459957 164
1757450466451 51.165613857012524 165
1757450466527 49.512620120652066 166
1757450466601 50.682371135285486 167
1757450466677 52.47047579881404 168
1757450466753 47.22824402859771 169
1757450466837 48.407711760867144 170
1757450466911 47.72923498439135 171
1757450466987 46.49498586459387 172
1757450467058 45.22475878245083 173
1757450467127 47.05018204292093 174
1757450467196 46.72460665978729 175
1757450467268 48.498267458217036 176
1757450467337 46.6979019876665 177
1757450467406 43.1964012260619 178
1757450467473 45.261264218851615 179
1757450467540 44.10281112680752 180
1757450467611 44.92761880390861 181
1757450467681 41.60147499593444 182
1757450467757 47.82335079301569 183
1757450467833 44.62359938883815 184
1757450467908 46.22109134884078 185
1757450467985 44.48163711762976 186
1757450468064 43.26742794656475 187
1757450468139 43.12786092320985 188
1757450468217 43.159012656030946 189
1757450468294 43.25233242413822 190
1757450468369 44.04413793744416 191
1757450468448 41.09488592182191 192
1757450468526 42.041532684371575 193
1757450468601 41.22804185490135 194
1757450468684 41.95291281934404 195
1757450468758 42.31869593200385 196
1757450468835 41.09413586773057 197
1757450468912 39.96871585316637 198
1757450468993 43.353164947702034 199
1757450469068 39.72046074189257 200
1757450469134 39.43445820311039 201
1757450469201 39.06297678071944 202
1757450469273 35.92096495594056 203
1757450469346 35.563442246913205 204
1757450469420 39.750849283223204 205
1757450469494 37.19512650227469 206
1757450469570 35.779803757777366 207
1757450469650 35.29837148935033 208
1757450469721 38.037818587559705 209
1757450469797 35.72184336401878 210
1757450469871 36.559341309490904 211
1757450469953 37.71386366401806 212
1757450470032 36.763458509771304 213
1757450470110 37.34407132118421 214
1757450470190 36.047667004041365 215
1757450470268 33.82208706364312 216
1757450470346 34.04799102137652 217
1757450470427 34.05983789048435 218
1757450470507 35.933630921509526 219
1757450470585 35.434012964710476 220
1757450470666 33.604383193371696 221
1757450470746 33.21527631728447 222
1757450470826 33.57744898433906 223
1757450470907 34.31335180836652 224
1757450470986 35.02484121103197 225
1757450471060 33.52951113264584 226
1757450471128 33.44102480224894 227
1757450471200 31.5341281675755 228
1757450471273 33.75306008057428 229
1757450471349 32.0882685381597 230
1757450471432 31.892291092409852 231
1757450471505 30.807796507367772 232
1757450471582 33.04175297295009 233
1757450471660 35.081614184877346 234
1757450471736 30.379044275926436 235
1757450471813 30.418251914028435 236
1757450471895 28.719517515921172 237
1757450471974 28.101354253077623 238
1757450472054 27.90889319729201 239
1757450472129 28.801517672007765 240
1757450472209 28.567237231595065 241
1757450472289 30.204039135315764 242
1757450472362 30.763452754734757 243
1757450472436 29.136356019035144 244
1757450472523 28.866476308575212 245
1757450472601 28.515777628096632 246
1757450472679 29.77515629622432 247
1757450472761 31.487396891674546 248
1757450472832 31.21642081048338 249
1757450472889 27.43183936670214 250
1757450472961 30.847819163749424 251
1757450473031 25.450750442283706 252
1757450473094 25.860364429253565 253
1757450473162 25.031427559051522 254
1757450473234 25.427708647742026 255
1757450473305 28.174608019456347 256
1757450473374 29.22465486334315 257
1757450473442 24.068318799568686 258
1757450473513 26.10733282408829 259
1757450473586 24.925069892241375 260
1757450473659 24.70460744244751 261
1757450473738 28.841836922068282 262
1757450473816 30.174668801846725 263
1757450473895 27.86560113456224 264
1757450473972 22.14633295621474 265
1757450474054 24.49025447656262 266
1757450474134 25.643723092837067 267
1757450474213 23.785229677224187 268
1757450474288 26.141300407953736 269
1757450474362 22.136492862034974 270
1757450474438 25.901543024646735 271
1757450474516 25.63762281251226 272
1757450474599 22.803229337684957 273
1757450474681 22.734697329133922 274
1757450474759 21.921138892594435 275
1757450474835 28.079061768704634 276
1757450474913 25.57137481226808 277
1757450474990 20.865696499328322 278
1757450475070 23.202023338744144 279
1757450475141 24.396721255659077 280
1757450475204 23.611891477291724 281
1757450475276 18.7121101750003 282
1757450475352 20.75963738306585 283
1757450475429 22.185489423629775 284
1757450475507 25.159303341814674 285
1757450475586 23.269732277481673 286
1757450475666 23.314912246217002 287
1757450475742 21.495786489656222 288
1757450475820 19.86001076121954 289
1757450475897 23.375291525016966 290
1757450475972 20.574121501312312 291
1757450476051 22.516039848845303 292
1757450476128 21.11429145244896 293
1757450476207 18.997938611371694 294
1757450476287 18.92517053647708 295
1757450476366 20.140834031277702 296
1757450476446 22.726087097150227 297
1757450476527 19.56057248758797 298
1757450476612 20.69000612701987 299
1757450476701 19.748075941725485 300
1757450476783 20.543963944125146 301
1757450476870 20.47839387264678 302
1757450476951 23.590610665799634 303
1757450477030 20.872578603993357 304
1757450477115 18.604475530643352 305
1757450477191 18.077095301292964 306
1757450477270 19.734024264276687 307
1757450477346 21.271856930372255 308
1757450477422 16.88853075574501 309
1757450477495 19.361952909607098 310
1757450477564 15.82917681949956 311
1757450477639 17.766941704086175 312
1757450477717 18.457483042396113 313
1757450477787 16.41681569944203 314
1757450477862 17.740506436040878 315
1757450477936 17.49617051741169 316
1757450478017 16.11212235749677 317
1757450478101 17.88365669691494 318
1757450478179 19.79737533870056 319
1757450478259 16.226395281439025 320
1757450478337 17.084071833908734 321
1757450478416 15.827815660202358 322
1757450478498 19.43508523978597 323
1757450478577 16.2546084358425 324
1757450478658 16.24597632778324 325
1757450478741 16.228388003359512 326
1757450478824 17.628493882834544 327
1757450478906 14.671219735335447 328
1757450478989 14.336253805149841 329
1757450479078 15.312853247395461 330
1757450479168 17.3783214433196 331
1757450479248 14.590480494458781 332
1757450479336 16.182637032957885 333
1757450479415 12.350522470177012 334
1757450479494 15.73271846265687 335
1757450479569 13.388279845113729 336
1757450479651 15.77998038037716 337
1757450479732 14.899562662401083 338
1757450479816 13.44280409827515 339
1757450479896 15.924688766811157 340
1757450479974 14.653850633952171 341
1757450480053 14.982105801192489 342
1757450480138 14.788575103357893 343
1757450480217 13.34718682434452 344
1757450480298 14.785638537379429 345
1757450480376 15.566721874557592 346
1757450480455 14.394947415284665 347
1757450480539 16.5777441409581 348
1757450480618 13.02100661223252 349
1757450480698 15.270853813609369 350
1757450480781 13.968789694173234 351
1757450480861 14.599814186454594 352
1757450480940 15.182471944785648 353
1757450481022 12.173549877765568 354
1757450481105 15.945304718034443 355
1757450481182 12.037209588132479 356
1757450481250 12.240311790087302 357
1757450481324 11.017230048995929 358
1757450481402 13.819863539795634 359
1757450481480 12.381358873528622 360
1757450481564 15.680914500760734 361
1757450481647 13.037955956132828 362
1757450481728 14.006019272527737 363
1757450481811 11.408402796924491 364
1757450481890 11.04658045262144 365
1757450481974 12.028184094025976 366
1757450482062 14.826619579879761 367
1757450482144 11.172934813020557 368
1757450482226 16.612829052174593 369
1757450482305 12.339703503638566 370
1757450482382 11.800519330641404 371
1757450482463 13.744561504087319 372
1757450482543 9.662974940157472 373
1757450482622 11.394082403443726 374
1757450482704 10.556146558064347 375
1757450482787 11.23271081208913 376
1757450482867 9.491774693361943 377
1757450482947 10.657716369665328 378
1757450483028 10.259559008720744 379
1757450483125 11.321627730758578 380
1757450483209 11.770786017253666 381
1757450483278 10.323439417938157 382
1757450483347 13.518142101118572 383
1757450483422 11.37991526128764 384
1757450483494 11.010349806567666 385
1757450483556 10.61982650206636 386
1757450483623 10.684496888716268 387
1757450483702 13.614591970784867 388
1757450483779 10.776973668999098 389
1757450483858 11.421842099495537 390
1757450483939 11.526030792865598 391
1757450484020 11.533809860052676 392
1757450484098 9.995166611438302 393
1757450484175 8.26620115850875 394
1757450484249 9.973168710323854 395
1757450484325 10.028915154474932 396
1757450484405 9.883244154529441 397
1757450484485 10.239130737419966 398
1757450484567 9.758723157030127 399
1757450484651 9.755960325772314 400
1757450484733 10.542411923926648 401
1757450484814 8.05022888628878 402
1757450484895 10.849093736258336 403
1757450484973 10.316351997634115 404
1757450485057 12.898937776685704 405
1757450485142 12.563092909543167 406
1757450485223 9.217793145958481 407
1757450485305 12.46521221964673 408
1757450485381 10.670829523974565 409
1757450485458 7.789728350218685 410
1757450485534 7.856365327163119 411
1757450485614 10.226018547266635 412
1757450485696 9.924301884825828 413
1757450485777 10.164402172374464 414
1757450485857 11.22117164830788 415
1757450485940 10.7135413350659 416
1757450486023 11.389338567828515 417
1757450486107 9.062262125650118 418
1757450486190 11.75271167716914 419
1757450486273 9.40150589555795 420
1757450486355 8.292236399050731 421
1757450486442 10.27591433502234 422
1757450486523 10.388910977519254 423
1757450486602 9.489074392909645 424
1757450486684 8.600770949356516 425
1757450486766 7.541797435494486 426
1757450486869 6.8332736467555435 427
1757450486948 8.965102868748618 428
1757450487027 10.540182426869881 429
1757450487102 7.772582524637337 430
1757450487180 8.489897372819975 431
1757450487265 7.006661776035124 432
1757450487340 9.75271391173639 433
1757450487416 8.776262750421457 434
1757450487489 8.713986077681788 435
1757450487564 7.507555997930647 436
1757450487639 8.472114681721367 437
1757450487719 6.652623101368031 438
1757450487798 8.607981567367421 439
1757450487877 9.125616794996498 440
1757450487954 7.387237235256058 441
1757450488036 10.341192870049037 442
1757450488114 7.529949868893927 443
1757450488195 7.16427652178348 444
1757450488274 10.771374379058708 445
1757450488356 6.755070212099463 446
1757450488438 7.433208974757979 447
1757450488522 7.050530659163749 448
1757450488600 6.296653025406926 449
1757450488678 5.528329018934794 450
1757450488761 7.582461150349877 451
1757450488860 8.447272443430974 452
1757450488948 5.36877117881239 453
1757450489030 7.169818066802067 454
1757450489116 7.1243731493149145 455
1757450489196 9.544602224099648 456
1757450489278 5.311658915036426 457
1757450489352 5.69919466391197 458
1757450489428 7.751471260765985 459
1757450489505 7.168827125297716 460
1757450489588 7.294872258357039 461
1757450489671 5.902271740195035 462
1757450489753 9.005516137008687 463
1757450489834 5.647054523618806 464
1757450489917 6.47941356604666 465
1757450489998 5.7590720508944555 466
1757450490080 6.409619161929045 467
1757450490162 6.857667471425267 468
1757450490247 5.4111197154495825 469
1757450490330 5.183259328846632 470
1757450490410 5.805506710354683 471
1757450490488 5.760013296899305 472
1757450490570 5.658143369297281 473
1757450490650 5.9062230288959015 474
1757450490729 6.486813264226958 475
1757450490810 7.120583298374979 476
1757450490890 5.8318660286518 477
1757450490972 7.315111988443031 478
1757450491055 5.400877603771667 479
1757450491138 5.040240763317385 480
1757450491220 5.99376864073569 481
1757450491331 4.090959311577546 482
1757450491407 4.667005038453475 483
1757450491487 5.542432792654268 484
1757450491563 5.493446740182912 485
1757450491645 5.1411183649392616 486
1757450491728 7.362538773737292 487
1757450491804 4.624275844725325 488
1757450491882 4.969484581566903 489
1757450491964 5.011730983034423 490
1757450492044 4.731960613247375 491
1757450492133 6.2125570302721735 492
1757450492217 7.1739239479485075 493
1757450492298 6.2749132240854895 494
1757450492377 5.103966189908685 495
1757450492459 5.493924286253544 496
1757450492547 5.063362141483569 497
1757450492629 7.895410472338847 498
1757450492713 5.70229059398677 499
