1757433237969 86.73186585757674 0
1757433238053 48.550815711486564 1
1757433238097 29.424461421847344 2
1757433238140 18.313271987945853 3
1757433238183 16.871184961372368 4
1757433238240 10.3677360006039 5
1757433238293 9.926384663454277 6
1757433238354 12.064750738955375 7
1757433238413 8.06524671683871 8
1757433238472 8.665295643559592 9
1757433238523 8.6094921031937 10
1757433238577 9.723760180848402 11
1757433238632 8.958440982986378 12
1757433238687 5.951542526315713 13
1757433238748 8.023175390590541 14
1757433238805 6.3130630279849 15
1757433238856 10.608182533099844 16
1757433238920 7.25181637242529 17
1757433238980 6.99349868115303 18
1757433239036 9.319748235995526 19
1757433239087 6.8320266716137175 20
1757433239145 9.110653430155878 21
1757433239203 6.320497533255143 22
1757433239257 10.08142330610108 23
1757433239309 8.942277460917422 24
1757433239359 8.101083816650473 25
1757433239419 7.687682669560136 26
1757433239475 8.04528278653299 27
1757433239529 8.415552160320539 28
1757433239582 6.970228624946425 29
1757433239641 7.732982484669071 30
1757433239690 7.925787642871885 31
1757433239746 7.134603908578042 32
1757433239798 8.779057139809618 33
1757433239863 7.650991362277459 34
1757433239925 8.93160379849819 35
1757433239981 7.517507098102225 36
1757433240037 8.748145581292672 37
1757433240083 9.945938083077495 38
1757433240137 9.66714523743313 39
1757433240197 10.066990032832434 40
1757433240254 6.6750172031545745 41
1757433240316 8.899692636020365 42
1757433240377 8.11202650020216 43
1757433240432 10.208686853457323 44
1757433240492 7.173336444741096 45
1757433240550 8.24794494044711 46
1757433240610 8.1701405466774 47
