1757604341794 3.982196188471476 0
1757604341917 0.13574387259744855 1
1757604342019 2.655777179048378 2
1757604342118 2.5203964063408155 3
1757604342216 0.002264073480645773 4
1757604342316 0.3895038581630829 5
1757604342415 1.0437058358709759 6
1757604342514 0.2524737821640668 7
1757604342613 0.018100819613202635 8
1757604342712 2.2772966255912164 9
1757604342812 0.2535723412745831 10
1757604342910 2.7481538591294377 11
1757604343008 0.7067400774792366 12
1757604343104 0.3016816690758069 13
1757604343199 2.161165091125129 14
1757604343295 0.09315214719313604 15
1757604343391 0.25667596291247524 16
1757604343486 7.823757916856387 17
1757604343582 4.060514840652495 18
1757604343679 0.5441391063789834 19
1757604343777 0.0005414641411335988 20
1757604343875 0.6383607097915309 21
1757604343973 2.0833102777978194 22
1757604344069 0.9014850099451929 23
1757604344166 13.454417330952767 24
1757604344265 0.39349903105569467 25
1757604344361 0.4402212851972308 26
1757604344459 0.309202663239603 27
1757604344557 5.10189089324654 28
1757604344655 6.264566745832316 29
1757604344751 1.6763678008104974 30
1757604344848 0.26380717111611457 31
1757604344943 0.6945066291361598 32
1757604345041 8.06700642312263 33
1757604345139 0.011341056235949313 34
1757604345238 3.3036801564115286 35
1757604345336 1.8107124423478491 36
1757604345455 0.9828622879848586 37
1757604345554 3.188498406203367 38
1757604345649 0.7827243807627599 39
1757604345746 0.054541148743114026 40
1757604345847 6.832802284003386 41
1757604345944 0.7953123841883709 42
1757604346042 0.1261195927512597 43
1757604346142 2.8386217059998553 44
1757604346242 0.8323318482385876 45
1757604346341 0.4201430004221193 46
1757604346440 0.1907783206989871 47
1757604346539 2.537128899984888 48
1757604346639 2.6155437423076933 49
1757604346737 6.670812699636088 50
1757604346835 1.3383583710290818 51
1757604346932 6.971437226768444 52
1757604347029 1.0124396842888175 53
1757604347126 7.924168719886668 54
1757604347223 0.02201221225394829 55
1757604347321 0.023012256183381062 56
1757604347418 3.0071260242029303 57
1757604347517 2.062614160246463 58
1757604347617 0.5409445185352976 59
1757604347721 13.290595950600906 60
1757604347828 0.0015859691154849953 61
1757604347935 0.19325897672474052 62
1757604348034 0.1397445651161564 63
1757604348134 4.563932527646042e-07 64
1757604348234 0.4022410983704917 65
1757604348335 0.3007902129077888 66
1757604348434 0.20244024637051686 67
1757604348532 3.4083335543372746 68
1757604348630 0.6482825486514102 69
1757604348730 2.0688378279138218 70
1757604348829 0.19251690157815152 71
1757604348927 0.654627832431622 72
1757604349026 2.79740893438897 73
1757604349125 7.44443307648812 74
1757604349223 0.0019910662766578816 75
1757604349324 0.9873489943975484 76
1757604349422 2.0751664002434436 77
1757604349525 0.09511161398741601 78
1757604349625 0.08160205791146656 79
1757604349749 3.2859313532328147 80
1757604349879 0.011431993712124963 81
1757604350006 1.7117817520959597 82
1757604350130 0.6022821692725976 83
1757604350248 1.5907910287588924 84
1757604350352 3.6285257545040923 85
1757604350453 5.642335498094642 86
1757604350552 0.0008677857839061844 87
1757604350653 0.0021239465496506876 88
1757604350752 2.776761325723461 89
1757604350851 0.3782890920644378 90
1757604350949 0.5029393147184386 91
1757604351047 5.559360006302853e-06 92
1757604351146 0.4795285798595742 93
1757604351246 1.8809557123081275 94
1757604351351 2.6200059915311593 95
1757604351452 2.0355295960381543 96
1757604351552 0.5113019913661251 97
1757604351651 0.6906725643108612 98
1757604351750 0.2774843508713983 99
1757604351848 0.03756985966643887 100
1757604351947 0.5666332834934317 101
1757604352047 0.06916755164076621 102
1757604352148 0.4072577415578882 103
1757604352248 2.2907093448550593 104
1757604352349 0.5708360136307686 105
1757604352451 0.6542935818705831 106
1757604352552 2.1688841268515917 107
1757604352654 1.3784624474222464 108
1757604352756 0.29641545681810394 109
1757604352858 0.12036864582612682 110
1757604352958 0.07013006376044391 111
1757604353058 0.5329410170624114 112
1757604353158 0.23558547272983932 113
1757604353258 3.6748065250031545 114
1757604353358 3.7420326050858344 115
1757604353468 0.00021673003101291134 116
1757604353571 4.854614850128663 117
1757604353671 2.9538609428749747 118
1757604353774 6.481541118043128 119
1757604353874 0.31740481736976955 120
1757604353973 0.5243247537301353 121
1757604354075 1.3090370534473752 122
1757604354173 1.454569123379152 123
1757604354274 3.2951537537768765 124
1757604354374 1.1589688170957277 125
1757604354473 0.006896167497454187 126
1757604354573 0.00047074746800646457 127
1757604354673 1.0369683558018976 128
1757604354773 0.18058309256236563 129
1757604354874 4.7900074388350244 130
1757604354975 0.7742375727529676 131
1757604355073 1.3060963946412634 132
1757604355180 0.5673391087902963 133
1757604355281 0.63147021466966 134
1757604355380 0.16824674035566664 135
1757604355480 2.158598086777973 136
1757604355581 0.6005872282551781 137
1757604355680 1.4084275330474578 138
1757604355781 1.4415482947000866 139
1757604355882 0.598960394672284 140
1757604355982 0.4274912731830132 141
1757604356081 0.0723422831859909 142
1757604356184 7.926972981365 143
1757604356284 0.02904224474727607 144
1757604356385 1.725128876408166 145
1757604356483 0.7960306092649777 146
1757604356583 0.22291353320305426 147
1757604356682 2.8910549578437017 148
1757604356783 1.4575778609078283 149
1757604356883 0.022536097563656748 150
1757604356984 7.453816990600926 151
1757604357084 0.020274453325901047 152
1757604357188 0.13131634032784473 153
1757604357290 0.7247672226124884 154
1757604357390 0.8486707267182018 155
1757604357492 0.1340644608694787 156
1757604357592 0.35043264046446093 157
1757604357694 0.8546591433555435 158
1757604357794 0.9274254055405726 159
1757604357897 0.14372257478928135 160
1757604358010 0.4061836334437856 161
1757604358109 4.188284997425798 162
1757604358209 1.559987882673774 163
1757604358309 0.30101499448356583 164
1757604358410 0.5553564171604535 165
1757604358510 0.7991290433775514 166
1757604358611 1.1795158857826975 167
1757604358712 0.2504018789442611 168
1757604358812 0.026416789375601952 169
1757604358906 0.6008817717792899 170
1757604359003 1.587523511922451 171
1757604359107 1.1142279806804722 172
1757604359208 0.0733643216102207 173
1757604359307 10.39908429502668 174
1757604359410 2.1396119879358397 175
1757604359512 5.64728276627115 176
1757604359613 1.1709763236122026 177
1757604359713 1.5593357053614805 178
1757604359815 0.006616527723461839 179
1757604359917 3.9967379612830376 180
1757604360017 0.2710480360188669 181
1757604360117 2.4687770729057474 182
1757604360217 0.3825157991411421 183
1757604360318 1.6052189470545668 184
1757604360419 0.83041572563445 185
1757604360520 2.6677458336809763 186
1757604360620 3.2581831445528215 187
1757604360724 2.101516592063957 188
1757604360823 1.6379628442573653 189
1757604360923 1.1059848708620985 190
1757604361023 3.3414496014319823 191
1757604361124 8.821143602977873 192
1757604361224 1.1732166646761826 193
1757604361326 3.0772200345502703 194
1757604361425 1.4505409243451577 195
1757604361526 1.2782259693166151 196
1757604361628 1.9474914036343118 197
1757604361728 0.8013982035965089 198
1757604361829 0.0013374556698241905 199
1757604361931 1.6178750651023757 200
1757604362032 0.003501369581400444 201
1757604362133 1.2178723289268523 202
1757604362234 2.4875380299041496 203
1757604362334 3.2777818013981177 204
1757604362435 2.1392084986466338 205
1757604362537 0.00014981983838769709 206
1757604362636 0.9596099034414164 207
1757604362736 1.4091221708083257 208
1757604362838 0.02792492123806106 209
1757604362939 1.4392532989265139 210
1757604363040 8.799803010661252 211
1757604363140 3.948768432418919 212
1757604363240 0.008826203718222791 213
1757604363341 0.10482142601847941 214
1757604363442 0.03548001379925493 215
1757604363543 0.4052417980618245 216
1757604363644 3.9711992950786366 217
1757604363745 1.473555477071856 218
1757604363847 5.471183874467985 219
1757604363946 0.705350850854936 220
1757604364047 0.13355748904420772 221
1757604364148 6.101247943379312 222
1757604364251 1.058489970696705 223
1757604364353 0.2785885552922688 224
1757604364455 0.2851740015415007 225
1757604364555 2.3205868972690387 226
1757604364657 0.6920543926176507 227
1757604364761 5.192673637501275 228
1757604364862 0.4365751909408675 229
1757604364966 7.347993605588309 230
1757604365067 0.004680562902108955 231
1757604365173 1.66800136905503 232
1757604365276 5.2786688554865595 233
1757604365377 2.2038380512985447 234
1757604365478 1.4043378174388226 235
1757604365580 1.186526094173324 236
1757604365685 0.09304130978469503 237
1757604365788 3.0512695911235315 238
1757604365890 1.281972431033283 239
1757604365994 2.924450844842025 240
1757604366097 0.08012423351907229 241
1757604366202 0.018015787284299423 242
1757604366304 8.373941402026698e-05 243
1757604366407 0.281582552322968 244
1757604366509 0.012950991401490778 245
1757604366609 3.000886173227584 246
1757604366711 3.1482411771785066 247
1757604366814 2.5961213200538977 248
1757604366916 0.5693590538292836 249
1757604367017 0.13064534514134127 250
1757604367122 0.1312570466837414 251
1757604367227 4.4751628423461325 252
1757604367330 0.01202596613731801 253
1757604367433 2.432725468901717 254
1757604367536 0.013398554940612008 255
1757604367637 0.2310725896078292 256
1757604367741 16.077662394015015 257
1757604367843 0.07235237322175897 258
1757604367945 0.2913439554364164 259
1757604368048 2.5993949193224526 260
1757604368151 6.645410843979921 261
1757604368252 3.4832969271239516 262
1757604368353 2.635252171638884 263
1757604368455 0.1731117789756102 264
1757604368557 0.003138130883041577 265
1757604368658 2.842171031332644 266
1757604368764 0.00023865331860228604 267
1757604368869 0.04398594491498287 268
1757604368972 3.0577139466621257 269
1757604369075 0.0809917275654824 270
1757604369178 6.640847607957294 271
1757604369281 4.963682635549667 272
1757604369383 0.06429210852807178 273
1757604369488 1.1914029350350204 274
1757604369591 1.3617890480713317 275
1757604369695 5.855198989151175 276
1757604369804 0.14228682249277905 277
1757604369908 0.0013511691409580579 278
1757604370015 2.5809729921438938 279
1757604370119 0.07408660916414093 280
1757604370225 0.982125731322629 281
1757604370327 0.07150803062543262 282
1757604370429 3.982946662220578 283
1757604370533 0.041803321388496746 284
1757604370635 2.8140579600291105 285
1757604370742 2.6628502470013338 286
1757604370846 0.8490424400600651 287
1757604370950 3.613194470605868 288
1757604371052 0.034766681260663096 289
1757604371155 0.007366053133193197 290
1757604371258 3.487727027357439 291
1757604371361 0.8928160250571205 292
1757604371464 0.2251959120857074 293
1757604371568 2.3164431222545954 294
1757604371671 2.91128694184376 295
1757604371773 0.010794467813252436 296
1757604371895 0.14749260554514257 297
1757604372056 0.9813397056232038 298
1757604372189 2.5949582592820963 299
1757604372321 1.3457101598111507 300
1757604372457 0.17911023058602515 301
1757604372583 6.645530082087089 302
1757604372705 0.5594856549774803 303
1757604372832 7.935825797514329 304
1757604372938 0.014737116041245715 305
1757604373045 3.1958273777038446 306
1757604373150 2.076934591912139 307
1757604373253 0.008999951709887339 308
1757604373359 1.5739296428797604 309
1757604373462 2.9181745328824413 310
1757604373568 0.17993394064056722 311
1757604373671 0.0008410252909590607 312
1757604373775 2.1324331177612974 313
1757604373877 4.035894222356583 314
1757604373982 2.130060534364184 315
1757604374087 5.042823035064106 316
1757604374190 0.20573451496232525 317
1757604374294 0.5972385933107179 318
1757604374399 1.4220239032676278 319
1757604374503 0.5174335831274225 320
1757604374608 5.031662361782841 321
1757604374713 0.8063424749008087 322
1757604374818 0.06954797194971821 323
1757604374922 0.43603086940265345 324
1757604375027 0.0018286154188738135 325
1757604375133 0.7764256180052242 326
1757604375240 0.1122463645809976 327
1757604375344 0.03257476680988346 328
1757604375449 1.7458529963567686 329
1757604375552 0.6242113858386632 330
1757604375658 0.062373771368185116 331
1757604375763 1.0949956646978496 332
1757604375868 0.45842545401409046 333
1757604375972 0.3077151675153576 334
1757604376077 1.7303857912377265 335
1757604376182 2.155528730196258 336
1757604376288 2.60886542238438 337
1757604376392 2.5982407380850083 338
1757604376498 0.20759724032959154 339
1757604376604 2.13731185298044 340
1757604376710 0.2516815545577763 341
1757604376818 0.4796873385354474 342
1757604376922 2.290264020465463 343
1757604377027 0.22010742242945447 344
1757604377131 0.12639846853239303 345
1757604377238 0.6055702608571415 346
1757604377346 3.3386878197660463 347
1757604377463 5.754393411512893 348
1757604377568 2.3722417331906147 349
1757604377673 0.2768007185496925 350
1757604377778 0.015512432384860449 351
1757604377883 0.04535746364798836 352
1757604377988 5.69867612919602 353
1757604378093 0.10742491547502261 354
1757604378199 2.9414818079701046 355
1757604378304 0.1364669177256365 356
1757604378409 2.293154768413375 357
1757604378514 3.7467518144802896 358
1757604378626 0.2822567240176263 359
1757604378732 0.013050541238989563 360
1757604378843 1.7641119990985459 361
1757604378952 0.08805442520482278 362
1757604379058 0.41874702076787 363
1757604379172 4.370849586962961 364
1757604379279 0.610870687246917 365
1757604379387 0.8305918622599611 366
1757604379494 0.16285595270364914 367
1757604379601 2.3946622687631502 368
1757604379708 3.939599834201546 369
1757604379814 0.11443560148351062 370
1757604379921 1.9549333122003258 371
1757604380027 0.1127256738334965 372
1757604380134 1.5448180615728426 373
1757604380240 1.307915847365951 374
1757604380346 0.18010956680482965 375
1757604380451 0.36432287365144206 376
1757604380557 2.2512385571589624 377
1757604380664 0.0013859878435443028 378
1757604380771 0.9066792631196391 379
1757604380879 2.4228909596493224 380
1757604380987 0.12666035522212016 381
1757604381092 0.5152389217437616 382
1757604381199 1.862037195151478 383
1757604381303 2.782492117014711 384
1757604381409 0.918806192678401 385
1757604381515 1.1564421991996832 386
1757604381622 0.7038475681848283 387
1757604381749 1.413585001595054 388
1757604381855 0.6785544687878156 389
1757604381962 0.5882498174303313 390
1757604382069 0.003172330740827798 391
1757604382175 1.884257898089766 392
1757604382286 0.2242611499374404 393
1757604382402 2.01905911694232 394
1757604382510 0.06016132445249317 395
1757604382619 1.4997804243756825 396
1757604382725 0.7217814626079831 397
1757604382832 1.445109714227564 398
1757604382939 1.0952013423747193 399
1757604383045 0.07452239880853802 400
1757604383153 0.3066550626141717 401
1757604383260 2.6332202482493203 402
1757604383367 0.5453193996012391 403
1757604383474 0.030306753533886545 404
1757604383581 2.0143506537046703 405
1757604383688 0.1405341302426982 406
1757604383794 1.3343850219340887 407
1757604383901 1.552549613602853 408
1757604384010 0.9232979931658205 409
1757604384118 1.0819708421445389 410
1757604384226 0.6895623730939641 411
1757604384334 0.18431729216389972 412
1757604384441 7.306549195402809 413
1757604384548 0.21560705961088492 414
1757604384656 0.0033022371865414485 415
1757604384764 0.0270141277464951 416
1757604384874 3.3454932953098457 417
1757604384987 8.774074477883275e-05 418
1757604385097 0.7137328027651354 419
1757604385215 8.683375235817135 420
1757604385330 3.7732946400124976 421
1757604385447 8.525417113326725e-06 422
1757604385557 6.663192765967598 423
1757604385665 0.00043225853294735967 424
1757604385773 1.4941212902821288 425
1757604385882 9.75042233182187 426
1757604385991 2.491155774325189 427
1757604386100 2.1388765484226493 428
1757604386221 0.15336588189268174 429
1757604386335 0.0012814230978172242 430
1757604386446 0.04085305694844594 431
1757604386558 0.10242182437693136 432
1757604386692 3.6824745364854623 433
1757604386821 0.168673126733856 434
1757604386931 1.0385108408249673 435
1757604387045 0.9689756627201167 436
1757604387154 0.14981595495360522 437
1757604387266 1.719720021939017 438
1757604387379 6.06289027790469 439
1757604387487 0.0003311800850568196 440
1757604387615 7.890318426113614 441
1757604387728 10.605343035166324 442
1757604387838 2.0939693527114334 443
1757604387947 2.1959377791355164 444
1757604388073 0.0039536610090237295 445
1757604388190 0.25285823282740894 446
1757604388299 2.433873680127381 447
1757604388406 0.009231309378856157 448
1757604388513 1.9729618738585937 449
1757604388623 1.7248024820103425 450
1757604388731 3.0082147255638834 451
1757604388839 0.3479897900325075 452
1757604388949 3.090256408907258 453
1757604389057 3.6498711805128488 454
1757604389165 2.718519187097948 455
1757604389274 3.100764044127083 456
1757604389382 1.8360767882240079 457
1757604389490 0.765890203264298 458
1757604389598 3.8023480350911276 459
1757604389707 1.5058582345070641 460
1757604389815 2.512894544376565 461
1757604389924 2.9972276751464686 462
1757604390032 0.030848794703001114 463
1757604390141 3.03114936515909 464
1757604390249 0.11602051799308044 465
1757604390358 3.9668308075451235 466
1757604390467 1.8821235551325692 467
1757604390574 5.847907687320783 468
1757604390682 2.1782206794516776 469
1757604390790 0.6619304336172381 470
1757604390899 0.1838113790178923 471
1757604391010 0.20100164189057299 472
1757604391119 2.1381635432705504 473
1757604391230 0.3485928746320205 474
1757604391342 0.13503147621866537 475
1757604391453 0.742469190461133 476
1757604391566 1.6246841148637663 477
1757604391676 1.2148474367279682 478
1757604391816 0.9303403901761842 479
1757604391927 0.013654986385944522 480
1757604392039 3.206266397968644 481
1757604392151 0.25339952799024196 482
1757604392262 0.3055394664320297 483
1757604392374 0.0038235271144745485 484
1757604392485 0.717558442740226 485
1757604392597 0.15905176745434244 486
1757604392706 3.8591204958160654 487
1757604392817 0.17480805575322178 488
1757604392930 0.017819109095961544 489
1757604393041 1.7994846741750772 490
1757604393155 5.87331852829371 491
1757604393267 0.06937627888095393 492
1757604393377 0.00642847390388597 493
1757604393488 0.9349504125519958 494
1757604393600 0.24145503431884383 495
1757604393712 3.460338142894306 496
1757604393821 0.9323790174693829 497
1757604393932 0.8011544461886914 498
1757604394042 3.3042161321607444 499
