1757448055561 0.9856616403027469 0
1757448055657 1.2713696234053113 1
1757448055755 0.03162739666981845 2
1757448055849 2.276005378151556 3
1757448055946 0.5406049625207064 4
1757448056040 1.4406759441495367 5
1757448056133 0.016814522556720304 6
1757448056228 1.900336523863304 7
1757448056321 0.0028409870694067457 8
1757448056415 1.0622288455025215 9
1757448056511 0.12213656762992757 10
1757448056609 2.391693984301118 11
1757448056709 0.3218420144660305 12
1757448056812 0.09070761410241095 13
1757448056914 0.20546663904874454 14
1757448057013 1.7983594430186671 15
1757448057114 0.7216320063895045 16
1757448057210 0.4441457773339676 17
1757448057308 0.7298279579694749 18
1757448057403 0.07341114586053893 19
1757448057498 0.5999742345542457 20
1757448057593 0.019037943570265677 21
1757448057691 1.0577427932599572 22
1757448057789 0.0030499581671055136 23
1757448057885 0.24308050010197726 24
1757448057981 6.874156543780007 25
1757448058077 0.18745523521793955 26
1757448058173 1.5053530283891068 27
1757448058274 0.2632594415117121 28
1757448058377 2.329598951754669 29
1757448058475 2.250980415970274 30
1757448058572 0.028736656079847357 31
1757448058669 1.5732578700726758 32
1757448058765 0.25053047169485726 33
1757448058868 0.9467872005729329 34
1757448058983 0.2470768515942222 35
1757448059077 0.419034740581734 36
1757448059170 0.007367649386059475 37
1757448059265 0.2609697039745434 38
1757448059363 0.01022730677698108 39
1757448059462 0.47653377603265984 40
1757448059559 1.774346870990668 41
1757448059654 0.4846652434840716 42
1757448059752 0.09429672569577341 43
1757448059847 0.11370466186750866 44
1757448059944 0.2814641016301508 45
1757448060041 0.2984288568458329 46
1757448060138 0.23982164220402202 47
1757448060237 0.2623531753747018 48
1757448060335 0.3636074548397112 49
1757448060430 1.0073780751012091 50
1757448060527 1.877909835450131 51
1757448060623 0.122365874277045 52
1757448060720 0.2548532169014208 53
1757448060816 0.12982991404238164 54
1757448060914 0.4458176238860953 55
1757448061003 0.7381687680049992 56
1757448061100 0.205738360774515 57
1757448061197 4.3188905456184425 58
1757448061295 0.6821966067830179 59
1757448061394 0.7574759480902303 60
1757448061492 0.462351614288001 61
1757448061589 0.1810453804315586 62
1757448061685 0.9819710780279541 63
1757448061781 0.6349782325714843 64
1757448061877 0.15655569252298648 65
1757448061974 11.348763850320742 66
1757448062073 0.23741972745918885 67
1757448062173 3.2776101995019267 68
1757448062271 0.00010738708993622731 69
1757448062367 0.5669564770027129 70
1757448062462 0.4707686603877136 71
1757448062557 2.7918317414445917 72
1757448062650 0.030940471986205365 73
1757448062745 0.04053879245095197 74
1757448062839 0.23514986508100283 75
1757448062935 0.09763263933552277 76
1757448063032 0.7590911481172135 77
1757448063132 0.4004017457603375 78
1757448063229 1.4078419216948321 79
1757448063326 0.5595977324525023 80
1757448063426 0.003150426299507981 81
1757448063523 3.3088834121948354 82
1757448063622 1.0435657750040037 83
1757448063719 0.01169137306366148 84
1757448063817 0.40911067844137355 85
1757448063914 0.4502185317801422 86
1757448064011 0.2615587338263716 87
1757448064108 0.011550375453802214 88
1757448064205 0.09260663541296066 89
1757448064304 2.110972060034685 90
1757448064403 1.4092868283342221 91
1757448064502 0.01247651272963958 92
1757448064598 0.6311558399159198 93
1757448064696 0.004033937746058081 94
1757448064793 0.04249993554076959 95
1757448064890 0.5857718467971034 96
1757448064986 0.7725897613214989 97
1757448065083 1.3285332007197226 98
1757448065180 0.042784447500811874 99
1757448065277 1.4961481054036874 100
1757448065376 0.034497510650047004 101
1757448065476 0.015384786203258487 102
1757448065573 0.541153705838392 103
1757448065671 0.9432184054811206 104
1757448065767 0.12647929359139645 105
1757448065864 1.8183480888460162 106
1757448065960 2.7401917555273685 107
1757448066054 1.3889489771580263 108
1757448066148 0.07610517201541196 109
1757448066246 0.13173414374412248 110
1757448066342 0.002569721384066369 111
1757448066439 0.23473376316990427 112
1757448066537 0.21919006161680069 113
1757448066635 1.554793806227976 114
1757448066731 0.04352643525757168 115
1757448066828 0.012203327544993597 116
1757448066926 0.0023036217829491574 117
1757448067024 1.1828795371584257e-05 118
1757448067124 0.18321283110059278 119
1757448067223 0.4416763176433173 120
1757448067323 3.913814080894848 121
1757448067424 0.0034304113396708856 122
1757448067521 0.24036078914965447 123
1757448067617 0.29883332204336716 124
1757448067716 0.4022394026308301 125
1757448067813 1.2847995142313786 126
1757448067910 0.1685336459162473 127
1757448068010 0.7978065332898772 128
1757448068108 0.0026509113242016357 129
1757448068206 0.03890317597065646 130
1757448068302 0.015645947116167427 131
1757448068400 0.07000023252827438 132
1757448068498 0.01850122548495589 133
1757448068590 0.7553342200853774 134
1757448068685 0.5287738024397475 135
1757448068782 0.10213613454960706 136
1757448068880 0.9280807551642528 137
1757448068980 1.8470198511185782 138
1757448069075 0.23219770487894717 139
1757448069174 0.6681365991600188 140
1757448069274 0.08935769079836692 141
1757448069373 0.4051035295143878 142
1757448069472 0.854627022713852 143
1757448069571 0.6179402173120672 144
1757448069667 0.3658163745289369 145
1757448069763 0.019126861670107735 146
1757448069862 0.23910190365742331 147
1757448069958 1.4344235542092805 148
1757448070057 0.08598908397505478 149
1757448070151 0.33854161726721116 150
1757448070244 0.07498214896925359 151
1757448070338 0.00631877124810162 152
1757448070433 0.02171428010914181 153
1757448070530 0.5440153899767128 154
1757448070626 0.458442747622493 155
1757448070721 0.5621267867007029 156
1757448070821 3.9792158750469144 157
1757448070916 0.03427883617920181 158
1757448071010 0.0753494055304385 159
1757448071107 0.03883680764521466 160
1757448071203 5.802794690235686 161
1757448071299 0.052968510994042844 162
1757448071393 0.5542693776138825 163
1757448071517 0.011745111253074356 164
1757448071609 2.686955570305657 165
1757448071701 0.4107626700203404 166
1757448071797 0.009000237749142508 167
1757448071894 0.030791732208443036 168
1757448071990 0.0008267157615072727 169
1757448072088 0.7624279437444148 170
1757448072182 0.11600015090483326 171
1757448072276 0.46351703813235795 172
1757448072377 0.19335970739126385 173
1757448072475 3.4730047569682356 174
1757448072577 0.007350561320734064 175
1757448072674 0.2539428076978281 176
1757448072769 1.1765979606681978 177
1757448072867 0.7207416705853563 178
1757448072968 2.9353918942690953 179
1757448073070 0.41911380130881304 180
1757448073172 0.15755593139303525 181
1757448073272 1.4099255840672906 182
1757448073373 0.014433072110677797 183
1757448073475 0.07688324884050152 184
1757448073573 0.11005537824103515 185
1757448073669 0.02672574877705943 186
1757448073767 0.11024555389677682 187
1757448073866 0.013895097486287495 188
1757448073967 0.016165596380108664 189
1757448074067 0.0016934829991647716 190
1757448074168 0.15723677220795265 191
1757448074263 1.1421110744841994 192
1757448074358 7.419565496650978 193
1757448074460 0.4074005012635252 194
1757448074558 1.7787643816724414 195
1757448074658 0.159302068842191 196
1757448074759 0.01976185876479862 197
1757448074860 0.06281261984218453 198
1757448074958 0.870986890058553 199
1757448075056 0.04676970868883512 200
1757448075151 4.5895830285104875 201
1757448075250 10.086062024580345 202
1757448075349 0.005642667838627881 203
1757448075450 0.09476909349094284 204
1757448075550 0.017919353591553097 205
1757448075647 0.13022164056602878 206
1757448075743 0.7928547781131717 207
1757448075839 0.07438736783501657 208
1757448075940 0.5089016653039808 209
1757448076034 0.002595747151564666 210
1757448076132 0.9497513350138161 211
1757448076229 0.4733767698269972 212
1757448076325 0.3408622951206699 213
1757448076420 0.16434384938272534 214
1757448076515 1.0390759021463094 215
1757448076615 2.3451807347725935 216
1757448076712 0.7063122646175699 217
1757448076809 0.03186346863784491 218
1757448076909 1.0601590498980342 219
1757448077009 0.06957315196626031 220
1757448077107 0.382378925020517 221
1757448077212 0.42950700706086054 222
1757448077311 0.06156575583233121 223
1757448077411 0.011679444516897727 224
1757448077510 0.645992506701613 225
1757448077608 0.00952110965432691 226
1757448077706 0.5081887830260716 227
1757448077804 0.5496823886467911 228
1757448077905 1.5705477021823997 229
1757448078004 0.3003762665151207 230
1757448078102 0.6554777179818249 231
1757448078199 1.0196910816641218 232
1757448078298 0.08428729423334283 233
