1757589061386 170.09814029950593 0
1757589061451 161.208896195275 1
1757589061515 157.10306440846247 2
1757589061579 153.043663020608 3
1757589061643 149.095171712182 4
1757589061707 145.25358584069934 5
1757589061768 141.51597116840787 6
1757589061825 137.8794613491183 7
1757589061889 134.3412700125433 8
1757589061952 130.89868832629543 9
1757589062021 127.5490828301783 10
1757589062090 124.28989332827183 11
1757589062156 121.11863084016258 12
1757589062220 118.03287560961567 13
1757589062283 115.03027516907682 14
1757589062344 112.10854245843684 15
1757589062399 109.26545399653482 16
1757589062456 106.49884810392041 17
1757589062517 103.80662317543522 18
1757589062579 101.18673600121548 19
1757589062639 98.63720013475641 20
1757589062701 96.15608430671736 21
1757589062760 93.74151088318368 22
1757589062820 91.39165436713745 23
1757589062880 89.1047399419244 24
1757589062944 86.87904205553787 25
1757589063006 84.71288304457467 26
1757589063071 82.60463179674893 27
1757589063133 80.5527024508821 28
1757589063197 78.55555313331686 29
1757589063260 76.61168472973338 30
1757589063327 74.71963969137354 31
1757589063395 72.87800087470825 32
1757589063460 71.08539041360885 33
1757589063522 69.34046862311081 34
1757589063585 67.64193293388279 35
1757589063652 65.98851685653987 36
1757589063718 64.37898897496332 37
1757589063785 62.81215196781279 38
1757589063851 61.28684165744034 39
1757589063917 59.801926085437195 40
1757589063979 58.356304614065884 41
1757589064046 56.94890705285177 42
1757589064111 55.57869280962801 43
1757589064175 54.244650065347834 44
1757589064239 52.94579497199753 45
1757589064304 51.68117087296189 46
1757589064368 50.44984754521263 47
1757589064488 49.25092046270706 48
1757589064559 48.08351008040269 49
1757589064626 46.94676113830908 50
1757589064695 45.83984198501496 51
1757589064766 44.76194392014459 52
1757589064835 43.712280555212274 53
1757589064900 42.6900871923591 54
1757589064964 41.69462022047036 55
1757589065032 40.72515652818636 56
1757589065101 39.78099293333271 57
1757589065167 38.86144562830974 58
1757589065236 37.96584964099362 59
1757589065305 37.093558310713995 60
1757589065371 36.24394277888577 61
1757589065442 35.41639149388382 62
1757589065510 34.610309729761525 63
1757589065572 33.82511911842491 64
1757589065637 33.06025719488527 65
1757589065702 32.31517695522345 66
1757589065768 31.589346426909763 67
1757589065831 30.88224825113282 68
1757589065895 30.193379276800997 69
1757589065967 29.5222501658892 70
1757589066036 28.868385009812958 71
1757589066101 28.231320956520815 72
1757589066171 27.610607848004733 73
1757589066239 27.005807867936294 74
1757589066308 26.416495199145263 75
1757589066376 25.84225569066455 76
1757589066440 25.282686534073463 77
1757589066504 24.737395948878913 78
1757589066572 24.206002876681175 79
1757589066638 23.688136683878227 80
1757589066705 23.18343687266936 81
1757589066776 22.691552800125674 82
1757589066847 22.212143405101408 83
1757589066916 21.74487694276649 84
1757589066981 21.289430726546936 85
1757589067047 20.84549087726548 86
1757589067114 20.412752079280942 87
1757589067179 19.990917343430198 88
1757589067242 19.57969777658237 89
1757589067304 19.178812357620036 90
1757589067376 18.78798771966745 91
1757589067447 18.406957938391063 92
1757589067514 18.035464326202085 93
1757589067583 17.67325523219605 94
1757589067649 17.320085847668746 95
1757589067717 16.975718017052348 96
1757589067788 16.63992005412015 97
1757589067855 16.31246656331239 98
1757589067918 15.993138266039796 99
1757589067986 15.68172183182568 100
1757589068054 15.37800971415109 101
1757589068117 15.081799990871438 102
1757589068187 14.792896209076742 103
1757589068257 14.511107234271131 104
1757589068325 14.236247103750761 105
1757589068386 13.968134884062794 106
1757589068455 13.706594532431163 107
1757589068523 13.451454762038292 108
1757589068594 13.202548911054821 109
1757589068662 12.959714815312665 110
1757589068731 12.722794684519386 111
1757589068801 12.49163498191492 112
1757589068869 12.266086307274499 113
1757589068935 12.046003283164055 114
1757589069007 11.831244444357344 115
1757589069074 11.6216721303263 116
1757589069141 11.41715238071882 117
1757589069211 11.217554833740389 118
1757589069280 11.02275262735851 119
1757589069347 10.832622303250966 120
1757589069417 10.64704371342131 121
1757589069488 10.465899929407042 122
1757589069556 10.289077154008078 123
1757589069625 10.116464635465055 124
1757589069692 9.947954584019119 125
1757589069763 9.78344209078662 126
1757589069832 9.622825048884154 127
1757589069899 9.466004076741012 128
1757589069970 9.312882443538061 129
1757589070039 9.163365996713654 130
1757589070112 9.017363091478865 131
1757589070179 8.874784522285962 132
1757589070248 8.735543456195659 133
1757589070320 8.599555368090076 134
1757589070388 8.466737977680012 135
1757589070453 8.337011188256346 136
1757589070524 8.210297027137049 137
1757589070594 8.086519587762394 138
1757589070664 7.965604973392461 139
1757589070734 7.847481242362245 140
1757589070800 7.73207835485093 141
1757589070868 7.619328121123088 142
1757589070936 7.509164151200813 143
1757589071005 7.40152180592688 144
1757589071076 7.296338149380186 145
1757589071144 7.193551902605734 146
1757589071213 7.09310339862258 147
1757589071280 6.994934538674154 148
1757589071351 6.898988749686281 149
1757589071420 6.805210942899316 150
1757589071499 6.713547473641693 151
1757589071569 6.623946102213089 152
1757589071641 6.536355955846297 153
1757589071710 6.450727491717818 154
1757589071779 6.367012460977954 155
1757589071853 6.285163873772028 156
1757589071922 6.20513596522517 157
1757589071990 6.126884162363844 158
1757589072060 6.050365051948062 159
1757589072130 5.975536349188968 160
1757589072201 5.902356867327148 161
1757589072272 5.830786488047745 162
1757589072345 5.760786132709132 163
1757589072412 5.692317734362491 164
1757589072482 5.625344210540345 165
1757589072556 5.559829436792676 166
1757589072627 5.495738220949839 167
1757589072702 5.433036278092105 168
1757589072775 5.371690206206194 169
1757589072844 5.311667462509716 170
1757589072914 5.252936340424999 171
1757589072987 5.195465947184256 172
1757589073061 5.139226182048558 173
1757589073132 5.084187715123638 174
1757589073200 5.030321966755879 175
1757589073272 4.977601087492479 176
1757589073345 4.92599793859009 177
1757589073414 4.875486073056723 178
1757589073486 4.826039717212194 179
1757589073559 4.777633752752654 180
1757589073628 4.730243699305304 181
1757589073697 4.6838456974596685 182
1757589073768 4.638416492262243 183
1757589073841 4.593933417161696 184
1757589073913 4.55037437839213 185
1757589073983 4.507717839782267 186
1757589074055 4.465942807978802 187
1757589074126 4.4250288180724375 188
1757589074196 4.3849559196154635 189
1757589074268 4.345704663020054 190
1757589074341 4.30725608632677 191
1757589074415 4.269591702332994 192
1757589074482 4.232693486071398 193
1757589074555 4.196543862628706 194
1757589074623 4.161125695295449 195
1757589074696 4.126422274037444 196
1757589074767 4.09241730428024 197
1757589074838 4.05909489599778 198
1757589074910 4.026439553096972 199
1757589074983 3.994436163089951 200
1757589075059 3.963069987046105 201
1757589075132 3.932326649816164 202
1757589075201 3.902192130520846 203
1757589075274 3.8726527532967476 204
1757589075347 3.8436951782924367 205
1757589075417 3.815306392907796 206
1757589075493 3.787473703269961 207
1757589075562 3.7601847259393426 208
1757589075632 3.733427379839349 209
1757589075703 3.707189878403713 210
1757589075776 3.681460721935406 211
1757589075848 3.6562286901713343 212
1757589075921 3.631482835047137 213
1757589075993 3.607212473656609 214
1757589076066 3.583407181400417 215
1757589076141 3.5600567853188485 216
1757589076209 3.5371513576036127 217
1757589076285 3.514681209283733 218
1757589076362 3.492636884080769 219
1757589076435 3.471009152428728 220
1757589076506 3.4497890056541367 221
1757589076580 3.428967650311893 222
1757589076652 3.4085365026726353 223
1757589076730 3.388487183357461 224
1757589076805 3.3688115121159714 225
1757589076880 3.349501502743728 226
1757589076951 3.3305493581352845 227
1757589077025 3.3119474654691063 228
1757589077102 3.2936883915207504 229
1757589077172 3.275764878100832 230
1757589077242 3.2581698376143353 231
1757589077313 3.2408963487379783 232
1757589077390 3.223937652212394 233
1757589077468 3.2072871467460056 234
1757589077542 3.190938385027538 235
1757589077619 3.1748850698442186 236
1757589077694 3.159121050302777 237
1757589077767 3.143640318150436 238
1757589077840 3.128437004193198 239
1757589077913 3.113505374808734 240
1757589077988 3.098839828551356 241
1757589078057 3.0844348928465304 242
1757589078120 3.0702852207724973 243
1757589078193 3.0563855879266626 244
1757589078264 3.0427308893744227 245
1757589078336 3.0293161366782013 246
1757589078410 3.0161364550045326 247
1757589078476 3.003187080307056 248
1757589078547 2.99046335658337 249
1757589078621 2.9779607332037568 250
1757589078692 2.965674762309803 251
1757589078825 2.953601096281058 252
1757589078908 2.941735485267879 253
1757589078984 2.9300737747886494 254
1757589079056 2.9186119033896696 255
1757589079135 2.907345900366 256
1757589079209 2.8962718835416155 257
1757589079284 2.885386057107291 258
1757589079358 2.874684709514629 259
1757589079432 2.8641642114247454 260
1757589079508 2.853821013710119 261
1757589079585 2.8436516455081944 262
1757589079658 2.8336527123253346 263
1757589079736 2.8238208941897636 264
1757589079811 2.814152943852195 265
1757589079886 2.80464568503286 266
1757589079960 2.795296010713689 267
1757589080038 2.7861008814744532 268
1757589080116 2.7770573238716385 269
1757589080191 2.7681624288589832 270
1757589080264 2.7594133502484843 271
1757589080341 2.750807303210851 272
1757589080416 2.7423415628143184 273
1757589080487 2.734013462600805 274
1757589080561 2.7258203931984286 275
1757589080638 2.717759800969377 276
1757589080715 2.709829186692239 277
1757589080787 2.7020261042778375 278
1757589080863 2.6943481595176877 279
1757589080938 2.6867930088642047 280
1757589081013 2.6793583582418616 281
1757589081088 2.6720419618883797 282
1757589081165 2.664841621225258 283
1757589081238 2.6577551837568016 284
1757589081314 2.6507805419969057 285
1757589081392 2.64391563242287 286
1757589081467 2.6371584344555243 287
1757589081542 2.6305069694649594 288
1757589081618 2.6239592998012027 289
1757589081688 2.617513527849169 290
1757589081766 2.6111677951072445 291
1757589081843 2.6049202812888987 292
1757589081919 2.5987692034466883 293
1757589081992 2.592712815118096 294
1757589082065 2.5867494054925992 295
1757589082143 2.580877298599449 296
1757589082218 2.575094852515564 297
1757589082293 2.569400458593055 298
1757589082371 2.5637925407058635 299
1757589082448 2.558269554514981 300
1757589082518 2.5528299867518003 301
1757589082593 2.5474723545190967 302
1757589082671 2.5421952046092064 303
1757589082748 2.536997112838919 304
1757589082824 2.5318766834006845 305
1757589082899 2.5268325482296867 306
1757589082975 2.521863366386382 307
1757589083052 2.516967823454084 308
1757589083130 2.512144630951241 309
1757589083205 2.507392525757977 310
1757589083279 2.5027102695565633 311
1757589083354 2.498096648285445 312
1757589083429 2.493550471606486 313
1757589083506 2.4890705723850526 314
1757589083585 2.484655806182667 315
1757589083663 2.480305050761845 316
1757589083738 2.4760172056028487 317
1757589083816 2.4717911914320223 318
1757589083894 2.4676259497614206 319
1757589083973 2.4635204424394477 320
1757589084052 2.459473651212218 321
1757589084132 2.455484577295359 322
1757589084212 2.4515522409560004 323
1757589084291 2.4476756811046885 324
1757589084368 2.4438539548969564 325
1757589084447 2.4400861373443234 326
1757589084522 2.436371320934481 327
1757589084599 2.432708615260416 328
1757589084676 2.429097146658272 329
1757589084752 2.4255360578536878 330
1757589084828 2.422024507616449 331
1757589084909 2.4185616704231943 332
1757589084988 2.415146736128001 333
1757589085066 2.4117789096406477 334
1757589085142 2.408457410612352 335
1757589085221 2.4051814731288057 336
1757589085299 2.4019503454103117 337
1757589085378 2.398763289518858 338
1757589085454 2.3956195810719434 339
1757589085532 2.3925185089629966 340
1757589085611 2.3894593750882187 341
1757589085688 2.3864414940796856 342
1757589085765 2.38346419304455 343
1757589085843 2.3805268113102187 344
1757589085921 2.377628700175319 345
1757589086003 2.3747692226663375 346
1757589086081 2.3719477532997804 347
1757589086162 2.3691636778497145 348
1757589086245 2.366416393120573 349
1757589086325 2.363705306725069 350
1757589086411 2.3610298368671225 351
1757589086489 2.3583894121296627 352
1757589086562 2.355783471267158 353
1757589086641 2.3532114630028205 354
1757589086718 2.350672845830322 355
1757589086796 2.3481670878199106 356
1757589086875 2.345693666428853 357
1757589086953 2.343252068316074 358
1757589087031 2.3408417891608866 359
1757589087109 2.338462333485736 360
1757589087186 2.336113214482834 361
1757589087267 2.333793953844612 362
1757589087345 2.3315040815978905 363
1757589087424 2.329243135941665 364
1757589087500 2.3270106630884424 365
1757589087580 2.3248062171090305 366
1757589087655 2.322629359780698 367
1757589087735 2.3204796604386226 368
1757589087813 2.3183566958305595 369
1757589087893 2.3162600499746353 370
1757589087971 2.314189314020218 371
1757589088054 2.3121440861117484 372
1757589088138 2.310123971255529 373
1757589088219 2.308128581189316 374
1757589088297 2.3061575342547362 375
1757589088381 2.30421045527238 376
1757589088461 2.3022869754195696 377
1757589088538 2.3003867321107125 378
1757589088611 2.2985093688801768 379
1757589088692 2.296654535267643 380
1757589088771 2.2948218867058503 381
1757589088852 2.293011084410733 382
1757589088931 2.291221795273805 383
1757589089013 2.289453691756844 384
1757589089091 2.287706451788736 385
1757589089166 2.2859797586644675 386
1757589089246 2.2842733009462273 387
1757589089326 2.2825867723665345 388
1757589089407 2.2809198717333867 389
1757589089488 2.27927230283733 390
1757589089569 2.2776437743604734 391
1757589089653 2.2760339997873342 392
1757589089735 2.2744426973175336 393
1757589089817 2.2728695897802464 394
1757589089896 2.271314404550407 395
1757589089975 2.2697768734666144 396
1757589090056 2.2682567327506873 397
1757589090136 2.266753722928857 398
1757589090215 2.2652675887545435 399
1757589090297 2.263798079132674 400
1757589090376 2.262344947045534 401
1757589090457 2.2609079494800817 402
1757589090539 2.259486847356734 403
1757589090631 2.258081405459554 404
1757589090717 2.2566913923678307 405
1757589090795 2.2553165803890103 406
1757589090876 2.2539567454929528 407
1757589090956 2.25261166724749 408
1757589091037 2.251281128755237 409
1757589091122 2.2499649165916655 410
1757589091203 2.2486628207443604 411
1757589091280 2.2473746345534877 412
1757589091364 2.2461001546534023 413
1757589091446 2.2448391809154016 414
1757589091528 2.2435915163915823 415
1757589091611 2.2423569672597914 416
1757589091692 2.2411353427696197 417
1757589091772 2.2399264551894578 418
1757589091856 2.238730119754552 419
1757589091940 2.237546154616061 420
1757589092024 2.23637438079108 421
1757589092104 2.235214622113632 422
1757589092187 2.2340667051865664 423
1757589092269 2.2329304593343946 424
1757589092347 2.2318057165570035 425
1757589092426 2.2306923114842405 426
1757589092502 2.2295900813313683 427
1757589092579 2.2284988658553386 428
1757589092660 2.227418507311902 429
1757589092743 2.2263488504135083 430
1757589092825 2.225289742287993 431
1757589092908 2.224241032438039 432
1757589092984 2.2232025727013904 433
1757589093066 2.2221742172117915 434
1757589093146 2.2211558223606667 435
1757589093226 2.220147246759492 436
1757589093308 2.2191483512028642 437
1757589093389 2.2181589986322465 438
1757589093470 2.217179054100384 439
1757589093551 2.216208384736361 440
1757589093633 2.2152468597112955 441
1757589093715 2.2142943502046712 442
1757589093795 2.2133507293712644 443
1757589093877 2.212415872308673 444
1757589093960 2.2114896560254427 445
1757589094044 2.2105719594097497 446
1757589094125 2.209662663198671 447
1757589094212 2.208761649947982 448
1757589094298 2.2078688040025147 449
1757589094406 2.2069840114670254 450
1757589094493 2.2061071601776003 451
1757589094576 2.2052381396735683 452
1757589094654 2.2043768411698945 453
1757589094741 2.203523157530085 454
1757589094825 2.202676983239554 455
1757589094906 2.201838214379475 456
1757589094990 2.201006748601082 457
1757589095072 2.2001824851004192 458
1757589095156 2.1993653245935514 459
1757589095237 2.1985551692921907 460
1757589095322 2.197751922879746 461
1757589095401 2.1969554904878184 462
1757589095482 2.19616577867306 463
1757589095565 2.195382695394478 464
1757589095646 2.1946061499911074 465
1757589095728 2.1938360531600734 466
1757589095806 2.1930723169350363 467
1757589095884 2.192314854665004 468
1757589095967 2.1915635809935066 469
1757589096047 2.1908184118381375 470
1757589096131 2.1900792643704388 471
1757589096215 2.1893460569961225 472
1757589096299 2.188618709335639 473
1757589096388 2.187897142205077 474
1757589096474 2.1871812775973782 475
1757589096557 2.186471038663882 476
1757589096633 2.185766349696178 477
1757589096717 2.1850671361082528 478
1757589096800 2.1843733244189614 479
1757589096882 2.1836848422347717 480
1757589096966 2.183001618232814 481
1757589097048 2.1823235821442046 482
1757589097131 2.181650664737656 483
1757589097215 2.180982797803349 484
1757589097300 2.1803199141370952 485
1757589097382 2.1796619475247363 486
1757589097465 2.1790088327268275 487
1757589097548 2.178360505463556 488
1757589097629 2.177716902399922 489
1757589097713 2.1770779611311535 490
1757589097791 2.1764436201683712 491
1757589097875 2.1758138189244915 492
1757589097960 2.1751884977003466 493
1757589098042 2.174567597671047 494
1757589098127 2.1739510608725614 495
1757589098211 2.173338830188517 496
1757589098295 2.1727308493372184 497
1757589098379 2.1721270628588716 498
1757589098463 2.171527416103023 499
