1757442708648 1.2358116494865363 0
1757442708750 2.406232831314705 1
1757442708853 2.405420811531222 2
1757442708958 3.538900977001675 3
1757442709067 0.056278531872588536 4
1757442709174 0.07073823636975622 5
1757442709283 0.889688631405996 6
1757442709389 1.2093305314878096 7
1757442709496 0.1583269382110497 8
1757442709603 0.09930094662668949 9
1757442709717 0.0005170022235119478 10
1757442709827 14.975422656922348 11
1757442709936 0.8692729410639134 12
1757442710044 1.533071596133907 13
1757442710153 0.9806178311170545 14
1757442710265 1.1773433621135971 15
1757442710376 0.673800710007869 16
1757442710491 0.4322271652201117 17
1757442710602 0.2670244686599552 18
1757442710709 0.0092437349185843 19
1757442710814 0.00033834544658253217 20
1757442710919 1.0735114431370572 21
1757442711026 3.2353590955952214 22
1757442711132 0.36922400529534427 23
1757442711240 0.1507875981828595 24
1757442711346 1.9190133907933897 25
1757442711454 2.8018104489169824 26
1757442711562 0.2466467507041823 27
1757442711671 0.9228132732265911 28
1757442711778 0.32063110668955935 29
1757442711888 14.070693774098892 30
1757442711991 0.20335100105125578 31
1757442712094 5.603969644305176 32
1757442712200 0.8312311999835672 33
1757442712308 17.23684789153229 34
1757442712416 0.0021288439970512138 35
1757442712525 1.4093368924674665 36
1757442712632 0.043847000963826904 37
1757442712737 1.2712509526807196 38
1757442712839 2.4859857640548726 39
1757442712947 6.3156583830608195 40
1757442713056 2.5451114497750966 41
1757442713161 0.006438999942844082 42
1757442713263 8.92944913713066 43
1757442713369 1.7951912823288463 44
1757442713475 0.14617249661524884 45
1757442713585 0.004217557694944655 46
1757442713692 0.7501081246727269 47
1757442713798 0.10870167837491297 48
1757442713903 3.3879851319948786 49
1757442714007 5.5660168795060345 50
1757442714113 24.140192536854858 51
1757442714221 1.0140198599176766 52
1757442714333 0.13634773223597613 53
1757442714439 4.474640060477975 54
1757442714547 0.39481226981507667 55
1757442714654 15.260447466227125 56
1757442714759 0.5336002160684137 57
1757442714867 0.3329975676903892 58
1757442714974 0.022740151125812295 59
1757442715083 1.7293728855185804 60
1757442715190 8.761105136103446 61
1757442715299 7.32959287566042 62
1757442715406 3.425047243113036 63
1757442715515 2.582500353074311 64
1757442715624 0.775675257201836 65
1757442715731 2.9555494056697422 66
1757442715840 1.6460426664861763 67
1757442715947 0.20536426866678573 68
1757442716054 0.8445534735509794 69
1757442716161 0.6235945935364202 70
1757442716267 3.212551074120732 71
1757442716376 0.8287022914249363 72
1757442716480 6.493762522248387 73
1757442716587 0.5682542657514456 74
1757442716697 0.005543137345104324 75
1757442716806 5.183840678855212e-07 76
1757442716914 0.27858868320879787 77
1757442717023 0.049404383064738655 78
1757442717129 0.10873088419945562 79
1757442717239 0.6682990235904247 80
1757442717346 0.004506973220987825 81
1757442717453 2.9356809200431937 82
1757442717561 2.113516270799654 83
1757442717669 0.03592282243170739 84
1757442717777 4.412929508896733 85
1757442717885 2.172778546592084 86
1757442717992 0.04586586308977487 87
1757442718101 0.014117014442150454 88
1757442718211 0.9690624223002243 89
1757442718319 0.23671801709281193 90
1757442718428 3.7196166246852465 91
1757442718536 0.150367858809617 92
1757442718661 1.4369085783630335 93
1757442718761 3.6323409839233425 94
1757442718863 0.021172500670764604 95
1757442718966 2.4005402029339495 96
1757442719075 0.1673895005440928 97
1757442719183 0.00028126711662548767 98
1757442719294 0.24559705636546728 99
1757442719403 0.006159440365950499 100
1757442719513 3.3263271257461504 101
1757442719623 3.0884935817776125 102
1757442719733 0.20736320168963335 103
1757442719842 2.9324717514140115 104
1757442719951 0.6067067055519572 105
1757442720062 0.3021755161822084 106
1757442720169 5.130030909415358 107
1757442720278 0.0013618187521425447 108
1757442720387 0.32292888617981386 109
1757442720498 1.5723955668258618 110
1757442720607 2.0563291816685396 111
1757442720715 3.9762240785086047 112
1757442720824 1.2979972001075466 113
1757442720932 3.7427251547602167 114
1757442721040 0.3364549236655089 115
1757442721150 1.464651437802462 116
1757442721261 7.363030092587773 117
1757442721371 4.332927699892341 118
1757442721480 0.05267476721614819 119
1757442721590 3.6125186222136043 120
1757442721699 0.27915933344629273 121
1757442721805 1.938699103466929 122
1757442721914 0.08837749433013219 123
1757442722020 0.0073941480240989396 124
1757442722129 0.35053402438817427 125
1757442722239 0.2064499504067495 126
1757442722347 1.2926569949967026 127
1757442722457 0.007740371252268957 128
1757442722565 0.0817861408797311 129
1757442722672 0.00209898759702656 130
1757442722782 0.16045579390557763 131
1757442722891 0.8984443913357538 132
1757442722999 4.4842703694137915 133
1757442723110 0.00567361473812122 134
1757442723221 0.17922244706001247 135
1757442723331 4.072728525075283 136
1757442723438 0.697507777535332 137
1757442723544 4.497530831333505 138
1757442723652 1.3826552876181328 139
1757442723760 0.01649403211275896 140
1757442723865 1.7517251728760104 141
1757442723972 1.519941895421987 142
1757442724080 1.2030690479560333 143
1757442724188 2.4748576945624157 144
1757442724296 0.8353376312425538 145
1757442724400 0.1224966199559989 146
1757442724507 1.357222387206305 147
1757442724613 1.024067059069557 148
1757442724721 2.8510893718755166 149
1757442724830 1.965677129557462 150
1757442724940 5.381333107217635 151
1757442725050 3.3787802898087946 152
1757442725159 0.8133334775468205 153
1757442725264 1.3240259269789998 154
1757442725367 0.6261408082682947 155
1757442725472 2.9354231711381362 156
1757442725580 0.1965889776640889 157
1757442725687 0.01458635639934705 158
1757442725795 0.08711549122176766 159
1757442725904 1.2176695353286149 160
1757442726011 0.2204081248070492 161
1757442726118 0.8222903167365517 162
1757442726226 0.3150370940074556 163
1757442726333 1.168781318185815 164
1757442726440 3.0780496446406604 165
1757442726545 0.0002451565700247349 166
1757442726654 0.9308761523481027 167
1757442726761 0.7816097229082406 168
1757442726868 4.072905733371606 169
1757442726975 5.869425382330514 170
1757442727081 0.44373788954291954 171
1757442727189 0.05662785453912919 172
1757442727295 3.8647966337251507 173
1757442727401 0.4612927472335849 174
1757442727505 3.3278946689084257 175
1757442727613 0.010089199168666171 176
1757442727721 0.725097421708813 177
1757442727826 1.2884313944992052 178
1757442727930 0.7604563499331238 179
1757442728037 0.7356598903595055 180
1757442728142 0.19412899475650136 181
1757442728249 0.8634655730130147 182
1757442728357 0.0423707149615438 183
1757442728463 0.0636475726448653 184
1757442728571 1.330472174981556 185
1757442728679 0.13172931292390969 186
1757442728787 0.8052641291487609 187
1757442728893 0.26750973613666856 188
1757442729003 1.164611060698331 189
1757442729114 3.7016405813193933 190
1757442729225 0.013420817404156841 191
1757442729336 0.3741920569754367 192
1757442729447 8.309199485064832 193
1757442729557 0.3274783710117313 194
1757442729666 2.144831956598382 195
1757442729776 3.938713823114351 196
1757442729884 1.1589234716353554 197
1757442729993 4.446018569899601 198
1757442730101 0.057305788633442045 199
1757442730210 0.01282090252779257 200
1757442730321 0.6124427525813604 201
1757442730431 0.07215083477029874 202
1757442730541 0.22994538275843585 203
1757442730655 0.14448601518014695 204
1757442730766 0.030507843114498112 205
1757442730877 4.491605335058463 206
1757442730987 0.6160368963756293 207
1757442731097 0.3263517522541775 208
1757442731206 1.180760353009982 209
1757442731315 2.5080460572805157 210
1757442731423 0.34053081185742123 211
1757442731532 0.1978166473092542 212
1757442731644 5.929249205028758 213
1757442731755 0.004933890637819812 214
1757442731865 0.15888966403368812 215
1757442731977 5.235563599830261 216
1757442732085 2.9390691258625923 217
1757442732193 1.0013530383658318 218
1757442732303 3.5218291004791533 219
1757442732437 0.01591180078992911 220
1757442732545 0.05008279394145925 221
1757442732652 8.757848098779123 222
1757442732760 0.013955044470230653 223
1757442732869 4.713850212594411 224
1757442732980 0.2526538670427065 225
1757442733088 0.9754563936502202 226
1757442733198 6.925108680943758 227
1757442733307 2.5407217189243276 228
1757442733416 0.10334661614263696 229
1757442733526 0.02294460350751059 230
1757442733637 0.026873165947159827 231
1757442733748 0.9502795834147586 232
1757442733857 2.4978929988134557 233
1757442733968 0.3396139610991466 234
1757442734079 6.565504996646951 235
1757442734188 4.044755186622676 236
1757442734296 0.34131845155866697 237
1757442734398 0.4089918356781016 238
1757442734506 0.15795454332925848 239
1757442734617 1.472317425700691 240
1757442734725 0.4054792201505754 241
1757442734836 0.13171337642904762 242
1757442734943 2.190354334688149 243
1757442735052 3.6272326044126277 244
1757442735162 0.16436380943809534 245
1757442735274 2.3061967774292076 246
1757442735387 0.4357778069732852 247
1757442735497 4.075511031301289 248
1757442735609 0.006201736240691164 249
1757442735720 0.7186471058007142 250
1757442735830 0.2813075381520667 251
1757442735939 0.24780021557326654 252
1757442736051 0.07175540310727034 253
1757442736168 1.1370233574730741 254
1757442736279 14.00366661956954 255
1757442736389 0.12461985203986367 256
1757442736501 6.399685817594878 257
1757442736611 0.3852476340310788 258
1757442736719 0.3308190480027973 259
1757442736833 0.44259721358879595 260
1757442736942 0.9818320741185458 261
1757442737050 0.2965393914963214 262
1757442737162 1.2829360897414601 263
1757442737274 0.0015690663703557103 264
1757442737387 0.17240646836893847 265
1757442737499 0.3615712492520064 266
1757442737611 4.495823386298305 267
1757442737721 0.0025890870891823728 268
1757442737829 2.105993993967802 269
1757442737940 0.3957069532308381 270
1757442738050 0.3392030282759647 271
1757442738160 6.081730750892967 272
1757442738272 2.689743828362672 273
1757442738383 0.10106645697837428 274
1757442738492 0.0564503078165227 275
1757442738600 0.0659697855384221 276
1757442738709 0.7918815256185595 277
1757442738819 0.08901278966749099 278
1757442738929 1.8331500727162964 279
1757442739041 0.011967149944110342 280
1757442739150 0.057288213650704044 281
1757442739262 0.0883945201393757 282
1757442739375 0.5828101146524944 283
1757442739486 0.954450222582269 284
1757442739595 0.06707860127627649 285
1757442739707 1.2263713163452967 286
1757442739817 2.6485216020964617 287
1757442739924 2.2387674100249715 288
1757442740034 13.6090053988824 289
1757442740147 1.1429733238428543 290
1757442740258 2.2410401953986 291
1757442740368 0.0031263192622215425 292
1757442740479 0.0912299962424006 293
1757442740593 15.222324132799411 294
1757442740701 0.0866383780295804 295
1757442740810 0.7546156037378668 296
1757442740922 0.5519871871785136 297
1757442741031 0.971426480973342 298
1757442741143 4.776911761464394 299
1757442741251 2.6678119614065476 300
1757442741363 0.5586002015684302 301
1757442741474 0.0886628963289295 302
1757442741584 0.2721446347630922 303
1757442741694 6.291941031549287 304
1757442741805 0.09760420946769398 305
1757442741915 0.18360289394571394 306
1757442742025 0.0561935140164636 307
1757442742134 0.07546138611082234 308
1757442742247 1.5202237410356008 309
1757442742358 1.1200440198542094 310
1757442742470 1.4432596510015638 311
1757442742582 0.001334772215246076 312
1757442742694 2.0250136868956465 313
1757442742806 0.2769663494987245 314
1757442742917 0.4054591676081283 315
1757442743027 0.5872517389990279 316
1757442743162 0.12012368275083055 317
1757442743276 2.1922605318521144 318
1757442743392 1.2697193958550566 319
1757442743508 0.12265513579993806 320
1757442743620 5.8505159359534415 321
1757442743733 2.4659213022931903 322
1757442743844 0.06961969550720211 323
1757442743954 1.2444927842443212 324
1757442744064 0.880364848887005 325
1757442744177 2.222553957719945 326
1757442744288 0.31859752385821705 327
1757442744393 9.608769757390105 328
1757442744500 0.13773336639453193 329
1757442744613 1.1041754157812709 330
1757442744728 0.01913619383740107 331
1757442744849 0.025510442834052984 332
1757442744961 2.7767113541810198 333
1757442745067 1.1928028217516415 334
1757442745179 0.00723461062005835 335
1757442745291 0.006323997156705101 336
1757442745399 0.001397622899653226 337
1757442745510 0.000631884868754846 338
1757442745621 7.386104785527022 339
1757442745732 0.07183728466960342 340
1757442745841 0.6248071373816696 341
1757442745952 3.640790065912301 342
1757442746063 35.2194005297455 343
1757442746203 0.024633903343374255 344
1757442746313 1.7737790054420257 345
1757442746422 0.5344104936966528 346
1757442746536 0.0736823746710386 347
1757442746651 2.359793336897125 348
1757442746766 0.9725670713751376 349
1757442746879 0.07923589281659713 350
1757442746992 0.5501651510074668 351
1757442747105 0.22510080865707005 352
1757442747217 1.2364389677311263 353
1757442747328 0.43315475589313207 354
1757442747439 0.14826290117632684 355
1757442747549 0.0014266703601203922 356
1757442747658 0.9130885733796948 357
1757442747770 3.205334331085394 358
1757442747881 0.3047415164358841 359
1757442747993 1.2933521279646754 360
1757442748104 0.15824726014060495 361
1757442748217 1.8129365057761095 362
1757442748327 0.3545251055251536 363
1757442748439 0.6201084347603787 364
1757442748552 1.4246345526433153 365
1757442748665 13.209339875808071 366
1757442748778 13.869296432740269 367
1757442748891 2.677480715889922 368
1757442749006 0.39936977589038375 369
1757442749120 2.6570909593397394 370
1757442749231 0.3754825493004414 371
1757442749343 1.2655438899008415 372
1757442749452 0.07528007947255234 373
1757442749563 1.1529231595912643 374
1757442749671 0.3353649353618604 375
1757442749776 0.023142180632571608 376
1757442749890 0.28137612412386653 377
1757442750004 0.9477693057151727 378
1757442750118 1.2155008576543707 379
1757442750234 3.2472843591922462 380
1757442750346 0.49065758650284935 381
1757442750460 2.6555223212373025 382
1757442750597 0.13349463399962144 383
1757442750709 2.2508203984414887 384
1757442750820 4.324733844494495 385
1757442750934 0.9011405084541145 386
1757442751053 0.3166903875212238 387
1757442751171 4.3855239984026716e-05 388
1757442751286 2.748488432511515 389
1757442751401 0.11029288837728979 390
1757442751512 5.552075845507027 391
1757442751627 1.6719820614347183 392
1757442751741 0.01859606288769692 393
1757442751857 1.7531689617246287 394
1757442751969 12.179628430134292 395
1757442752084 0.6158195142891651 396
1757442752197 0.6596788247231623 397
1757442752311 0.19642211430041692 398
1757442752423 0.9361387777157961 399
1757442752536 0.1682103951706563 400
1757442752648 0.032227175099546694 401
1757442752760 0.9963564496753589 402
1757442752871 0.11213411935107004 403
1757442752985 3.0241428914183452 404
1757442753097 0.2996101555903241 405
1757442753211 0.47039691774768283 406
1757442753326 0.14497189056402313 407
1757442753437 1.4431050602539384 408
1757442753552 0.3394440274610058 409
1757442753662 0.13224012434923157 410
1757442753773 1.918578171349119 411
1757442753883 0.005870073134973425 412
1757442753997 0.2736682370008731 413
1757442754110 0.1241546768832453 414
1757442754226 0.25928687049175203 415
1757442754340 2.2987977507637867 416
1757442754453 1.0410442129081026 417
1757442754567 1.1711430053367147 418
1757442754680 0.1952103580126078 419
1757442754791 3.364604989367409 420
1757442754902 0.792423863550844 421
1757442755013 0.9913002610699937 422
1757442755126 0.03923536083225529 423
1757442755239 0.236674431093583 424
1757442755352 0.2892975456173711 425
1757442755463 6.278421764754096 426
1757442755574 1.5851365953951984 427
1757442755685 1.1343285061498098 428
1757442755800 8.347809446823348 429
1757442755914 0.9099954733516114 430
1757442756026 0.016741313843812874 431
1757442756138 0.037137468796689665 432
1757442756252 0.7453858397702874 433
1757442756365 10.32162796955969 434
1757442756478 0.5785935598063615 435
1757442756596 0.31820192940888375 436
1757442756710 9.659108086361064 437
1757442756822 0.03799682301470537 438
1757442756936 2.374872541256408 439
1757442757046 0.2919421439785076 440
1757442757161 0.316682728931932 441
1757442757274 0.012325911107317832 442
1757442757386 0.36332944195163 443
1757442757500 0.0682651112813099 444
1757442757614 1.5955864782226508 445
1757442757728 2.0053123644229176 446
1757442757842 0.5416535569102328 447
1757442757955 0.26312256962328 448
1757442758066 1.3140750712722593 449
1757442758179 0.0014276376582157742 450
1757442758293 0.2318385614384498 451
1757442758409 1.3416009214162605 452
1757442758523 2.2717863213937264 453
1757442758652 0.001298507606071343 454
1757442758765 2.8045080732842176 455
1757442758881 0.0203020665770421 456
1757442758996 2.8696962916409174 457
1757442759110 1.069118207463683 458
1757442759226 0.000489150945179421 459
1757442759340 1.6215993638679158 460
1757442759458 6.29729710675691 461
1757442759575 4.556531798034537 462
1757442759692 0.33328467018924474 463
1757442759806 0.21171834297741646 464
1757442759920 0.6561399202928003 465
1757442760035 0.002122101893977058 466
1757442760149 0.0033404896301856652 467
1757442760264 0.4055654213154777 468
1757442760381 5.22385825155485 469
1757442760496 1.0309174220967343 470
1757442760614 1.833014434324449 471
1757442760729 5.753368907605451 472
1757442760844 0.3314858441611729 473
1757442760960 0.160013938605797 474
1757442761084 0.8126494839544057 475
1757442761198 0.07321297222643966 476
1757442761318 0.00016865883189781577 477
1757442761434 1.7682732205413714 478
1757442761550 1.3919560411190148 479
1757442761665 3.490689913840142 480
1757442761778 2.119816938614261 481
1757442761911 0.1545420249667019 482
1757442762030 1.4980586450188684 483
1757442762148 1.1653122738546864 484
1757442762265 0.8315150971473607 485
1757442762380 5.482457453044302 486
1757442762498 0.43863986406415273 487
1757442762611 0.4706043713541769 488
1757442762729 1.7495357919810202 489
1757442762848 0.8220896009146658 490
1757442762963 0.026047419640797573 491
1757442763077 3.2505450634515998 492
1757442763192 0.08093562388622841 493
1757442763306 0.7283748892776677 494
1757442763421 1.1558269949765625 495
1757442763545 0.0228098448119994 496
1757442763662 5.210243287607322 497
1757442763779 0.018301641913166158 498
1757442763894 1.1727845076279106 499
