1757588255438 28320.39247357334 0
1757588255503 219915648225714.62 1
1757588255566 1.7182276671372265e+24 2
1757588255632 1.3424721431875916e+34 3
1757588255698 1.0488897889983578e+44 4
1757588255768 8.195103302871929e+53 5
1757588255834 6.402933735190326e+63 6
1757588255892 5.002689887126971e+73 7
1757588255961 3.908662363506167e+83 8
1757588256026 3.053885372987534e+93 9
1757588256093 2.386037729537084e+103 10
1757588256164 1.864240255096721e+113 11
1757588256226 1.456553551396418e+123 12
1757588256286 1.138022978682785e+133 13
1757588256354 8.891511738572244e+142 14
1757588256418 6.947046103469337e+152 15
1757588256480 5.427811488384521e+162 16
1757588256540 4.2408150334177724e+172 17
1757588256603 3.313400287786101e+182 18
1757588256661 2.5887998841234965e+192 19
1757588256729 2.0226607889008508e+202 20
1757588256794 1.5803294383807684e+212 21
1757588256861 1.234730582368211e+222 22
1757588256928 9.647099990729886e+231 23
1757588256994 7.537396381050109e+241 24
1757588257061 5.889059329711473e+251 25
1757588257127 4.6011935734272985e+261 26
1757588257207 3.594968417678703e+271 27
1757588257313 2.8087924834860943e+281 28
1757588257370 2.1945436784621796e+291 29
1757588257427 1.7146236274105168e+301 30
1757588257484 inf 31
