1757437527778 164.3647016170987 0
1757437527853 154.91994959512127 1
1757437527916 149.6122632169862 2
1757437527973 143.8448492067282 3
1757437528025 145.54084028245762 4
1757437528074 139.1365283283847 5
1757437528129 132.95329112335565 6
1757437528181 132.47071141280463 7
1757437528233 121.64045048132763 8
1757437528290 116.2202577436709 9
1757437528352 117.8734810394219 10
1757437528401 106.23559299611296 11
1757437528454 106.6578982348776 12
1757437528510 100.03168777232293 13
1757437528568 99.33607886944917 14
1757437528625 99.34669621337515 15
1757437528680 94.0653817032354 16
1757437528735 89.08092403203463 17
1757437528793 91.75101608755813 18
1757437528854 88.10294353877185 19
1757437528916 81.91596397946986 20
1757437528973 80.10082146680143 21
1757437529043 82.46460048843936 22
1757437529099 68.67577789423856 23
1757437529147 78.96967964700877 24
1757437529200 74.49814359872683 25
1757437529254 70.80713235746632 26
1757437529312 64.63372624879253 27
1757437529373 58.80412946792081 28
1757437529431 61.00254707924153 29
1757437529490 60.51777426147261 30
1757437529551 61.29285298008367 31
1757437529613 58.9701297398952 32
1757437529677 56.18132538881994 33
1757437529740 48.95236774966656 34
1757437529807 48.24563439917445 35
1757437529873 54.79595477261529 36
1757437529939 53.526960789226905 37
1757437530006 44.0984394857061 38
1757437530071 50.904953248596954 39
1757437530137 64.76086687773692 40
1757437530202 38.57926133748235 41
1757437530268 48.535935759758786 42
1757437530335 40.82202347954484 43
1757437530400 37.37776070557973 44
1757437530457 40.73832501966643 45
1757437530515 33.48607450400153 46
1757437530578 33.09290328753514 47
1757437530638 37.83406194322783 48
1757437530703 36.63809632280992 49
1757437530769 31.046245219676052 50
1757437530836 37.848271010561746 51
1757437530895 26.688955894614363 52
1757437530954 32.31779796081456 53
1757437531016 38.83627880304233 54
1757437531073 35.61208212664104 55
1757437531136 31.59590304292291 56
1757437531195 28.37128809245345 57
1757437531254 29.15700624808937 58
1757437531313 22.556173597432835 59
1757437531373 28.417231559566794 60
1757437531432 25.651502461152205 61
1757437531489 30.03189422100673 62
1757437531546 30.982739169833334 63
1757437531606 28.178461670778052 64
1757437531661 23.00178179751115 65
1757437531718 24.193437646037733 66
1757437531773 13.969566620557586 67
1757437531832 29.95276158650762 68
1757437531890 24.507954980128662 69
1757437531951 9.958228545988515 70
1757437532006 20.812563712035068 71
1757437532070 18.884263521151556 72
1757437532134 26.61850191403564 73
1757437532201 21.345240045883138 74
1757437532266 16.919699651805654 75
1757437532331 24.371496228494436 76
1757437532397 26.519253896951085 77
1757437532461 19.671088666525492 78
1757437532521 13.076092740137359 79
1757437532582 27.18093612337906 80
1757437532642 21.356047588387515 81
1757437532701 29.057985119992562 82
1757437532760 25.39941282126732 83
1757437532824 15.153362141188435 84
1757437532888 14.840578720918062 85
1757437532948 27.79530037454559 86
1757437533008 23.718791615801862 87
1757437533074 21.435142885977353 88
1757437533140 22.52996128049935 89
1757437533205 17.86689996139744 90
1757437533265 21.046286141712287 91
1757437533324 30.97987496556021 92
1757437533384 22.877889606838725 93
1757437533444 24.848929639035486 94
1757437533504 17.700264976008608 95
1757437533561 18.53188299903634 96
1757437533626 17.00156748111812 97
1757437533684 19.246897592270805 98
1757437533744 21.641579073581546 99
1757437533807 23.666789693779158 100
1757437533866 17.098559749539884 101
1757437533923 18.960108730623183 102
1757437533989 19.507285098640953 103
1757437534062 12.647681183284812 104
1757437534123 9.355271673705442 105
1757437534181 15.990632763103928 106
1757437534247 8.55542004463267 107
1757437534309 18.669457163123344 108
1757437534371 17.52048646191958 109
1757437534430 21.81039805236719 110
1757437534484 13.121518360537188 111
1757437534540 18.858496678791056 112
1757437534598 15.265120239573337 113
1757437534655 31.386705286225855 114
1757437534715 13.702604164465095 115
1757437534782 12.22527931343095 116
1757437534842 16.57442026728805 117
1757437534910 12.22904373773252 118
1757437534972 10.744919795873484 119
1757437535037 10.398785681470002 120
1757437535102 13.52679370486891 121
1757437535167 11.424944979769991 122
1757437535233 12.267605411926782 123
1757437535291 12.189207431221838 124
1757437535342 5.553491372605309 125
1757437535403 17.657061566322927 126
1757437535471 12.642212740662533 127
1757437535531 7.482715730235202 128
1757437535597 16.22654411246818 129
1757437535663 19.01148223565914 130
1757437535723 10.78113690184197 131
1757437535785 8.378019168414967 132
1757437535848 19.04990047068109 133
1757437535912 20.63173612699895 134
1757437535972 12.6729444753244 135
1757437536035 15.625468708056133 136
1757437536099 7.555668697442487 137
1757437536161 12.053173822665046 138
1757437536222 6.779629683899063 139
1757437536284 13.530388229378321 140
1757437536351 4.499797636821529 141
1757437536415 14.481357672296994 142
1757437536472 12.109303008768181 143
1757437536525 17.19015058225378 144
1757437536588 11.840729973513824 145
1757437536655 14.25126413806413 146
1757437536720 20.06120744710064 147
1757437536786 10.325666696634757 148
1757437536845 27.182162896462014 149
1757437536910 19.728191882130062 150
1757437536969 13.811499147963573 151
1757437537036 13.062369383334827 152
1757437537102 14.186486663052245 153
1757437537168 18.379732907723525 154
1757437537234 10.546975037326582 155
1757437537300 16.138866153679526 156
1757437537369 10.797584366140512 157
1757437537435 13.573048948044903 158
1757437537500 18.382273825957057 159
1757437537566 18.32845790979971 160
1757437537623 12.319500280077769 161
1757437537684 10.090213747699664 162
1757437537751 5.791510883172069 163
1757437537812 14.05109949261986 164
1757437537878 12.098267731894538 165
1757437537943 13.046471099958948 166
1757437538003 10.380008908911124 167
1757437538069 13.980266269908695 168
1757437538134 14.493354069801875 169
1757437538200 15.639366047932958 170
1757437538265 22.689981091883254 171
1757437538331 15.300538049235847 172
1757437538396 18.85924193910165 173
1757437538463 17.66041782307363 174
1757437538514 8.213482490688326 175
1757437538572 9.766091512367275 176
1757437538634 12.543138195342376 177
1757437538692 6.253858248239794 178
1757437538753 7.742829286350447 179
1757437538815 8.120768938191164 180
1757437538881 6.378785356139363 181
1757437538941 6.0786424586925145 182
1757437539003 10.479287378585926 183
1757437539058 10.150066438617912 184
1757437539114 15.036671698112455 185
1757437539173 14.528514290597064 186
1757437539233 13.95897159931349 187
1757437539298 14.729513758155136 188
1757437539367 10.139598910903436 189
1757437539432 18.929302741209067 190
1757437539505 16.65775522541444 191
1757437539572 7.8295193700314085 192
1757437539638 13.208826742661097 193
1757437539704 13.83086218376832 194
1757437539768 16.704312048419837 195
1757437539834 20.072560915560672 196
1757437539898 17.463045310474445 197
1757437539961 16.489092756866818 198
1757437540027 15.680307726671785 199
1757437540101 23.674183928251466 200
1757437540170 14.008108671099738 201
1757437540229 17.166087802202018 202
1757437540297 18.73628811635291 203
1757437540361 13.984459442371003 204
1757437540424 7.037072576293044 205
1757437540485 15.537171085814364 206
1757437540543 16.673773946598835 207
1757437540605 23.225844981114946 208
1757437540670 8.96871013132714 209
1757437540740 15.478886218422451 210
1757437540803 14.333196612861864 211
1757437540868 13.504587721707136 212
1757437540929 19.41680975012994 213
1757437540992 12.923553353640914 214
1757437541053 7.803992297736192 215
1757437541112 13.678937138480112 216
1757437541174 12.224956150413808 217
1757437541238 14.485410338142016 218
1757437541308 21.990402776714664 219
1757437541376 25.7264941886589 220
1757437541444 12.398941983684361 221
1757437541511 15.886981947874032 222
1757437541579 9.250623459195317 223
1757437541648 22.165646913479005 224
1757437541718 13.444831216609716 225
1757437541787 5.588803632057625 226
1757437541858 14.165528655559838 227
1757437541928 15.961749890059968 228
1757437542001 11.206479262168141 229
1757437542070 8.587765522668512 230
1757437542138 6.867703737498182 231
1757437542207 7.892634327939955 232
1757437542279 24.56210373012025 233
1757437542348 27.988823537942466 234
1757437542415 21.341256808426085 235
1757437542500 9.927975783528394 236
1757437542564 14.707090474283186 237
1757437542630 16.425076637464972 238
1757437542701 8.634657265910718 239
1757437542774 11.438801662734226 240
1757437542847 9.048923130554407 241
1757437542917 13.50292124316725 242
1757437542988 11.623622746202953 243
1757437543056 8.667852821234273 244
1757437543124 11.412364020100235 245
1757437543193 16.96196714698444 246
1757437543266 11.067025904627082 247
1757437543334 13.579037835509364 248
1757437543401 13.894334758831382 249
1757437543472 7.927680256681519 250
1757437543544 15.983362751924076 251
1757437543614 10.22081003015139 252
1757437543682 13.868815290676654 253
1757437543751 17.675623922386233 254
1757437543821 13.06067904424782 255
1757437543891 12.350257126012433 256
1757437543960 14.124922053848747 257
1757437544031 13.278029107770267 258
1757437544103 11.890854423644125 259
1757437544171 13.836265198370889 260
1757437544240 12.205337594365677 261
1757437544308 8.643471254675944 262
1757437544376 15.925572573916057 263
1757437544442 18.790537896838796 264
1757437544511 9.48600944723471 265
1757437544577 9.199775656746787 266
1757437544646 9.170392023091278 267
1757437544716 14.458525568761619 268
1757437544782 10.654282048280585 269
1757437544842 12.783515559818209 270
1757437544907 14.756288615427351 271
1757437544970 8.479761572811858 272
1757437545031 14.09757614274254 273
1757437545095 8.549014264429134 274
1757437545160 13.79578422810337 275
1757437545227 17.168195788748953 276
1757437545297 14.17556283827237 277
1757437545365 17.79043076915964 278
1757437545428 11.07451511864684 279
1757437545493 8.434739481586382 280
1757437545562 12.768323222761238 281
1757437545630 10.932392988915494 282
1757437545697 16.617542871760953 283
1757437545766 16.693987680657578 284
1757437545829 19.07317421658155 285
1757437545902 13.746068143824814 286
1757437545970 8.601105509893928 287
1757437546040 18.998983453565625 288
1757437546111 13.943832896550068 289
