1757608573340 100.37069835226839 0
1757608573419 61.590266337876365 1
1757608573499 39.493326178596234 2
1757608573586 25.665914736106963 3
1757608573673 17.01288196305174 4
1757608573756 11.162008228318475 5
1757608573834 9.13198198124918 6
1757608573909 5.791038742572748 7
1757608573990 5.716480007593488 8
1757608574065 3.3935172680547567 9
1757608574143 2.7004240471076613 10
1757608574222 3.4388540569713295 11
1757608574301 3.0478835013104897 12
1757608574380 2.4867541716613135 13
1757608574460 3.003267433462941 14
1757608574538 2.707452145065243 15
1757608574618 4.250972789380552 16
1757608574678 1.5849395191384084 17
1757608574748 2.6961899434397636 18
1757608574823 1.8850991856107822 19
1757608574904 1.93934956995548 20
1757608574987 2.1334026821791046 21
1757608575069 3.0686954111568867 22
1757608575153 2.274511639350391 23
1757608575236 2.134967354335594 24
1757608575319 2.6437382927918756 25
1757608575402 1.1525261796880024 26
1757608575478 3.1317452034896687 27
1757608575560 1.890703033672015 28
1757608575639 1.6562315662302576 29
1757608575718 0.659659101233472 30
1757608575797 1.9443929705036325 31
1757608575876 1.99804064846745 32
1757608575951 1.7179958679622422 33
1757608576030 2.7064535833715575 34
1757608576109 3.116266329057433 35
1757608576193 2.157328250226334 36
1757608576275 1.5525514926302315 37
1757608576361 3.2410656020315614 38
1757608576439 2.6023133998101735 39
1757608576521 2.3143714195544454 40
1757608576608 2.530420183349585 41
1757608576681 1.7693441773009855 42
1757608576756 3.24145348991782 43
1757608576835 3.5776811104019193 44
1757608576917 1.5656860248404756 45
1757608576996 2.204751973330243 46
1757608577075 1.1284746889607984 47
1757608577156 0.9720052536617949 48
1757608577236 2.515020437972396 49
1757608577316 2.6187050956035423 50
1757608577402 1.0356057832237655 51
1757608577485 1.0550821769973184 52
1757608577571 1.4520099035814074 53
1757608577652 2.7176557666030714 54
1757608577731 2.622223243828688 55
1757608577810 1.7431981237569338 56
1757608577889 2.1517188999404433 57
1757608577967 1.8027222270436405 58
1757608578045 2.1631446497070335 59
1757608578124 1.4134000336033943 60
1757608578206 0.853494558882378 61
1757608578283 2.4157499633088597 62
1757608578364 2.2853646194572588 63
1757608578442 2.342676172085398 64
1757608578522 2.017158466456688 65
1757608578598 2.368977987244367 66
1757608578670 3.071158271470787 67
1757608578748 1.802482984643873 68
1757608578834 2.3475939118264972 69
1757608578911 2.7656683372635738 70
1757608578992 1.781032870193899 71
1757608579071 1.42240793168836 72
1757608579151 0.9881717465441598 73
1757608579231 1.7398792172834305 74
1757608579310 1.5405260546735844 75
1757608579388 2.7283619927914873 76
1757608579468 1.7828898065004248 77
1757608579549 1.7293162920218972 78
1757608579629 1.5572810716397005 79
1757608579708 3.4712263413498134 80
1757608579791 1.6620461612105306 81
1757608579872 1.6514494085274212 82
1757608579952 1.5030338965067043 83
1757608580031 1.3288063412323978 84
1757608580110 2.7409144335218616 85
1757608580188 2.3917261758657955 86
1757608580266 1.337119701532978 87
1757608580346 2.600489373905513 88
1757608580424 2.181088509356804 89
1757608580503 1.683071285789568 90
1757608580583 1.6521721700300613 91
1757608580666 2.1358555676914937 92
1757608580742 1.6082132074106024 93
1757608580819 2.1639214544907803 94
1757608580901 1.2873935602170175 95
1757608580981 0.9833554330810055 96
1757608581064 2.7570081074227057 97
1757608581151 2.458757076495641 98
1757608581235 1.693987956264292 99
1757608581318 1.838362633210082 100
1757608581396 1.579779594057767 101
1757608581475 2.1876480204909505 102
1757608581555 1.2542246961511245 103
1757608581634 1.51196071795631 104
1757608581714 3.2678351423862564 105
1757608581801 2.0707259647539704 106
1757608581886 1.1648720344781784 107
1757608581965 1.9260703823413527 108
1757608582045 5.093004532077116 109
1757608582130 1.7357056498139776 110
1757608582217 1.7929367227095894 111
1757608582304 2.58837975604247 112
1757608582392 1.2177777643484529 113
1757608582479 0.7940395180117006 114
1757608582565 1.8856953151638132 115
1757608582650 2.8827223398425357 116
1757608582728 1.9195711517637506 117
1757608582812 1.948364671957747 118
1757608582898 1.875064798259967 119
1757608582987 1.9728420031865794 120
1757608583075 2.3500953332047367 121
1757608583158 1.0007828968623542 122
1757608583243 0.9039578840258857 123
1757608583324 2.473074242655228 124
1757608583409 2.0256848216104073 125
1757608583490 2.6924445748655836 126
1757608583571 2.507382312513343 127
1757608583658 2.3035993144127067 128
1757608583740 1.932358587340165 129
1757608583823 1.9236671575530817 130
1757608583904 1.4012372828030069 131
1757608583987 2.4385464480625347 132
1757608584068 1.869104739732558 133
1757608584148 3.59921299275609 134
1757608584232 0.8222773712994451 135
1757608584310 1.8937998869496528 136
1757608584392 1.386116299972608 137
1757608584476 1.4287079130589315 138
