1757435973022 97.76936253968127 0
1757435973120 76.63289327474263 1
1757435973212 63.091860766835715 2
1757435973304 49.77581099918381 3
1757435973397 42.178890043650824 4
1757435973488 10.202049445138272 5
1757435973580 1.3735369502459402 6
1757435973672 35.73883039625258 7
1757435973764 0.02972987105921399 8
1757435973855 29.909204341957494 9
1757435973946 17.594463023022975 10
1757435974040 0.006456480695198371 11
1757435974132 25.658354228491746 12
1757435974224 18.810183439197115 13
1757435974315 12.847575636121785 14
1757435974405 0.8217466580874296 15
1757435974496 40.3616653300974 16
1757435974586 1.980199928714285 17
1757435974676 17.528515086493428 18
1757435974767 2.8578658140991573 19
1757435974859 10.117053198636018 20
1757435974952 1.7904918040195774 21
1757435975045 84.90994689987637 22
1757435975137 2.1899348200297193 23
1757435975229 4.16455648795746 24
1757435975320 0.7461431793412866 25
1757435975413 23.780225849750224 26
1757435975505 20.437654438947227 27
1757435975595 0.01900333224063456 28
1757435975687 19.22251282471532 29
1757435975778 12.572731814615352 30
1757435975868 6.679026229884526 31
1757435975959 0.008062365874917866 32
1757435976048 0.12346128924221121 33
1757435976140 6.175462642094612 34
1757435976232 24.935551119185327 35
1757435976321 76.19663233362029 36
1757435976413 0.01706659046274225 37
1757435976507 26.872532626410006 38
1757435976600 4.80033226864615 39
1757435976693 0.3355302520879569 40
1757435976785 10.360176087243739 41
1757435976878 0.3852286783642734 42
1757435976971 49.603176610158265 43
1757435977064 18.879521901374364 44
