1757662449961 0.029237467345582815 0
1757662450114 0.9297163073609571 1
1757662450265 0.1718535171103616 2
1757662450490 0.3340815942566094 3
1757662450738 0.0013162464283923302 4
1757662450925 0.7155365499131405 5
1757662451093 2.390381194236073 6
1757662451250 0.08266016014148883 7
1757662451414 0.19116709313640345 8
1757662451565 3.562649573542716 9
1757662451719 1.8207287596562052 10
1757662451872 1.1776169526330682 11
1757662452012 0.0032648833767252618 12
1757662452161 1.1890659392576168 13
1757662452302 3.5788375790636113 14
1757662452444 0.05620128208246492 15
1757662452579 3.858470554373839 16
1757662452713 0.031329251717925076 17
1757662452848 3.7966738362386345 18
1757662452980 0.048465907036030584 19
1757662453116 0.17477462828921925 20
1757662453249 0.007949753018846688 21
1757662453395 2.450657568622865 22
1757662453530 0.34543438838620616 23
1757662453672 3.8658499823759502 24
1757662453802 3.045813051879048 25
1757662453941 0.8962993636260084 26
1757662454072 0.27823932507893384 27
1757662454210 1.3375215986207214 28
1757662454345 0.9954377479169151 29
1757662454476 2.800571712572211 30
1757662454610 4.617529865958404 31
1757662454737 0.06716593755080567 32
1757662454866 3.7702184288798177 33
1757662454990 1.5416400753491297 34
1757662455122 0.019266814013622433 35
1757662455249 0.10460641567807669 36
1757662455382 0.18819443464335828 37
1757662455510 0.17552180318411512 38
1757662455659 0.3631815480914985 39
1757662455794 0.8761132995920784 40
1757662455931 0.08525472818792929 41
1757662456058 0.7325629009668666 42
1757662456203 2.6018190563928543 43
1757662456344 0.7307521044904582 44
1757662456482 0.19792144479683768 45
1757662456617 9.280391301645173 46
1757662456747 0.27169835363609063 47
1757662456884 0.1932418759564777 48
1757662457014 0.5725855738281148 49
1757662457150 0.1588163090899595 50
1757662457276 0.02964936481237475 51
1757662457413 6.198706852162711 52
1757662457539 0.003768546270645687 53
1757662457676 0.01890003435089216 54
1757662457806 0.9930497938852768 55
1757662457943 1.7557026858557385 56
1757662458073 0.7309545430486201 57
1757662458206 0.4847653945900553 58
1757662458336 0.3934453965610962 59
1757662458472 0.16824635814904285 60
1757662458601 0.07326899396053266 61
1757662458734 1.2179523897769482 62
1757662458865 0.040018637554981834 63
1757662458993 0.448111162666764 64
1757662459121 0.3516437529433172 65
1757662459253 1.1075215451766072 66
1757662459389 0.6026051372667953 67
1757662459519 2.538106521907954 68
1757662459654 0.6645535035403464 69
1757662459782 0.49960134901542963 70
1757662459921 0.5702148503914092 71
1757662460050 0.015570977321338835 72
1757662460187 0.11545122059470417 73
1757662460325 0.07378233308211642 74
1757662460473 0.03724439619147958 75
1757662460611 7.188951324064746 76
1757662460752 0.3055293336545712 77
1757662460895 0.0025754161764203263 78
1757662461029 0.0015065891429518208 79
1757662461168 1.0948753623607426 80
1757662461296 0.002586411493128356 81
1757662461440 0.2509379959139791 82
1757662461577 0.00076725468870499 83
1757662461726 2.0280661799721162 84
1757662461863 0.14302185838753434 85
1757662462000 2.6602273845249327 86
1757662462134 6.037985321969053 87
1757662462280 4.482288591146015e-06 88
1757662462423 1.2986128155307726 89
1757662462557 0.9833295120909564 90
1757662462703 0.05792630729762251 91
1757662462842 0.10726538288635627 92
1757662462990 0.4302752786613223 93
1757662463127 0.019610200186607845 94
1757662463261 0.4836794966547898 95
1757662463402 0.09346180754312551 96
1757662463537 0.4703038263122729 97
1757662463677 7.034693346546526 98
1757662463811 0.952805236099358 99
1757662463960 14.753968114097985 100
1757662464100 0.5780480642405271 101
1757662464249 3.5932462023330785 102
1757662464397 1.064185587985033 103
1757662464536 2.2056989954008004 104
1757662464711 0.20881972083457181 105
1757662464844 0.0004726691604555146 106
1757662464992 0.01279094910554816 107
1757662465148 4.460018127950506 108
1757662465299 4.265671055578655 109
1757662465444 8.12370469866372 110
1757662465579 0.4374513001900964 111
1757662465723 1.0265268229601527 112
1757662465862 2.5467637022534158 113
1757662466004 0.01907548799384645 114
1757662466159 9.114998073534695 115
1757662466298 0.2809485082892014 116
1757662466441 1.5466366101388385 117
1757662466574 6.987524997832808 118
1757662466717 0.3681498098813674 119
1757662466850 0.3539973202148295 120
1757662466993 0.19399452943902104 121
1757662467130 11.308088162569359 122
1757662467274 0.0012124534894943602 123
1757662467411 0.6901431026813872 124
1757662467545 0.6656348458714073 125
1757662467690 0.09817176853248216 126
1757662467827 0.5457551615907286 127
1757662467974 2.025615182398878 128
1757662468109 0.3110481636684876 129
1757662468259 0.07823836015428597 130
1757662468404 5.403391793332698 131
1757662468546 0.021014382619345556 132
1757662468690 0.25511199044055743 133
1757662468830 0.10900127386319403 134
1757662468974 2.406901127884957 135
1757662469117 2.4864545528351583 136
1757662469267 0.04447575573811361 137
1757662469410 0.1797303236990821 138
1757662469554 0.011169916171300073 139
1757662469699 0.5713145912017582 140
1757662469841 0.2700929213414183 141
1757662469991 1.270642706516836 142
1757662470137 0.45600388692696864 143
1757662470289 0.5293992715942635 144
1757662470437 1.4004810185959962 145
1757662470585 0.676516596470233 146
1757662470757 0.14974861269305376 147
1757662470949 0.029899492948143314 148
1757662471113 0.5833666796443101 149
1757662471295 0.08231471841437397 150
1757662471463 1.2376762241834363 151
1757662471617 0.5024293708462391 152
1757662471786 0.009912770559208903 153
1757662471943 0.0002439680529184311 154
1757662472101 0.06269849229621549 155
1757662472267 0.517419775052321 156
1757662472427 3.156406634669554 157
1757662472582 0.47016906064644776 158
1757662472738 3.727802649028352 159
1757662472887 0.8019662397169817 160
1757662473042 3.1613024922876685 161
1757662473192 4.632801497598856 162
1757662473340 0.0009131460459354101 163
1757662473506 0.5721200556894533 164
1757662473667 3.7295209490685126 165
1757662473824 3.4052137503933473 166
1757662473971 1.3854800919981913 167
1757662474110 0.24910524613506466 168
1757662474263 1.4666762576349668 169
1757662474400 3.003687562609259 170
1757662474546 5.3252032509858545 171
1757662474685 0.27548432827025354 172
1757662474825 0.3128258469388938 173
1757662474963 0.040794815093091276 174
1757662475101 19.87116885394274 175
1757662475243 3.4011836491006324 176
1757662475378 1.4964537496822454 177
1757662475524 0.6271300009543499 178
1757662475656 0.01213589158666131 179
1757662475801 3.386180092993961 180
1757662475988 0.5631666443832439 181
1757662476184 0.9070197466123668 182
1757662476343 1.0687641882401628 183
1757662476518 1.3017093622420557 184
1757662476705 1.6258489886001053 185
1757662476852 0.33737578753980935 186
1757662477006 0.04428870328928032 187
1757662477159 0.7001432333082912 188
1757662477313 0.10101400997034593 189
1757662477480 0.011928885739983297 190
1757662477646 0.011481495169029497 191
1757662477844 0.3727288093899009 192
1757662478037 0.012819343049871139 193
1757662478262 1.0973398860375296 194
1757662478520 0.5834697005325683 195
1757662479013 0.16229716558168897 196
1757662479378 3.9255980262126915 197
1757662479605 0.822141473237561 198
1757662479830 0.01883373423687033 199
1757662480032 2.110321960646058 200
1757662480206 1.204119660259295 201
1757662480381 0.053092334805657795 202
1757662480557 0.9867382523317652 203
1757662480714 0.005326101728163628 204
1757662480876 5.235129086325446 205
1757662481041 4.315006766828646 206
1757662481226 2.493015602699407 207
1757662481399 0.019464962479223722 208
1757662481572 1.040752867600089 209
1757662481737 2.3184307115872214 210
1757662481893 0.22143675505365482 211
1757662482060 0.2798309130165925 212
1757662482222 0.44003424741814195 213
1757662482371 1.2057724731803836 214
1757662482522 3.8069926104099325 215
1757662482672 1.8313952021709998 216
1757662482828 3.838279729491609 217
1757662482971 6.115667961378834 218
1757662483120 0.008499715050924384 219
1757662483266 0.9865956353923464 220
1757662483406 1.121106204324062 221
1757662483586 0.0003735801784868526 222
1757662483733 4.035646281553761 223
1757662483876 1.4105303794635873 224
1757662484019 22.504807904023973 225
1757662484159 0.062285855385748136 226
1757662484311 0.007856648387756765 227
1757662484453 0.019742559168280344 228
1757662484599 0.02485654760525419 229
1757662484741 0.059439935337658456 230
1757662484881 1.3671656740011011 231
1757662485026 0.4882299687726628 232
1757662485164 0.11482040089580518 233
1757662485312 0.8745201600794418 234
1757662485449 9.523625431871727 235
1757662485596 4.558237175465391 236
1757662485733 1.2803372659027137 237
1757662485876 0.21228792756428844 238
1757662486018 0.9634751624272346 239
1757662486165 1.5852478872749567 240
1757662486332 0.9998538156495813 241
1757662486486 0.5041734957975688 242
1757662486630 0.002165026875737775 243
1757662486768 0.4439498974692339 244
1757662486903 0.001310409420971501 245
1757662487035 0.20770075654512973 246
1757662487166 0.6068627027551968 247
1757662487307 0.11328623266552239 248
1757662487442 0.5880323096286565 249
1757662487590 7.560483797289097 250
1757662487724 0.008116753676749041 251
1757662487869 4.437702113926043 252
1757662488008 3.928444689987288 253
1757662488145 1.7808149352490414 254
1757662488290 0.4795693317508969 255
1757662488441 0.073660738146811 256
1757662488604 1.684667699504751 257
1757662488751 14.916608658948642 258
1757662488898 4.245853519540846 259
1757662489054 0.9117040189073242 260
1757662489196 1.393266869222835 261
1757662489351 0.28747463119251937 262
1757662489496 0.02240858258808291 263
1757662489644 20.007752955685937 264
1757662489791 0.06850833752935974 265
1757662489936 0.6338889634796872 266
1757662490107 0.0037021732574737958 267
1757662490266 7.019822632728351 268
1757662490421 0.17907818614073392 269
1757662490580 0.25409920682217907 270
1757662490732 0.5829400594401997 271
1757662490898 1.343199817259263 272
1757662491057 0.3809051591732156 273
1757662491208 8.253765320312972 274
1757662491370 1.3949948765455253 275
1757662491525 0.12603029091530096 276
1757662491678 0.4954551587385206 277
1757662491837 0.25817123500209016 278
1757662491990 0.551981919015216 279
1757662492151 1.9418563980185441 280
1757662492302 0.0027255301929645847 281
1757662492456 0.8665029913313802 282
1757662492621 0.5827271181297146 283
1757662492769 8.792541523515006 284
1757662492920 0.7330101490769085 285
1757662493068 2.7718671065421576 286
1757662493222 0.15826348747788357 287
1757662493386 0.08867061691033284 288
1757662493552 1.9995013010345806 289
1757662493710 0.3102493225669728 290
1757662493880 5.689769148902464 291
1757662494039 1.7509394960259839 292
1757662494197 0.7626584337813641 293
1757662494358 4.439696109555499 294
1757662494516 0.048313447983497224 295
1757662494678 15.111068732870281 296
1757662494844 2.1129303760512173 297
1757662495000 3.077009819852115 298
1757662495168 3.5363793323950365 299
1757662495320 0.27446010800143333 300
1757662495466 1.3182599809978104 301
1757662495632 1.2691763760388233 302
1757662495788 0.6026461226090449 303
1757662495943 1.278172153974693 304
1757662496111 0.7039741815769431 305
1757662496282 0.1420174494704376 306
1757662496447 0.036520422212443795 307
1757662496600 0.2993818298334976 308
1757662496746 0.02946644715496199 309
1757662496907 0.32291540824465204 310
1757662497059 0.6318368954375292 311
1757662497212 0.020856540142208117 312
1757662497367 0.23130762561704585 313
1757662497513 0.16630438384969 314
1757662497706 2.386216300652479 315
1757662497876 0.25391822756282356 316
1757662498035 0.7410977185587228 317
1757662498194 0.04478383508050079 318
1757662498362 2.816739230313791 319
1757662498529 0.06415042077303296 320
1757662498694 0.2570593876811563 321
1757662498861 0.012044238253142187 322
1757662499014 0.1908509057011362 323
1757662499181 0.24206816674362494 324
1757662499339 1.0876969819200693 325
1757662499491 6.127500800147579 326
1757662499647 0.008628433806567292 327
1757662499795 0.14942521645208565 328
1757662499952 0.11214859451765584 329
1757662500112 3.1032957630120266 330
1757662500258 0.9771113767648455 331
1757662500414 0.3052091050726187 332
1757662500561 0.2959663239470695 333
1757662500760 0.8958394631284915 334
1757662500924 1.5851498003231266 335
1757662501124 4.7961463267619725e-05 336
1757662501366 1.0067997237271757 337
1757662501583 2.2636569265858997 338
1757662501759 0.3550862859096669 339
1757662501942 0.05231099172257686 340
1757662502106 2.0916849638876576 341
1757662502272 0.17324927666438603 342
1757662502621 0.2428877163026856 343
1757662502843 3.4324725493021226 344
1757662503060 0.5654001496714269 345
1757662503294 1.8142419617768262 346
1757662503552 2.7883408092778366 347
1757662503779 0.21679846678226136 348
1757662503981 0.14671053100616852 349
1757662504218 2.8250716060890846 350
1757662504479 3.3580592397650415 351
1757662504716 0.4579182508188455 352
1757662504932 2.569371265052435 353
1757662505128 0.012779925281131291 354
1757662505395 0.023254298825268187 355
1757662505620 0.01097178413723794 356
1757662505830 24.3101806613797 357
1757662506045 3.234782795640653 358
1757662506268 3.9705257927114523 359
1757662506488 0.1093381986157219 360
1757662506699 1.848637780700522 361
1757662506908 3.3938005098515998 362
1757662507115 0.030194005638916867 363
1757662507317 0.4741105595765676 364
1757662507511 2.094756671311209 365
1757662507704 1.9181327817465066 366
1757662507893 0.6597740320297738 367
1757662508077 0.34667833426963324 368
1757662508263 0.2441711105042786 369
1757662508451 0.45363911202783863 370
1757662508633 0.008145078190041202 371
1757662508810 6.577928043445033 372
1757662508999 0.22283716104692802 373
1757662509189 4.43385041575014 374
1757662509534 0.4838286497415679 375
1757662509710 2.195589884689206 376
1757662509867 1.739140845069421 377
1757662510018 0.788242148977874 378
1757662510169 0.1468828607861916 379
1757662510319 1.8933117537226782 380
1757662510472 0.5687134544042942 381
1757662510620 1.171095581616834 382
1757662510762 9.678158544246062e-06 383
1757662510908 2.8748899161560653 384
1757662511046 2.3236435112289895 385
1757662511195 0.13784539381097308 386
1757662511332 2.04274791292449 387
1757662511478 0.2676256385634942 388
1757662511613 0.5236676823253369 389
1757662511753 0.061548296928334904 390
1757662511890 0.9030271574192172 391
1757662512025 0.7484612444836396 392
1757662512164 0.008273181356587474 393
1757662512300 0.27096258667233303 394
1757662512446 0.5818577263290733 395
1757662512580 0.32539088360396184 396
1757662512726 1.4886302800695739 397
1757662512860 2.481164013001066 398
1757662513001 6.622734772011026 399
1757662513136 1.0951317527116045e-05 400
1757662513272 0.12884959561525747 401
1757662513408 0.6182354815755455 402
1757662513545 1.4549239097772875 403
1757662513690 0.5171683809719096 404
1757662513826 0.6529718646872178 405
1757662513974 0.22487281018469113 406
1757662514130 2.158337286520083 407
1757662514285 1.901583685074231 408
1757662514438 0.0331985503686494 409
1757662514582 1.7671642561537046 410
1757662514736 0.16276696118182363 411
1757662514886 0.02429630671560854 412
1757662515034 3.89634833155176 413
1757662515185 0.8018235735752968 414
1757662515350 0.7481301684011847 415
1757662515512 0.8177255948141728 416
1757662515667 0.00015155327626485107 417
1757662515819 1.7998584753618316 418
1757662515994 11.386729390362637 419
1757662516161 0.028813950390961237 420
1757662516318 5.469228613431995 421
1757662516476 7.0609444337045515 422
1757662516626 1.7620421355643556 423
1757662516780 1.1748812114892746 424
1757662516927 0.5424704118928938 425
1757662517070 0.7172802260394477 426
1757662517218 1.9229184662215504 427
1757662517367 7.869191527214279 428
1757662517518 0.07807700446730664 429
1757662517666 0.006705743260916703 430
1757662517811 3.860899555062196 431
1757662517957 0.000298914213112248 432
1757662518099 0.0669246368105682 433
1757662518259 0.4358662452332284 434
1757662518423 0.06610320456270709 435
1757662518561 0.5811060229914252 436
1757662518703 0.0007287255171599741 437
1757662518838 1.6735029620842246 438
1757662518983 0.11096710889037906 439
1757662519121 0.19497761021682306 440
1757662519266 0.47616328419962833 441
1757662519404 0.060890459284361105 442
1757662519545 3.0885169270510424 443
1757662519685 2.2149731717332735 444
1757662519824 0.13851284114180626 445
1757662519963 0.9105241246534346 446
1757662520103 0.9271976813733613 447
1757662520249 2.4705124703263817 448
1757662520382 0.031417599989483076 449
1757662520527 1.1257534805995906 450
1757662520666 11.295793609381455 451
1757662520805 0.005957482823139813 452
1757662520944 0.15032649198346573 453
1757662521080 0.004094928317565369 454
1757662521220 0.0033552744261872002 455
1757662521358 49.01538332717464 456
1757662521505 2.75148707468055 457
1757662521650 1.7731810270609814 458
1757662521796 1.9910736682510102 459
1757662521935 0.1473044306231865 460
1757662522075 0.0010055039485216768 461
1757662522214 2.798692325121867 462
1757662522352 0.015484792880989667 463
1757662522498 0.057106700966537756 464
1757662522638 3.3511365521344487 465
1757662522787 3.558574144271731 466
1757662522928 0.9531145963849215 467
1757662523070 0.02058506881740027 468
1757662523211 3.789681433173314 469
1757662523352 8.85969421628119 470
1757662523516 0.18452904911100146 471
1757662523673 4.048348556783642 472
1757662523823 20.263131413112585 473
1757662523967 0.24504704274005623 474
1757662524111 0.6872517051711688 475
1757662524261 0.013492672512390863 476
1757662524401 0.934093429303807 477
1757662524551 0.918017760849622 478
1757662524692 0.30597217310479946 479
1757662524855 4.064642282628401 480
1757662524999 0.016985958334623887 481
1757662525155 0.6672727041689781 482
1757662525324 2.069588326841165 483
1757662525475 0.29448126628035687 484
1757662525624 2.483807920450285 485
1757662525777 6.617403544988649 486
1757662525925 3.7596774766056504 487
1757662526075 0.5915662241790167 488
1757662526240 0.789244336088345 489
1757662526391 0.6853755560579614 490
1757662526546 1.1763463169729373 491
1757662526691 0.2692863394612904 492
1757662526840 1.941638315954787 493
1757662526982 0.002834729826208997 494
1757662527123 0.2308118558801504 495
1757662527269 0.357861422538063 496
1757662527407 0.3565875898183873 497
1757662527556 1.4198081521124128 498
1757662527696 0.0676491631224009 499
