1757432696808 116.59162300196465 0
1757432696867 90.2382562979348 1
1757432696923 77.70856242944703 2
1757432696979 58.07367659733058 3
1757432697030 52.5109834833173 4
1757432697085 50.81682397858097 5
1757432697144 41.247767053127006 6
1757432697194 36.76341006777178 7
1757432697250 33.74738405889231 8
1757432697307 30.91701924128202 9
1757432697354 28.21486069310191 10
1757432697405 34.43370283452333 11
1757432697465 36.276862444558446 12
1757432697525 29.398978209496732 13
1757432697580 32.56825585204904 14
1757432697631 28.897627876238612 15
1757432697682 34.11580557010426 16
1757432697743 28.820648044400137 17
1757432697790 39.16324005245067 18
1757432697839 27.559003205316156 19
1757432697918 34.92834126547151 20
1757432697978 23.37656883550364 21
1757432698032 26.371221982502355 22
1757432698077 23.43803036837634 23
1757432698129 38.10514860392401 24
1757432698180 31.904048192461694 25
1757432698234 45.439023205799614 26
1757432698286 29.865191954559457 27
1757432698340 28.24451193930739 28
1757432698391 44.8776075175333 29
1757432698448 22.16977487834188 30
1757432698501 28.97713509798897 31
1757432698558 24.20919527450617 32
1757432698611 23.022289497068055 33
1757432698668 28.21544023218861 34
1757432698722 14.807011695260032 35
1757432698766 33.00488691884536 36
1757432698818 28.324074279628928 37
1757432698874 27.77796188232633 38
1757432698931 32.31953467045754 39
1757432698987 35.38571531088814 40
1757432699049 26.541980665130087 41
1757432699100 29.352418032201037 42
1757432699157 28.339260665533672 43
1757432699216 32.633420127487895 44
1757432699270 32.060847430040965 45
1757432699322 26.129419250476012 46
1757432699378 33.26995865303459 47
1757432699437 24.243466413175017 48
1757432699495 30.53235840348931 49
1757432699553 34.226173720103304 50
1757432699609 24.547404350430277 51
1757432699664 39.471151739662275 52
1757432699719 37.48517903744963 53
1757432699770 34.93834412945938 54
1757432699828 23.50426854609932 55
1757432699886 30.12856217146324 56
1757432699943 34.316590893274594 57
1757432700000 24.81168494255924 58
1757432700056 29.470623008518306 59
1757432700112 30.49589419167829 60
1757432700164 36.354351267272236 61
1757432700222 37.79396917797808 62
1757432700278 30.183982129762544 63
1757432700334 34.48599142690714 64
