1757583631409 169.9113570544758 0
1757583631467 160.12960217136433 1
1757583631529 177.1858515748368 2
1757583631595 853.8130492217189 3
1757583631653 22572.808099833997 4
1757583631714 715438.9678017921 5
1757583631768 22815470.963658914 6
1757583631827 727725143.0680648 7
1757583631891 23211747784.21576 8
1757583631963 740369268658.2246 9
1757583632025 23615053070932.418 10
1757583632086 753233224985863.8 11
1757583632141 2.402536591657189e+16 12
1757583632196 7.663206936298775e+17 13
1757583632249 2.444280796898382e+19 14
1757583632312 7.796355577702237e+20 15
1757583632375 2.486750309992679e+22 16
1757583632438 7.931817684066426e+23 17
1757583632498 2.5299577332093838e+25 18
1757583632562 8.069633451968732e+26 19
1757583632689 2.5739158877775396e+28 20
1757583632743 8.209843776407664e+29 21
1757583632797 2.618637817695659e+31 22
1757583632851 8.352490262934521e+32 23
1757583632905 2.6641367936023663e+34 24
1757583632966 8.497615239999386e+35 25
1757583633024 2.710426316714394e+37 26
1757583633086 8.645261771511463e+38 27
1757583633147 2.7575201228328793e+40 28
1757583633216 8.795473669617821e+41 29
1757583633273 2.8054321864192065e+43 30
1757583633339 8.948295507703828e+44 31
1757583633403 2.854176724741824e+46 32
1757583633469 9.10377263362011e+47 33
1757583633537 2.903768202095031e+49 34
1757583633600 9.261951183138534e+50 35
1757583633663 2.954221334090995e+52 36
1757583633729 9.422878093642562e+53 37
1757583633795 3.0055510920264545e+55 38
1757583633858 9.586601118055338e+56 39
1757583633920 3.057772707325225e+58 40
1757583633984 9.753168839009422e+59 41
1757583634046 3.110901676057991e+61 42
1757583634112 9.92263068326352e+62 43
1757583634175 3.164953763540513e+64 44
1757583634238 1.0095036936368896e+66 45
1757583634301 3.219945009011734e+67 46
1757583634365 1.0270438757591028e+69 47
1757583634430 3.2758917303933205e+70 48
1757583634491 1.0448888195090607e+72 49
1757583634563 3.3328105291316796e+73 50
1757583634634 1.0630438201367722e+75 51
1757583634700 3.390718295124326e+76 52
1757583634761 1.0815142648975183e+78 53
1757583634824 3.449632211731521e+79 54
1757583634888 1.1003056346504458e+81 55
1757583634951 3.5095697608755216e+82 56
1757583635014 1.119423505484909e+84 57
1757583635080 3.5705487282278896e+85 58
1757583635145 1.1388735503751414e+87 59
1757583635209 3.63258720848719e+88 60
1757583635271 1.1586615408636066e+90 61
1757583635332 3.695703610748329e+91 62
1757583635395 1.1787933487736356e+93 63
1757583635457 3.759916663965356e+94 64
1757583635524 1.1992749479518008e+96 65
1757583635589 3.82524542250879e+97 66
1757583635652 1.2201124160406022e+99 67
1757583635718 3.891709271819995e+100 68
1757583635783 1.2413119362819188e+102 69
1757583635847 3.9593279341634085e+103 70
1757583635913 1.2628797993517704e+105 71
1757583635978 4.028121474478857e+106 72
1757583636042 1.2848224052270393e+108 73
1757583636104 4.098110306335692e+109 74
1757583636167 1.3071462650845606e+111 75
1757583636232 4.16931519799004e+112 76
1757583636294 1.3298580032331884e+114 77
1757583636358 4.241757278547667e+115 78
1757583636425 1.3529643590795607e+117 79
1757583636491 4.315458044233756e+118 80
1757583636555 1.3764721891278364e+120 81
1757583636621 4.390439364771526e+121 82
1757583636684 1.4003884690143234e+123 83
1757583636747 4.466723489871817e+124 84
1757583636812 1.4247202955774e+126 85
1757583636872 4.5443330558355285e+127 86
1757583636939 1.4494748889634003e+129 87
1757583637001 4.62329109227046e+130 88
1757583637070 1.4746595947690926e+132 89
1757583637135 4.703621028925064e+133 90
1757583637196 1.5002818862213736e+135 91
1757583637263 4.785346702641038e+136 92
1757583637321 1.5263493663949137e+138 93
1757583637384 4.868492364426508e+139 94
1757583637447 1.5528697704681767e+141 95
1757583637508 4.953082686652107e+142 96
1757583637576 1.5798509680187938e+144 97
1757583637642 5.039142770372307e+145 98
1757583637708 1.607300965358753e+147 99
1757583637773 5.126698152773903e+148 100
1757583637839 1.6352279079101335e+150 101
1757583637901 5.2157748147535685e+151 102
1757583637965 1.6636400826222062e+153 103
1757583638030 5.306399188627508e+154 104
1757583638095 1.692545920430375e+156 105
1757583638162 5.39859816597486e+157 106
1757583638226 1.7219539987580694e+159 107
1757583638290 5.4923991056175464e+160 108
1757583638356 1.7518730440619008e+162 109
1757583638421 5.587829841738395e+163 110
1757583638487 1.78231193442114e+165 111
1757583638552 5.6849186921406716e+166 112
1757583638618 1.8132797021721586e+168 113
1757583638682 5.7836944666510906e+169 114
1757583638752 1.8447855365886964e+171 115
1757583638821 5.8841864756687536e+172 116
1757583638892 1.8768387866086208e+174 117
1757583638960 5.9864245388623854e+175 118
1757583639024 1.909448963608128e+177 119
1757583639086 6.090438994019325e+178 120
1757583639150 1.9426257442240678e+180 121
1757583639213 6.196260706047448e+181 122
1757583639277 1.9763789732253796e+183 123
1757583639335 6.303921076134117e+184 124
1757583639399 2.010718666434433e+186 125
1757583639462 6.413452051064122e+187 126
1757583639527 2.0456550136990447e+189 127
1757583639590 6.524886132699339e+190 128
1757583639654 2.0811983819162001e+192 129
1757583639718 6.638256387623367e+193 130
1757583639784 2.117359318108324e+195 131
1757583639850 6.753596456953382e+196 132
1757583639914 2.154148552552837e+198 133
1757583639979 6.870940566322692e+199 134
1757583640043 2.1915770019663708e+201 135
1757583640110 6.990323536037314e+202 136
1757583640176 2.2296557727441955e+204 137
1757583640241 7.111780791407668e+205 138
1757583640307 2.2683961642556784e+207 139
1757583640374 7.235348373260829e+208 140
1757583640435 2.3078096721974358e+210 141
1757583640499 7.361062948635478e+211 142
1757583640568 2.3479079920043908e+213 143
1757583640635 7.488961821661898e+214 144
1757583640700 2.3887030223203236e+216 145
1757583640766 7.619082944631834e+217 146
1757583640828 2.4302068685286155e+219 147
1757583640896 7.751464929259956e+220 148
1757583640964 2.4724318463442872e+222 149
1757583641029 7.886147058141945e+223 150
1757583641094 2.515390485468647e+225 151
1757583641162 8.023169296410469e+226 152
1757583641227 2.5590955333072353e+228 153
1757583641296 8.162572303594566e+229 154
1757583641353 2.603559958752436e+231 155
1757583641418 8.30439744568493e+232 156
1757583641485 2.6487969560318714e+234 157
1757583641554 8.448686807408722e+235 158
1757583641618 2.694819948623635e+237 159
1757583641687 8.595483204717335e+238 160
1757583641745 2.7416425932394393e+240 161
1757583641802 8.744830197491759e+241 162
1757583641869 2.7892787838770436e+243 163
1757583641935 8.896772102468148e+244 164
1757583641999 2.837742655943299e+246 165
1757583642066 9.051354006388634e+247 166
1757583642131 2.887048590448499e+249 167
1757583642194 9.208621779379856e+250 168
1757583642252 2.937211218273803e+252 169
1757583642309 9.36862208856454e+253 170
1757583642375 2.9882454245126507e+255 171
1757583642440 9.531402411908988e+256 172
1757583642506 3.0401663528878497e+258 173
1757583642572 9.697011052311943e+259 174
1757583642638 3.0929894102452494e+261 175
1757583642703 9.865497151937737e+262 176
1757583642771 3.14673027112547e+264 177
1757583642838 1.0036910706798448e+266 178
1757583642909 3.2014048824151144e+267 179
1757583642977 1.0211302581589342e+269 180
1757583643043 3.2570294680787933e+270 181
1757583643113 1.0388724524782986e+272 182
1757583643180 3.3136205339734824e+273 183
1757583643246 1.0569229183984085e+275 184
1757583643312 3.3711948727462504e+276 185
1757583643375 1.075287012155279e+278 186
1757583643438 3.4297695688173947e+279 187
1757583643506 1.0939701830497986e+281 188
1757583643573 3.4893620034498566e+282 189
1757583643642 1.1129779750647408e+284 190
1757583643709 3.549989859907075e+285 191
1757583643774 1.1323160285099088e+287 192
1757583643840 3.6116711287001466e+288 193
1757583643908 1.1519900816958118e+290 194
1757583643978 3.67442411292621e+291 195
1757583644042 1.1720059726363705e+293 196
1757583644107 3.738267433699779e+294 197
1757583644171 1.192369640781368e+296 198
1757583644236 3.8032200356783374e+297 199
1757583644299 1.2130871287788233e+299 200
1757583644368 3.869301192683629e+300 201
1757583644436 1.2341645842681121e+302 202
1757583644502 3.936530513421299e+303 203
1757583644578 inf 204
1757583644646 inf 205
1757583644712 inf 206
