1757610514939 105.49094204629995 0
1757610515018 64.9792838841536 1
1757610515095 39.10577176007638 2
1757610515174 27.107516044062695 3
1757610515246 15.813071607214384 4
1757610515319 10.532969588283045 5
1757610515399 8.157737842508954 6
1757610515482 6.065867820282367 7
1757610515559 3.86393709593279 8
1757610515636 6.3565947320760445 9
1757610515719 2.17690732456328 10
1757610515799 2.196230964751896 11
1757610515879 2.2771797101037015 12
1757610515960 2.886285779809899 13
1757610516041 1.2157028799523095 14
1757610516124 2.202771756718791 15
1757610516358 1.8487974685462354 16
1757610516435 3.078564468279934 17
1757610516505 1.3888665527540847 18
1757610516577 1.6179727852890091 19
1757610516663 1.275055901392352 20
1757610516753 2.167408821187442 21
1757610516842 1.7133359355690625 22
1757610516926 1.6845790525526132 23
1757610517014 2.6414395327242426 24
1757610517102 2.1001419439186515 25
1757610517192 1.6352195517474533 26
1757610517270 2.7335335107294076 27
1757610517356 1.0013198409873403 28
1757610517443 2.592072665441205 29
1757610517529 1.7252128400971691 30
1757610517614 1.96722454754991 31
1757610517701 1.540698136569604 32
1757610517785 0.6860924532122206 33
1757610517871 2.089489521985202 34
1757610517959 0.9933561207765111 35
1757610518043 2.0901741576806003 36
1757610518130 2.445507819106182 37
1757610518214 2.7547681477761117 38
1757610518303 2.790178213250237 39
1757610518386 2.1940481370885463 40
1757610518469 1.8687648832313073 41
1757610518550 1.9648335814069742 42
1757610518632 2.925331211239279 43
1757610518718 2.4886720840321175 44
1757610518797 2.449799878097586 45
1757610518874 1.5762339445502804 46
1757610518957 6.148972578286116 47
1757610519035 2.3882807017088696 48
1757610519114 2.2946280749909995 49
1757610519194 1.1871313872077027 50
1757610519269 0.974042522353239 51
1757610519347 1.721856822168009 52
1757610519428 1.666852232214311 53
1757610519503 3.1974860920100037 54
1757610519583 0.9947605501624446 55
1757610519662 1.7829162085879804 56
1757610519745 1.9377623364167809 57
1757610519824 2.504721983815939 58
1757610519906 1.7394103666304046 59
1757610519987 3.28760278564949 60
1757610520069 2.307589212820287 61
1757610520151 2.3341928107470507 62
1757610520227 2.1005756427906257 63
1757610520302 1.1139083212043461 64
1757610520379 1.7829516629125772 65
1757610520454 2.279847354867697 66
1757610520530 2.1747151575691626 67
1757610520607 2.291544086586845 68
1757610520679 1.8706365027194325 69
1757610520755 2.321368385936765 70
1757610520830 1.1112614710390627 71
1757610520906 3.123595748272852 72
1757610520980 1.8544248885798917 73
1757610521056 2.242638582289324 74
1757610521136 1.7055572567209942 75
1757610521219 1.8117223475717357 76
1757610521289 1.0032661067163628 77
1757610521362 2.4026673278195565 78
1757610521437 1.7977163200135184 79
1757610521512 2.248814660012394 80
1757610521592 1.6166367451028083 81
1757610521670 1.8770167467109666 82
1757610521749 2.9842112723447056 83
1757610521830 1.9070298066291709 84
1757610521907 1.0709945160200514 85
1757610521986 1.1957811833456777 86
1757610522066 2.7116697171306394 87
1757610522142 1.4798644398761647 88
1757610522216 1.6290087143861243 89
1757610522295 2.4616614249691806 90
1757610522371 1.5281087225027812 91
1757610522452 1.4576476395077271 92
1757610522529 1.1618855153645948 93
1757610522607 1.1770900743667783 94
1757610522681 1.9334959994250382 95
1757610522763 1.0816148327218302 96
1757610522843 1.6970389931058298 97
1757610522920 1.3736382999587708 98
1757610522998 2.536671477103752 99
1757610523078 1.2535253220921816 100
1757610523163 2.3798979167940404 101
1757610523255 2.3248492607144264 102
1757610523327 2.0042952744477374 103
1757610523407 1.1746699442094481 104
1757610523491 2.7021414194427544 105
1757610523578 1.7884443242739834 106
1757610523657 1.5809339385053547 107
1757610523738 0.8470303568642814 108
1757610523819 1.569329157627783 109
1757610523899 2.454065960600433 110
1757610523982 1.506340406026408 111
1757610524046 2.435819795338855 112
1757610524120 1.432115031063316 113
1757610524197 2.113209876801127 114
1757610524279 1.9389811556266079 115
1757610524363 1.4181076478312875 116
1757610524449 2.1338270912763564 117
