1757449610885 165.48050314428252 0
1757449610967 179.18708079715535 1
1757449611040 166.11713189941995 2
1757449611106 162.5545500487204 3
1757449611163 165.62011309774655 4
1757449611227 161.5511189300195 5
1757449611291 166.65710094970686 6
1757449611362 160.07553367771501 7
1757449611424 160.80400078211073 8
1757449611493 159.3961317703824 9
1757449611557 152.2781356284038 10
1757449611619 153.129013569468 11
1757449611684 157.8266865953386 12
1757449611754 148.56393698923594 13
1757449611820 139.76760004657532 14
1757449611886 154.28106569739427 15
1757449611952 151.4844854903079 16
1757449612021 148.50904637691374 17
1757449612090 143.9418074731264 18
1757449612152 153.40543714968385 19
1757449612223 147.12743579057255 20
1757449612290 144.51800414606964 21
1757449612353 141.6596180464615 22
1757449612418 147.33348568667668 23
1757449612485 143.80870556467985 24
1757449612551 141.2227503659262 25
1757449612620 140.8973952055644 26
1757449612683 140.6045036033745 27
1757449612759 144.16305675596865 28
1757449612832 132.39972631436964 29
1757449612908 138.2329720419393 30
1757449612980 131.93167212282253 31
1757449613057 132.9174006244079 32
1757449613132 135.58914794493697 33
1757449613205 135.46612979738316 34
1757449613277 126.80113418791541 35
1757449613354 127.61937819384484 36
1757449613429 132.36162808732524 37
1757449613504 125.50485809616087 38
1757449613578 125.74728011008922 39
1757449613652 124.70118079511916 40
1757449613725 123.37486474609241 41
1757449613799 122.11260522639432 42
1757449613879 123.71823538546714 43
1757449613952 116.50613182953826 44
1757449614028 121.315719927681 45
1757449614105 120.7490882564625 46
1757449614179 124.50145883418766 47
1757449614251 119.38054183266831 48
1757449614325 120.4467464910011 49
1757449614397 119.81408940466014 50
1757449614469 108.08229699262368 51
1757449614542 118.44333574940953 52
1757449614615 114.64186777875273 53
1757449614691 109.74369769848938 54
1757449614763 113.60479274581405 55
1757449614835 108.56525668011022 56
1757449614909 110.28616124810222 57
1757449614985 118.23932209891258 58
1757449615061 111.80035961773547 59
1757449615137 110.00377529780951 60
1757449615210 106.14952386954647 61
1757449615284 109.02722468751172 62
1757449615358 106.94327686970009 63
1757449615430 103.69468671432936 64
1757449615505 108.85783506783392 65
1757449615583 104.2372865613869 66
1757449615666 100.7166566093399 67
1757449615742 107.94077171353837 68
1757449615819 100.55377510140589 69
1757449615899 94.03993752170803 70
1757449615975 98.80680241814086 71
1757449616050 95.54600011149557 72
1757449616125 107.35941809783866 73
1757449616200 92.92575865020908 74
1757449616274 94.08258354529339 75
1757449616348 99.24576719064785 76
1757449616423 92.21711940971726 77
1757449616503 97.11234568331392 78
1757449616579 99.28127703425552 79
1757449616654 98.19730603003376 80
1757449616729 97.55235559423102 81
1757449616806 92.61301624737932 82
1757449616884 92.367553654729 83
1757449616963 91.43561321301728 84
1757449617040 91.74386988085057 85
1757449617114 85.43115071101676 86
1757449617188 91.28907332727638 87
1757449617258 83.57431007094702 88
1757449617331 92.94235523570497 89
1757449617407 86.5911578577909 90
1757449617482 95.29160569527372 91
1757449617565 89.87291638055552 92
1757449617646 85.05620246188138 93
1757449617723 86.01009961674929 94
1757449617803 91.55456827127034 95
1757449617879 89.01942625484155 96
1757449617958 77.62991252719767 97
1757449618035 81.3059161359957 98
1757449618113 82.577722787511 99
1757449618189 88.09573238093446 100
1757449618262 83.58613272055842 101
1757449618337 82.9618376158086 102
1757449618412 83.82125208337163 103
1757449618488 78.07706262682008 104
1757449618563 89.83963305757878 105
1757449618636 80.02408008539344 106
1757449618712 82.60502877331513 107
1757449618786 76.43888481027734 108
1757449618862 87.33704152039724 109
1757449618938 71.13563162626343 110
1757449619022 77.67113755890864 111
1757449619109 76.29449061164678 112
1757449619184 81.54266936141995 113
1757449619254 74.62080696912744 114
1757449619325 74.97172298857876 115
1757449619394 75.23923878136246 116
1757449619464 74.44241638898664 117
1757449619533 70.92539967060362 118
1757449619604 72.82982893069868 119
1757449619676 79.2827757866737 120
1757449619749 70.23455380294101 121
1757449619826 69.82288889720637 122
1757449619894 69.10523762178613 123
1757449619958 70.21556909522643 124
1757449620025 72.25704586249888 125
1757449620082 69.2203580626223 126
1757449620148 76.24618233597431 127
1757449620218 73.42118698221174 128
1757449620285 72.02756220777599 129
1757449620359 72.62921939376578 130
1757449620431 69.92098462273528 131
1757449620506 75.49817030145586 132
1757449620574 63.224347796172815 133
1757449620644 61.6976857355672 134
1757449620722 70.5898675007014 135
1757449620793 55.97736392504298 136
1757449620865 72.52070227697199 137
1757449620944 59.294259755122795 138
1757449621028 64.91616796191748 139
1757449621108 56.44999270129019 140
1757449621187 57.8573733490463 141
1757449621261 66.33960503786541 142
1757449621336 62.00790490771668 143
1757449621403 54.92968078501639 144
1757449621472 66.4884831073588 145
1757449621540 62.75357518923579 146
1757449621605 64.89833891354155 147
1757449621674 60.846819203399555 148
1757449621746 58.50699238613886 149
1757449621819 57.34011171629618 150
1757449621896 52.71771424150702 151
1757449621975 58.69765932115246 152
1757449622053 60.942361161467275 153
1757449622132 54.91454502052643 154
1757449622209 61.27305082739443 155
1757449622284 58.56477531229613 156
1757449622363 51.92231060312765 157
1757449622438 49.59906392357003 158
1757449622512 53.20429416435808 159
1757449622588 54.497871517942556 160
1757449622662 61.10968154226933 161
1757449622739 46.720705051697294 162
1757449622817 53.44468840022584 163
1757449622894 60.0028641141866 164
1757449622973 55.39524437990384 165
1757449623053 51.915988043136224 166
1757449623130 45.267465649664 167
1757449623206 49.567096644899955 168
1757449623284 43.59964771398267 169
1757449623359 52.31091959580412 170
1757449623434 57.20095685155487 171
1757449623510 53.7771047909311 172
1757449623588 59.30837649934049 173
1757449623664 60.57709357312603 174
1757449623744 53.90366442274822 175
1757449623823 49.811204597064204 176
1757449623903 47.154842978897676 177
1757449623983 46.11455259707003 178
1757449624064 50.438930819211556 179
1757449624142 51.36588120289584 180
1757449624220 48.82978893734165 181
1757449624297 52.273744327426996 182
1757449624373 49.56790246625231 183
1757449624447 52.926601211497015 184
1757449624524 55.17265295532386 185
1757449624603 46.71618400527853 186
1757449624681 50.77975610484217 187
1757449624760 48.72203157618281 188
1757449624839 38.35630695604936 189
1757449624914 44.32924836136883 190
1757449624990 53.01146277313202 191
1757449625067 45.57840489029498 192
1757449625150 54.216829795630446 193
1757449625232 49.53168322128935 194
1757449625305 35.581482125274526 195
1757449625370 47.19047859648566 196
1757449625442 40.88326683311975 197
1757449625512 36.049709404830985 198
1757449625583 55.38813041526591 199
1757449625660 41.41229201773905 200
1757449625738 48.77680859976828 201
1757449625815 41.70457667809347 202
1757449625897 41.421514565282415 203
1757449625977 32.85692899629004 204
1757449626058 45.72672925933964 205
1757449626140 50.576797972894276 206
1757449626221 41.98194486891028 207
1757449626299 43.83687813998839 208
1757449626379 50.97872980356336 209
1757449626457 41.930951446567555 210
1757449626540 38.578147616548065 211
1757449626618 50.91494089103247 212
1757449626693 43.544435309207365 213
1757449626771 40.65035605420292 214
1757449626863 49.417956010266685 215
1757449626942 34.3861027776411 216
1757449627018 45.06051215760736 217
1757449627093 42.898579618363065 218
1757449627170 46.77668438326689 219
1757449627250 42.533842286234496 220
1757449627326 37.03787134063131 221
1757449627403 55.88449334859274 222
1757449627477 33.766427791197536 223
1757449627558 36.189556515158976 224
1757449627632 49.42657094728662 225
1757449627708 38.502778580144486 226
1757449627785 34.353592957865736 227
1757449627861 37.00513100736633 228
1757449627940 39.64169238894166 229
1757449628019 41.85552149948316 230
1757449628093 44.47071816708829 231
1757449628167 36.22437184358765 232
1757449628244 35.971822555393565 233
1757449628322 29.81135685388344 234
1757449628399 36.168038936325416 235
1757449628477 30.126173784934462 236
1757449628559 31.74823205544206 237
1757449628639 24.12148302679187 238
1757449628716 32.41253773789681 239
1757449628794 35.75407338541362 240
1757449628870 35.44569028322747 241
1757449628950 33.52231861855739 242
1757449629032 35.61275897757163 243
1757449629111 31.237263183307135 244
1757449629188 30.62051276064674 245
1757449629267 35.61848614400172 246
1757449629346 36.65174422627882 247
1757449629413 35.32120060941844 248
1757449629484 28.892579145046245 249
1757449629557 31.56955565936533 250
1757449629631 35.21050413995902 251
1757449629704 36.17716124304754 252
1757449629779 35.59358049881309 253
1757449629858 35.9903368710078 254
1757449629939 28.47789488215091 255
1757449630020 34.039855554373936 256
1757449630105 46.72197332054066 257
1757449630180 39.192467643772524 258
1757449630258 31.724307349316042 259
1757449630336 31.155272672962536 260
1757449630415 25.38771897783088 261
1757449630494 19.653281663427492 262
1757449630569 36.56603969898877 263
1757449630642 22.06110336038285 264
1757449630716 32.17504210212278 265
1757449630799 26.59298401770825 266
1757449630878 26.81966641894863 267
1757449630958 38.04693893553785 268
1757449631036 27.925585814662202 269
1757449631102 28.249209637272617 270
1757449631163 18.28911187138362 271
1757449631252 30.064289814961466 272
1757449631328 44.87955508760882 273
1757449631395 38.74701380705366 274
1757449631468 39.56523193682564 275
1757449631539 27.008133123097775 276
1757449631609 31.262586650545792 277
1757449631676 28.475992958627998 278
1757449631744 31.253423911815304 279
1757449631816 25.7352683127959 280
1757449631889 27.38795280448435 281
1757449631960 29.268370492373673 282
1757449632034 26.28030961816695 283
1757449632112 25.319600248529476 284
1757449632187 22.244807347533985 285
1757449632263 32.92212855872317 286
1757449632340 25.322994033300418 287
1757449632422 27.92909470550208 288
1757449632501 27.726094695194156 289
1757449632587 14.094746791589706 290
1757449632666 30.02153167573471 291
1757449632747 30.60010737056347 292
1757449632826 38.688660335560236 293
1757449632908 49.584229916145354 294
1757449632999 35.44148732577493 295
1757449633076 31.506480453703837 296
1757449633156 21.1509901110233 297
1757449633235 30.21415764659007 298
1757449633313 26.873588368888054 299
1757449633389 30.33856593019538 300
1757449633457 26.787187133763034 301
1757449633529 27.82111936888596 302
1757449633604 28.71858898414206 303
1757449633679 27.855442918295985 304
1757449633756 25.377794011259777 305
1757449633831 29.547274237713353 306
1757449633906 30.454372646952653 307
1757449633983 40.8119110986492 308
1757449634064 23.91824075714743 309
1757449634142 24.26609674242142 310
1757449634221 27.518840487213566 311
1757449634302 27.8815553606778 312
1757449634380 33.58743412466458 313
1757449634462 30.044394673027778 314
1757449634542 31.812856006777885 315
1757449634623 11.492212508206501 316
1757449634701 21.139319784153628 317
1757449634778 23.198745615269637 318
1757449634858 27.13470125585591 319
1757449634941 25.606901055738568 320
1757449635021 29.55523286271611 321
1757449635096 23.564166806925726 322
1757449635175 30.831386247741555 323
1757449635254 39.41022103610425 324
1757449635333 19.32743127532399 325
1757449635415 26.96838111453375 326
1757449635486 22.149105339781098 327
1757449635562 25.370867068205378 328
1757449635637 23.657556517055042 329
1757449635715 26.348234079444364 330
1757449635792 27.62988932900346 331
1757449635868 26.82989117831672 332
1757449635948 24.357057734044748 333
1757449636030 19.334967415344313 334
1757449636104 25.302928292107985 335
1757449636180 24.687078334036936 336
1757449636258 22.277023771149832 337
1757449636338 28.645939454949755 338
1757449636421 26.134916424280306 339
1757449636502 27.131065763807097 340
1757449636584 26.126276522121348 341
1757449636662 21.309676937300093 342
1757449636737 22.96936012885238 343
1757449636823 22.878643342091493 344
1757449636902 26.916333056170505 345
1757449636980 21.483553011155976 346
1757449637058 17.16054954976018 347
1757449637139 17.563118998941363 348
1757449637217 24.386384774606178 349
1757449637293 21.773128723253535 350
1757449637381 32.54865219957561 351
1757449637456 23.747945261899428 352
1757449637534 29.52403739188753 353
1757449637610 18.611423525703703 354
1757449637688 26.430994955848085 355
1757449637767 13.80813587501039 356
1757449637849 19.826716308787667 357
1757449637928 28.823964752065926 358
1757449638005 20.814715663731874 359
1757449638089 18.823329991608457 360
1757449638171 20.68740520286253 361
1757449638253 11.049753478137003 362
1757449638337 23.40501298663236 363
1757449638415 29.7297194277871 364
1757449638495 27.088760408456007 365
1757449638575 29.63317455498301 366
1757449638655 28.993681352421564 367
1757449638733 24.498701287009464 368
1757449638810 20.259964629006408 369
1757449638893 18.609145292711073 370
1757449638976 21.04825322582758 371
1757449639059 23.599665229489837 372
1757449639143 28.51340776271823 373
1757449639223 17.054264623479803 374
1757449639304 22.108507144049167 375
1757449639384 20.297175869656193 376
1757449639462 23.587870859969346 377
1757449639534 17.79465876909945 378
1757449639608 23.84454848800345 379
1757449639684 17.44305414075269 380
1757449639760 12.908528043898567 381
1757449639838 22.54766172239885 382
1757449639916 21.049358923295426 383
1757449639997 19.74959673401272 384
1757449640079 28.21988763240482 385
1757449640158 19.35149806610466 386
1757449640239 22.668088446775943 387
1757449640320 20.951859071940042 388
1757449640404 21.991181538930707 389
1757449640484 18.315538118977603 390
1757449640565 18.036678738988154 391
1757449640646 21.465329929051784 392
1757449640724 18.669723538301483 393
1757449640803 12.062194649689015 394
1757449640883 32.56587513805709 395
1757449640966 17.629594194838813 396
1757449641049 16.692056056493957 397
1757449641128 16.171828355349405 398
1757449641206 15.64850932204037 399
1757449641288 17.255846074967682 400
1757449641366 23.421641757725315 401
1757449641444 20.424799511054054 402
1757449641516 18.194451403467134 403
1757449641588 9.791859223777301 404
1757449641664 26.28483272378963 405
1757449641741 19.56255792240452 406
1757449641821 20.956180667958517 407
1757449641886 15.300500905436873 408
1757449641957 15.433455899401334 409
1757449642036 25.164497319515192 410
1757449642111 23.0227147547668 411
1757449642188 18.781619700040796 412
1757449642263 16.167979291022476 413
1757449642346 18.118533311334897 414
1757449642435 17.869155241308867 415
1757449642529 19.941320467538816 416
1757449642622 25.916859366857416 417
1757449642705 17.308265827291482 418
1757449642784 19.413926099416347 419
1757449642860 17.990785047681634 420
1757449642937 18.85437392871001 421
1757449643013 15.555850414932237 422
1757449643095 18.446289765019962 423
1757449643173 18.75312566693464 424
1757449643252 23.580954886485742 425
1757449643334 14.84381243309131 426
1757449643414 21.578754565381132 427
1757449643496 23.47268709460483 428
1757449643565 22.31177161043417 429
1757449643637 14.638424101077305 430
1757449643715 25.102464744457365 431
1757449643790 17.104007412786487 432
1757449643870 16.978737036036364 433
1757449643946 14.351671448350286 434
1757449644024 28.58444754641487 435
1757449644103 15.001384511511866 436
1757449644189 12.50747747201386 437
1757449644278 10.601600087856678 438
1757449644411 24.16639355586363 439
1757449644504 20.658511865691004 440
1757449644588 16.99202545812669 441
1757449644670 12.042786255357312 442
1757449644749 15.789414834184273 443
1757449644830 22.071254163635448 444
1757449644912 20.64820325335889 445
1757449644995 18.66406677835602 446
1757449645075 13.994706184665663 447
1757449645155 17.263351494003906 448
1757449645239 25.05699093409023 449
1757449645357 21.178351731585735 450
1757449645439 20.77173940796063 451
1757449645525 21.190836610737264 452
1757449645608 16.06159725438312 453
1757449645690 13.624065896910071 454
1757449645767 21.36655623027337 455
1757449645846 18.295655368469298 456
1757449645932 14.486103481020645 457
1757449646028 17.76253817692942 458
1757449646114 10.765358525909173 459
1757449646225 19.648903603315105 460
1757449646305 20.999211518066698 461
1757449646388 20.310825917743294 462
1757449646466 17.50659390487482 463
1757449646549 25.844944135149913 464
1757449646630 17.976138485069253 465
1757449646710 29.19020459203018 466
1757449646789 17.59849207035947 467
1757449646870 9.137726913887244 468
1757449646951 11.948825950754621 469
1757449647030 7.067937468136446 470
1757449647116 17.67891685571521 471
1757449647198 23.135245638267296 472
1757449647279 18.047367038709957 473
1757449647364 14.230059352053086 474
1757449647445 14.690281502545245 475
1757449647525 15.400452954839821 476
1757449647606 14.134204639760723 477
1757449647683 12.811048231334352 478
1757449647763 15.886450582059865 479
1757449647841 10.927804175768285 480
1757449647918 26.042190701332885 481
1757449647997 19.54843063540739 482
1757449648078 18.62782721994158 483
1757449648160 17.744702653863843 484
1757449648241 13.448059373471732 485
1757449648322 12.462164413708189 486
1757449648402 15.74346344748989 487
1757449648483 14.369425500941402 488
1757449648566 15.300751015825279 489
1757449648647 15.749408963909582 490
1757449648727 13.960623835792735 491
1757449648808 13.97157287889936 492
1757449648889 10.17845860555822 493
1757449648971 12.980123223726968 494
1757449649055 11.298887211210518 495
1757449649135 16.66233087992946 496
1757449649216 12.645392362263781 497
1757449649297 19.578901575649063 498
1757449649380 19.36355313395277 499
