1757437668199 88.02840415278428 0
1757437668253 46.95843149135032 1
1757437668307 23.701025167355883 2
1757437668365 20.05510832158538 3
1757437668429 13.643140968640918 4
1757437668484 8.11268567823245 5
1757437668553 12.767052446475503 6
1757437668610 13.792614009296118 7
1757437668666 14.18410932020853 8
1757437668722 12.515092068980364 9
1757437668779 10.725699761313088 10
1757437668839 13.063216919208113 11
1757437668902 8.84523881946143 12
1757437668962 18.45809384588214 13
1757437669021 10.225694785298131 14
1757437669081 16.94910003661277 15
1757437669143 15.472126393818826 16
1757437669205 14.447808964109148 17
1757437669262 10.723081311198072 18
1757437669321 16.203041432921893 19
1757437669385 8.26651658143377 20
1757437669445 18.476608149375874 21
1757437669500 24.082785593790906 22
1757437669560 15.750098280357834 23
1757437669619 11.622503241636085 24
1757437669678 15.519564680901269 25
1757437669738 10.222081234779845 26
1757437669796 8.977723689948274 27
1757437669848 9.976046497583948 28
1757437669900 15.324433664793014 29
1757437669958 17.837194184703403 30
1757437670015 5.537284082654732 31
