1757656166960 168.86266928634348 0
1757656167049 160.09056679259558 1
1757656167146 151.86422207663708 2
1757656167235 144.06647362416518 3
1757656167321 136.6750937992288 4
1757656167420 129.6686872927405 5
1757656167517 123.02730109749214 6
1757656167613 116.73177422566994 7
1757656167709 110.7640038477981 8
1757656167804 105.10696950367692 9
1757656167898 99.74434586275889 10
1757656167993 94.66085203247063 11
1757656168086 89.84182052854361 12
1757656168175 85.27353242045521 13
1757656168259 80.9428631630203 14
1757656168345 76.83733342739315 15
1757656168414 72.9453178598617 16
1757656168498 69.2555486312748 17
1757656168579 65.757591938381 18
1757656168661 62.44132016924605 19
1757656168745 59.29736931693985 20
1757656168826 56.316681911182144 21
1757656168908 53.490715761380734 22
1757656168991 50.81147121930063 23
1757656169073 48.27122758218601 24
1757656169158 45.86280368447719 25
1757656169240 43.579260889518665 26
1757656169322 41.41415292731296 27
1757656169407 39.361243681321525 28
1757656169495 37.41474672278697 29
1757656169581 35.5690570127618 30
1757656169668 33.818980571328055 31
1757656169750 32.159515253664466 32
1757656169832 30.585890308488814 33
1757656169911 29.093720876570707 34
1757656169997 27.678681580663167 35
1757656170078 26.336839056928703 36
1757656170164 25.064302609338853 37
1757656170249 23.857544194667664 38
1757656170330 22.713063684818877 39
1757656170403 21.627696899477012 40
1757656170494 20.598301555809908 41
1757656170586 19.622019302161437 42
1757656170682 18.696072537529556 43
1757656170781 17.817803326411145 44
1757656170875 16.984802515137908 45
1757656170970 16.194650366300106 46
1757656171067 15.445187111218258 47
1757656171159 14.734234423128944 48
1757656171254 14.059856393358068 49
1757656171348 13.420091652050212 50
1757656171447 12.81320523415029 51
1757656171554 12.237430758838256 52
1757656171699 11.691213630497485 53
1757656171803 11.17296272217169 54
1757656171903 10.68128533651022 55
1757656172003 10.214747870592205 56
1757656172107 9.772102942388834 57
1757656172208 9.35208004910276 58
1757656172316 8.953497332940817 59
1757656172413 8.575276138263991 60
1757656172508 8.216332023826192 61
1757656172607 7.875697760703324 62
1757656172714 7.552396892292755 63
1757656172815 7.245562220358467 64
1757656172917 6.954314349010585 65
1757656173015 6.677875878856309 66
1757656173119 6.415454660522616 67
1757656173216 6.166353906934629 68
1757656173325 5.92985989779709 69
1757656173425 5.705348210417179 70
1757656173532 5.492175631431817 71
1757656173633 5.289782697347853 72
1757656173739 5.097589583759364 73
1757656173845 4.915095137890299 74
1757656173952 4.741776528650468 75
1757656174052 4.577184944928508 76
1757656174154 4.420848802144201 77
1757656174257 4.272366271846469 78
1757656174356 4.13132717307097 79
1757656174447 3.9973256553000076 80
1757656174542 3.870038987325569 81
1757656174646 3.749084900670448 82
1757656174753 3.634176225881073 83
1757656174858 3.5249663338034383 84
1757656174965 3.421199958047208 85
1757656175074 3.3225625407694435 86
1757656175180 3.228827434818833 87
1757656175284 3.1397089461692773 88
1757656175389 3.055006099619714 89
1757656175493 2.974459181383995 90
1757656175597 2.897890243041841 91
1757656175691 2.825062958511926 92
1757656175779 2.7558200322043453 93
1757656175877 2.6899461947189076 94
1757656175986 2.6273026728212843 95
1757656176089 2.567693157754402 96
1757656176187 2.5109954867313307 97
1757656176286 2.4569207659194103 98
1757656176384 2.4055850031274617 99
1757656176471 2.356604546560557 100
1757656176558 2.3101012208668963 101
1757656176644 2.265815105408749 102
1757656176726 2.2235634449579895 103
1757656176812 2.1834139039995124 104
1757656176900 2.1451907942388306 105
1757656177015 2.10867179428003 106
1757656177110 2.0739907560344832 107
1757656177200 2.040838969224417 108
1757656177290 2.0093528381023464 109
1757656177387 1.9793397432033155 110
1757656177476 1.950633322313434 111
1757656177568 1.923358507616308 112
1757656177664 1.8973426128741573 113
1757656177754 1.872451269723029 114
1757656177849 1.8487837054688694 115
1757656177947 1.8261259715817377 116
1757656178042 1.8045786587941213 117
1757656178137 1.784018495998827 118
1757656178230 1.7643041709665128 119
1757656178323 1.7455639298825938 120
1757656178414 1.7275816975870721 121
1757656178497 1.7104857779459928 122
1757656178586 1.6941442448232313 123
1757656178681 1.6784578427443881 124
1757656178774 1.6635295167430357 125
1757656178862 1.6491919902519785 126
1757656178956 1.6355381663868966 127
1757656179045 1.6224884894507197 128
1757656179136 1.6099185479247946 129
1757656179225 1.5979683060629148 130
1757656179314 1.5864459981900274 131
1757656179405 1.575490761462133 132
1757656179504 1.5649168277349148 133
1757656179603 1.5548624238352085 134
1757656179697 1.545212944216767 135
1757656179783 1.5359078833791788 136
1757656179866 1.5270351924911405 137
1757656179958 1.518470812782463 138
1757656180050 1.5103021043519083 139
1757656180138 1.5024715590496447 140
1757656180227 1.4948778818666293 141
1757656180316 1.487655164086088 142
1757656180404 1.4806416851104296 143
1757656180493 1.4739704307565529 144
1757656180577 1.4674835210202932 145
1757656180671 1.4613128288426411 146
1757656180767 1.4553626017157308 147
1757656180866 1.4495871770554887 148
1757656180956 1.4440703770386916 149
1757656181047 1.4387090092365447 150
1757656181138 1.4335861272681993 151
1757656181227 1.4286012049900194 152
1757656181320 1.4238447392661238 153
1757656181409 1.419249387757623 154
1757656181501 1.414762691110915 155
1757656181588 1.4104783109451198 156
1757656181677 1.4062890870322424 157
1757656181770 1.4022878802727823 158
1757656181856 1.3983696438234228 159
1757656181951 1.3946264508040331 160
1757656182041 1.3910080234911073 161
1757656182128 1.3874466582680167 162
1757656182219 1.3840528938327188 163
1757656182309 1.3807068253303527 164
1757656182396 1.377518081265444 165
1757656182487 1.3743685730105293 166
1757656182567 1.3712737787485467 167
1757656182650 1.3683557668301634 168
1757656182741 1.3654753174564174 169
1757656182828 1.3626288919436456 170
1757656182915 1.3599065514924857 171
1757656183005 1.3572116986851774 172
1757656183094 1.3546340174444857 173
1757656183185 1.352168260298169 174
1757656183276 1.3496319294121968 175
1757656183367 1.347292549821832 176
1757656183456 1.344926814942322 177
1757656183548 1.3426543270597984 178
1757656183635 1.340488784137528 179
1757656183722 1.3382337170356036 180
1757656183812 1.3361699914001166 181
1757656183900 1.334013566041291 182
1757656183989 1.3320433363683861 183
1757656184080 1.3300645386941115 184
1757656184167 1.3280925865416333 185
1757656184260 1.3262433402322884 186
1757656184355 1.324389978562749 187
1757656184447 1.3225298600373503 188
1757656184535 1.3207496641802032 189
1757656184617 1.3189600163499564 190
1757656184709 1.317247233501441 191
1757656184804 1.315607377655996 192
1757656184906 1.3139170037668575 193
1757656185002 1.3122905384358772 194
1757656185099 1.310657800298616 195
1757656185239 1.309086544200879 196
1757656185344 1.3075907282824972 197
1757656185443 1.3059862310640205 198
1757656185541 1.3045392486811176 199
1757656185640 1.3029824007221709 200
1757656185737 1.3015806030365273 201
1757656185865 1.3001951405190133 202
1757656185974 1.2987069802738729 203
1757656186075 1.2973691495379251 204
1757656186175 1.295913094058638 205
1757656186264 1.2946126611568594 206
1757656186356 1.293274946835644 207
1757656186455 1.2919269437701786 208
1757656186549 1.2906229137558356 209
1757656186634 1.2893075241721301 210
1757656186723 1.2880786009055258 211
1757656186809 1.2868303223039559 212
1757656186897 1.2855489331004915 213
1757656187000 1.284328783946591 214
1757656187099 1.2830747165887502 215
1757656187199 1.281880774995268 216
1757656187287 1.280732381024073 217
1757656187380 1.2794821660207052 218
1757656187479 1.2783572897510285 219
1757656187571 1.2771733552701277 220
1757656187664 1.2760269264834403 221
1757656187759 1.2749440299991257 222
1757656187845 1.2737382082165556 223
1757656187933 1.272675181205177 224
1757656188024 1.2714889513351908 225
1757656188117 1.2704445219795153 226
1757656188211 1.269355606004973 227
1757656188307 1.2682491505237117 228
1757656188403 1.2671772365396528 229
1757656188501 1.266087358677922 230
1757656188573 1.2650740264856422 231
1757656188653 1.2640351992090464 232
1757656188742 1.2629578600446687 233
1757656188832 1.261933568629052 234
1757656188927 1.260870459177589 235
1757656189023 1.259859836170106 236
1757656189115 1.2588880777884637 237
1757656189210 1.257811891456809 238
1757656189302 1.2568525812082383 239
1757656189393 1.2558310267122628 240
1757656189492 1.2548408249790897 241
1757656189593 1.2539083675514853 242
1757656189686 1.2528513155867753 243
1757656189779 1.251929628374398 244
1757656189873 1.2508832757635868 245
1757656189973 1.2499717635136804 246
1757656190065 1.2490126559267034 247
1757656190163 1.2480331812129446 248
1757656190256 1.2471256023954918 249
1757656190347 1.2461130037300128 250
1757656190438 1.2452143244896607 251
1757656190530 1.2442873363480214 252
1757656190619 1.2433198718213394 253
1757656190703 1.242401139543163 254
1757656190794 1.2414418299852459 255
1757656190883 1.2405309317339468 256
1757656190975 1.239655808427932 257
1757656191064 1.2387174107598806 258
1757656191157 1.2378101771399244 259
1757656191247 1.236876092327135 260
1757656191342 1.2359827293029781 261
1757656191431 1.235124672315208 262
1757656191523 1.2341613224333134 263
1757656191615 1.2333096969073314 264
1757656191705 1.2323527565244892 265
1757656191796 1.231507262743627 266
1757656191889 1.2306322908620333 267
1757656191978 1.2297163598221663 268
1757656192072 1.228888961676744 269
1757656192164 1.2279366195875872 270
1757656192254 1.2271146971488993 271
1757656192349 1.2261678405970429 272
1757656192441 1.2253511548151317 273
1757656192534 1.224485035387328 274
1757656192625 1.2235974449472553 275
1757656192709 1.2227362641586164 276
1757656192800 1.2218535886598887 277
1757656192892 1.2210389320377844 278
1757656192981 1.2201941474208762 279
1757656193071 1.2193083526239106 280
1757656193182 1.2184680265246801 281
1757656193277 1.2175866975399106 282
1757656193371 1.216750652722194 283
1757656193464 1.2159486435428806 284
1757656193557 1.215041263291501 285
1757656193648 1.2142433072867134 286
1757656193740 1.2133817676868115 287
1757656193829 1.212545650893398 288
1757656193919 1.211762845550152 289
1757656194005 1.2108552578037795 290
1757656194097 1.2100761554762258 291
1757656194189 1.2091722961625757 292
1757656194284 1.2083967659692139 293
1757656194377 1.2075711168902037 294
1757656194469 1.2067240044031295 295
1757656194557 1.2059435630979451 296
1757656194651 1.2050577953528225 297
1757656194736 1.2042806584156847 298
1757656194832 1.2034726304271284 299
1757656194924 1.202623849282323 300
1757656195018 1.2018189650080744 301
1757656195108 1.2009733676148102 302
1757656195199 1.2001715272774671 303
1757656195291 1.1993290162060115 304
1757656195385 1.198530125699767 305
1757656195476 1.1977647755227658 306
1757656195569 1.1969360096192718 307
1757656195662 1.19613138358785 308
1757656195755 1.195305495092591 309
1757656195850 1.1945036320376534 310
1757656195944 1.1937545374613987 311
1757656196039 1.1928809481161045 312
1757656196131 1.192134515038133 313
1757656196224 1.1912636177640068 314
1757656196317 1.19051977470699 315
1757656196408 1.189767228364225 316
1757656196499 1.1889094896536714 317
1757656196591 1.1881594593402567 318
1757656196680 1.1873042529560576 319
1757656196764 1.1865634417374613 320
1757656196857 1.1857775861187994 321
1757656196951 1.1849650827381184 322
1757656197043 1.184181587931393 323
1757656197133 1.1833714925395766 324
1757656197224 1.182632272816161 325
1757656197317 1.181855800076128 326
1757656197409 1.1810449285217062 327
1757656197499 1.1802706967596983 328
1757656197591 1.1794621225826623 329
1757656197685 1.1786900818907393 330
1757656197786 1.177883756241635 331
1757656197892 1.1771138593637964 332
1757656197989 1.1763830365718728 333
1757656198085 1.1755835739671954 334
1757656198209 1.1748125394746358 335
1757656198331 1.174015229070421 336
1757656198426 1.1732462514908 337
1757656198521 1.1725242072457973 338
1757656198617 1.1716836816072307 339
1757656198699 1.1709636589314225 340
1757656198780 1.170125182928854 341
1757656198868 1.169407144604064 342
1757656198963 1.1686436899150179 343
1757656199054 1.1678541828067595 344
1757656199149 1.1671348064676599 345
1757656199243 1.1663048624018222 346
1757656199338 1.1655874058967517 347
1757656199430 1.1648322731579128 348
1757656199528 1.1640434265183268 349
1757656199619 1.1632901559163986 350
1757656199711 1.1625032354012315 351
1757656199806 1.1617517965826376 352
1757656199897 1.1609667724230897 353
1757656199991 1.1602593758608533 354
1757656200086 1.1595063838019484 355
1757656200176 1.158727705952019 356
1757656200272 1.1579764969957598 357
1757656200366 1.1571996616962326 358
1757656200460 1.1564502095250364 359
1757656200553 1.155747732139864 360
1757656200645 1.1549270631602133 361
1757656200735 1.1542263321370256 362
1757656200822 1.1534497702293944 363
1757656200915 1.1527081581361096 364
1757656201016 1.1520057825465382 365
1757656201106 1.1511930427479042 366
1757656201199 1.1504923770337612 367
1757656201290 1.149681369235924 368
1757656201384 1.1489823917238478 369
1757656201479 1.1482453686039356 370
1757656201575 1.147475377478654 371
1757656201670 1.1467824327346294 372
1757656201761 1.145971450437744 373
1757656201854 1.145280158217634 374
1757656201948 1.1444708564173938 375
1757656202045 1.1437811975933416 376
1757656202136 1.1430456476345545 377
1757656202231 1.1422851070152678 378
1757656202326 1.1415577913645787 379
1757656202418 1.1407922573851097 380
1757656202509 1.1400665192248125 381
1757656202604 1.1393745987087094 382
1757656202698 1.13862060435619 383
1757656202781 1.137887450093274 384
1757656202873 1.1371350920020116 385
1757656202967 1.1364034979243536 386
1757656203060 1.1357245990882259 387
1757656203153 1.1349223040106033 388
1757656203248 1.1342449664676753 389
1757656203344 1.1334442640484514 390
1757656203437 1.1327684726334522 391
1757656203532 1.1320837139917574 392
1757656203624 1.1312944115112906 393
1757656203714 1.1306112013303171 394
1757656203808 1.1298234657476671 395
1757656203899 1.1290384208405797 396
1757656203993 1.1282531015581696 397
1757656204087 1.1275737506447205 398
1757656204183 1.1267580915736677 399
1757656204282 1.1260118819505616 400
1757656204377 1.1253417902717116 401
1757656204471 1.1244507132341937 402
1757656204564 1.1237828627563513 403
1757656204657 1.1229654520655368 404
1757656204747 1.1222280231239006 405
1757656204834 1.1215161312796424 406
1757656204925 1.1206767330260785 407
1757656205019 1.1199669892608002 408
1757656205111 1.119304351001649 409
1757656205208 1.1184636203087872 410
1757656205330 1.1177600859410546 411
1757656205423 1.1170248713513182 412
1757656205519 1.1162192030491251 413
1757656205614 1.1154861188435894 414
1757656205709 1.1146825098239703 415
1757656205805 1.1140225422317203 416
1757656205899 1.113252837936758 417
1757656205993 1.1124906820590794 418
1757656206088 1.111765806524981 419
1757656206185 1.1110659400008465 420
1757656206279 1.1103097743429198 421
1757656206373 1.109540570578281 422
1757656206474 1.1087863686764967 423
1757656206570 1.1080191559581773 424
1757656206665 1.1073702396217053 425
1757656206758 1.1065715225099384 426
1757656206844 1.1058533423312753 427
1757656206937 1.1051598926181592 428
1757656207034 1.1043394228230352 429
1757656207128 1.103690685033884 430
1757656207223 1.1028290380728054 431
1757656207319 1.102182150101994 432
1757656207413 1.1014963527936432 433
1757656207506 1.1006760734399657 434
1757656207600 1.0999921030027027 435
1757656207695 1.0992771097089447 436
1757656207791 1.0984906785953958 437
1757656207883 1.0978480016808936 438
1757656207977 1.0971388130079187 439
1757656208071 1.0963570020255904 440
1757656208166 1.0956431422410131 441
1757656208264 1.0948631152923427 442
1757656208357 1.0942214066854903 443
1757656208450 1.0934758428035003 444
1757656208544 1.0927315960024042 445
1757656208636 1.0919878361853417 446
1757656208733 1.0913488102873794 447
1757656208822 1.090545429251997 448
1757656208911 1.0898649456770908 449
1757656209005 1.089133494480573 450
1757656209102 1.0883841767330815 451
1757656209198 1.0877579366315693 452
1757656209294 1.0869060175659084 453
1757656209392 1.086281476686648 454
1757656209498 1.0856048342926594 455
1757656209591 1.084807188793877 456
1757656209724 1.0841752310420236 457
1757656209840 1.083336067658745 458
1757656209953 1.0827057882094453 459
1757656210057 1.0820417771394766 460
1757656210159 1.0812384635712369 461
1757656210261 1.0805761145131654 462
1757656210361 1.0798780899509504 463
1757656210468 1.079112958497847 464
1757656210571 1.0784166456700615 465
1757656210673 1.0777997893450029 466
1757656210776 1.0770271355172958 467
1757656210873 1.076341796067306 468
1757656210973 1.0755707896120943 469
1757656211076 1.0748871324614342 470
1757656211177 1.0742213665654383 471
1757656211279 1.073504505599032 472
1757656211381 1.0727703504258197 473
1757656211489 1.0721587650519797 474
1757656211590 1.071364850495175 475
1757656211693 1.070711518098437 476
1757656211793 1.069988757507098 477
1757656211890 1.0692671329647767 478
1757656211988 1.068649670574076 479
1757656212087 1.0678251339756006 480
1757656212180 1.0672092708513297 481
1757656212277 1.0664900670943234 482
1757656212374 1.06577123328 483
1757656212471 1.0651661399680725 484
1757656212568 1.0643357401344546 485
1757656212663 1.0637322230887194 486
1757656212761 1.0630071830096028 487
1757656212853 1.0623006354464397 488
1757656212947 1.0616464153315617 489
1757656213048 1.060975605519125 490
1757656213147 1.060218314591268 491
1757656213245 1.0595491240506512 492
1757656213342 1.058793392180919 493
1757656213437 1.058125798818819 494
1757656213535 1.0575186269072299 495
1757656213631 1.056773501144055 496
1757656213728 1.0560984496873072 497
1757656213822 1.0554586998053017 498
1757656213917 1.0546805546837876 499
