1757443890857 85.42336889605777 0
1757443890930 55.98527668746295 1
1757443890998 35.854445720744515 2
1757443891072 37.1103522654354 3
1757443891143 15.644980398239541 4
1757443891206 24.72899251468098 5
1757443891276 16.810058932598018 6
1757443891346 15.779586439153142 7
1757443891417 12.319234708649603 8
1757443891486 15.90666359095535 9
1757443891557 10.07957568574379 10
1757443891623 18.613869555503346 11
1757443891691 9.001203922265102 12
1757443891764 13.419299934599048 13
1757443891833 19.22228210451419 14
1757443891907 15.714442060063835 15
1757443891973 15.46675492521742 16
1757443892038 16.455416945601467 17
1757443892112 16.38644420206898 18
1757443892177 18.5788685828435 19
1757443892248 19.405849331351007 20
1757443892319 19.026007427508517 21
1757443892390 18.993380308792982 22
1757443892463 22.953448217159 23
1757443892532 10.107264872730699 24
1757443892643 22.921037382595113 25
1757443892762 20.31730057441345 26
1757443892827 10.221969323884418 27
1757443892892 15.025957883680732 28
1757443892953 24.399086306277052 29
1757443893013 21.15599694502579 30
1757443893086 14.88338697441809 31
1757443893158 11.998435766710134 32
1757443893230 16.31470840699389 33
1757443893298 11.230456458895922 34
1757443893366 14.97250793608219 35
1757443893437 20.243583551997574 36
1757443893509 17.76860790033564 37
1757443893582 13.670310342314787 38
1757443893646 14.500366677718251 39
