1757522258660 169.43042045510796 0
1757522258731 169.2832293059907 1
1757522258805 169.22528226814498 2
1757522258883 169.16885274490596 3
1757522258956 169.1173916869052 4
1757522259027 169.07030368783947 5
1757522259101 169.02721958309775 6
1757522259174 168.98779412963341 7
1757522259245 168.95171250940777 8
1757522259318 168.91868724539933 9
1757522259389 168.88845582347702 10
1757522259457 168.86077850396055 11
1757522259526 168.83543632799373 12
1757522259592 168.81222930014223 13
1757522259661 168.79097473149355 14
1757522259734 168.7715057289079 15
1757522259808 168.75366981737545 16
1757522259975 168.73732768361748 17
1757522260051 168.7223520301428 18
1757522260126 168.7086265299437 19
1757522260193 168.69604487290158 20
1757522260273 168.68450989577437 21
1757522260347 168.67393278836843 22
