1757664890439 14.020485941033078 0
1757664890534 4.095058874780971 1
1757664890614 1.732993095267522 2
1757664890704 0.669136602354947 3
1757664890787 0.9890645097649177 4
1757664890869 0.8631014747147017 5
1757664890959 1.0124221039592465 6
1757664891066 1.3351663772668243 7
1757664891162 0.6426698539140988 8
1757664891260 1.2241596068626355 9
1757664891353 1.4173355935088043 10
1757664891441 1.0058154948365958 11
1757664891531 0.9331809055443337 12
1757664891620 0.7170986433231981 13
1757664891699 0.6694333121695533 14
1757664891786 0.8995918281591126 15
1757664891892 1.3654682533158822 16
1757664891991 0.8470816403627182 17
1757664892091 0.5624309764941102 18
1757664892188 1.488625981160515 19
1757664892286 0.8721310263143274 20
1757664892380 0.5668860391734339 21
1757664892477 0.5293336121343399 22
1757664892571 1.4890234271237826 23
1757664892668 0.6670514652242778 24
1757664892769 0.3572671588586451 25
1757664892869 1.261539700241654 26
1757664892952 0.6327620986961411 27
1757664893038 0.6550332087403571 28
1757664893128 1.2438361881617448 29
1757664893219 0.466573753979967 30
1757664893309 0.6150734329470126 31
1757664893397 1.129306948685924 32
1757664893491 0.8381115679066555 33
1757664893585 0.3476550124814891 34
1757664893677 1.0756320723697161 35
1757664893762 0.5473792803149977 36
1757664893861 0.7316294876156205 37
1757664893955 0.7955682804545734 38
1757664894055 1.2560278913233147 39
1757664894158 0.8592989621706038 40
1757664894253 0.6192060402560893 41
1757664894384 0.5998436238602828 42
1757664894482 1.008139509226649 43
1757664894580 1.2478023464025985 44
1757664894677 0.8223802727816996 45
1757664894774 1.1486498918793155 46
1757664894872 0.46405891997921556 47
1757664894962 0.834165929499495 48
1757664895044 0.6976094013765078 49
1757664895142 0.4007087009618141 50
1757664895240 1.0750475761853906 51
1757664895339 0.5685590843819737 52
1757664895438 0.7688759087669249 53
1757664895540 0.3943752317245713 54
1757664895638 0.7258017910156572 55
1757664895734 0.5136453434629887 56
1757664895831 0.5985561502897356 57
1757664895929 0.5872596967111181 58
1757664896024 0.655329492914314 59
1757664896121 0.571836696653099 60
1757664896216 1.419098854231329 61
1757664896309 0.9458650604904235 62
1757664896408 0.6718805626968382 63
1757664896505 0.8159621448504475 64
1757664896603 0.7220872237843865 65
1757664896697 0.7551503828409212 66
1757664896790 0.371898442383735 67
1757664896892 0.6869014224009161 68
1757664896980 0.5205947235582572 69
1757664897073 0.3028112136644126 70
1757664897167 0.7267927958531444 71
1757664897263 0.5784455470081807 72
1757664897355 0.41724888578501007 73
1757664897454 0.5515458334338799 74
1757664897552 1.334094936594976 75
1757664897644 0.7759494443521865 76
1757664897740 0.4455522619450651 77
1757664897837 0.7121852446238137 78
1757664897935 0.5157071198038725 79
1757664898030 1.3080957049091964 80
1757664898125 0.5373336186330958 81
1757664898223 0.7998995381477761 82
1757664898317 0.7841147161839261 83
1757664898412 1.2452038744011578 84
1757664898507 0.6788565856009547 85
1757664898606 0.5541593497041016 86
1757664898703 0.6118821074709974 87
1757664898802 0.6797360776802609 88
1757664898901 0.8856679631117825 89
1757664898984 0.4669976390761585 90
1757664899071 0.6997959833320995 91
1757664899160 1.489279688768453 92
1757664899247 0.6835602823573423 93
1757664899335 1.0917314595285685 94
1757664899426 0.7451779853114988 95
1757664899523 0.6074864833382714 96
1757664899629 0.6403852653975115 97
1757664899722 0.6055284630145483 98
1757664899820 0.44166953374955614 99
1757664899933 0.4169692833710484 100
1757664900035 0.8542788061057509 101
1757664900133 0.49615092688932144 102
1757664900232 0.7883095175795276 103
1757664900330 0.7082413543716066 104
1757664900426 0.9764458081267717 105
1757664900523 0.7019991968639113 106
1757664900620 0.8720349892499867 107
1757664900717 0.5597915619391827 108
1757664900812 0.8972613917305255 109
1757664900908 0.5027165467519266 110
1757664900999 0.9815760830849182 111
1757664901087 0.7505410647938227 112
1757664901182 0.9060650006148556 113
1757664901279 1.2872906945496732 114
1757664901379 1.0204233061274819 115
1757664901476 0.8267605530142056 116
1757664901574 0.6395476223243692 117
1757664901669 0.5043478220880226 118
1757664901768 1.106115551215661 119
1757664901871 0.47825453462789014 120
1757664901973 0.6221982577742663 121
1757664902070 0.6871881795912836 122
1757664902170 0.7707010960790976 123
1757664902273 0.4548441657794868 124
1757664902372 1.4946681529162207 125
1757664902474 0.4456520880319069 126
1757664902570 0.4661518169620284 127
1757664902667 0.257105535274422 128
1757664902762 0.5798899764489929 129
1757664902856 1.0646227302565017 130
1757664902952 0.6546109992586471 131
1757664903039 1.5963456494744612 132
1757664903130 0.3238031756089894 133
1757664903223 0.7013954097759811 134
1757664903312 0.36763705682795295 135
1757664903398 0.8135498921489356 136
1757664903489 0.5256626262661314 137
1757664903578 0.6440837981555558 138
1757664903671 0.703414381935345 139
1757664903756 0.5783289251910685 140
1757664903847 0.6723087924082587 141
1757664903934 1.6342444677085683 142
1757664904029 0.2687617387512388 143
1757664904122 0.3841438656227499 144
1757664904216 0.526632282539768 145
1757664904326 0.5917064504361289 146
1757664904424 0.5581096023959133 147
1757664904525 0.6093204089502451 148
1757664904621 0.32292574305534993 149
1757664904719 0.5811799265695335 150
1757664904815 0.7246790147456079 151
1757664904912 1.7448040422370779 152
1757664905002 0.1693027585408172 153
1757664905095 0.545266654468695 154
1757664905193 0.6121346121974012 155
1757664905289 0.35202593830000695 156
1757664905389 0.5908857733482206 157
1757664905487 0.8013604902818015 158
1757664905581 1.550390899111891 159
1757664905676 0.3479045685636039 160
1757664905779 0.6674351428285726 161
1757664905879 0.3016723642263547 162
1757664905975 1.0802673754891448 163
1757664906075 0.4835541188126039 164
1757664906172 0.8912443566912591 165
1757664906271 0.8348746626299796 166
1757664906374 0.783760875418042 167
1757664906473 0.7260411313010762 168
1757664906563 0.4825293769912938 169
1757664906653 0.6461054255600858 170
1757664906750 1.042539475966187 171
1757664906829 0.5950698867850882 172
1757664906924 1.091829906771491 173
1757664907019 1.1290359421172356 174
1757664907108 0.5177202258285817 175
1757664907201 0.4271928094038402 176
1757664907298 0.5718869896198642 177
1757664907399 0.737928450289835 178
1757664907497 0.4497598356620745 179
1757664907594 0.5088890482167009 180
1757664907690 0.9268291178173853 181
1757664907788 0.5979970493139679 182
1757664907888 0.7354051611522234 183
1757664907983 0.7127376987259006 184
1757664908083 1.0664611131398603 185
1757664908179 0.6238897815938208 186
1757664908276 0.7060041722955844 187
1757664908372 0.4663871784808875 188
1757664908471 0.5883397567554887 189
1757664908570 1.2854957822254622 190
1757664908665 0.6254070109006764 191
1757664908763 0.4480661943074831 192
1757664908864 1.3910612901676267 193
1757664908961 1.0129807695808999 194
1757664909052 0.37603701977790993 195
1757664909145 1.1246479110243328 196
1757664909240 0.5502424122895012 197
1757664909338 0.4598767084762735 198
1757664909433 0.8633836342751648 199
1757664909532 1.046896247685812 200
1757664909629 0.5442427917918933 201
1757664909722 0.3722550395534592 202
1757664909821 0.39086774560584925 203
1757664909916 0.6077632802892811 204
1757664910014 1.184132991646274 205
1757664910111 0.6763858535418861 206
1757664910208 0.9345575986712105 207
1757664910306 0.494433809848341 208
1757664910402 0.593741062940806 209
1757664910498 0.46518753977878946 210
1757664910595 1.1779840585136094 211
1757664910704 0.42721925253646154 212
1757664910806 0.25893582452989766 213
1757664910907 1.2872856090297504 214
1757664911007 0.8779987702545978 215
1757664911096 0.49300857352686006 216
1757664911187 0.5064329056892012 217
1757664911286 0.8568237871600255 218
1757664911386 0.4522272467464963 219
1757664911481 1.0241150916620767 220
1757664911581 1.3340620158822905 221
1757664911674 1.1259568259948394 222
1757664911771 0.7142170720405121 223
1757664911868 0.37726575639189697 224
1757664911964 1.0870442312419666 225
1757664912059 0.368910033395594 226
1757664912154 0.3669261868248655 227
1757664912253 0.5246732540118837 228
1757664912354 1.039677759739981 229
1757664912452 0.5004053821736294 230
1757664912556 0.4911522389778887 231
1757664912668 0.8593139924504003 232
1757664912774 0.7260680612035961 233
1757664912880 0.5788882847457618 234
1757664912979 0.8406565272027936 235
1757664913074 0.4313366295377728 236
1757664913159 0.9410227519625766 237
1757664913251 0.3735797243337215 238
1757664913345 0.612393420824105 239
1757664913442 0.6637834531740235 240
1757664913546 0.6757454339759519 241
1757664913645 0.7021357362162021 242
1757664913744 0.7306750962308712 243
1757664913840 0.48014369639575477 244
1757664913940 0.3907388359773553 245
1757664914038 0.504331874064964 246
1757664914138 0.5985282941710429 247
1757664914235 0.5853733948486061 248
1757664914344 0.8793747152970753 249
1757664914444 0.44996745769697233 250
1757664914546 0.8103187925328251 251
1757664914646 0.5382870017455081 252
1757664914744 0.8578149486707706 253
1757664914844 0.6183531161530922 254
1757664914947 0.5210411075910149 255
1757664915084 0.8161752775969995 256
1757664915184 0.711106387852857 257
1757664915281 0.5877391154963126 258
1757664915384 0.6928536277318496 259
1757664915487 0.8017590370923767 260
1757664915588 0.45719520129023206 261
1757664915696 0.6147869312530356 262
1757664915807 0.7343939400532299 263
1757664915919 0.4654299978542562 264
1757664916048 0.5328436392389181 265
1757664916151 0.7774114420810815 266
1757664916254 0.9639030542683651 267
1757664916361 1.0044634430722923 268
1757664916473 0.7393127679792078 269
1757664916571 0.28517944183136046 270
1757664916672 0.4390981244102297 271
1757664916773 0.5150778485839497 272
1757664916889 0.4341096721086493 273
1757664916985 0.3767460394521648 274
1757664917088 0.6713688096022047 275
1757664917180 0.3335898812831572 276
1757664917272 0.6271655524566546 277
1757664917367 0.9452545491608537 278
1757664917465 0.482005445733884 279
1757664917559 1.1720279662856206 280
1757664917659 0.4278289937682067 281
1757664917761 0.6884778125696202 282
1757664917864 1.0567612428069086 283
1757664917964 0.5471430911849927 284
1757664918064 0.3510394496193015 285
1757664918166 0.5397022453472013 286
1757664918270 1.0892281226486085 287
1757664918372 0.497493021091906 288
1757664918466 0.49600220127958466 289
1757664918568 0.4489824012472263 290
1757664918665 0.6402139113687421 291
1757664918767 0.7564481718585648 292
1757664918872 0.7775067836155968 293
1757664918974 1.37486238732994 294
1757664919076 0.2639249383699628 295
1757664919174 0.6052970719591471 296
1757664919267 0.9310054227539745 297
1757664919362 0.6000903748859324 298
1757664919458 0.7807906230981446 299
1757664919555 1.3778488458142977 300
1757664919652 0.6850090288615939 301
1757664919749 0.6717192251709826 302
1757664919850 0.7944768412557552 303
1757664919954 0.5597196644384336 304
1757664920055 0.8561141133311231 305
1757664920155 0.8780499966159556 306
1757664920252 0.35902216070480963 307
1757664920352 1.0853112946720105 308
1757664920453 1.015314485261926 309
1757664920552 0.547097406897648 310
1757664920652 0.6099850963216633 311
1757664920750 0.8736251211712737 312
1757664920853 0.7882909787900816 313
1757664920953 0.854203194731573 314
1757664921060 0.6800973194043022 315
1757664921158 0.5182946739700247 316
1757664921254 0.6516201705633973 317
1757664921347 0.6981175879810236 318
1757664921441 0.47182216680223293 319
1757664921538 0.9522012868078787 320
1757664921636 0.46749081470345427 321
1757664921739 0.4715311409243197 322
1757664921839 0.9249108010444814 323
1757664921943 0.9362830493557568 324
1757664922047 0.8220078297832266 325
1757664922149 0.5336257861726552 326
1757664922251 0.9376431070962085 327
1757664922356 0.8228694560886793 328
1757664922466 0.8432269458054065 329
1757664922574 0.521892670489728 330
1757664922679 0.9765596981156338 331
1757664922764 0.5770808283515134 332
1757664922856 0.4663485567609725 333
1757664922956 0.4865997506190832 334
1757664923054 0.6247381594057624 335
1757664923156 0.5301298700039229 336
1757664923244 0.7829323953725382 337
1757664923335 0.5250633585373985 338
1757664923430 0.4050308921260258 339
1757664923537 0.5333237613368165 340
1757664923641 0.368116789525808 341
1757664923747 1.2018886280284828 342
1757664923850 0.47115937930276375 343
1757664923955 0.6172640464351455 344
1757664924061 0.6964265923700623 345
1757664924165 1.0025988846931093 346
1757664924273 1.2414604664604323 347
1757664924384 0.7592771934297513 348
1757664924478 0.7818204319891169 349
1757664924576 0.5474887686575313 350
