1757449800593 167.44409364529724 0
1757449800674 178.20423369488904 1
1757449800740 167.3358122752378 2
1757449800815 161.29505181212863 3
1757449800880 159.60144009348957 4
1757449800944 169.88099611058792 5
1757449801008 157.23066288914615 6
1757449801070 163.95847967371859 7
1757449801134 158.83349262780933 8
1757449801207 153.8152309679217 9
1757449801279 156.62184670827696 10
1757449801344 158.30708099816235 11
1757449801411 158.07811570013985 12
1757449801480 145.17898408525895 13
1757449801550 150.42902477361395 14
1757449801620 144.3863351111705 15
1757449801688 152.38442853709506 16
1757449801755 154.84718526294697 17
1757449801821 146.11125876364653 18
1757449801892 139.402448569442 19
1757449801955 135.8886222412052 20
1757449802027 158.86693254513696 21
1757449802095 144.17777569359254 22
1757449802150 138.42985274654077 23
1757449802212 146.5552675882264 24
1757449802279 146.95602876578772 25
1757449802344 142.44483475527858 26
1757449802411 140.39817457293748 27
1757449802474 136.1779678169118 28
1757449802542 133.0915750556377 29
1757449802612 138.7192868718068 30
1757449802680 134.26016549302446 31
1757449802745 125.26283758060515 32
1757449802817 134.1620011786202 33
1757449802886 137.49878208575427 34
1757449802958 129.52639667322302 35
1757449803033 129.58574642168668 36
1757449803111 129.92173122494725 37
1757449803186 130.76510423486508 38
1757449803261 124.36204657309287 39
1757449803332 125.64755327036518 40
1757449803403 122.36185103381649 41
1757449803473 123.55220316581546 42
1757449803545 124.2900062977362 43
1757449803618 121.36820718959288 44
1757449803691 117.47353247724232 45
1757449803764 118.9774951736089 46
1757449803836 111.81145417830734 47
1757449803911 123.26744543227707 48
1757449803987 113.1535267185257 49
1757449804063 117.84968705220349 50
1757449804139 121.93091496842992 51
1757449804211 113.75461014703758 52
1757449804283 117.17729211828409 53
1757449804358 111.90125717332349 54
1757449804432 107.79668518715688 55
1757449804505 113.97367662543843 56
1757449804580 108.5483137960916 57
1757449804654 114.107977276291 58
1757449804728 109.2281860272229 59
1757449804807 111.62091540194812 60
1757449804879 107.06839464862725 61
1757449804955 108.66542668078839 62
1757449805028 101.81116343318811 63
1757449805104 103.97487940998582 64
1757449805185 103.15790197359709 65
1757449805260 101.64912820567356 66
1757449805331 104.19889608090598 67
1757449805398 102.78368425569008 68
1757449805473 97.31568629587528 69
1757449805541 98.79592454690851 70
1757449805613 101.06571596086368 71
1757449805682 95.6714356027743 72
1757449805754 93.98482267713604 73
1757449805830 99.09732980546693 74
1757449805904 102.92550046896869 75
1757449805977 94.31452543403648 76
1757449806052 98.87748847699409 77
1757449806129 93.02201781896986 78
1757449806204 96.5720500293412 79
1757449806277 90.30254233811362 80
1757449806352 95.18644764071381 81
1757449806426 91.83100695151369 82
1757449806503 92.57890970747117 83
1757449806584 92.55743126840451 84
1757449806662 89.70790998538044 85
1757449806740 87.466365539927 86
1757449806819 93.36073770728392 87
1757449806897 83.76904720843237 88
1757449806975 84.87628783503473 89
1757449807052 89.57956165496867 90
1757449807126 86.27022381004998 91
1757449807200 82.08590417645891 92
1757449807275 82.34124657610188 93
1757449807351 83.14246745796171 94
1757449807416 85.78778902090528 95
1757449807491 84.31844077945428 96
1757449807561 87.20414168332873 97
1757449807634 80.95961106100226 98
1757449807709 82.23417579558475 99
1757449807784 80.62426383429532 100
1757449807863 77.42264000883034 101
1757449807938 80.21647928549164 102
1757449808018 79.82366730004921 103
1757449808097 79.60743230627152 104
1757449808172 77.65954434048322 105
1757449808253 75.4814744567469 106
1757449808330 74.93665133928747 107
1757449808405 74.77033644205883 108
1757449808480 80.89309924012625 109
1757449808559 74.30741951383945 110
1757449808634 77.84182932263974 111
1757449808712 75.37301137000514 112
1757449808790 75.84876994333843 113
1757449808864 72.53951535903983 114
1757449808943 69.8737852799095 115
1757449809021 72.51685745383575 116
1757449809096 69.67763664301316 117
1757449809166 68.7892686025726 118
1757449809233 70.66175494001406 119
1757449809300 69.59959698914447 120
1757449809368 71.29644597891615 121
1757449809434 71.73665165800712 122
1757449809501 73.05183448694339 123
1757449809570 64.06468911270095 124
1757449809644 68.02122111403823 125
1757449809711 65.4613794104055 126
1757449809779 66.77645597405477 127
1757449809850 68.34312252891397 128
1757449809920 64.92094250623381 129
1757449809997 62.78781887512281 130
1757449810069 62.18760481859844 131
1757449810140 60.24445563347915 132
1757449810215 61.19860762268789 133
1757449810292 66.82412680630958 134
1757449810370 59.40183681046749 135
1757449810449 61.32194971774818 136
1757449810527 60.500232363583024 137
1757449810602 64.0855261377594 138
1757449810682 60.57865802827827 139
1757449810761 61.846855450141916 140
1757449810846 57.04839434466088 141
1757449810919 57.737837465625425 142
1757449810989 59.61251827162282 143
1757449811055 58.5355524898169 144
1757449811114 59.97316412859794 145
1757449811169 56.20071586289626 146
1757449811233 57.43185911548652 147
1757449811299 61.664458886854305 148
1757449811367 54.637961085463516 149
1757449811426 55.81380666048432 150
1757449811491 55.539261182705296 151
1757449811561 56.8807484238349 152
1757449811633 51.498951163792086 153
1757449811705 55.45504630194063 154
1757449811774 52.17696040824477 155
1757449811847 55.54051345663174 156
1757449811923 53.184802913701745 157
1757449812003 51.18686629417307 158
1757449812079 49.68670897782619 159
1757449812157 53.50253982709276 160
1757449812233 50.6363536260441 161
1757449812310 55.18904429269019 162
1757449812390 49.85699491399442 163
1757449812468 52.508609128245325 164
1757449812540 51.986535478997745 165
1757449812620 50.9031211649159 166
1757449812698 50.55804748787611 167
1757449812777 50.019014809084396 168
1757449812851 51.846367375376005 169
1757449812926 51.125983777239945 170
1757449813005 49.44022329539634 171
1757449813084 44.68424187947711 172
1757449813159 48.49901287559863 173
1757449813237 43.49714136631253 174
1757449813315 47.678227266987534 175
1757449813394 44.10710212005465 176
1757449813466 43.74801502803352 177
1757449813540 47.172820717764225 178
1757449813614 47.22056052033224 179
1757449813684 44.83738403556802 180
1757449813755 45.25414508842246 181
1757449813825 43.481293162082125 182
1757449813896 41.02457137593382 183
1757449813969 42.11063558387829 184
1757449814034 42.94618073561964 185
1757449814098 42.46774581956704 186
1757449814171 44.00163714143645 187
1757449814240 42.332112202708814 188
1757449814311 41.87444111094553 189
1757449814383 39.3368110724375 190
1757449814462 42.38689495282148 191
1757449814542 40.495216706271414 192
1757449814621 40.92547137587999 193
1757449814699 41.171612163190815 194
1757449814775 39.36363729801463 195
1757449814853 42.02481304451304 196
1757449814936 38.497434186141014 197
1757449815017 36.61203975564529 198
1757449815101 41.33847968737149 199
1757449815179 37.19328951012487 200
1757449815254 39.43985100109275 201
1757449815330 40.320229978376915 202
1757449815406 34.66759511485248 203
1757449815469 41.15883651824572 204
1757449815537 39.46139588043811 205
1757449815610 37.24819591041485 206
1757449815682 38.248626439672286 207
1757449815754 39.28791763749237 208
1757449815829 37.83349498820435 209
1757449815903 38.506328938277704 210
1757449815980 35.044692439448625 211
1757449816060 37.819614499670266 212
1757449816138 34.757756092820834 213
1757449816221 34.512420028730595 214
1757449816301 36.422815079398745 215
1757449816380 36.404722993879744 216
1757449816455 35.573997617098286 217
1757449816532 33.98714629628196 218
1757449816613 35.717882006341426 219
1757449816688 32.43445267430225 220
1757449816774 33.54834646728651 221
1757449816853 31.199216818096314 222
1757449816933 31.63500309860464 223
1757449817015 34.047131631332164 224
1757449817097 31.017207606195623 225
1757449817174 30.95494984402695 226
1757449817253 30.19745892688426 227
1757449817333 32.23290867445351 228
1757449817410 31.572742557080083 229
1757449817481 30.02274565762846 230
1757449817553 29.23259764329815 231
1757449817627 31.804765348051774 232
1757449817702 32.47571848653524 233
1757449817776 29.257012219937454 234
1757449817850 29.94224065548741 235
1757449817927 28.252978278909158 236
1757449818003 28.46438088731182 237
1757449818077 29.950486483268502 238
1757449818153 30.92742274039187 239
1757449818229 30.331373170361253 240
1757449818307 31.767622989926 241
1757449818385 30.85973838736966 242
1757449818465 38.95714411245078 243
1757449818544 27.381316140759466 244
1757449818623 28.704020189777196 245
1757449818705 26.32271528329823 246
1757449818783 26.848325358683145 247
1757449818861 26.34814356988712 248
1757449818940 25.5580523743863 249
1757449819024 25.991245451498475 250
1757449819101 29.1751464331457 251
1757449819177 26.59951228380905 252
1757449819252 24.230804297195753 253
1757449819330 28.202607637699945 254
1757449819410 25.71668551809062 255
1757449819486 25.239075532640506 256
1757449819559 25.592719586725543 257
1757449819632 26.544173374125215 258
1757449819704 25.966313142207408 259
1757449819777 26.299977137538264 260
1757449819850 24.816276927611682 261
1757449819924 27.077030340108312 262
1757449820000 25.513806156676488 263
1757449820086 23.98893116206432 264
1757449820169 24.878413253324275 265
1757449820247 24.274111181573854 266
1757449820331 27.23992616163882 267
1757449820414 24.96584861858456 268
1757449820495 23.340963275944645 269
1757449820575 26.690832829070473 270
1757449820658 22.597952977502366 271
1757449820737 26.557949213721876 272
1757449820813 23.675279610315773 273
1757449820892 22.677890477441544 274
1757449820973 22.174225220846793 275
1757449821057 22.449152368851514 276
1757449821139 23.891649039607465 277
1757449821221 25.34898900440581 278
1757449821302 24.961714226299236 279
1757449821379 22.34401713828254 280
1757449821463 20.214094507582644 281
1757449821543 21.40781548465692 282
1757449821621 20.583578075658032 283
1757449821695 21.262195611609954 284
1757449821770 19.406775681942488 285
1757449821846 22.049495118701323 286
1757449821904 21.01369818184203 287
1757449821987 22.007784520103794 288
1757449822060 19.986944914901336 289
1757449822137 23.316742963319534 290
1757449822216 20.158286069580203 291
1757449822319 19.06251810423887 292
1757449822411 18.357556951423923 293
1757449822496 19.74509947826749 294
1757449822582 20.64049131068036 295
1757449822660 18.106153389507163 296
1757449822731 20.93237918762675 297
1757449822807 17.634953008802448 298
1757449822879 18.709290886617325 299
1757449822954 18.74976638265018 300
1757449823031 18.052322014826803 301
1757449823170 17.04358611151875 302
1757449823256 17.661975574482746 303
1757449823331 20.785881011538713 304
1757449823409 20.451322741659446 305
1757449823489 17.756793493393687 306
1757449823565 16.03573622585838 307
1757449823640 16.57607541156848 308
1757449823719 18.811521145056183 309
1757449823790 16.038823430071695 310
1757449823862 18.3239320904799 311
1757449823935 17.493127163731643 312
1757449824014 16.057289441275003 313
1757449824097 19.39950892357039 314
1757449824172 16.165767696176637 315
1757449824252 15.986658759790862 316
1757449824331 17.53241304221635 317
1757449824410 17.453201774628425 318
1757449824488 16.757720222610963 319
1757449824567 15.854337925472677 320
1757449824645 14.53594084105459 321
1757449824726 16.994942234948496 322
1757449824807 17.111583517055664 323
1757449824889 14.745607171047178 324
1757449824970 15.648094669743768 325
1757449825048 15.85563487200993 326
1757449825129 15.9440441965467 327
1757449825207 17.590627039344525 328
1757449825289 17.351745486453886 329
1757449825370 12.258623477916503 330
1757449825448 15.232375193943533 331
1757449825525 17.380090609661583 332
1757449825600 13.337541416280937 333
1757449825674 13.524632758156109 334
1757449825744 16.674266081463543 335
1757449825815 12.485445586137045 336
1757449825884 15.093270300783765 337
1757449825955 13.377441775704558 338
1757449826030 15.258270535827547 339
1757449826105 15.430538594834964 340
1757449826182 20.124828117049876 341
1757449826255 14.382290064137514 342
1757449826333 14.829582357271226 343
1757449826415 16.348320885388535 344
1757449826497 15.181446180806837 345
1757449826577 13.60046374049648 346
1757449826658 13.136519169009278 347
1757449826737 14.39914827027259 348
1757449826823 14.028148405902776 349
1757449826900 13.696987028351803 350
1757449826981 11.631632904278788 351
1757449827066 14.778811511539862 352
1757449827146 11.757015073628512 353
1757449827225 13.928015734370161 354
1757449827307 14.554260344331837 355
1757449827391 11.901623244893074 356
1757449827471 12.517498227443127 357
1757449827548 12.594360502019953 358
1757449827624 12.65711309069646 359
1757449827699 12.590436284434698 360
1757449827776 11.66309075360796 361
1757449827857 12.221235641448246 362
1757449827942 13.524109757384576 363
1757449828024 10.637301375709363 364
1757449828102 10.572276548070452 365
1757449828180 14.019473632091794 366
1757449828261 13.253796311566852 367
1757449828342 11.758150005759967 368
1757449828423 14.646584975176626 369
1757449828503 11.963574710917326 370
1757449828585 10.141102115701951 371
1757449828665 11.406516175684509 372
1757449828746 9.015201417323027 373
1757449828829 10.91082125020186 374
1757449828906 11.57274978297692 375
1757449828989 13.299804229792136 376
1757449829069 12.967208913946548 377
1757449829147 10.346045137379878 378
1757449829224 12.598471280937655 379
1757449829299 14.185931065554975 380
1757449829378 13.892179010073663 381
1757449829457 11.094813252912399 382
1757449829531 8.424606178560628 383
1757449829605 11.52166322269623 384
1757449829676 12.047242822425524 385
1757449829743 8.77244531138152 386
1757449829817 10.052832120941833 387
1757449829890 12.519589151494122 388
1757449829965 10.961682414186907 389
1757449830041 7.993899534241563 390
1757449830121 9.76250419436914 391
1757449830198 9.9488981941453 392
1757449830277 9.761922626087305 393
1757449830358 9.64993006273794 394
1757449830437 10.098080820618044 395
1757449830519 9.261502925879727 396
1757449830601 8.4889550423127 397
1757449830681 7.7923433382150895 398
1757449830757 8.271915748943231 399
1757449830877 10.074238255144047 400
1757449830958 8.654023592944169 401
1757449831041 9.113545589931475 402
1757449831119 10.412631577267419 403
1757449831195 9.85438197899565 404
1757449831276 9.118847260633725 405
1757449831371 12.447387115245355 406
1757449831453 9.399595591745005 407
1757449831533 9.11656575743823 408
1757449831609 9.797136812926363 409
1757449831682 7.600998984705123 410
1757449831759 7.959461505973824 411
1757449831830 9.298953373870335 412
1757449831905 9.225363369568978 413
1757449831979 8.60605992692329 414
1757449832056 7.8856178089036595 415
1757449832135 7.6494989741194885 416
1757449832208 8.429872063465814 417
1757449832281 10.253405764450028 418
1757449832391 8.749082546813812 419
1757449832457 8.85431835692416 420
1757449832531 7.979003213628153 421
1757449832608 7.904759705455531 422
1757449832684 6.696721644575283 423
1757449832757 6.718929819411445 424
1757449832832 8.617105248145041 425
1757449832907 7.769066655605713 426
1757449832983 6.691270614997553 427
1757449833054 7.374014230061031 428
1757449833131 7.748673441326741 429
1757449833207 8.054943605742002 430
1757449833280 7.969708035638773 431
1757449833354 8.55310169136717 432
1757449833432 8.177748143294274 433
1757449833510 8.651453154943514 434
1757449833590 8.265929134021526 435
1757449833665 9.121970120590328 436
1757449833737 7.317819946147955 437
1757449833811 6.644132367499637 438
1757449833886 6.074779533713405 439
1757449833966 8.308847103945125 440
1757449834046 11.708927271583669 441
1757449834133 6.337305744594268 442
1757449834216 7.326820768617205 443
1757449834298 8.620181703510152 444
1757449834381 8.348963665439918 445
1757449834467 7.929607619257551 446
1757449834547 9.513814775784082 447
1757449834626 9.023146550659845 448
1757449834708 7.511093089371931 449
1757449834792 8.252458380042393 450
1757449834869 5.527049159462978 451
1757449834947 15.164667526145426 452
1757449835028 4.243269777703421 453
1757449835110 5.388119543194764 454
1757449835191 6.657033940146201 455
1757449835272 5.469424497173735 456
1757449835355 7.206977506001692 457
1757449835437 6.41094778678255 458
1757449835517 6.904055924379791 459
1757449835596 6.065746240523083 460
1757449835717 6.908949390469953 461
1757449835791 8.181623139760884 462
1757449835864 7.0646883315080435 463
1757449835940 6.375166694413838 464
1757449836019 8.00664613866883 465
1757449836102 7.944033781765885 466
1757449836182 7.599772348155158 467
1757449836262 6.048491126782469 468
1757449836345 4.474585235530845 469
1757449836426 7.681918759229278 470
1757449836505 7.874087364873856 471
1757449836587 5.66083711450319 472
1757449836676 4.826649388231399 473
1757449836759 5.1931817944751 474
1757449836840 5.392734238301657 475
1757449836923 5.0737431044407355 476
1757449837006 5.4370680942996845 477
1757449837092 5.279712411048548 478
1757449837177 7.521979422395007 479
1757449837257 4.370925143449267 480
1757449837344 6.323356773707806 481
1757449837429 6.158364248756853 482
1757449837513 7.300309018659494 483
1757449837597 5.877529633438302 484
1757449837674 4.982809939870771 485
1757449837748 4.162786110586811 486
1757449837825 5.895928100578455 487
1757449837901 3.5465215976686 488
1757449837980 7.455095177186717 489
1757449838058 5.022499037865229 490
1757449838137 7.686054812541067 491
1757449838215 5.899952298484459 492
1757449838295 5.792279465760929 493
1757449838373 5.013039127048563 494
1757449838455 5.758269486814007 495
1757449838534 5.799834210491475 496
1757449838616 6.296551893401942 497
1757449838743 7.651399466881585 498
1757449838825 4.7828074762801815 499
