1757656824097 174.56069735429017 0
1757656824178 174.46811239432276 1
1757656824258 174.4218539351342 2
1757656824340 174.37560165471467 3
1757656824415 174.32936173791938 4
1757656824495 174.2831341806172 5
1757656824577 174.23691897950488 6
1757656824654 174.19071613127997 7
1757656824733 174.14452563264098 8
1757656824814 174.09834748028712 9
1757656824899 174.05218167091866 10
1757656824989 174.00602820123663 11
1757656825078 173.959887067943 12
1757656825167 173.9137582677406 13
1757656825253 173.86764179733316 14
1757656825339 173.82153765342528 15
1757656825420 173.77544583272245 16
1757656825501 173.72936633193103 17
1757656825585 173.68329914775825 18
1757656825664 173.63724427691227 19
1757656825747 173.59120171610203 20
1757656825836 173.54517146203742 21
1757656825922 173.49915351142928 22
1757656826012 173.45314786098916 23
1757656826097 173.40715450742965 24
1757656826176 173.3611734474641 25
1757656826256 173.31520467780678 26
1757656826346 173.26924819517288 27
1757656826433 173.22330399627836 28
1757656826522 173.17737207784023 29
1757656826611 173.1314524365762 30
1757656826696 173.085545069205 31
1757656826782 173.0396499724461 32
1757656826868 172.99376714301997 33
1757656826955 172.94789657764784 34
1757656827043 172.90203827305197 35
1757656827131 172.85619222595534 36
1757656827217 172.81035843308186 37
1757656827305 172.76453689115638 38
1757656827394 172.71872759690456 39
1757656827485 172.6729305470529 40
1757656827571 172.62714573832886 41
1757656827659 172.58137316746078 42
1757656827746 172.53561283117773 43
1757656827834 172.48986472620985 44
1757656827921 172.44412884928798 45
1757656828007 172.39840519714397 46
1757656828096 172.35269376651047 47
1757656828181 172.306994554121 48
1757656828267 172.26130755671 49
1757656828351 172.21563277101274 50
1757656828439 172.16997019376535 51
1757656828524 172.12431982170492 52
1757656828611 172.07868165156933 53
1757656828699 172.0330556800973 54
1757656828788 171.98744190402851 55
1757656828872 171.94184032010355 56
1757656828962 171.89625092506367 57
1757656829052 171.8506737156512 58
1757656829139 171.80510868860932 59
1757656829226 171.75955584068194 60
1757656829316 171.71401516861394 61
1757656829407 171.66848666915112 62
1757656829497 171.62297033904005 63
1757656829587 171.57746617502815 64
1757656829680 171.5319741738639 65
1757656829773 171.4864943322964 66
1757656829862 171.44102664707574 67
1757656829955 171.39557111495296 68
1757656830044 171.3501277326798 69
1757656830113 171.304696497009 70
1757656830190 171.25927740469407 71
1757656830273 171.2138704524895 72
1757656830355 171.16847563715052 73
1757656830438 171.1230929554333 74
1757656830521 171.07772240409486 75
1757656830607 171.03236397989315 76
1757656830695 170.9870176795869 77
1757656830787 170.9416834999357 78
1757656830879 170.89636143770008 79
1757656830969 170.85105148964138 80
1757656831059 170.80575365252182 81
1757656831150 170.76046792310447 82
1757656831238 170.71519429815336 83
1757656831331 170.66993277443325 84
1757656831421 170.6246833487098 85
1757656831512 170.5794460177496 86
1757656831602 170.53422077832002 87
1757656831690 170.48900762718938 88
1757656831781 170.4438065611268 89
1757656831871 170.39861757690224 90
1757656831964 170.35344067128665 91
1757656832057 170.3082758410517 92
1757656832145 170.26312308297 93
1757656832225 170.217982393815 94
1757656832313 170.17285377036097 95
1757656832405 170.12773720938316 96
1757656832493 170.08263270765755 97
1757656832586 170.03754026196108 98
1757656832676 169.9924598690715 99
1757656832768 169.94739152576747 100
1757656832857 169.9023352288284 101
1757656832945 169.85729097503466 102
1757656833037 169.81225876116747 103
1757656833130 169.7672385840089 104
1757656833223 169.72223044034186 105
1757656833314 169.67723432695016 106
1757656833402 169.6322502406184 107
1757656833489 169.58727817813212 108
1757656833578 169.54231813627766 109
1757656833670 169.4973701118423 110
1757656833759 169.452434101614 111
1757656833852 169.4075101023818 112
1757656833942 169.36259811093547 113
1757656834032 169.31769812406566 114
1757656834123 169.27281013856387 115
1757656834207 169.2279341512225 116
1757656834292 169.18307015883477 117
1757656834384 169.13821815819472 118
1757656834473 169.09337814609736 119
1757656834565 169.04855011933844 120
1757656834657 169.00373407471463 121
1757656834751 168.9589300090234 122
1757656834840 168.9141379190632 123
1757656834929 168.86935780163313 124
1757656835020 168.8245896535334 125
1757656835110 168.7798334715648 126
1757656835201 168.7350892525293 127
1757656835291 168.69035699322936 128
1757656835380 168.64563669046856 129
1757656835470 168.60092834105123 130
1757656835559 168.5562319417826 131
1757656835650 168.5115474894687 132
1757656835742 168.46687498091643 133
1757656835835 168.4222144129336 134
1757656835926 168.3775657823288 135
1757656836020 168.3329290859115 136
1757656836111 168.28830432049202 137
1757656836197 168.24369148288153 138
1757656836279 168.19909056989206 139
1757656836368 168.1545015783365 140
1757656836463 168.10992450502857 141
1757656836555 168.06535934678288 142
1757656836641 168.02080610041483 143
1757656836732 167.97626476274073 144
1757656836823 167.93173533057765 145
1757656836910 167.88721780074368 146
1757656837003 167.8427121700576 147
1757656837091 167.7982184353391 148
1757656837185 167.75373659340872 149
1757656837277 167.70926664108782 150
1757656837365 167.6648085751987 151
1757656837456 167.62036239256437 152
1757656837545 167.57592809000883 153
1757656837637 167.53150566435676 154
1757656837728 167.48709511243393 155
1757656837819 167.44269643106674 156
1757656837910 167.39830961708253 157
1757656838007 167.35393466730946 158
1757656838100 167.30957157857657 159
1757656838190 167.26522034771372 160
1757656838285 167.22088097155168 161
1757656838370 167.17655344692196 162
1757656838462 167.13223777065696 163
1757656838554 167.08793393958996 164
1757656838647 167.04364195055507 165
1757656838740 166.99936180038725 166
1757656838833 166.95509348592225 167
1757656838931 166.91083700399673 168
1757656839022 166.86659235144825 169
1757656839117 166.82235952511505 170
1757656839209 166.77813852183633 171
1757656839302 166.7339293384521 172
1757656839393 166.68973197180324 173
1757656839489 166.64554641873153 174
1757656839581 166.60137267607942 175
1757656839681 166.55721074069035 176
1757656839772 166.5130606094086 177
1757656839868 166.46892227907915 178
1757656839964 166.42479574654806 179
1757656840057 166.38068100866198 180
1757656840150 166.33657806226861 181
1757656840240 166.2924869042164 182
1757656840326 166.24840753135456 183
1757656840413 166.20433994053334 184
1757656840503 166.16028412860365 185
1757656840598 166.11624009241737 186
1757656840689 166.07220782882712 187
1757656840783 166.02818733468644 188
1757656840877 165.98417860684964 189
1757656840970 165.94018164217192 190
1757656841065 165.8961964375093 191
1757656841158 165.8527371433094 192
1757656841252 165.8090322884152 193
1757656841347 165.7653391163749 194
1757656841440 165.72165759007953 195
1757656841531 165.6779877064256 196
1757656841625 165.63432946230583 197
1757656841719 165.5906828546138 198
1757656841816 165.54704788024387 199
1757656841909 165.50342453609133 200
1757656842003 165.45981281905222 201
1757656842099 165.41621272602347 202
1757656842193 165.37262425390276 203
1757656842283 165.32904739958863 204
1757656842370 165.28548215998043 205
1757656842461 165.24192853197852 206
1757656842557 165.19838651248372 207
1757656842655 165.15485609839803 208
1757656842747 165.1113372866241 209
1757656842838 165.06783007406543 210
1757656842932 165.0243344576264 211
1757656843025 164.98085043421216 212
1757656843120 164.93737800072867 213
1757656843222 164.8939171540828 214
1757656843316 164.85046789118215 215
1757656843410 164.80703020893526 216
1757656843502 164.76360410425139 217
1757656843597 164.72018957404063 218
1757656843690 164.676786615214 219
1757656843780 164.63339522468323 220
1757656843871 164.5900153993609 221
1757656843980 164.5466471361605 222
1757656844058 164.5032904319962 223
1757656844137 164.4599452837831 224
1757656844236 164.41661168843711 225
1757656844324 164.373289642875 226
1757656844412 164.32997914401417 227
1757656844507 164.28668018877312 228
1757656844605 164.24339277407097 229
1757656844701 164.20011689682775 230
1757656844796 164.15685255396428 231
1757656844893 164.11359974240227 232
1757656844987 164.07035845906412 233
1757656845079 164.0271287008732 234
1757656845171 163.98391046475356 235
1757656845264 163.94070374763018 236
1757656845356 163.89750854642884 237
1757656845450 163.85432485807613 238
1757656845546 163.8111526794994 239
1757656845639 163.7679920076269 240
1757656845733 163.7248428393877 241
1757656845826 163.68170517171166 242
1757656845925 163.63857900152945 243
1757656846018 163.59546432577258 244
1757656846115 163.55236114137338 245
1757656846210 163.50926944526503 246
1757656846303 163.46618923438143 247
1757656846387 163.42312050565738 248
1757656846480 163.38006325602854 249
1757656846568 163.3370174824312 250
1757656846661 163.29398318180273 251
1757656846755 163.25096035108112 252
1757656846851 163.20794898720527 253
1757656846942 163.16494908711488 254
1757656847018 163.12196064775037 255
1757656847108 163.07898366605315 256
1757656847199 163.03601813896537 257
1757656847292 162.99306406342993 258
1757656847387 162.95012143639065 259
1757656847481 162.90719025479208 260
1757656847576 162.86427051557965 261
1757656847667 162.82136221569962 262
1757656847761 162.77846535209895 263
1757656847857 162.73557992172556 264
1757656847951 162.6927059215281 265
1757656848046 162.649843348456 266
1757656848141 162.6069921994596 267
1757656848248 162.56415247149005 268
1757656848341 162.52132416149922 269
1757656848433 162.47850726643983 270
1757656848524 162.43570178326553 271
1757656848617 162.3929077089306 272
1757656848714 162.35012504039022 273
1757656848806 162.30735377460047 274
1757656848903 162.26459390851807 275
1757656849000 162.2218454391007 276
1757656849096 162.1791083633067 277
1757656849189 162.13638267809543 278
1757656849283 162.09366838042686 279
1757656849380 162.0509654672619 280
1757656849476 162.00827393556222 281
1757656849572 161.9655937822903 282
1757656849673 161.92292500440945 283
1757656849770 161.8802675988838 284
1757656849868 161.8376215626782 285
1757656849967 161.79498689275852 286
1757656850064 161.75236358609115 287
1757656850162 161.70975163964357 288
1757656850255 161.66715105038386 289
1757656850349 161.62456181528103 290
1757656850438 161.58198393130485 291
1757656850526 161.53941739542594 292
1757656850615 161.4968622046157 293
1757656850707 161.45431835584628 294
1757656850805 161.4117858460908 295
1757656850903 161.36926467232294 296
1757656850999 161.32675483151746 297
1757656851100 161.2842563206498 298
1757656851194 161.24176913669615 299
1757656851314 161.19929327663363 300
1757656851409 161.15682873744004 301
1757656851506 161.11437551609407 302
1757656851605 161.0719336095752 303
1757656851700 161.02950301486376 304
1757656851795 160.9870837289408 305
1757656851890 160.94467574878823 306
1757656851985 160.9022790713888 307
1757656852083 160.8598936937259 308
1757656852187 160.81751961278397 309
1757656852285 160.77515682554807 310
1757656852383 160.73280532900412 311
1757656852468 160.69046512013887 312
1757656852555 160.64813619593986 313
1757656852647 160.6058185533954 314
1757656852743 160.56351218949467 315
1757656852837 160.52121710122762 316
1757656852933 160.47893328558496 317
1757656853026 160.4366607395583 318
1757656853124 160.39439946013994 319
1757656853221 160.35214944432312 320
1757656853324 160.30991068910174 321
1757656853418 160.26768319147058 322
1757656853514 160.22546694842524 323
1757656853608 160.18326195696207 324
1757656853705 160.14106821407825 325
1757656853801 160.09888571677172 326
1757656853898 160.0567144620413 327
1757656853996 160.01455444688656 328
1757656854091 159.97240566830789 329
1757656854187 159.93026812330652 330
1757656854282 159.8881418088843 331
1757656854378 159.84602672204412 332
1757656854462 159.80392285978957 333
1757656854553 159.76183021912493 334
1757656854650 159.7197487970555 335
1757656854746 159.6776785905872 336
1757656854842 159.63561959672685 337
1757656854940 159.59357181248203 338
1757656855036 159.55153523486106 339
1757656855131 159.5095098608732 340
1757656855224 159.46749568752838 341
1757656855320 159.42549271183742 342
1757656855416 159.38350093081186 343
1757656855516 159.34152034146405 344
1757656855611 159.29955094080725 345
1757656855708 159.25759272585532 346
1757656855804 159.21564569362312 347
1757656855903 159.17370984112617 348
1757656856004 159.13178516538085 349
1757656856102 159.08987166340427 350
1757656856201 159.04796933221445 351
1757656856296 159.0060781688301 352
1757656856391 158.96419817027078 353
1757656856483 158.92232933355686 354
1757656856573 158.88047165570939 355
1757656856671 158.8386251337504 356
1757656856773 158.7967897647026 357
1757656856868 158.75496554558947 358
1757656856967 158.71315247343534 359
1757656857064 158.67135054526537 360
1757656857160 158.62955975810544 361
1757656857254 158.5877801089822 362
1757656857353 158.54601159492327 363
1757656857448 158.50425421295682 364
1757656857546 158.462507960112 365
1757656857639 158.42077283341862 366
1757656857737 158.37904882990748 367
1757656857831 158.3373359466099 368
1757656857925 158.2956341805582 369
1757656858023 158.2539435287854 370
1757656858119 158.21226398832542 371
1757656858225 158.17059555621282 372
1757656858358 158.12893822948305 373
1757656858455 158.08729200517232 374
1757656858543 158.0456568803176 375
1757656858646 158.00403285195677 376
1757656858742 157.96241991712836 377
1757656858843 157.92081807287175 378
1757656858947 157.87922731622714 379
1757656859045 157.8376476442355 380
1757656859145 157.7960790539385 381
1757656859248 157.7545215423788 382
1757656859348 157.71297510659966 383
1757656859449 157.6714397436452 384
1757656859549 157.62991545056036 385
1757656859651 157.58840222439085 386
1757656859751 157.5469000621831 387
1757656859850 157.50540896098448 388
1757656859949 157.4639289178429 389
1757656860048 157.42245992980742 390
1757656860147 157.3810019939275 391
1757656860245 157.33955510725366 392
1757656860350 157.29811926683712 393
1757656860449 157.25669446972987 394
1757656860538 157.21528071298468 395
1757656860636 157.1738779936552 396
1757656860738 157.13248630879568 397
1757656860836 157.09110565546138 398
1757656860934 157.0497360307082 399
1757656861031 157.00837743159283 400
1757656861128 156.96702985517285 401
1757656861224 156.9256932985065 402
1757656861324 156.8843677586529 403
1757656861423 156.8430532326719 404
1757656861522 156.80174971762418 405
1757656861621 156.76045721057113 406
1757656861720 156.71917570857502 407
1757656861819 156.6779052086988 408
1757656861919 156.63664570800634 409
1757656862038 156.59539720356213 410
1757656862138 156.5541596924316 411
1757656862239 156.51293317168086 412
1757656862340 156.47171763837682 413
1757656862439 156.4305130895872 414
1757656862535 156.3893195223806 415
1757656862631 156.3481369338261 416
1757656862721 156.30696532099392 417
1757656862818 156.26580468095483 418
1757656862922 156.22465501078042 419
1757656863023 156.1835163075432 420
1757656863124 156.14238856831628 421
1757656863226 156.1012717901736 422
1757656863333 156.06016597019 423
1757656863432 156.019071105441 424
1757656863528 155.97798719300278 425
1757656863627 155.9369142299526 426
1757656863722 155.89585221336824 427
1757656863819 155.8548011403284 428
1757656863916 155.81376100791246 429
1757656864016 155.7727318132007 430
1757656864112 155.73171355327403 431
1757656864209 155.6907062252143 432
1757656864305 155.64970982610402 433
1757656864407 155.60872435302656 434
1757656864501 155.567749803066 435
1757656864591 155.5267861733072 436
1757656864689 155.4858334608359 437
1757656864782 155.44489166273846 438
1757656864880 155.40396077610217 439
1757656864976 155.36304079801502 440
1757656865073 155.32213172556575 441
1757656865172 155.28123355584398 442
1757656865271 155.24034628593998 443
1757656865369 155.19946991294492 444
1757656865468 155.1586044339506 445
1757656865567 155.11774984604978 446
1757656865665 155.07690614633586 447
1757656865761 155.03607333190303 448
1757656865857 154.99525139984635 449
1757656865954 154.9544403472615 450
1757656866053 154.9136401712451 451
1757656866152 154.8728508688944 452
1757656866248 154.8320724373076 453
1757656866347 154.79130487358344 454
1757656866449 154.75054817482166 455
1757656866548 154.70980233812264 456
1757656866637 154.66906736058758 457
1757656866734 154.6283432393184 458
1757656866837 154.58762997141793 459
1757656866936 154.54692755398963 460
1757656867031 154.5062359841378 461
1757656867126 154.46555525896747 462
1757656867225 154.42488537558452 463
1757656867344 154.38422633109556 464
1757656867445 154.34357812260788 465
1757656867540 154.30294074722974 466
1757656867637 154.26231420207003 467
1757656867740 154.22169848423843 468
1757656867841 154.1810935908454 469
1757656867937 154.14049951900222 470
1757656868033 154.09991626582087 471
1757656868132 154.05934382841414 472
1757656868232 154.01878220389557 473
1757656868339 153.97823138937954 474
1757656868441 153.93769138198104 475
1757656868540 153.89716217881605 476
1757656868631 153.85664377700115 477
1757656868726 153.81613617365372 478
1757656868825 153.77563936589198 479
1757656868931 153.73515335083482 480
1757656869033 153.69467812560202 481
1757656869132 153.65421368731404 482
1757656869236 153.61376003309212 483
1757656869338 153.57331716005828 484
1757656869440 153.5328850653353 485
1757656869539 153.4924637460468 486
1757656869642 153.45205319931702 487
1757656869744 153.41165342227112 488
1757656869842 153.37126441203492 489
1757656869949 153.33088616573505 490
1757656870052 153.29051868049893 491
1757656870152 153.2501619534547 492
1757656870256 153.2098159817313 493
1757656870357 153.16948076245845 494
1757656870458 153.12915629276662 495
1757656870558 153.08884256978695 496
1757656870654 153.0485395906515 497
1757656870753 153.00824735249307 498
1757656870855 152.96796585244513 499
