1757589584835 166.80180031570524 0
1757589584903 90.14654148663188 1
1757589584974 76.41943896396721 2
1757589585036 59.538972190000464 3
1757589585106 47.15269967792592 4
1757589585173 37.33954358437799 5
1757589585241 29.66535211025401 6
1757589585303 23.647927223143878 7
1757589585374 18.929356877025533 8
1757589585443 15.227189912476481 9
1757589585512 12.3208673625565 10
1757589585584 10.03805970809229 11
1757589585654 8.243135263570714 12
1757589585722 6.8312458169620465 13
1757589585790 5.719001974801977 14
1757589585862 4.8423813300979734 15
1757589585931 4.150101007737191 16
1757589585996 3.6030732173448166 17
1757589586064 3.1696782970130157 18
1757589586134 2.826071181619168 19
1757589586201 2.5526839393650627 20
1757589586273 2.334993278033297 21
1757589586345 2.1608260245324007 22
1757589586414 2.0213624661329734 23
1757589586488 1.908973134406778 24
1757589586558 1.8183302402381316 25
1757589586632 1.7446011845539644 26
1757589586701 1.6845977090318274 27
1757589586775 1.6352127214241194 28
1757589586843 1.5945701398216774 29
1757589586915 1.5606304539672797 30
1757589586988 1.5323233050610912 31
1757589587065 1.5082720785947985 32
1757589587132 1.4879018852143688 33
1757589587204 1.4702495777222746 34
1757589587274 1.4550454912498352 35
1757589587339 1.4415858166612954 36
1757589587407 1.4297893142988896 37
1757589587474 1.4191159670689462 38
1757589587539 1.4096011417398517 39
1757589587610 1.4008091479895624 40
1757589587676 1.3928477122761282 41
1757589587743 1.3849133667507174 42
1757589587811 1.3782870201249746 43
1757589587882 1.3716830924837489 44
1757589587950 1.365144737326192 45
1757589588025 1.3594475511244513 46
1757589588103 1.3534508370074287 47
1757589588168 1.3482244892372097 48
1757589588231 1.3426381028595817 49
1757589588299 1.3377593124601672 50
1757589588368 1.3324806909460856 51
1757589588437 1.3278652072107917 52
1757589588504 1.3228218727003405 53
1757589588573 1.3184100968565236 54
1757589588639 1.3139548469755509 55
1757589588709 1.3090993031942642 56
1757589588780 1.3050122224792566 57
1757589588850 1.3002748585347983 58
1757589588919 1.2963071341786148 59
1757589588993 1.2916775949834831 60
1757589589066 1.287807295215034 61
1757589589139 1.2832680015917624 62
1757589589210 1.279480157450826 63
1757589589284 1.275421179513145 64
1757589589351 1.2710709038335741 65
1757589589425 1.267316367447384 66
1757589589499 1.2630153338859915 67
1757589589571 1.2593224603301911 68
1757589589646 1.2550766361868222 69
1757589589717 1.2514375190893847 70
1757589589788 1.2472417530745818 71
1757589589856 1.2436517155659779 72
1757589589928 1.2387379500485545 73
1757589590001 1.235617064537207 74
1757589590072 1.231146288696765 75
1757589590142 1.22743596584323 76
1757589590212 1.2240110665746573 77
1757589590285 1.2191532710867226 78
1757589590357 1.216203962025114 79
1757589590430 1.2113720184223493 80
1757589590502 1.2084660377491678 81
1757589590575 1.2044271352215545 82
1757589590649 1.200392824702381 83
1757589590720 1.1972302958540462 84
1757589590792 1.1925731883242938 85
1757589590865 1.1896905866960696 86
1757589590935 1.1858036754767634 87
1757589591008 1.1818019254185241 88
1757589591081 1.1783727137130442 89
1757589591153 1.1743916561362362 90
1757589591225 1.1709982643512076 91
1757589591295 1.1677935275217861 92
1757589591361 1.1637014971727901 93
1757589591436 1.1602979607111328 94
1757589591506 1.156467387551303 95
1757589591581 1.1530858294645323 96
1757589591652 1.1500259951063836 97
1757589591730 1.1455369520201493 98
1757589591802 1.142927060746535 99
1757589591875 1.1384541374215427 100
1757589591944 1.1358790475336178 101
1757589592014 1.1314398255971816 102
1757589592087 1.128896166228887 103
1757589592160 1.1256371999228711 104
1757589592236 1.1213363694634388 105
1757589592306 1.1188376296966795 106
1757589592381 1.1144317365654306 107
1757589592453 1.1120060536567145 108
1757589592528 1.108349003501652 109
1757589592599 1.104837255812965 110
1757589592670 1.1016197644146966 111
1757589592745 1.0970689082844554 112
1757589592819 1.0949240167705756 113
1757589592892 1.0914792985331625 114
1757589592968 1.0868525159304168 115
1757589593040 1.0844758350923678 116
1757589593114 1.079835409383445 117
1757589593184 1.0775036605087347 118
1757589593257 1.073957667396822 119
1757589593328 1.0699916998330166 120
1757589593395 1.067822786932214 121
1757589593469 1.0642423327195794 122
1757589593541 1.0601732148345804 123
1757589593615 1.0574965280223896 124
1757589593687 1.053410989933581 125
1757589593759 1.0514754932959511 126
1757589593832 1.047393330010037 127
1757589593900 1.0442150385496847 128
1757589593975 1.0407880247200645 129
1757589594047 1.0386645180309613 130
1757589594118 1.034723684174198 131
1757589594191 1.0315168795149179 132
1757589594264 1.029277058325971 133
1757589594335 1.024401623653657 134
1757589594410 1.0228348803232958 135
1757589594485 1.0179527459669973 136
1757589594557 1.016422844208429 137
1757589594629 1.0133164961591226 138
1757589594702 1.0090737626118667 139
1757589594777 1.0074642581332311 140
1757589594850 1.0035795360578712 141
1757589594924 1.0005764181093266 142
1757589594995 0.998029502636049 143
1757589595070 0.9939629575112803 144
1757589595140 0.9918398154339736 145
1757589595213 0.9888529883099463 146
1757589595285 0.9850754478688146 147
1757589595355 0.9827612393793209 148
1757589595426 0.9804783593149252 149
1757589595500 0.9764984128050451 150
1757589595563 0.9740945290847959 151
1757589595631 0.9715447638072993 152
1757589595709 0.9674728278698597 153
1757589595783 0.9655956317815684 154
1757589595855 0.9621786576043307 155
1757589595924 0.9593002636062102 156
1757589595996 0.9573657554120266 157
1757589596072 0.9532461554490782 158
1757589596140 0.9512966588833178 159
1757589596213 0.9484957985619148 160
1757589596284 0.9448712741714095 161
1757589596358 0.9434039982428185 162
1757589596433 0.9398155351774824 163
1757589596510 0.9370618487176874 164
1757589596587 0.9341952272568732 165
1757589596662 0.931333678105516 166
1757589596740 0.9296337513402149 167
1757589596813 0.9261633144364428 168
1757589596888 0.9234198477825213 169
1757589596962 0.9205959348268951 170
1757589597038 0.9189234610740917 171
1757589597111 0.9144310148768603 172
1757589597187 0.9134303575865294 173
1757589597260 0.9106491404846523 174
1757589597332 0.9069710199929015 175
1757589597399 0.9056839519493427 176
1757589597472 0.9012793993121038 177
1757589597549 0.9002841462532487 178
1757589597620 0.8976132283785156 179
1757589597693 0.8939407162940849 180
1757589597766 0.8923139147720479 181
1757589597839 0.8896955985798395 182
1757589597915 0.8863918625876348 183
1757589597992 0.8844509056059852 184
1757589598068 0.8815810027505947 185
1757589598142 0.879605071508992 186
1757589598217 0.8771172776401117 187
1757589598291 0.8738048075501647 188
1757589598365 0.8719794924488284 189
1757589598436 0.8697401154509931 190
1757589598512 0.8662329531737166 191
1757589598585 0.8646685754669593 192
1757589598661 0.8628622903838384 193
1757589598734 0.8590860761676353 194
1757589598810 0.8576113915211468 195
1757589598884 0.8540660172461443 196
1757589598958 0.8526117861117186 197
1757589599033 0.8508046318077053 198
1757589599106 0.8466843509577571 199
1757589599181 0.8459137596359392 200
1757589599257 0.842851732781413 201
1757589599335 0.8403912913034788 202
1757589599403 0.8384656470262556 203
1757589599479 0.8363716288853448 204
1757589599554 0.8336264522250586 205
1757589599631 0.8312397671783023 206
1757589599706 0.8288371305932533 207
1757589599784 0.8264648944732328 208
1757589599858 0.8251836429022052 209
1757589599935 0.8211083763007693 210
1757589600011 0.8205044679312139 211
1757589600085 0.8185743261337266 212
1757589600158 0.8146070434741899 213
1757589600235 0.8139716838242282 214
1757589600312 0.8110559813375369 215
1757589600385 0.80872205094957 216
1757589600461 0.8064888376067311 217
1757589600536 0.8041381688200558 218
1757589600614 0.8025353343993716 219
1757589600691 0.8003687470507086 220
1757589600772 0.7978612462890958 221
1757589600848 0.7956413491881328 222
1757589600922 0.7944863646737793 223
1757589600996 0.7905463044450203 224
1757589601069 0.7900724610299849 225
1757589601148 0.7878104226759748 226
1757589601222 0.7846979483135025 227
1757589601297 0.7834633795845636 228
1757589601376 0.7814223381632477 229
1757589601448 0.7789977434733624 230
1757589601523 0.7774161037199662 231
1757589601602 0.7743512043080624 232
1757589601676 0.7731277506326474 233
1757589601750 0.7711768344143747 234
1757589601824 0.7682320004061193 235
1757589601900 0.7669660740537314 236
1757589601976 0.7651091535688422 237
1757589602054 0.7627072415815609 238
1757589602132 0.7610890897936515 239
1757589602208 0.7593906717070552 240
1757589602282 0.7563022777521013 241
1757589602364 0.7552770091473658 242
1757589602442 0.7521749915123533 243
1757589602523 0.7511760716241942 244
1757589602599 0.7497825189015884 245
1757589602678 0.7466183311796327 246
1757589602755 0.7455158175032411 247
1757589602829 0.7436982822692411 248
1757589602908 0.7408578179927484 249
1757589602987 0.7397287811007992 250
1757589603076 0.7379817825571168 251
1757589603157 0.7356937686676004 252
1757589603239 0.7337399380483498 253
1757589603321 0.7317665030680821 254
1757589603403 0.7302956342285032 255
1757589603480 0.7287249814903242 256
1757589603554 0.7257865376795669 257
1757589603630 0.7248885753295231 258
1757589603705 0.7236142492792909 259
1757589603782 0.7200978764119305 260
1757589603861 0.7198398042987681 261
1757589603940 0.717404189687649 262
1757589604018 0.7154120117208806 263
1757589604092 0.7141402580492071 264
1757589604226 0.7125092779274412 265
1757589604308 0.710326243991042 266
1757589604391 0.708497010956368 267
1757589604516 0.7066236737257662 268
1757589604599 0.7048046365483208 269
1757589604679 0.7040750585568756 270
1757589604760 0.7005088713557678 271
1757589604840 0.7004657311111615 272
1757589604918 0.6990292271275078 273
1757589604996 0.6956352743427603 274
1757589605073 0.6954839659531918 275
1757589605149 0.6931636528939019 276
1757589605225 0.6912702037661047 277
1757589605302 0.6896412112028161 278
1757589605381 0.6877271395871516 279
1757589605454 0.6866043773293944 280
1757589605534 0.6850884251386277 281
1757589605609 0.6830254893012088 282
1757589605688 0.681334567703326 283
1757589605768 0.6807016151861369 284
1757589605843 0.6772415969248798 285
1757589605923 0.6772997229596606 286
1757589606002 0.6749473969971922 287
1757589606079 0.6732509136958341 288
1757589606159 0.6726103792895023 289
1757589606242 0.6704288858090535 290
1757589606322 0.6686228227099923 291
1757589606403 0.6671049649166684 292
1757589606482 0.6652824205442909 293
1757589606563 0.6637904718283375 294
1757589606644 0.6631181227385295 295
1757589606721 0.6603909696711464 296
1757589606801 0.6595752274546353 297
1757589606883 0.6587579801360607 298
1757589606960 0.6554115882680439 299
