1757423802089 170.2066146712329 0
1757423802135 2654322946.6411304 1
1757423802187 6.498183949683592e+16 2
1757423802233 1.5912029291110472e+24 3
1757423802279 3.8963604679143254e+31 4
1757423802324 9.540973447328375e+38 5
1757423802369 2.336287288412836e+46 6
1757423802414 5.7208400422996195e+53 7
1757423802459 1.4008555776465527e+61 8
1757423802503 3.4302590789352635e+68 9
1757423802559 8.399636291120017e+75 10
1757423802622 2.0568093604463099e+83 11
1757423802682 5.036485626993128e+90 12
1757423802736 1.2332784923442907e+98 13
1757423802796 3.0199149810480923e+105 14
1757423802849 7.3948313778042945e+112 15
1757423802900 1.8107639271083152e+120 16
1757423802954 4.433996980050557e+127 17
1757423803005 1.0857477843892047e+135 18
1757423803055 2.658658218780784e+142 19
1757423803111 6.510226063474825e+149 20
1757423803156 1.594151632509707e+157 21
1757423803236 3.903580924311097e+164 22
1757423803293 9.558654096571775e+171 23
1757423803339 2.3406167288317038e+179 24
1757423803386 5.731441493684473e+186 25
1757423803434 1.4034515429582644e+194 26
1757423803477 3.4366157895921e+201 27
1757423803524 8.41520189601939e+208 28
1757423803578 2.0606208923684662e+216 29
1757423803632 5.045818881747765e+223 30
1757423803686 1.2355639157932757e+231 31
1757423803737 3.0255112713867973e+238 32
1757423803785 7.408534950141793e+245 33
1757423803830 1.814119505240326e+253 34
1757423803879 4.442213745958545e+260 35
1757423803926 1.0877598144874592e+268 36
1757423803973 2.66358505393908e+275 37
1757423804022 6.522290348545885e+282 38
1757423804076 1.597105800238071e+290 39
1757423804127 3.910814761140988e+297 40
1757423804176 inf 41
