1757443579900 157.60240890906738 0
1757443579973 143.09767914756733 1
1757443580038 137.43720232041056 2
1757443580102 132.2781504258609 3
1757443580164 120.43658492042383 4
1757443580227 106.89673717761117 5
1757443580290 107.54638344632694 6
1757443580358 94.63746345084886 7
1757443580411 97.24903189078914 8
1757443580468 90.75142289240056 9
1757443580532 79.78058526298007 10
1757443580588 78.57537235521193 11
1757443580650 73.41738000784214 12
1757443580715 72.13865665942282 13
1757443580774 65.93224815500218 14
1757443580834 61.37716299879765 15
1757443580902 53.983069862537135 16
1757443580965 58.7963268056829 17
1757443581033 62.03784946253186 18
1757443581101 42.347166134753465 19
1757443581160 50.76675168686196 20
1757443581222 50.79184407792981 21
1757443581286 38.41024730935682 22
1757443581351 33.83636136741617 23
1757443581416 40.26273272595128 24
1757443581483 32.21681395756587 25
1757443581552 34.145698218150216 26
1757443581614 32.25832281509418 27
1757443581680 36.06726363151496 28
1757443581742 34.63789700034595 29
1757443581807 27.500749489900578 30
1757443581867 31.07549601547004 31
1757443581929 30.907573471534533 32
1757443581987 32.12075740795669 33
1757443582052 18.635264058570176 34
1757443582116 29.937306528438732 35
1757443582182 34.05358608071154 36
1757443582254 17.363737900929056 37
1757443582322 34.298162222840965 38
1757443582387 26.62653774692065 39
1757443582449 23.907403475376267 40
1757443582513 20.52481427126073 41
1757443582577 27.191903381190954 42
1757443582643 25.765247711977757 43
1757443582712 18.129619907235725 44
1757443582778 20.974918390924685 45
1757443582846 16.558013322174645 46
1757443582912 18.95774727728705 47
1757443582978 15.769731373942083 48
1757443583047 19.70995879745542 49
1757443583137 19.316011923495665 50
1757443583203 24.974717031270092 51
1757443583269 22.406407629424884 52
1757443583332 15.765615115995635 53
1757443583399 20.785921670060354 54
1757443583467 23.03815154464548 55
1757443583532 18.214787847724644 56
1757443583597 20.39617572577025 57
1757443583664 21.393494816646893 58
1757443583734 15.231324959295224 59
1757443583802 23.11022262256082 60
1757443583862 14.87081263009097 61
1757443583928 13.006907512547619 62
1757443583996 19.65293141935517 63
1757443584064 11.115143375080873 64
1757443584129 20.032543593922657 65
1757443584195 12.36915909619747 66
1757443584262 20.964353515504456 67
1757443584326 14.481627133048322 68
1757443584392 10.281513497904868 69
1757443584442 12.64086098706089 70
1757443584500 20.389637952343403 71
1757443584560 17.043723612939786 72
1757443584627 17.54373437492071 73
1757443584687 19.31127953982606 74
1757443584749 12.527639134541985 75
1757443584811 13.92719153167307 76
1757443584883 31.52205889090879 77
1757443584950 14.824467304163944 78
1757443585016 19.631551114857892 79
1757443585084 12.514530613531472 80
1757443585153 12.823935491698746 81
1757443585223 11.501106718934462 82
1757443585293 20.006738366406466 83
1757443585365 14.868364365598364 84
1757443585434 9.843701035586106 85
1757443585502 19.863910227457595 86
1757443585570 15.564066988178979 87
1757443585643 19.807967855816887 88
1757443585714 24.285452800251225 89
1757443585781 14.357978695475305 90
1757443585850 11.24022998300891 91
1757443585917 18.29446436043491 92
1757443585987 23.918293010270396 93
1757443586060 23.65391728984773 94
1757443586131 21.38139852333997 95
1757443586199 11.88367908592419 96
1757443586268 18.64764856495873 97
1757443586337 24.76595126709001 98
1757443586409 16.839956836947582 99
1757443586468 8.405329352120159 100
1757443586536 15.486455388019847 101
1757443586600 12.631706656761548 102
1757443586666 24.71284826358627 103
1757443586736 22.607895671178667 104
1757443586801 15.34107935370304 105
1757443586855 14.94768875307884 106
1757443586907 13.84916770596001 107
1757443586965 25.499798089910797 108
1757443587028 16.629944369734005 109
1757443587092 15.554017680386915 110
1757443587155 24.747004037261323 111
1757443587218 22.22917272677972 112
1757443587288 10.670413933311156 113
1757443587356 18.1463347382851 114
1757443587427 22.633699776428347 115
1757443587496 15.472155586922103 116
1757443587566 29.823738528891464 117
1757443587638 13.555948264599216 118
1757443587708 19.420517099834456 119
1757443587778 18.89507182393158 120
1757443587845 22.981236932064906 121
1757443587915 15.499707580064777 122
1757443587983 23.540924152339002 123
1757443588055 16.384060814614642 124
1757443588125 13.960983637260309 125
1757443588194 10.14378058075236 126
1757443588262 8.072961322099616 127
1757443588332 10.152671857436836 128
1757443588401 12.95208337837436 129
1757443588465 9.220033708024047 130
1757443588531 24.901562949807897 131
1757443588598 15.808194746658573 132
1757443588667 16.771617351309683 133
1757443588732 14.179406150182821 134
1757443588799 17.12754853797628 135
1757443588865 17.58569389758626 136
1757443588936 19.26642026328881 137
1757443589007 14.995606841403932 138
1757443589075 17.132485029181556 139
1757443589138 13.877827596442835 140
1757443589207 23.05062009275161 141
1757443589276 14.872320469681926 142
1757443589341 9.941048416935187 143
1757443589412 14.301290775257332 144
1757443589484 14.807594432307896 145
1757443589558 19.8134818115212 146
1757443589629 15.709337538888251 147
1757443589699 7.4641511303994506 148
1757443589770 13.411296282239832 149
1757443589837 15.606228309296458 150
1757443589907 16.51447654981636 151
1757443589981 16.42639870793891 152
1757443590061 10.157019443761728 153
1757443590142 8.75832178557246 154
1757443590217 9.952365498444792 155
1757443590293 13.923559402469872 156
1757443590370 13.916258846069908 157
1757443590444 14.900579536369685 158
1757443590504 21.38361843003796 159
1757443590575 13.488196805423128 160
1757443590645 16.50886425731848 161
1757443590717 9.939847450805582 162
1757443590781 14.44670456028616 163
1757443590853 14.852474622239395 164
1757443590924 16.996963159953374 165
1757443590996 13.71549419987084 166
1757443591065 18.576564835547778 167
1757443591136 15.775006060480544 168
1757443591209 13.644849662194332 169
1757443591284 19.82274925709306 170
1757443591368 16.720888395809 171
1757443591438 7.41791287864355 172
1757443591506 12.727395050633287 173
1757443591576 14.410899267824275 174
1757443591649 13.1559014629356 175
1757443591721 13.829854256065692 176
1757443591790 10.28302061482884 177
1757443591861 6.783022658952272 178
1757443591933 18.397613245819244 179
1757443592003 12.498401195968608 180
