1757449421636 169.61515378786245 0
1757449421711 167.1326256434267 1
1757449421784 171.0859484205016 2
1757449421884 158.89172913730332 3
1757449421967 158.96591133383706 4
1757449422044 161.39282516814748 5
1757449422114 177.2165448033492 6
1757449422188 157.7483058839145 7
1757449422260 163.22947679325299 8
1757449422333 170.12500098486422 9
1757449422405 164.5006370052513 10
1757449422475 153.47561638178843 11
1757449422540 155.68730015482114 12
1757449422609 159.01825251238952 13
1757449422683 160.63957953302307 14
1757449422760 159.08222428585037 15
1757449422834 160.16442112827968 16
1757449422920 155.31853552746176 17
1757449422991 169.53454505558867 18
1757449423062 162.61774552003294 19
1757449423122 142.78167221322687 20
1757449423184 153.6133140546262 21
1757449423257 152.84987566569524 22
1757449423324 157.42274792974317 23
1757449423388 148.59399245999316 24
1757449423455 143.7491319551173 25
1757449423520 152.37140696585803 26
1757449423592 152.32212539481975 27
1757449423660 150.3185843139375 28
1757449423730 144.68332537568222 29
1757449423799 151.78073525955483 30
1757449423872 151.91085711304558 31
1757449423944 149.69950355786844 32
1757449424024 148.15862252118313 33
1757449424099 151.25269630391816 34
1757449424175 146.56232655771169 35
1757449424250 147.02003960748706 36
1757449424325 146.91312821005647 37
1757449424400 147.02281716681134 38
1757449424473 144.3162087991117 39
1757449424545 148.60700821430962 40
1757449424618 145.18661550310995 41
1757449424692 134.3817150730092 42
1757449424764 144.2502442865895 43
1757449424836 142.39173184960245 44
1757449424906 139.1522833493638 45
1757449424979 141.3290475723887 46
1757449425048 143.4608973677553 47
1757449425122 139.59912739979524 48
1757449425185 138.49171061592386 49
1757449425253 139.1427319429465 50
1757449425324 140.26137126505617 51
1757449425397 133.93871118309994 52
1757449425469 135.58286046328024 53
1757449425540 141.0414987206406 54
1757449425612 143.55735332326248 55
1757449425687 142.61366856526627 56
1757449425761 131.40243542001227 57
1757449425835 142.1959884355041 58
1757449425910 128.88794342894883 59
1757449425987 130.58074731774303 60
1757449426063 138.2417462459352 61
1757449426137 133.58430734216876 62
1757449426212 129.83850580808007 63
1757449426287 140.70008118864436 64
1757449426362 134.991701182257 65
1757449426441 128.0549613603306 66
1757449426520 128.78458188939763 67
1757449426596 130.60292784379385 68
1757449426669 129.21633712715865 69
1757449426743 132.48921330599697 70
1757449426819 126.93499323461211 71
1757449426896 131.25816798792633 72
1757449426971 130.09946272287388 73
1757449427046 129.14544422450578 74
1757449427111 126.85932306679148 75
1757449427181 126.01226399460248 76
1757449427251 124.90399770520331 77
1757449427318 125.87364707111874 78
1757449427387 119.8675665781384 79
1757449427458 125.76363047883612 80
1757449427531 119.73055600886138 81
1757449427598 119.43222509335956 82
1757449427669 122.88279036774942 83
1757449427742 126.84862557664476 84
1757449427815 126.3829127369524 85
1757449427884 126.14758893139167 86
1757449427952 119.06985162094834 87
1757449428020 124.0547153817882 88
1757449428089 121.79238605820926 89
1757449428160 124.69850551918422 90
1757449428229 128.5072505661121 91
1757449428301 120.62241085699834 92
1757449428375 117.20572869976891 93
1757449428448 122.41372939584474 94
1757449428522 119.38171993417642 95
1757449428606 120.04691488881357 96
1757449428678 118.00014113153274 97
1757449428749 116.6010883799286 98
1757449428814 115.66132876194673 99
1757449428871 115.36456122110432 100
1757449428935 115.91524205841954 101
1757449429001 118.83219150459725 102
1757449429068 118.6741384989403 103
1757449429123 116.69237461285879 104
1757449429194 112.56714284942852 105
1757449429265 111.62377583288581 106
1757449429339 114.38046801054827 107
1757449429415 110.63939242529722 108
1757449429493 116.31074923578359 109
1757449429570 114.73631070327565 110
1757449429647 115.07702483153392 111
1757449429720 113.91299997946167 112
1757449429796 114.12353458413547 113
1757449429872 117.21321996342652 114
1757449429950 110.75993757556408 115
1757449430025 113.23808873305393 116
1757449430106 109.4725640356755 117
1757449430185 109.76247252076725 118
1757449430264 111.81493416914316 119
1757449430338 111.53785595793035 120
1757449430413 103.24598021831974 121
1757449430485 113.66857639911898 122
1757449430563 111.48948719256535 123
1757449430643 107.64600515502926 124
1757449430718 105.77849437480846 125
1757449430792 106.92247095397781 126
1757449430866 108.63754043438281 127
1757449430941 108.46949870510238 128
1757449431015 105.45040841926703 129
1757449431093 106.62751486938059 130
1757449431161 104.4020607107251 131
1757449431231 106.5140090263227 132
1757449431302 107.64041488632898 133
1757449431375 101.86642621134263 134
1757449431448 107.08207411605329 135
1757449431515 108.88591941504103 136
1757449431585 100.26979795115616 137
1757449431653 108.69811497764525 138
1757449431727 101.90325091087531 139
1757449431803 101.71359794337401 140
1757449431878 105.56179023070024 141
1757449431956 105.20864994128816 142
1757449432032 105.31202444888369 143
1757449432110 104.57681070035464 144
1757449432193 95.85357569181056 145
1757449432279 103.96328609031893 146
1757449432353 105.60573725192911 147
1757449432427 102.10924465012613 148
1757449432501 102.57664847962275 149
1757449432575 94.89943069841323 150
1757449432648 101.09371362463062 151
1757449432722 89.54278818721458 152
1757449432801 99.43645246969979 153
1757449432879 93.980310184158 154
1757449432957 98.17176553127459 155
1757449433033 98.6071394391994 156
1757449433110 90.94647719116264 157
1757449433177 96.04166002722638 158
1757449433251 91.34435501535256 159
1757449433321 93.59903043913249 160
1757449433391 89.7028350488046 161
1757449433464 96.2250315541533 162
1757449433536 92.61970847753908 163
1757449433608 96.75062413265783 164
1757449433682 93.72959367465293 165
1757449433760 94.05774697040655 166
1757449433837 95.70458316733436 167
1757449433912 89.20848875150332 168
1757449433989 87.07573731054003 169
1757449434067 85.82659686845875 170
1757449434145 91.47364153646866 171
1757449434224 95.0155561358289 172
1757449434301 92.5377591575668 173
1757449434377 96.01671577597796 174
1757449434452 92.32875786558904 175
1757449434527 88.0331529852277 176
1757449434603 91.20376632492038 177
1757449434679 87.07434335104924 178
1757449434754 93.61077626199253 179
1757449434828 84.44810920292082 180
1757449434906 90.67778979389523 181
1757449434985 86.85082348542618 182
1757449435063 95.11922584842183 183
1757449435143 79.22813919869073 184
1757449435207 89.23821484976374 185
1757449435272 88.78305652181648 186
1757449435339 83.46086947993274 187
1757449435407 82.06195239509049 188
1757449435479 79.03009689756803 189
1757449435550 90.76037970869773 190
1757449435629 86.11458290111467 191
1757449435710 82.85171036743569 192
1757449435784 75.33666639686031 193
1757449435860 85.33215358765926 194
1757449435945 76.74534502960806 195
1757449436025 87.1226499071236 196
1757449436104 77.09579185469015 197
1757449436183 83.56166856003024 198
1757449436261 86.77875610841181 199
1757449436336 79.26679095037511 200
1757449436411 86.11970088622706 201
1757449436493 80.30473854756906 202
1757449436571 87.51165342152545 203
1757449436654 81.95159062751402 204
1757449436735 91.27215498452624 205
1757449436813 86.03908446951687 206
1757449436891 85.93524086569494 207
1757449436967 77.68209335018717 208
1757449437046 80.35769272543685 209
1757449437126 94.01819571062242 210
1757449437206 77.58843058859078 211
1757449437278 76.75646698609955 212
1757449437349 80.64210681653437 213
1757449437422 80.92569021685847 214
1757449437500 76.21816398442978 215
1757449437581 76.79157233224086 216
1757449437661 77.30281273505794 217
1757449437741 80.00214007052845 218
1757449437822 81.63610772513717 219
1757449437914 79.93855900666459 220
1757449437994 71.44190625073485 221
1757449438073 76.40917797147814 222
1757449438151 73.64424666531595 223
1757449438231 71.27434686484617 224
1757449438314 81.8611270313084 225
1757449438391 77.23761585473378 226
1757449438467 76.1168046949552 227
1757449438544 70.02954710801208 228
1757449438622 76.56323954960837 229
1757449438701 72.03294383143746 230
1757449438778 78.67436759094645 231
1757449438856 71.66759613548449 232
1757449438935 73.71588538949375 233
1757449439021 72.54994406965011 234
1757449439109 77.46377224812846 235
1757449439186 74.12561469206506 236
1757449439255 76.0536941994776 237
1757449439323 72.25093897869974 238
1757449439390 74.6378557751956 239
1757449439456 77.60945257033443 240
1757449439515 80.20550513369524 241
1757449439586 71.0812805216152 242
1757449439657 71.60948971686865 243
1757449439730 72.613405396561 244
1757449439801 72.48395398045666 245
1757449439877 68.06836385515491 246
1757449439955 71.74195531779071 247
1757449440037 73.85662823589247 248
1757449440116 74.3095355812036 249
1757449440195 68.32923185342761 250
1757449440273 72.9536661343001 251
1757449440352 79.43287227115626 252
1757449440434 66.56199044938023 253
1757449440513 65.51583652018789 254
1757449440593 64.847496013061 255
1757449440674 76.33042453918267 256
1757449440752 68.32040177812264 257
1757449440828 68.72663249815523 258
1757449440908 69.52619123599082 259
1757449440989 64.17055778518957 260
1757449441067 73.41859865136658 261
1757449441150 69.29833836378704 262
1757449441232 73.30215894475913 263
1757449441312 62.72578886600156 264
1757449441390 67.60287037041856 265
1757449441460 69.77961677395253 266
1757449441528 69.16189388769686 267
1757449441594 65.97492535226465 268
1757449441665 64.20763747493278 269
1757449441737 63.61997433589142 270
1757449441809 63.436656471095134 271
1757449441879 67.77300583197753 272
1757449441950 65.6002234975926 273
1757449442023 71.21016584517484 274
1757449442097 60.48013513648487 275
1757449442165 65.41895325831325 276
1757449442234 75.90552102540792 277
1757449442308 68.58706168280045 278
1757449442380 64.72734205001045 279
1757449442455 65.27717018658491 280
1757449442531 66.86345863882104 281
1757449442612 64.80904130978952 282
1757449442693 68.70178307571207 283
1757449442779 65.25065422094936 284
1757449442860 65.92263809275504 285
1757449442940 63.3729469866606 286
1757449443022 66.4805885718094 287
1757449443100 67.26606388879304 288
1757449443178 61.91143888873427 289
1757449443254 63.360621462561475 290
1757449443321 61.64105711506477 291
1757449443396 65.74266898512894 292
1757449443469 67.65431780958554 293
1757449443543 61.86122167700883 294
1757449443618 58.1387347760022 295
1757449443690 64.75841755594858 296
1757449443764 54.41206734426878 297
1757449443844 63.90606386460766 298
1757449443927 59.20580957794307 299
1757449444009 52.061838227587316 300
1757449444093 56.64031007265036 301
1757449444173 56.89066337427972 302
1757449444253 62.938385536004944 303
1757449444336 58.78375093219611 304
1757449444417 60.242364259324646 305
1757449444499 53.74547051399227 306
1757449444580 57.76224933023289 307
1757449444659 61.711320925014235 308
1757449444740 56.809523914514685 309
1757449444819 52.05761811743769 310
1757449444901 55.03699812693547 311
1757449444982 54.544757197517725 312
1757449445062 60.34281813094819 313
1757449445140 62.95444288021616 314
1757449445222 59.87466119228323 315
1757449445298 57.2806167005869 316
1757449445374 59.94545357361356 317
1757449445452 57.21236805440243 318
1757449445523 58.11120216177455 319
1757449445596 57.517085510717045 320
1757449445674 56.82597614673949 321
1757449445745 56.51972859643324 322
1757449445817 59.5064684326678 323
1757449445889 56.03135680014439 324
1757449445961 52.458381996570274 325
1757449446034 49.68798172686234 326
1757449446110 45.09553937662214 327
1757449446183 61.225038556304526 328
1757449446261 58.7983135007952 329
1757449446342 52.2158815472201 330
1757449446423 54.40727616219182 331
1757449446510 54.73105250258016 332
1757449446591 62.56030922846768 333
1757449446672 52.064927123109236 334
1757449446753 57.259748377772695 335
1757449446834 50.74061377921242 336
1757449446911 49.81966604663781 337
1757449446988 56.83515414057264 338
1757449447064 48.99049710039452 339
1757449447125 54.648058604600884 340
1757449447190 56.54248374350064 341
1757449447268 53.33592456205634 342
1757449447331 53.341647265248504 343
1757449447402 54.00373137006397 344
1757449447479 53.80633464188245 345
1757449447587 61.05964925782967 346
1757449447664 56.0227460976645 347
1757449447744 51.25967867323178 348
1757449447821 56.903527530557874 349
1757449447900 44.71271476659422 350
1757449447980 49.24750794547682 351
1757449448060 52.8374495221331 352
1757449448137 54.638390095469674 353
1757449448216 58.043665129961795 354
1757449448296 53.18567088078822 355
1757449448374 53.19984043684814 356
1757449448452 47.643542763742666 357
1757449448530 50.91200345364903 358
1757449448612 38.494730778332375 359
1757449448692 47.13591959031994 360
1757449448773 59.755759210808186 361
1757449448854 42.75396438048013 362
1757449448933 58.24423585743063 363
1757449449014 55.74357309065357 364
1757449449092 47.92346741592438 365
1757449449169 49.358054725786666 366
1757449449244 51.0110996865635 367
1757449449324 51.16260158250748 368
1757449449397 56.36359885504591 369
1757449449477 44.48963655391725 370
1757449449549 41.943746126755244 371
1757449449624 57.72888020624596 372
1757449449699 42.09520801966969 373
1757449449774 38.53241221328148 374
1757449449849 56.550140820608554 375
1757449449928 51.091890683057564 376
1757449450005 46.91330490332283 377
1757449450083 66.53874762670523 378
1757449450145 52.06134171600158 379
1757449450212 44.23180716939804 380
1757449450284 48.21479052183155 381
1757449450356 50.84185554041002 382
1757449450432 43.526178412305384 383
1757449450494 42.81456321753291 384
1757449450563 44.630854137110916 385
1757449450641 48.52885337602346 386
1757449450716 42.23114455322692 387
1757449450794 47.09565820528526 388
1757449450872 55.21373336409296 389
1757449450955 38.80538664207107 390
1757449451037 47.751416439376975 391
1757449451114 49.894596103417044 392
1757449451191 45.84429430705774 393
1757449451266 41.79859440663143 394
1757449451345 47.81214194823485 395
1757449451416 44.46101451261702 396
1757449451490 38.35253129606177 397
1757449451564 40.680751802001204 398
1757449451636 41.034248087811235 399
1757449451711 44.705165239201044 400
1757449451795 48.958480179377375 401
1757449451871 52.72026085490071 402
1757449451946 40.37797676105434 403
1757449452023 42.0765714656998 404
1757449452107 50.62840911297088 405
1757449452186 34.944345502731494 406
1757449452266 45.88252325049314 407
1757449452346 37.57062258150626 408
1757449452426 43.71947822872587 409
1757449452506 36.906581610855284 410
1757449452583 45.56008381363394 411
1757449452666 40.690983484522974 412
1757449452745 33.11941498701161 413
1757449452826 42.26077706306356 414
1757449452906 43.00420511111689 415
1757449452985 43.623913478046326 416
1757449453065 42.95434791704456 417
1757449453146 43.86491204443445 418
1757449453229 46.679885038020984 419
1757449453308 37.51883997624341 420
1757449453384 40.17984226893066 421
1757449453456 38.27836544057669 422
1757449453529 37.41263414015936 423
1757449453604 50.8306721725953 424
1757449453677 46.840029991954076 425
1757449453756 42.72042003813404 426
1757449453838 33.605401146861176 427
1757449453917 42.7608363935773 428
1757449453998 33.54679734284239 429
1757449454079 47.29736272885515 430
1757449454160 32.753768913295374 431
1757449454234 38.55625002639851 432
1757449454309 45.195908668620405 433
1757449454390 44.23122376069988 434
1757449454485 54.3606864455386 435
1757449454562 35.686688212845766 436
1757449454642 44.90326009702683 437
1757449454722 29.163759812384246 438
1757449454805 47.67448222149214 439
1757449454884 46.898146822549336 440
1757449454962 36.23557475743986 441
1757449455043 37.640436809070586 442
1757449455123 49.64483775856426 443
1757449455200 36.455890818968584 444
1757449455281 37.25058213217406 445
1757449455365 46.162255641314836 446
1757449455442 38.7345890610348 447
1757449455539 34.41199808341255 448
1757449455616 35.435427936728594 449
1757449455697 37.398711616536445 450
1757449455774 43.22711129379561 451
1757449455895 38.2058136979956 452
1757449455978 40.52307443267821 453
1757449456061 31.66841662409591 454
1757449456144 40.222677050234815 455
1757449456226 32.51253131355692 456
1757449456306 37.93923407884526 457
1757449456388 35.049310859179016 458
1757449456468 50.88815716175228 459
1757449456548 36.455153911524015 460
1757449456624 29.60725152962213 461
1757449456704 41.75121307198414 462
1757449456786 33.03389832472013 463
1757449456864 38.59146505064947 464
1757449456943 39.59349615753519 465
1757449457026 41.18241720586527 466
1757449457111 38.46338502088909 467
1757449457194 44.03396293062007 468
1757449457279 41.71125855792537 469
1757449457358 41.28137343707792 470
1757449457438 45.63360089066281 471
1757449457511 52.83200979407437 472
1757449457585 32.76353386824006 473
1757449457661 36.51156607550286 474
1757449457734 43.62416645613255 475
1757449457811 36.249537205225295 476
1757449457886 26.837154257613832 477
1757449457961 33.445163367235665 478
1757449458039 34.969948070664174 479
1757449458124 35.512595152947696 480
1757449458206 31.62142299146657 481
1757449458287 41.66227119538763 482
1757449458364 32.607550708541936 483
1757449458442 37.81070456460141 484
1757449458523 34.93439935968062 485
1757449458605 32.727960951920906 486
1757449458684 42.40379532725932 487
1757449458767 42.87916532741261 488
1757449458848 26.31054591864021 489
1757449458926 49.52890172276376 490
1757449459006 44.14511008322587 491
1757449459088 36.79197805263925 492
1757449459170 49.428070176287136 493
1757449459248 36.06904865449268 494
1757449459324 37.885135644107216 495
1757449459402 28.58260076708716 496
1757449459476 31.838907000668414 497
1757449459552 32.26381418134878 498
1757449459628 37.128129435869425 499
