1757517624879 303.18022497290923 0
1757517624949 371714.2363558799 1
1757517625011 991222244.2672668 2
1757517625080 2643814248262.3286 3
1757517625150 7051649853316400.0 4
1757517625217 1.8808343057616118e+19 5
1757517625290 5.016609954991862e+22 6
1757517625359 1.3380431951594558e+26 7
1757517625434 3.568863451963055e+29 8
1757517625503 9.518964996671648e+32 9
1757517625574 2.5389229884382402e+36 10
1757517625647 6.771881127280227e+39 11
1757517625718 1.8062136666154914e+43 12
1757517625791 4.817579854327523e+46 13
1757517625866 1.2849573714228345e+50 14
1757517625939 3.427271568504911e+53 15
1757517626010 9.141307459309358e+56 16
1757517626087 2.4381931923205278e+60 17
1757517626161 6.5032120071885e+63 18
1757517626232 1.7345535433223765e+67 19
1757517626303 4.6264461182051005e+70 20
1757517626380 1.2339776864805087e+74 21
1757517626457 3.2912972329666825e+77 22
1757517626532 8.77863319119687e+80 23
1757517626609 2.34145977256875e+84 24
1757517626682 6.245202125605908e+87 25
1757517626748 1.6657364797210985e+91 26
1757517626817 4.44289546449938e+94 27
1757517626892 1.1850205809129134e+98 28
1757517626966 3.160717573501145e+101 29
1757517627043 8.43034774277319e+104 30
1757517627108 2.248564176056888e+108 31
1757517627177 5.997428585529699e+111 32
1757517627251 1.5996496796282168e+115 33
1757517627326 4.266627040309568e+118 34
1757517627401 1.1380058104554254e+122 35
1757517627476 3.0353185605281806e+125 36
1757517627548 8.095880248801083e+128 37
1757517627622 2.159354140130901e+132 38
1757517627698 5.7594852680670593e+135 39
1757517627775 1.536184821961206e+139 40
1757517627848 4.0973519288399397e+142 41
1757517627918 1.092856314472319e+146 42
1757517627987 2.9148946559251434e+149 43
1757517628065 7.774682492678368e+152 44
1757517628144 2.073683443039386e+156 45
1757517628221 5.530982166776927e+159 46
1757517628294 1.4752378831923436e+163 47
1757517628365 3.934792675844112e+166 48
1757517628436 1.0494980896486227e+170 49
1757517628509 2.7992484761343094e+173 50
1757517628582 7.466228007869666e+176 51
1757517628651 1.9914116642649563e+180 52
1757517628721 5.311544748419847e+183 53
1757517628801 1.4167089668463816e+187 54
1757517628874 3.778682834857037e+190 55
1757517628942 1.0078600686934015e+194 56
1757517629010 2.6881904686374487e+197 57
1757517629084 7.170011214990928e+200 58
1757517629156 1.9124039543653775e+204 59
1757517629229 5.1008133390722526e+207 60
1757517629301 1.360502139763224e+211 61
1757517629371 3.6287665304705544e+214 62
1757517629439 9.678740038552915e+217 63
1757517629508 2.5815386012651557e+221 64
1757517629575 6.885546593127051e+224 65
1757517629643 1.8365308139451684e+228 66
1757517629711 4.898442534593787e+231 67
1757517629778 1.3065252748562957e+235 68
1757517629852 3.4847980389339617e+238 69
1757517629920 9.294743550593533e+241 70
1757517629991 2.47911806383272e+245 71
1757517630065 6.612367884027491e+248 72
1757517630133 1.7636678813965846e+252 73
1757517630204 4.704100634484523e+255 74
1757517630274 1.2546899001095156e+259 75
1757517630348 3.346541385395559e+262 76
1757517630416 8.925981824821935e+265 77
1757517630485 2.3807609816136893e+269 78
1757517630554 6.350027327875775e+272 79
1757517630623 1.6936957290621581e+276 80
1757517630695 4.5174690982046413e+279 81
1757517630770 1.20491105356533e+283 82
1757517630843 3.2137699571224607e+286 83
1757517630917 8.571850433890068e+289 84
1757517630989 2.2863061401809377e+293 85
1757517631059 6.098094929377884e+296 86
1757517631129 1.62649966748378e+300 87
1757517631199 4.3382420230620053e+303 88
1757517631272 inf 89
