1757435965614 0.5239805407100193 0
1757435965703 2.1860702280396955 1
1757435965793 25.90887740320123 2
1757435965884 13.61802501706362 3
1757435965975 26.551938125776893 4
1757435966065 22.893517434041655 5
1757435966157 2.617376756693815 6
1757435966246 4.293699558987562 7
1757435966335 34.44154056623119 8
1757435966425 15.355183509833733 9
1757435966517 3.670693307900713 10
1757435966607 57.19864506082971 11
1757435966698 11.193184381074538 12
1757435966790 7.774950004591633 13
1757435966882 12.290031682401455 14
1757435966974 16.862933021885553 15
1757435967064 20.24818524442162 16
1757435967156 1.2045679304246275 17
1757435967249 32.81559601546954 18
1757435967341 1.0618578843214024 19
1757435967436 19.855914194783953 20
1757435967529 2.4363926935173628 21
1757435967620 1.063761933375764 22
1757435967711 0.8871995849686314 23
1757435967802 7.812246009816085 24
1757435967899 24.778340872696877 25
1757435967991 21.77509336360356 26
1757435968082 16.167921533179115 27
1757435968170 0.47850263215453126 28
1757435968261 0.4145866548104603 29
1757435968351 84.41896390651807 30
1757435968441 8.129095332282365 31
1757435968535 28.050198762251984 32
1757435968627 21.388197451314234 33
1757435968720 14.536886581465975 34
1757435968810 0.05149643399365814 35
1757435968899 2.0727284146636626 36
1757435968989 11.472448897860664 37
1757435969077 2.8054116868429784 38
1757435969169 8.449197294805437 39
1757435969260 6.503836207723562 40
1757435969354 4.61862842447068 41
1757435969449 2.4878510798521485 42
1757435969540 5.382279299943622 43
1757435969633 7.825646591231839 44
1757435969726 3.1214387878140935 45
1757435969822 2.340080810814656 46
