1757664000051 74.56225084466232 0
1757664000171 43.53908608450834 1
1757664000306 18.533490510326683 2
1757664000426 12.156543578892645 3
1757664000546 10.389101087326724 4
1757664000662 2.532819238528659 5
1757664000777 0.3802702532578767 6
1757664000893 1.8064730185713842 7
1757664001009 3.192790425439797 8
1757664001124 1.2045824254466608 9
1757664001240 3.6181723696032893 10
1757664001356 0.002213957898245613 11
1757664001472 0.2908954142593593 12
1757664001589 0.3707732800107245 13
1757664001704 0.2917725480283546 14
1757664001822 1.2223733069448293 15
1757664001938 0.3090391994329497 16
1757664002054 0.03721143364507671 17
1757664002169 2.0606275290149374 18
1757664002284 2.6034682782406224 19
1757664002397 0.059354442536477224 20
1757664002513 0.3140504528081464 21
1757664002645 2.477411214265158 22
1757664002781 0.28423969309307057 23
1757664002923 0.22258678913878996 24
1757664003049 0.030066084348802643 25
1757664003172 6.976537036971572 26
1757664003293 0.45687443903580116 27
1757664003415 1.9827106621447486 28
1757664003537 1.9653794691303854 29
1757664003659 3.515473258017637 30
