1757604850770 14.045563860354052 0
1757604850880 5.752852623791793 1
1757604851006 9.928596307364261 2
1757604851112 8.470063494754628 3
1757604851221 6.6684898232272785 4
1757604851332 7.296128040353467 5
1757604851469 7.276018457206036 6
1757604851581 5.381130656174112 7
1757604851705 32.68779720974406 8
1757604851813 7.271902717208533 9
1757604851928 6.108711207042253 10
1757604852045 13.981395228629978 11
1757604852152 12.928676484302956 12
1757604852270 9.057733229610442 13
1757604852376 3.9399743808843084 14
1757604852483 13.064683896077723 15
1757604852589 10.34495361805164 16
1757604852693 2.916051187253461 17
1757604852798 7.064406902871959 18
1757604852903 7.649675862860139 19
1757604853009 13.41063921031527 20
1757604853116 2.86239667968371 21
1757604853223 5.729713829720726 22
1757604853331 9.35769039987005 23
1757604853439 1.7669747508474611 24
1757604853545 9.690718358726382 25
1757604853651 11.459565702479706 26
1757604853824 16.474159880421144 27
1757604853932 9.118281101916782 28
1757604854038 16.84088484641591 29
1757604854143 18.385123456413567 30
1757604854252 4.340556871459946 31
1757604854361 7.177210299305843 32
1757604854466 12.432404631440866 33
1757604854574 8.69734387111427 34
1757604854681 11.5765981040473 35
1757604854787 2.2010632843367226 36
1757604854892 5.147922096125541 37
1757604854997 8.793538900537028 38
1757604855103 6.434234901793498 39
1757604855209 18.014128367903787 40
1757604855317 10.12254836756571 41
1757604855424 3.49183355862885 42
1757604855529 5.6971986943297175 43
1757604855635 4.878652728977026 44
1757604855741 3.7261384578247503 45
1757604855849 12.05116590155254 46
1757604855954 16.885105219654612 47
1757604856059 5.849104600627212 48
1757604856166 9.82387677277174 49
1757604856273 14.810757415211262 50
1757604856381 4.474376221323447 51
1757604856487 18.34181494306022 52
1757604856592 17.557063763097283 53
1757604856697 5.48019333808245 54
1757604856802 9.31643785031736 55
1757604856910 8.805256768551299 56
1757604857016 3.5196906455567016 57
1757604857123 11.448151203675483 58
1757604857233 9.045617265870728 59
1757604857345 37.3997193525721 60
1757604857452 18.706041412929583 61
1757604857559 26.051558559867914 62
1757604857668 2.468649195808749 63
1757604857776 7.959355325788814 64
1757604857883 5.360949168073573 65
1757604857990 11.57369035919674 66
1757604858098 5.8920796756021785 67
1757604858206 8.117361831696895 68
1757604858313 6.172251718482362 69
1757604858420 3.876869041461401 70
1757604858527 8.896174271281309 71
1757604858633 12.239227008848223 72
1757604858739 3.4847701783300686 73
1757604858848 7.840679289573219 74
1757604858955 9.564227548201224 75
1757604859063 8.26455933786518 76
1757604859173 6.7906439296997165 77
1757604859280 4.51955402798585 78
1757604859388 4.869864928441433 79
1757604859494 9.12023947845768 80
1757604859603 4.794462788637655 81
1757604859711 4.468437418037064 82
1757604859819 9.797143943438895 83
1757604859929 3.01066641043114 84
1757604860038 11.354922394855935 85
1757604860147 5.473524922256156 86
1757604860255 10.844028653445928 87
1757604860363 7.353980267104761 88
1757604860481 6.76798092137087 89
1757604860591 2.7896342845950137 90
1757604860700 3.045535497252814 91
1757604860809 10.099226046029239 92
1757604860918 8.143067422173173 93
1757604861027 5.818600436064328 94
1757604861135 6.747657445187789 95
1757604861243 6.158569423966411 96
1757604861351 16.10046624890435 97
1757604861457 16.276592186992392 98
1757604861567 7.628118365847147 99
1757604861674 9.527296674380805 100
1757604861780 5.732663765090493 101
1757604861887 8.889452211932044 102
1757604861996 6.732292615467386 103
1757604862103 14.826016495222369 104
