1757670577167 0.0055341446430186205 0
1757670577340 0.6148017746539634 1
1757670577476 0.04364163661939138 2
1757670577589 0.037970452279358594 3
1757670577757 0.0049769889179644665 4
1757670577940 0.0037268824169798434 5
1757670578050 0.001552820797151701 6
1757670578159 0.021545634487168182 7
1757670578267 0.0009168014717949911 8
1757670578375 0.09136507354146108 9
1757670578483 0.11208715305635975 10
1757670578598 0.47826866299477344 11
1757670578710 0.0006656564834977104 12
1757670578817 0.25035490057508675 13
1757670578923 0.2749479552537669 14
1757670579030 0.4868964587313582 15
1757670579138 0.03062024435807851 16
1757670579249 0.02661851967820947 17
1757670579358 1.385827741800697e-05 18
1757670579468 0.002759277057720744 19
1757670579575 0.018310425242444292 20
1757670579683 0.005053665404322789 21
1757670579792 0.18558725068093632 22
1757670579902 0.0065872722583532085 23
1757670580011 0.014827660421628152 24
1757670580121 0.01697820533778018 25
1757670580230 0.05673197411331968 26
1757670580341 0.16614552815381756 27
1757670580459 0.03877737774119029 28
1757670580567 0.16979151142666005 29
1757670580675 0.03920322257357579 30
1757670580783 0.054346802279547225 31
1757670580891 0.04804274834835864 32
1757670581006 0.260532066415553 33
1757670581114 0.033362502557240256 34
1757670581223 0.014518326862434337 35
1757670581329 0.022108864692819433 36
1757670581437 0.06870956516896765 37
1757670581547 0.010143038965494698 38
1757670581654 0.10475332488064405 39
1757670581763 0.05496141515867521 40
1757670581871 0.0258798505784476 41
1757670581978 0.16081934261716538 42
1757670582087 0.0447782689157723 43
1757670582197 0.07002449117497293 44
1757670582303 0.10749565050803869 45
1757670582411 0.00706703638133316 46
1757670582520 0.06872456687305496 47
1757670582627 0.0021851613748305227 48
1757670582733 0.0033661225099419954 49
1757670582843 0.14997613958073971 50
1757670582950 0.05481206222469538 51
1757670583060 0.05370396070106398 52
1757670583167 0.12069022732159325 53
1757670583276 0.1003326447858215 54
1757670583387 0.007792571232206013 55
1757670583495 0.04319508093434225 56
1757670583602 0.2510414696446406 57
1757670583712 0.004208052678080198 58
1757670583821 2.772908708463483e-05 59
1757670583927 0.030224918634178217 60
1757670584036 0.1499385002206806 61
1757670584144 0.002161627769863383 62
1757670584258 0.01503544062944722 63
1757670584365 0.03869047062822428 64
1757670584474 0.066819537387265 65
1757670584583 0.22520581923201377 66
1757670584691 0.3412200970315456 67
1757670584800 0.21337891873639958 68
1757670584908 0.4183661678312305 69
1757670585018 0.16519332342155277 70
1757670585127 0.08467254333072419 71
1757670585244 0.010289708573578615 72
1757670585354 0.04999603442481914 73
1757670585464 0.23843822940386328 74
1757670585575 2.8491801982259064e-06 75
1757670585686 0.05889098879912729 76
1757670585794 0.03332747666904656 77
1757670585902 0.19380421522660216 78
1757670586027 0.043212956075708436 79
1757670586140 0.024868576331855758 80
1757670586251 0.010200829609630332 81
1757670586361 0.0004078978520051301 82
1757670586471 0.05691572693860105 83
1757670586579 0.20787358477887655 84
1757670586691 0.2321530656991071 85
1757670586800 0.008609113995856019 86
1757670586910 0.0029859641128411924 87
1757670587021 0.4628062954990449 88
1757670587130 0.1244905556375847 89
1757670587240 4.344494286578416e-05 90
1757670587350 0.7964285833178275 91
1757670587463 0.00047551181330458386 92
1757670587572 0.11595111824253895 93
1757670587683 0.16364809683293058 94
1757670587791 5.3343523769423965e-05 95
1757670587900 0.17091940297146635 96
1757670588013 0.10711876509562783 97
1757670588124 0.2137460744382658 98
1757670588235 0.004795000315313216 99
1757670588345 0.04416890918065174 100
1757670588453 0.002244519919051105 101
1757670588578 0.3355095816015115 102
1757670588691 0.5969010439602949 103
1757670588801 0.010367784987133866 104
1757670588913 0.0607723736162975 105
1757670589024 0.02300806028777381 106
1757670589134 0.05544276979283021 107
1757670589244 0.08315716299886146 108
1757670589354 0.03984434640553356 109
1757670589462 0.5377309500302178 110
1757670589571 0.0007008521242056284 111
1757670589682 0.010990187025358427 112
1757670589791 0.02695217133987375 113
1757670589900 0.02036355900811708 114
1757670590009 0.05977010296957597 115
1757670590121 0.003268831902579627 116
1757670590231 0.10061281565395362 117
1757670590341 0.006350875776481456 118
1757670590451 0.06773835042064587 119
1757670590561 7.622153606177493e-05 120
1757670590670 0.015890677091596375 121
1757670590780 0.09856060493306627 122
1757670590891 0.03436335515754483 123
1757670591000 0.36219457818905604 124
1757670591112 0.04555332417682096 125
1757670591222 0.13334056109712744 126
1757670591331 0.3097141149851815 127
1757670591444 0.22782868961182692 128
1757670591556 0.03804021757432166 129
1757670591667 0.036238982417642215 130
1757670591776 0.016968841370048025 131
1757670591888 0.06043501890146641 132
1757670591998 0.5559958085762748 133
1757670592109 0.15538631435400532 134
1757670592221 0.013043455143364645 135
1757670592333 0.12735590100025423 136
1757670592443 4.962085805558121e-05 137
1757670592554 0.14554602201910538 138
1757670592668 0.39118738294887656 139
1757670592779 0.6629869831153455 140
1757670592902 0.06030655275065948 141
1757670593032 0.01158974621440195 142
1757670593144 0.016322990399388785 143
1757670593256 0.026109469356540002 144
1757670593368 0.0008346042677825547 145
1757670593481 0.0002067697396637528 146
1757670593591 0.4737196682845027 147
1757670593703 0.013186121866606556 148
1757670593815 0.02159948292219084 149
1757670593924 0.09788379953133335 150
1757670594035 0.026255866679574788 151
1757670594145 0.1552418727182891 152
1757670594258 0.0010833490622150894 153
1757670594369 0.021135421186468287 154
1757670594480 0.010340144584937025 155
1757670594590 0.04966017672659331 156
1757670594700 2.3226628077343943e-05 157
1757670594813 0.007388961859961597 158
1757670594926 0.08416903798046751 159
1757670595036 0.012514029842104485 160
1757670595147 0.030196138921875115 161
1757670595260 0.02817034063031359 162
1757670595370 0.0005513406479184208 163
1757670595485 0.015022577167127694 164
1757670595595 0.16398840413298718 165
1757670595706 0.0005147313956567733 166
1757670595819 0.018132061744864706 167
1757670595935 0.0465532226228642 168
1757670596073 0.033979861493243016 169
1757670596186 0.0892758959401205 170
1757670596300 0.2841841916653589 171
1757670596413 0.00297486552272666 172
1757670596525 0.01848208736338641 173
1757670596637 1.0717504409831868 174
1757670596750 0.12042031975550237 175
1757670596862 0.31471025422757887 176
1757670596975 0.12394295047922788 177
1757670597090 0.046779207435748905 178
1757670597202 0.055993611087213194 179
1757670597315 0.002234952191138779 180
1757670597426 0.10434363311996933 181
1757670597540 0.1315081834500512 182
1757670597649 0.007562861557052463 183
1757670597763 0.04707471664723986 184
1757670597897 0.2848753158304188 185
1757670598025 0.06272815072023971 186
1757670598139 9.686128474986696e-05 187
1757670598251 0.6184324345381105 188
1757670598365 0.0037830293588723323 189
1757670598480 0.044908498989572276 190
1757670598603 0.004369491433165439 191
1757670598716 0.009098234214194069 192
1757670598829 0.3858481966596687 193
1757670598939 0.0113177010176778 194
1757670599050 0.14578565755241507 195
1757670599161 0.3257338155713336 196
1757670599274 0.19502790841017817 197
1757670599386 0.025170026530453634 198
1757670599499 0.001420460280656594 199
1757670599615 0.03044543751678884 200
1757670599726 0.12004507380497137 201
1757670599840 0.16772069755018348 202
1757670599954 0.05369536971829581 203
1757670600066 0.2663476503244462 204
1757670600180 0.0342900273125831 205
1757670600294 0.45166796096036976 206
1757670600406 0.0379095877676115 207
1757670600518 0.384388167907259 208
1757670600630 0.08867246425019555 209
1757670600744 0.13792079373757615 210
1757670600857 0.01881886960333611 211
1757670600970 0.026881774415053898 212
1757670601082 0.046194292559183094 213
1757670601195 0.0074214359675600595 214
1757670601309 0.004861798298867858 215
1757670601424 0.0012119693231856508 216
1757670601537 0.4727047775716571 217
1757670601653 0.07668229966308607 218
1757670601768 0.040617019970566125 219
1757670601884 0.06958485016303528 220
1757670601997 0.09500119111840477 221
1757670602107 0.015570332744054997 222
1757670602221 0.04392748026663179 223
1757670602332 0.12596849182267178 224
1757670602444 0.11475688816452029 225
1757670602559 0.18812287761820315 226
1757670602674 0.0198637962424386 227
1757670602790 0.00808798049142902 228
1757670602912 4.342518082244041e-05 229
1757670603052 0.6219037731294889 230
1757670603173 0.07590838385468424 231
1757670603295 0.00023349692946755197 232
1757670603439 0.1850521306993756 233
1757670603559 0.05392602670630492 234
1757670603733 0.018822751908581733 235
1757670603888 0.859464016502872 236
1757670604013 0.00022203348005196436 237
1757670604134 0.007513323785199466 238
1757670604248 0.008413367200725101 239
1757670604375 0.37254795723167483 240
1757670604491 0.015360834853526554 241
1757670604606 0.004771572262030547 242
1757670604722 0.017579533203261853 243
1757670604837 0.10993968257664657 244
1757670604953 0.21162584776092244 245
1757670605068 0.04109236759397493 246
1757670605185 0.4706307981602382 247
1757670605308 0.008012398029705282 248
1757670605429 0.13349247448780516 249
1757670605575 0.042507527796781026 250
1757670605700 0.0032927239841586803 251
1757670605824 0.030913810816496586 252
1757670605954 0.007940554064658578 253
1757670606098 0.005399268395103017 254
1757670606222 0.013920732422560379 255
1757670606345 0.5171411192253224 256
1757670606469 3.407704035484955e-06 257
1757670606588 0.001296018366369997 258
1757670606711 0.10775251517359741 259
1757670606832 0.00730671897223351 260
1757670606955 0.0011001033170404946 261
1757670607081 0.029384087364969835 262
1757670607204 0.14214432412179465 263
1757670607327 3.3300305931476177e-06 264
1757670607452 0.057247090429499534 265
1757670607584 0.1194526337179829 266
1757670607712 0.0013091693228957113 267
1757670607841 0.514063370642129 268
1757670607963 1.3078291407067028e-05 269
1757670608086 0.09053406183713987 270
1757670608211 0.15207803924579322 271
1757670608334 0.38124124165472606 272
1757670608452 0.006315110300407192 273
1757670608573 0.41495526597586474 274
1757670608694 0.0019235350725525008 275
1757670608822 0.0008301108306015584 276
1757670608947 0.10705437923374207 277
1757670609071 0.000922774501084485 278
1757670609189 0.04640703528211705 279
1757670609315 0.22043797149792663 280
1757670609433 0.042883369151329766 281
1757670609558 0.04096164321356388 282
1757670609676 0.0559703280752081 283
1757670609804 0.020564628428323406 284
1757670609919 0.010962878202404592 285
1757670610043 7.427606727660495e-05 286
1757670610161 0.004010011304538462 287
1757670610283 0.15416666257040793 288
1757670610401 0.008446207367441264 289
1757670610525 0.500027647442255 290
1757670610644 0.08545380708668433 291
1757670610763 0.0005200006938609909 292
1757670610880 0.07932063371956612 293
1757670611001 0.11505206540615256 294
1757670611122 0.004729897093253905 295
1757670611243 0.05444184763786595 296
1757670611362 0.006139318147438637 297
1757670611484 0.01016494940397281 298
1757670611610 0.020940835024977792 299
1757670611735 0.425495645773152 300
1757670611856 0.33751436990677075 301
1757670611979 0.0381461392270316 302
1757670612103 0.030192636231558736 303
1757670612225 0.0727786697007739 304
1757670612347 0.10128324579409864 305
1757670612467 0.07557758022185838 306
1757670612593 0.1421454702872784 307
1757670612717 0.00023588883734215808 308
1757670612841 0.022916988964927297 309
1757670612960 0.034377948159781055 310
1757670613089 0.023959745301757006 311
1757670613208 0.1278310084564381 312
1757670613337 0.014672934983238283 313
1757670613454 0.06208274011026154 314
1757670613570 0.2045791880686427 315
1757670613688 2.4612721638074605e-05 316
1757670613813 0.0037740075993344994 317
1757670613935 0.10434326749197238 318
1757670614060 0.04235175625213046 319
1757670614179 4.453875306175922 320
1757670614306 0.2885473120329075 321
1757670614427 0.04143551492073875 322
1757670614552 0.007210575722647895 323
1757670614671 0.18591070417771133 324
1757670614797 0.016009393385348833 325
1757670614916 0.17460467633584326 326
1757670615039 0.1993023712208525 327
1757670615162 0.04148061135020451 328
1757670615340 0.019448268879080487 329
1757670615463 0.04232279101211704 330
1757670615594 0.09659005686968807 331
1757670615714 0.07780532418357847 332
1757670615843 0.11084372768954992 333
1757670615964 0.07834724079031828 334
1757670616098 0.0016776040091925077 335
1757670616217 0.0008655633871147819 336
1757670616348 0.0051093062032934525 337
1757670616466 0.1405693874245192 338
1757670616596 0.004695530738532665 339
1757670616716 0.00969426458222956 340
1757670616846 0.01306892939669375 341
1757670616964 0.018003763271201855 342
1757670617097 0.4468104247869692 343
1757670617217 0.01931515590174439 344
1757670617344 0.09464364599434304 345
1757670617465 0.15867680611930615 346
1757670617594 0.18607432327177334 347
1757670617716 0.025942671872819754 348
1757670617848 0.2711155430326467 349
1757670617968 0.02104096659339085 350
1757670618100 0.2035382066546231 351
1757670618218 0.06582455297318736 352
1757670618349 0.22870996541388214 353
1757670618470 0.00038446685612130956 354
1757670618609 0.012433909129879184 355
1757670618731 0.05421363341191847 356
1757670618859 0.02129384049852511 357
1757670618982 0.00013794585021777874 358
1757670619112 0.0031616138202871505 359
1757670619233 0.007227017184636028 360
1757670619366 0.02305484829350324 361
1757670619488 0.1075592367373016 362
1757670619616 0.057745435499259506 363
1757670619738 0.5787560080868179 364
1757670619866 0.15136197968969328 365
1757670619988 0.07106914596618688 366
1757670620122 0.034655311365938225 367
1757670620253 0.24606770103405307 368
1757670620380 0.19004981056265594 369
1757670620505 0.26935959149804545 370
1757670620630 0.019788700349451877 371
1757670620759 0.18701615219487655 372
1757670620886 0.00018458640893957205 373
1757670621009 0.1812362717581373 374
1757670621135 0.2255360624948866 375
1757670621260 0.002684450694622894 376
1757670621389 0.01266560057534661 377
1757670621515 0.05670292108926259 378
1757670621644 0.05669876728569748 379
1757670621768 0.00765659840416973 380
1757670621895 2.578420473907627 381
1757670622018 0.2487020316983401 382
1757670622144 0.0344215747952022 383
1757670622269 0.07820948317898221 384
1757670622397 0.003380119375426253 385
1757670622519 0.00039644309974666374 386
1757670622646 0.7831980356792329 387
1757670622773 0.05830798014101014 388
1757670622898 0.04279440763143808 389
1757670623026 0.04894321702921095 390
1757670623152 0.0064031517726402185 391
1757670623278 0.06679247539823964 392
1757670623405 0.07138379348424362 393
1757670623531 0.0053312244701405245 394
1757670623658 0.02014203737266453 395
1757670623785 0.12906552665331456 396
1757670623913 0.0008196439973250525 397
1757670624037 0.06268747636655636 398
1757670624162 0.00292204274244134 399
1757670624284 0.12405956546169884 400
1757670624401 0.04990977719032452 401
1757670624520 0.013234777401589104 402
1757670624653 0.4375934122260539 403
1757670624780 2.332223089217205e-05 404
1757670624907 0.02197379748637885 405
1757670625033 0.11627053661642282 406
1757670625162 0.3633232180736083 407
1757670625290 0.002786892495701629 408
1757670625418 0.07231623185461362 409
1757670625543 0.03195490515739211 410
1757670625673 0.13204019214137946 411
1757670625814 0.20687350394865892 412
1757670625945 0.13996335625027229 413
1757670626076 0.029785813155555143 414
1757670626199 0.060730166933950946 415
1757670626325 0.42170605531870736 416
1757670626470 6.043853948586778e-05 417
1757670626593 0.004447949039687093 418
1757670626719 0.05375955829222835 419
1757670626851 0.06988531406830754 420
1757670626978 0.18383131734631192 421
1757670627107 0.026712017960866336 422
1757670627232 0.0011402037326915038 423
1757670627362 1.2265679312873217 424
1757670627489 0.21342586060304697 425
1757670627626 0.001454874097165869 426
1757670627753 0.03768475064893938 427
1757670627877 0.02240940151093634 428
1757670628001 0.0018260364329085426 429
1757670628132 0.1445624431015896 430
1757670628265 0.0867048361368199 431
1757670628394 0.00023181386916457588 432
1757670628523 0.005579295438726196 433
1757670628650 0.0059956381492007604 434
1757670628776 0.012846425214872578 435
1757670628908 0.20309649332749935 436
1757670629041 0.08138936075123611 437
1757670629170 0.0692188082937645 438
1757670629300 0.008967981251298454 439
1757670629430 0.3723002272413454 440
1757670629561 0.004662831253703777 441
1757670629686 0.016221084739989722 442
1757670629815 0.0021909751428169726 443
1757670629938 0.006964909340705151 444
1757670630069 0.21861136156410596 445
1757670630201 0.13590626458555505 446
1757670630333 1.0693701663571429 447
1757670630465 0.047080098554052985 448
1757670630594 0.02603337729494672 449
1757670630721 0.030363664756202523 450
1757670630850 0.2853744929424836 451
1757670630981 0.10785071416325365 452
1757670631114 0.16679610061301298 453
1757670631240 0.006121596726215663 454
1757670631377 0.052018877362770964 455
1757670631504 0.06018467043881709 456
1757670631639 0.03966150608016238 457
1757670631765 0.19157910891160457 458
1757670631901 0.01739639820194136 459
1757670632023 0.0015090861846439108 460
1757670632154 0.038520434951873725 461
1757670632274 0.0008542295713776964 462
1757670632402 0.005799360881822371 463
1757670632520 0.037836491067809556 464
1757670632652 0.010639113049570666 465
1757670632776 0.35484291680930924 466
1757670632907 0.0015860930027199293 467
1757670633027 0.0006763062088911301 468
1757670633156 0.16516849176691226 469
1757670633280 0.00017418747135587666 470
1757670633425 0.0009804075934686993 471
1757670633550 0.3934205709598781 472
1757670633683 0.029379722186612854 473
1757670633802 0.003503042124812503 474
1757670633932 0.05300550774097561 475
1757670634052 0.003035615120149469 476
1757670634185 0.007921588014471705 477
1757670634310 0.022217442799151683 478
1757670634441 0.7453712310227342 479
1757670634564 0.07910553838876004 480
1757670634696 0.36040748734356093 481
1757670634817 0.21775948182249044 482
1757670634949 0.031263148540654956 483
1757670635071 0.008914559644964052 484
1757670635203 1.535121799369958e-05 485
1757670635327 0.11790672195023932 486
1757670635459 0.013518646924688757 487
1757670635585 0.006814627661205987 488
1757670635713 0.03410199257648735 489
1757670635840 2.1103947667008825e-05 490
1757670635969 0.06568251515307137 491
1757670636097 0.07833729229276633 492
1757670636225 0.00011348535205948642 493
1757670636353 0.09597653726154139 494
1757670636481 0.16752811737972348 495
1757670636608 0.02450673795523832 496
1757670636740 0.029035340128043634 497
1757670636867 0.6688758775001723 498
1757670636993 0.057038474915364026 499
