1757522213293 2629.77358162565 0
1757522213357 1497860063477.273 1
1757522213421 3.6669250467243966e+19 2
1757522213492 8.979212204518532e+26 3
1757522213554 2.198742783361535e+34 4
1757522213620 5.384069022183923e+41 5
1757522213687 1.318398834779668e+49 6
1757522213754 3.2283677649498846e+56 7
1757522213819 7.905315258799788e+63 8
1757522213885 1.9357772686093774e+71 9
1757522213951 4.740144461023927e+78 10
1757522214015 1.1607208058351168e+86 11
1757522214072 2.842261032710171e+93 12
1757522214139 6.9598543744982655e+100 13
1757522214203 1.7042619364215992e+108 14
1757522214269 4.1732320701679525e+115 15
1757522214335 1.0219007735422408e+123 16
1757522214393 2.5023319417848625e+130 17
1757522214457 6.127468839437185e+137 18
1757522214524 1.5004354039253906e+145 19
1757522214591 3.674121338427789e+152 20
1757522214655 8.996833568559014e+159 21
1757522214726 2.203057732845243e+167 22
1757522214791 5.394635053837664e+174 23
1757522214855 1.3209861425877896e+182 24
1757522214923 3.234703314485729e+189 25
1757522214991 7.920829140756594e+196 26
1757522215060 1.9395761582243677e+204 27
1757522215127 4.749446815100802e+211 28
1757522215192 1.1629986764800135e+219 29
1757522215254 2.8478388623992956e+226 30
1757522215322 6.973512825258184e+233 31
1757522215389 1.7076064859607265e+241 32
1757522215458 4.1814218801371173e+248 33
1757522215525 1.0239062151285119e+256 34
1757522215594 2.507242673500393e+263 35
1757522215664 6.139493765092859e+270 36
1757522215730 1.5033799516099442e+278 37
1757522215787 3.6813316624787527e+285 38
1757522215849 9.014489513882192e+292 39
1757522215918 2.207381150254103e+300 40
1757522215987 inf 41
