1757681322004 166.1697781841993 0
1757681322096 163.6793612687982 1
1757681322190 161.22654289165467 2
1757681322277 158.81075541440111 3
1757681322369 156.4314397685065 4
1757681322462 154.08804532589434 5
1757681322551 151.78002977151445 6
1757681322638 149.50685897783794 7
1757681322728 147.2680068812475 8
1757681322812 145.0629553602936 9
1757681322903 142.891194115789 10
1757681322997 140.75222055271297 11
1757681323090 138.64553966389897 12
1757681323183 136.57066391547815 13
1757681323284 134.52711313405229 14
1757681323376 132.51441439557013 15
1757681323469 130.53210191588155 16
1757681323564 128.57971694294392 17
1757681323656 126.65680765065575 18
1757681323749 124.76292903429359 19
1757681323832 122.897642807527 20
1757681323921 121.06051730098889 21
1757681324011 119.25112736237656 22
1757681324102 117.4690542580616 23
1757681324194 115.71388557618467 24
1757681324284 113.98521513121365 25
1757681324377 112.28264286994252 26
1757681324471 110.60577477890966 27
1757681324562 108.95422279321323 28
1757681324656 107.3276047067043 29
1757681324746 105.72554408353467 30
1757681324831 104.14767017104084 31
1757681324922 102.59361781394303 32
1757681325017 101.06302736983928 33
1757681325111 99.55554462597578 34
1757681325205 98.07082071727352 35
1757681325296 96.6085120455925 36
1757681325389 95.16828020021492 37
1757681325484 93.74979187952893 38
1757681325577 92.35271881389447 39
1757681325669 90.97673768967401 40
1757681325759 89.6215300744099 41
1757681325852 88.28678234313156 42
1757681325943 86.97218560577512 43
1757681326037 85.67743563569881 44
1757681326129 84.40223279927777 45
1757681326222 83.1462819865615 46
1757681326314 81.90929254297849 47
1757681326408 80.69097820207169 48
1757681326504 79.49105701924964 49
1757681326596 78.30925130653775 50
1757681326692 77.14528756831463 51
1757681326783 75.99889643801873 52
1757681326871 74.86981261581033 53
1757681326971 73.75777480717495 54
1757681327066 72.66252566245346 55
1757681327179 71.58381171728522 56
1757681327277 70.52138333395038 57
1757681327380 69.47499464359773 58
1757681327479 68.44440348934474 59
1757681327577 67.4293713702367 60
1757681327672 66.42966338605181 61
1757681327770 65.44504818293983 62
1757681327866 64.47529789988096 63
1757681327962 63.52018811595368 64
1757681328055 62.579497798398116 65
1757681328150 61.653009251463864 66
1757681328248 60.740508066030046 67
1757681328345 59.84178306998578 68
1757681328439 58.956626279360044 69
1757681328532 58.084832850189 70
1757681328626 57.22620103111047 71
1757681328718 56.38053211667358 72
1757681328807 55.54763040135373 73
1757681328898 54.727303134261575 74
1757681328993 53.91936047453589 75
1757681329087 53.123615447409826 76
1757681329181 52.33988390094049 77
1757681329272 51.56798446339177 78
1757681329372 50.80773850126054 79
1757681329466 50.05897007793669 80
1757681329559 49.321505912987064 81
1757681329653 48.59517534205428 82
1757681329746 47.879810277360924 83
1757681329844 47.175245168809994 84
1757681329946 46.48131696567262 85
1757681330042 45.79786507885426 86
1757681330136 45.124731343730545 87
1757681330231 44.46175998354416 88
1757681330325 43.808797573354404 89
1757681330420 43.165693004530965 90
1757681330514 42.53229744978378 91
1757681330607 41.90846432872087 92
1757681330700 41.294049273926 93
1757681330794 40.68891009754879 94
1757681330880 40.09290675839891 95
1757681330971 39.505901329537224 96
1757681331068 38.92775796635622 97
1757681331163 38.358342875142284 98
1757681331257 37.797524282112654 99
1757681331350 37.245172402919806 100
1757681331443 36.70115941261626 101
1757681331538 36.16535941607282 102
1757681331632 35.63764841884338 103
1757681331726 35.11790429846972 104
1757681331817 34.60600677621941 105
1757681331914 34.10183738925042 106
1757681332010 33.605279463196 107
1757681332105 33.11621808516342 108
1757681332199 32.63454007714042 109
1757681332294 32.160133969803034 110
1757681332391 31.692889976719005 111
1757681332482 31.23269996894051 112
1757681332576 30.779457449980544 113
1757681332671 30.333057531167114 114
1757681332765 29.893396907369496 115
1757681332856 29.4603738330909 116
1757681332946 29.033888098922162 117
1757681333040 28.613841008350857 118
1757681333135 28.200135354920654 119
1757681333229 27.792675399735295 120
1757681333322 27.391366849302408 121
1757681333418 26.996116833711696 122
1757681333515 26.60683388514262 123
1757681333610 26.223427916696558 124
1757681333705 25.845810201548566 125
1757681333798 25.47389335241382 126
1757681333893 25.107591301324145 127
1757681333990 24.746819279709804 128
1757681334082 24.391493798782047 129
1757681334179 24.041532630211755 130
1757681334275 23.69685478709991 131
1757681334369 23.357380505235238 132
1757681334465 23.02303122463486 133
1757681334561 22.69372957136365 134
1757681334654 22.36939933962806 135
1757681334748 22.049965474140247 136
1757681334845 21.735354052748487 137
1757681334932 21.42549226932986 138
1757681335025 21.12030841694113 139
1757681335120 20.819731871224043 140
1757681335214 20.523693074061182 141
1757681335307 20.23212351747853 142
1757681335404 19.9449557277911 143
1757681335502 19.662123249987918 144
1757681335601 19.383560632352715 145
1757681335694 19.109203411316837 146
1757681335793 18.838988096540877 147
1757681335888 18.57285215622142 148
1757681335981 18.310734002619764 149
1757681336076 18.05257297780895 150
1757681336170 17.79830933963616 151
1757681336265 17.54788424789689 152
1757681336358 17.30123975071794 153
1757681336453 17.058318771145967 154
1757681336545 16.819065093938512 155
1757681336642 16.583423352554433 156
1757681336734 16.351339016340763 157
1757681336833 16.122758377913037 158
1757681336924 15.897628540726082 159
1757681337014 15.675897406832519 160
1757681337109 15.457513664826047 161
1757681337205 15.242426777966735 162
1757681337318 15.030586972485615 163
1757681337417 14.821945226065859 164
1757681337514 14.616453256497845 165
1757681337611 14.414063510505464 166
1757681337706 14.214729152741173 167
1757681337805 14.018404054947192 168
1757681337899 13.825042785280289 169
1757681337994 13.634600597797782 170
1757681338089 13.447033422102264 171
1757681338183 13.26229785314264 172
1757681338280 13.080351141169153 173
1757681338377 12.901151181840106 174
1757681338473 12.724656506477872 175
1757681338570 12.550826272472063 176
1757681338666 12.379620253827571 177
1757681338765 12.210998831855322 178
1757681338857 12.044922986003543 179
1757681338948 11.881354284827477 180
1757681339036 11.720254877095446 181
1757681339132 11.56158748302914 182
1757681339227 11.405315385676204 183
1757681339325 11.251402422413053 184
1757681339421 11.099812976575969 185
1757681339519 10.950511969218557 186
1757681339614 10.803464850993633 187
1757681339709 10.65863759415769 188
1757681339809 10.515996684696065 189
1757681339918 10.37550911456696 190
1757681340020 10.237142374062621 191
1757681340114 10.100864444285817 192
1757681340209 9.966643789739884 193
1757681340305 9.834449351030665 194
1757681340401 9.704250537678629 195
1757681340498 9.576017221039475 196
1757681340594 9.449719727331683 197
1757681340688 9.325328830769246 198
1757681340783 9.202815746798164 199
1757681340880 9.082152125434986 200
1757681340971 8.963310044705946 201
1757681341061 8.846262004185165 202
1757681341156 8.73098091863037 203
1757681341253 8.617440111714735 204
1757681341353 8.505613309853361 205
1757681341448 8.395474636122895 206
1757681341546 8.286998604273023 207
1757681341642 8.180160112828327 208
1757681341738 8.074934439279218 209
1757681341832 7.971297234360529 210
1757681341929 7.869224516416546 211
1757681342025 7.768692665851042 212
1757681342122 7.669678419661175 213
1757681342217 7.57215886605385 214
1757681342312 7.476111439143381 215
1757681342408 7.381513913729209 216
1757681342506 7.288344400152454 217
1757681342604 7.196581339230134 218
1757681342700 7.106203497265858 219
1757681342798 7.01718996113581 220
1757681342890 6.9295201334489915 221
1757681342982 6.843173727780462 222
1757681343076 6.758130763976591 223
1757681343176 6.674371563531165 224
1757681343274 6.59187674503131 225
1757681343370 6.510627219672177 226
1757681343467 6.430604186839325 227
1757681343561 6.351789129757814 228
1757681343657 6.274163811206983 229
1757681343753 6.197710269299907 230
1757681343849 6.1224108133266 231
1757681343945 6.048248019659959 232
1757681344042 5.975204727723528 233
1757681344144 5.903264036020099 234
1757681344238 5.832409298220339 235
1757681344333 5.762624119310403 236
1757681344429 5.693892351797758 237
1757681344526 5.62619809197424 238
1757681344624 5.5595256762355785 239
1757681344721 5.493859677456456 240
1757681344819 5.429184901420299 241
1757681344918 5.365486383302968 242
1757681345008 5.302749384209558 243
1757681345100 5.240959387763451 244
1757681345198 5.180102096746872 245
1757681345295 5.120163429792178 246
1757681345392 5.061129518123109 247
1757681345488 5.002986702345189 248
1757681345585 4.945721529284646 249
1757681345683 4.889320748875008 250
1757681345780 4.833771311090716 251
1757681345877 4.779060362927055 252
1757681345974 4.725175245425645 253
1757681346074 4.6721034907448615 254
1757681346172 4.6198328192744755 255
1757681346267 4.568351136793859 256
1757681346365 4.517646531673095 257
1757681346459 4.467707272116335 258
1757681346553 4.418521803446794 259
1757681346652 4.370078745432703 260
1757681346748 4.322366889653669 261
1757681346844 4.27537519690676 262
1757681346943 4.229092794651792 263
1757681347035 4.183508974495138 264
1757681347126 4.138613189711563 265
1757681347226 4.0943950528034705 266
1757681347357 4.050844333096961 267
1757681347459 4.00795095437423 268
1757681347557 3.9657049925416734 269
1757681347658 3.924096673333232 270
1757681347755 3.8831163700483846 271
1757681347853 3.842754601324289 272
1757681347958 3.8030020289415867 273
1757681348054 3.7638494556633026 274
1757681348149 3.7252878231063877 275
1757681348248 3.687308209645393 276
1757681348352 3.6499018283477938 277
1757681348449 3.6130600249404714 278
1757681348546 3.576774275806925 279
1757681348642 3.5410361860146913 280
1757681348739 3.505837487372558 281
1757681348841 3.471170036517112 282
1757681348943 3.4370258130281632 283
1757681349039 3.403396917572622 284
1757681349131 3.370275570076426 285
1757681349227 3.337654107924021 286
1757681349322 3.305524984185065 287
1757681349424 3.2738807658678737 288
1757681349522 3.2427141321992625 289
1757681349620 3.212017872930334 290
1757681349753 3.1817848866678573 291
1757681349964 3.1520081792308394 292
1757681350157 3.1226808620318955 293
1757681350334 3.093796150483076 294
1757681350512 3.0653473624257397 295
1757681350690 3.0373279165841502 296
1757681350856 3.009731331042413 297
1757681350985 2.9825512217443895 298
1757681351117 2.955781301016291 299
1757681351248 2.92941537611155 300
1757681351373 2.903447347777684 301
1757681351500 2.8778712088447627 302
1757681351633 2.8526810428352185 303
1757681351765 2.8278710225946324 304
1757681351890 2.803435408943182 305
1757681352026 2.779368549347464 306
1757681352160 2.7556648766123666 307
1757681352287 2.7323189075926773 308
1757681352432 2.70932524192416 309
1757681352564 2.6866785607737804 310
1757681352698 2.6643736256087935 311
1757681352831 2.642405276984434 312
1757681352955 2.6207684333498875 313
1757681353082 2.599458089872302 314
1757681353212 2.5784693172785453 315
1757681353341 2.5577972607144597 316
1757681353470 2.5374371386213306 317
1757681353607 2.5173842416293177 318
1757681353741 2.497633931467596 319
1757681353878 2.4781816398909453 320
1757681354015 2.4590228676225543 321
1757681354144 2.440153183312776 322
1757681354276 2.421568222513606 323
1757681354415 2.4032636866686503 324
1757681354554 2.3852353421183397 325
1757681354687 2.367479019120142 326
1757681354826 2.3499906108836024 327
1757681354956 2.3327660726199264 328
1757681355090 2.315801420605918 329
1757681355216 2.2990927312620557 330
1757681355356 2.282636140244474 331
1757681355489 2.2664278415506685 332
1757681355639 2.2504640866386962 333
1757681355775 2.234741183559668 334
1757681355903 2.219255496103348 335
1757681356044 2.2040034429566453 336
1757681356184 2.188981496874814 337
1757681356320 2.1741861838651584 338
1757681356465 2.1596140823830803 339
1757681356587 2.1452618225402387 340
1757681356726 2.131126085324686 341
1757681356862 2.1172036018327614 342
1757681356996 2.1034911525125985 343
1757681357132 2.089985566419034 344
1757681357259 2.0766837204797794 345
1757681357405 2.0635825387726667 346
1757681357540 2.0506789918138106 347
1757681357687 2.0379700958565063 348
1757681357823 2.025452912200726 349
1757681357970 2.0131245465130254 350
1757681358106 2.0009821481567327 351
1757681358239 1.9890229095322425 352
1757681358376 1.977244065427265 353
1757681358512 1.9656428923768923 354
1757681358647 1.9542167080333288 355
1757681358782 1.9429628705451214 356
1757681358919 1.9318787779457802 357
1757681359185 1.9209618675516194 358
1757681359320 1.9102096153686865 359
1757681359427 1.8996195355086578 360
1757681359530 1.889189179613537 361
1757681359637 1.8789161362890503 362
1757681359738 1.8687980305465888 363
1757681359846 1.8588325232535874 364
1757681359959 1.8490173105921806 365
1757681360063 1.8393501235260552 366
1757681360168 1.8298287272753364 367
1757681360270 1.8204509207994066 368
1757681360376 1.8112145362875318 369
1757681360481 1.8021174386571785 370
1757681360584 1.793157525059906 371
1757681360689 1.7843327243947138 372
1757681360793 1.7756409968287452 373
1757681360897 1.7670803333252116 374
1757681361000 1.7586487551784618 375
1757681361106 1.7503443135560575 376
1757681361206 1.7421650890477711 377
1757681361306 1.7341091912213833 378
1757681361409 1.7261747581851958 379
1757681361514 1.7183599561571452 380
1757681361619 1.710662979040417 381
1757681361725 1.7030820480054725 382
1757681361827 1.6956154110783959 383
1757681361931 1.688261342735427 384
1757681362039 1.681018143503654 385
1757681362144 1.6738841395676967 386
1757681362247 1.6668576823823575 387
1757681362352 1.6599371482911014 388
1757681362454 1.6531209381503118 389
1757681362554 1.6464074769592025 390
1757681362658 1.639795213495324 391
1757681362760 1.6332826199555799 392
1757681362861 1.6268681916026548 393
1757681362964 1.6205504464167764 394
1757681363070 1.6143279247527507 395
1757681363171 1.6081991890021556 396
1757681363267 1.6021628232606502 397
1757681363370 1.5962174330002972 398
1757681363473 1.5903616447468376 399
1757681363576 1.5845941057618358 400
1757681363679 1.5789134837296233 401
1757681363783 1.5733184664489661 402
1757681363886 1.5678077615293964 403
1757681363990 1.5623800960921175 404
1757681364094 1.5570342164754298 405
1757681364197 1.5517688879446034 406
1757681364300 1.5465828944061368 407
1757681364403 1.5414750381263127 408
1757681364507 1.5364441394540223 409
1757681364607 1.5314890365477625 410
1757681364708 1.5266085851067615 411
1757681364810 1.5218016581061544 412
1757681364916 1.5170671455361666 413
1757681365019 1.5124039541452337 414
1757681365123 1.5078110071869881 415
1757681365227 1.5032872441710832 416
1757681365323 1.4988316206177663 417
1757681365447 1.494443107816161 418
1757681365550 1.4901206925862014 419
1757681365657 1.4858633770441523 420
1757681365762 1.4816701783716832 421
1757681365866 1.477540128588413 422
1757681365970 1.4734722743279036 423
1757681366073 1.469465676617018 424
1757681366178 1.465519410658632 425
1757681366282 1.4616325656176046 426
1757681366389 1.4578042444099906 427
1757681366492 1.4540335634954382 428
1757681366593 1.4503196526727131 429
1757681366699 1.4466616548783107 430
1757681366803 1.4430587259881178 431
1757681366907 1.4395100346220582 432
1757681367011 1.4360147619516894 433
1757681367111 1.4325721015107094 434
1757681367215 1.4291812590083213 435
1757681367325 1.4258414521454152 436
1757681367428 1.4225519104335211 437
1757681367535 1.4193118750165055 438
1757681367642 1.4161205984949512 439
1757681367746 1.4129773447531913 440
1757681367850 1.409881388788954 441
1757681367954 1.4068320165455828 442
1757681368058 1.4038285247467799 443
1757681368162 1.4008702207338593 444
1757681368267 1.397956422305444 445
1757681368374 1.39508645755959 446
1757681368477 1.3922596647382914 447
1757681368584 1.3894753920743328 448
1757681368688 1.3867329976404597 449
1757681368794 1.3840318492008152 450
1757681368899 1.3813713240646284 451
1757681369004 1.378750808942109 452
1757681369108 1.376169699802516 453
1757681369213 1.3736274017343717 454
1757681369313 1.3711233288077835 455
1757681369420 1.368656903938851 456
1757681369524 1.3662275587561052 457
1757681369628 1.3638347334689844 458
1757681369731 1.3614778767382776 459
1757681369841 1.359156445548536 460
1757681369956 1.3568699050824018 461
1757681370067 1.3546177285968444 462
1757681370155 1.3523993973012538 463
1757681370255 1.3502144002373853 464
1757681370361 1.3480622341611075 465
1757681370468 1.34594240342594 466
1757681370573 1.3438544198683506 467
1757681370677 1.341797802694785 468
1757681370800 1.3397720783703935 469
1757681370905 1.3377767805094471 470
1757681371009 1.335811449767406 471
1757681371113 1.3338756337346132 472
1757681371216 1.3319688868316002 473
1757681371317 1.330090770205963 474
1757681371418 1.3282408516308097 475
1757681371525 1.3264187054047252 476
1757681371629 1.3246239122532562 477
1757681371732 1.3228560592318837 478
1757681371837 1.3211147396304546 479
1757681371942 1.3193995528790614 480
1757681372049 1.3177101044553383 481
1757681372155 1.3160460057931611 482
1757681372259 1.3144068741927235 483
1757681372363 1.3127923327319722 484
1757681372468 1.3112020101793758 485
1757681372573 1.3096355409080134 486
1757681372677 1.3080925648109625 487
1757681372780 1.3065727272179581 488
1757681372884 1.3050756788133167 489
1757681372989 1.3036010755550955 490
1757681373093 1.302148578595469 491
1757681373198 1.3007178542023181 492
1757681373302 1.299308573681991 493
1757681373402 1.2979204133032398 494
1757681373506 1.296553054222297 495
1757681373610 1.2952061824090912 496
1757681373718 1.2938794885745728 497
1757681373824 1.2925726680991345 498
1757681373929 1.2912854209621163 499
