1757511828634 169.3366326255367 0
1757511828703 156.88295297663058 1
1757511828769 151.57726353045513 2
1757511828836 146.32831682301673 3
1757511828901 141.33754172225056 4
1757511828970 136.58525205455305 5
1757511829040 132.05929545690304 6
1757511829106 127.74798326903706 7
1757511829179 123.64026880299707 8
1757511829240 119.7257050478092 9
1757511829312 115.99441125553221 10
1757511829383 112.43704123371008 11
1757511829451 109.04475345094558 12
1757511829521 105.80918284498375 13
1757511829593 102.72241423558265 14
1757511829665 99.77695724989935 15
1757511829737 96.96572267345589 16
1757511829812 94.2820001447753 17
1757511829883 91.71943711650859 18
1757511829952 89.27201901033297 19
1757511830016 86.93405049710042 20
1757511830078 84.70013783767345 21
1757511830137 82.56517222361153 22
1757511830205 80.5243140603835 23
1757511830275 78.57297813908966 24
1757511830346 76.70681964579366 25
1757511830413 74.92172096050038 26
1757511830481 73.2137792005829 27
1757511830551 71.57929446606651 28
1757511830627 70.01475874663444 29
1757511830703 68.51684545253194 30
1757511830776 67.08239953372517 31
1757511830852 65.70842815372457 32
1757511830927 64.39209188641688 33
1757511831001 63.13069640607199 34
1757511831075 61.921684642408835 35
1757511831162 60.76262937422147 36
1757511831229 59.65122623659155 37
1757511831297 58.58528711814881 38
1757511831371 57.56273392619521 39
1757511831443 56.58159269878259 40
1757511831515 55.63998804403555 41
1757511831587 54.73613788814251 42
1757511831655 53.868348514505435 43
1757511831726 53.035009877542585 44
1757511831795 52.234591175586054 45
1757511831867 51.465636668208326 46
1757511831939 50.726761724152134 47
1757511832007 50.016649086830824 48
1757511832077 49.3340453451126 49
1757511832144 48.67775759780545 50
1757511832215 48.04665030092259 51
1757511832284 47.439642287432825 52
1757511832354 46.85570394978904 53
1757511832424 46.29385457608245 54
1757511832495 45.753159831193535 55
1757511832566 45.232729374802645 56
1757511832635 44.73171460858806 57
1757511832701 44.249306545376626 58
1757511832771 43.78473379342447 59
1757511832841 43.3372606493939 60
1757511832911 42.90618529395935 61
1757511832981 42.49083808431965 62
1757511833053 42.09057993822005 63
1757511833122 41.704800804393884 64
1757511833193 41.33291821462247 65
1757511833260 40.97437591288515 66
1757511833332 40.62864255732709 67
1757511833403 40.29521049101579 68
1757511833469 39.97359457768434 69
1757511833537 39.663331098875474 70
1757511833609 39.36397670910263 71
1757511833676 39.075107445835826 72
1757511833747 38.79631779130012 73
1757511833816 38.527219783244426 74
1757511833890 38.26744217199882 75
1757511833960 38.016629621289106 76
1757511834029 37.77444195042019 77
1757511834099 37.54055341557382 78
1757511834169 37.31465202809297 79
1757511834241 37.09643890774449 80
1757511834308 36.885627669064014 81
1757511834379 36.681943838993696 82
1757511834448 36.48512430412279 83
1757511834519 36.294916785936195 84
1757511834595 36.111079342564345 85
1757511834666 35.93337989561262 86
1757511834741 35.76159578072666 87
1757511834813 35.595513320625635 88
1757511834884 35.43492741940514 89
1757511834959 35.2796411769783 90
1757511835030 35.12946552258633 91
1757511835100 34.98421886636844 92
1757511835170 34.84372676803755 93
1757511835242 34.70782162176024 94
1757511835309 34.57634235638905 95
1757511835380 34.44913415024269 96
1757511835451 34.32604815967307 97
1757511835522 34.20694126070046 98
1757511835595 34.09167580303701 99
1757511835667 33.98011937585621 100
1757511835742 33.872144584701005 101
1757511835814 33.76762883895586 102
1757511835886 33.666454149340105 103
1757511835955 33.56850693490856 104
1757511836023 33.47367783907389 105
1757511836093 33.38186155419088 106
1757511836164 33.29295665426806 107
1757511836236 33.20686543539537 108
1757511836302 33.123493763498296 109
1757511836374 33.0427509290506 110
1757511836446 32.96454950839657 111
1757511836520 32.888805231353 112
1757511836591 32.81543685477832 113
1757511836663 32.74436604181315 114
1757511836736 32.67551724651204 115
1757511836811 32.60881760360106 116
1757511836885 32.54419682311005 117
1757511836957 32.48158708964116 118
1757511837028 32.420922966048465 119
1757511837152 32.36214130131456 120
1757511837234 32.30518114242166 121
1757511837301 32.24998365002524 122
1757511837373 32.19649201774796 123
1757511837444 32.1446513949213 124
1757511837513 32.0944088126114 125
1757511837585 32.04571311277344 126
1757511837658 31.99851488038751 127
1757511837732 31.952766378436166 128
1757511837808 31.908421485591017 129
1757511837877 31.86543563648241 130
1757511837953 31.82376576443279 131
1757511838021 31.783370246540187 132
1757511838095 31.744208851004288 133
1757511838167 31.706242686592404 134
1757511838240 31.669434154148586 135
1757511838315 31.633746900053108 136
1757511838387 31.59914577154479 137
1757511838461 31.56559677382267 138
1757511838536 31.53306702884771 139
1757511838607 31.501524735769163 140
1757511838680 31.470939132903798 141
1757511838755 31.44128046119986 142
1757511838830 31.41251992912081 143
1757511838900 31.384629678887055 144
1757511838972 31.357582754017017 145
1757511839045 31.331353068111355 146
1757511839115 31.30591537482728 147
1757511839190 31.281245238992007 148
1757511839265 31.2573190088072 149
1757511839337 31.234113789098217 150
1757511839408 31.211607415564256 151
1757511839479 31.189778429987676 152
1757511839552 31.168606056362453 153
1757511839625 31.14807017790381 154
1757511839697 31.128151314902826 155
1757511839773 31.108830603391173 156
1757511839847 31.090089774583216 157
1757511839923 31.071911135063772 158
1757511839997 31.054277547691456 159
1757511840070 31.03717241318901 160
1757511840143 31.02057965239297 161
1757511840206 31.004483689136624 162
1757511840273 30.988869433741066 163
1757511840347 30.973722267090505 164
1757511840422 30.959028025268992 165
1757511840497 30.944772984736453 166
1757511840571 30.930943848023322 167
1757511840645 30.917527729923723 168
1757511840716 30.90451214416788 169
1757511840793 30.891884990555692 170
1757511840867 30.879634542533655 171
1757511840954 30.86774943519852 172
1757511841030 30.856218653711522 173
1757511841105 30.84503152210781 174
1757511841179 30.83417769248624 175
1757511841251 30.823647134565462 176
1757511841319 30.81343012559269 177
1757511841395 30.803517240592264 178
1757511841468 30.793899342941284 179
1757511841542 30.784567575260702 180
1757511841616 30.775513350610105 181
1757511841691 30.76672834397537 182
1757511841765 30.758204484038583 183
1757511841842 30.749933945220015 184
1757511841914 30.741909139982486 185
1757511841988 30.734122711388792 186
1757511842062 30.726567525903185 187
1757511842136 30.719236666428237 188
1757511842210 30.712123425568894 189
1757511842286 30.705221299115657 190
1757511842360 30.69852397973932 191
1757511842439 30.692025350889875 192
1757511842513 30.685719480892413 193
1757511842589 30.679600617233415 194
1757511842664 30.673663181030655 195
1757511842740 30.667901761680557 196
1757511842815 30.66231111167698 197
1757511842888 30.656886141595336 198
1757511842961 30.6516219152368 199
1757511843036 30.646513644926863 200
1757511843110 30.641556686963238 201
1757511843185 30.63674653720795 202
1757511843256 30.63207882681889 203
1757511843326 30.627549318116124 204
1757511843400 30.62315390057842 205
1757511843475 30.61888858696577 206
1757511843551 30.61474950956366 207
1757511843627 30.610732916545082 208
1757511843703 30.60683516844638 209
1757511843778 30.60305273475327 210
1757511843851 30.59938219059339 211
1757511843928 30.59582021353181 212
1757511844004 30.59236358046626 213
1757511844077 30.58900916461888 214
1757511844149 30.585753932621124 215
1757511844223 30.58259494168908 216
1757511844300 30.579529336886083 217
1757511844372 30.576554348470005 218
1757511844445 30.57366728932225 219
1757511844519 30.570865552456073 220
1757511844596 30.56814660860155 221
1757511844670 30.56550800386481 222
1757511844747 30.562947357459116 223
1757511844822 30.560462359505532 224
1757511844898 30.55805076890101 225
1757511844974 30.555710411251738 226
1757511845048 30.553439176869563 227
1757511845123 30.551235018829754 228
1757511845202 30.549095951087928 229
1757511845278 30.547020046654406 230
1757511845350 30.545005435824223 231
1757511845427 30.54305030446091 232
1757511845504 30.541152892332466 233
1757511845576 30.539311491497948 234
1757511845655 30.53752444474298 235
1757511845730 30.535790144062634 236
1757511845806 30.534107029190423 237
1757511845881 30.53247358617173 238
1757511845954 30.530888345980422 239
1757511846028 30.529349883177336 240
1757511846105 30.527856814609176 241
1757511846180 30.526407798146852 242
1757511846261 30.52500153146171 243
1757511846338 30.523636750838875 244
1757511846411 30.52231223002608 245
1757511846484 30.52102677911741 246
1757511846560 30.51977924347053 247
1757511846638 30.518568502656418 248
1757511846713 30.517393469440826 249
1757511846792 30.516253088796173 250
1757511846875 30.515146336943275 251
1757511846953 30.51407222042167 252
1757511847029 30.513029775187977 253
1757511847104 30.51201806574121 254
1757511847179 30.51103618427427 255
1757511847256 30.510083249850982 256
1757511847330 30.509158407607618 257
1757511847401 30.50826082797847 258
1757511847478 30.507389705944437 259
1757511847551 30.50654426030419 260
1757511847625 30.50572373296711 261
1757511847701 30.504927388267273 262
1757511847777 30.504154512298054 263
1757511847858 30.503404412266455 264
1757511847931 30.502676415866837 265
1757511848007 30.501969870673225 266
1757511848083 30.50128414354984 267
1757511848163 30.500618620079088 268
1757511848242 30.499972704006705 269
1757511848319 30.49934581670341 270
1757511848403 30.498737396642507 271
1757511848479 30.4981468988932 272
1757511848554 30.497573794628867 273
1757511848631 30.497017570649998 274
1757511848706 30.496477728921324 275
1757511848783 30.495953786122804 276
1757511848865 30.495445273213797 277
1757511848944 30.494951735010353 278
1757511849024 30.49447272977496 279
1757511849099 30.49400782881853 280
1757511849175 30.493556616114226 281
1757511849249 30.493118687922728 282
1757511849332 30.49269365242861 283
1757511849404 30.492281129387585 284
1757511849479 30.49188074978415 285
1757511849558 30.491492155499405 286
1757511849635 30.49111499898878 287
1757511849713 30.490748942969283 288
1757511849788 30.49039366011602 289
1757511849866 30.4900488327677 290
1757511849942 30.489714152640957 291
1757511850018 30.489389320553023 292
1757511850097 30.489074046152712 293
1757511850173 30.4887680476594 294
1757511850249 30.488471051609558 295
