1757588987389 196.36068946068744 0
1757588987451 10551261862.44497 1
1757588987510 2582079065468643.0 2
1757588987578 6.331962834038576e+20 3
1757588987648 1.5527668964409435e+26 4
1757588987719 3.8078003661821232e+31 5
1757588987794 9.337746484613417e+36 6
1757588987864 2.289865566096745e+42 7
1757588987932 5.6153637490969646e+47 8
1757588988004 1.377037608737081e+53 9
1757588988073 3.3768650805235375e+58 10
1757588988138 8.280977730533786e+63 11
1757588988207 2.0307175601746257e+69 12
1757588988276 4.97986342119504e+74 13
1757588988341 1.2211959053342546e+80 14
1757588988409 2.9946994788207966e+85 15
1757588988544 7.343805305337041e+90 16
1757588988607 1.8008977776939614e+96 17
1757588988666 4.416283753255378e+101 18
1757588988726 1.0829910742763796e+107 19
1757588988789 2.6557842124563266e+112 20
1757588988860 6.51269428775766e+117 21
1757588988929 1.5970870934036173e+123 22
1757588988999 3.916485361075734e+128 23
1757588989069 9.604271205292334e+133 24
1757588989137 2.3552245669436844e+139 25
1757588989210 5.775641526739074e+144 26
1757588989275 1.4163420131389186e+150 27
1757588989345 3.4732500084973343e+155 28
1757588989414 8.517339392334678e+160 29
1757588989482 2.088679771013726e+166 30
1757588989551 5.122002288376725e+171 31
1757588989620 1.2560521630083839e+177 32
1757588989690 3.080176359503421e+182 33
1757588989760 7.553417513266457e+187 34
1757588989830 1.8523003059123094e+193 35
1757588989898 4.5423365215238827e+198 36
1757588989966 1.1139025896023661e+204 37
1757588990037 2.731587528232251e+209 38
1757588990109 6.698584323300253e+214 39
1757588990180 1.6426723095123464e+220 40
1757588990246 4.028272521781442e+225 41
1757588990315 9.878403267512723e+230 42
1757588990386 2.422449091712669e+236 43
1757588990455 5.940494068751635e+241 44
1757588990517 1.456768272307557e+247 45
1757588990589 3.5723860248680067e+252 46
1757588990656 8.760447459812491e+257 47
1757588990727 2.1482963812392253e+263 48
1757588990795 5.268198186014065e+268 49
1757588990864 1.2919033132249729e+274 50
1757588990930 3.168092983199712e+279 51
1757588990993 7.76901262459373e+284 52
1757588991057 1.905170002306461e+290 53
1757588991125 4.6719871791664215e+295 54
1757588991192 1.145696403778686e+301 55
1757588991258 inf 56
