1757662934740 0.11640224781442708 0
1757662934875 1.4021836982516003 1
1757662935002 3.046819832454 2
1757662935142 7.068341865219411 3
1757662935267 0.020971015779674813 4
1757662935402 3.7426955271067475 5
1757662935528 0.7087007732809963 6
1757662935665 0.2631820369055219 7
1757662935797 3.4435106802734627 8
1757662935929 2.2488190913250032 9
1757662936060 1.0929072527401897 10
1757662936203 0.8061329815483773 11
1757662936344 10.39883081369854 12
1757662936496 1.6643439946247236 13
1757662936645 0.01764460349718232 14
1757662936773 0.6068548324878054 15
1757662936913 0.30135937050049716 16
1757662937040 0.551799687863322 17
1757662937179 0.7398513603739569 18
1757662937307 5.841678935407818 19
1757662937444 0.23967295900984603 20
1757662937572 1.9831836183515439 21
1757662937704 8.058472933098148 22
1757662937830 0.24228730043835467 23
1757662937958 0.001253750041253347 24
1757662938086 3.4964198968526983 25
1757662938217 0.037210470715936424 26
1757662938345 6.856392933928705 27
1757662938474 0.1756970739734574 28
1757662938607 0.04448604637017419 29
1757662938732 1.7222300365832486 30
1757662938860 0.7358048257442201 31
1757662938984 0.0002399555461493974 32
1757662939111 2.0531588239643273e-09 33
1757662939234 0.05166532572665351 34
1757662939360 2.6347898507460883 35
1757662939502 0.020713589716633327 36
1757662939638 0.17472126296080465 37
1757662939761 7.587603633818933 38
1757662939894 0.05383018675190672 39
1757662940015 2.839259307454899 40
1757662940146 0.017784271038250473 41
1757662940268 0.5151015842711072 42
1757662940395 0.06518406960241997 43
1757662940517 0.9523349376972614 44
1757662940651 0.587363762358661 45
1757662940774 4.786361964005178 46
1757662940906 0.7480161447107485 47
1757662941027 0.6454509470845606 48
1757662941157 0.5344613365319671 49
1757662941283 0.1483718749261039 50
1757662941445 6.811474352212788 51
1757662941581 0.08583372342284813 52
1757662941717 6.642336802814384 53
1757662941848 1.7807063435449428 54
1757662941981 1.0753980203230422 55
1757662942110 5.621475542267125 56
1757662942241 0.05103672429027871 57
1757662942373 0.0044950731608194875 58
1757662942501 0.10667324932019133 59
1757662942637 0.35844528744667115 60
1757662942765 0.7026230258670205 61
1757662942900 0.0030931501131635534 62
1757662943025 0.5069684653596017 63
1757662943159 0.08471680687254528 64
1757662943289 0.556684147365896 65
1757662943429 0.7520703146771487 66
1757662943557 0.38633480902212075 67
1757662943717 2.0690276385585347 68
1757662943850 1.1087533464028834 69
1757662943987 2.308625772188165 70
1757662944125 0.06084464323534074 71
1757662944260 0.107716182695556 72
1757662944396 0.05648391128266809 73
1757662944526 0.04757612822760555 74
1757662944664 0.5317071104607435 75
1757662944795 0.050359422915333914 76
1757662944934 7.747626309596661 77
1757662945065 0.8511728912385498 78
1757662945224 0.9087569931345068 79
1757662945356 0.5123992611691104 80
1757662945494 0.00626999220482227 81
1757662945629 0.7942646746360053 82
1757662945762 3.8374196123516793 83
1757662945898 0.05735467510524632 84
1757662946027 0.34789015154530223 85
1757662946161 0.1743122178631257 86
1757662946306 1.736922003877136 87
1757662946457 2.375843433257484 88
1757662946584 0.3487660318220334 89
1757662946725 2.463184323879094 90
1757662946854 1.0586887711054722 91
1757662946995 3.794812170686459 92
1757662947126 2.0711635058077578 93
1757662947259 0.05310258895088908 94
1757662947391 0.1908410129362118 95
1757662947520 1.3497806500728202 96
1757662947651 0.0660215241056408 97
1757662947782 4.113553227625776 98
1757662947914 0.2488590377319573 99
1757662948042 2.445462320251537 100
1757662948173 0.2757628180987363 101
1757662948300 1.6420881950595023 102
1757662948441 0.03598893266585526 103
1757662948565 11.319367535852075 104
1757662948699 0.1053416507362407 105
1757662948823 3.6041114676006996 106
1757662948953 0.22253534296836255 107
1757662949076 0.22151249083338478 108
1757662949209 0.33379759632754735 109
1757662949332 0.08536996339498029 110
1757662949467 1.1716857867203387 111
1757662949588 0.43430851779657353 112
1757662949719 31.183798174740115 113
1757662949839 3.5160218496375806 114
1757662949969 1.274435737765368 115
1757662950090 2.286435799834152 116
1757662950221 0.07161712211291127 117
1757662950341 0.5539989959039076 118
1757662950472 3.0107582479839325 119
1757662950595 0.9046425218104637 120
1757662950729 5.6676907474495986 121
1757662950849 1.2876312786216073 122
1757662950982 1.2256507156129821 123
1757662951102 0.07386141144929124 124
1757662951236 5.018307490056382 125
1757662951357 0.1266926832618619 126
1757662951497 0.02706454180642964 127
1757662951624 0.001950012263874169 128
1757662951763 6.643433859395198 129
1757662951894 1.452634571614531 130
1757662952027 6.7570890083102135 131
1757662952157 0.11646744172390293 132
1757662952287 0.518542804863964 133
1757662952418 0.6343280020788659 134
1757662952548 0.021497034591227142 135
1757662952680 5.935075275574105 136
1757662952809 1.2572507511456117 137
1757662952940 5.048681930304331 138
1757662953069 0.01815101421690461 139
1757662953206 1.5249302671485478 140
1757662953335 0.5789232431198723 141
1757662953469 0.7763522133153441 142
1757662953598 0.007948098236993639 143
1757662953761 7.255060620469206 144
1757662953894 2.6296480394207244 145
1757662954033 0.8587917430278843 146
1757662954167 3.026491972905298 147
1757662954303 1.5490984969676558 148
1757662954433 2.7945766810416797 149
1757662954565 0.0005958757746185521 150
1757662954701 0.4478115422827132 151
1757662954832 0.7259229842954581 152
1757662954968 0.17239725239546533 153
1757662955096 1.2203304441607037 154
1757662955236 7.806962462520657 155
1757662955371 0.1588421059857112 156
1757662955508 0.8071160518620467 157
1757662955640 0.01726730241918779 158
1757662955782 0.011309013684914724 159
1757662955918 0.0009874915805478768 160
1757662956053 0.37687477153406046 161
1757662956191 0.1363286197979317 162
1757662956331 1.5637211642074702 163
1757662956473 5.988139085876687e-05 164
1757662956600 1.6941480669755518 165
1757662956737 3.386319833446503 166
1757662956866 1.0424621602538966 167
1757662957000 0.17757243133101663 168
1757662957129 0.6696809555823177 169
1757662957267 4.18530064071942 170
1757662957397 0.6778554933320774 171
1757662957535 1.3607946058346807 172
1757662957667 10.73834345128134 173
1757662957828 2.1194040800500176 174
1757662957962 0.026442717509425052 175
1757662958092 1.1602497434605579 176
1757662958228 0.06624575110273073 177
1757662958355 1.9159828422273286 178
1757662958488 8.628048024064084 179
1757662958617 2.0939765595164217 180
1757662958755 2.5951797161520562 181
1757662958883 0.0938984210837688 182
1757662959020 0.8675472929938367 183
1757662959144 0.32491275866769403 184
1757662959282 0.05067265467161146 185
1757662959404 0.8433102774153409 186
1757662959542 0.1804799835663514 187
1757662959664 0.3172859639705119 188
1757662959799 5.8818877814811574e-05 189
1757662959924 0.048086712049301046 190
1757662960055 2.6569275213629635 191
1757662960180 1.604219036446458 192
1757662960311 1.3428482620535211 193
1757662960435 3.3580901539861117 194
1757662960567 0.012588800061801004 195
1757662960689 1.088244666243974 196
1757662960820 0.1608517144128164 197
1757662960947 0.23365467971390716 198
1757662961075 1.2754864147871072 199
1757662961201 3.01099447336074 200
1757662961340 1.6466025826356822e-05 201
1757662961479 2.7093524268482096 202
1757662961612 0.05118556959285724 203
1757662961747 0.44802251584745567 204
1757662961878 2.455293042355541 205
1757662962013 0.3587893084142231 206
1757662962143 0.0944009729021639 207
1757662962283 0.12378897197455997 208
1757662962413 3.188989523101168 209
1757662962555 0.026754938032972853 210
1757662962680 3.1985010960075524 211
1757662962824 0.019430993954573008 212
1757662962956 0.4690575474566864 213
1757662963091 0.13429180543511654 214
1757662963224 0.16171702586971984 215
1757662963359 0.5809202452266817 216
1757662963493 0.11273003759522567 217
1757662963626 0.885944531815632 218
1757662963776 3.2016055468597937 219
1757662963908 0.004243602100938778 220
1757662964049 1.2979173496875145 221
1757662964179 0.8248495749698257 222
1757662964321 0.020155361193042683 223
1757662964453 0.00285914264130219 224
1757662964593 0.04842539460194212 225
1757662964726 1.237569277727129 226
1757662964864 0.005167867948393485 227
1757662965000 1.6724010151494806 228
1757662965134 0.25583133035108874 229
1757662965272 0.36500974949258236 230
1757662965402 0.2866893025622273 231
1757662965539 0.8060380555021467 232
1757662965668 0.3115959417405135 233
1757662965809 1.0606406802384938 234
1757662965940 0.024770554148092625 235
1757662966083 7.014602739764419 236
1757662966218 0.042943149314309335 237
1757662966366 4.614704698562056 238
1757662966508 5.862899354552826 239
1757662966637 2.619803318678744 240
1757662966774 1.5832061395977337 241
1757662966903 0.4558182801767178 242
1757662967041 0.45727582778075937 243
1757662967170 0.018035552775546568 244
1757662967312 2.198500843500838 245
1757662967442 0.48750123524811423 246
1757662967583 0.000590643722949699 247
1757662967714 0.16261043013930032 248
1757662967855 8.980267392210475 249
1757662967987 2.040247760055166 250
1757662968125 3.1508759450770567 251
1757662968256 0.1720501167505795 252
1757662968387 2.240700034577323 253
1757662968519 1.221230545201579 254
1757662968647 0.23838775688819971 255
1757662968777 0.027021239696346375 256
1757662968906 0.7536486781786501 257
1757662969036 0.12908499500245352 258
1757662969166 0.03704385768269275 259
1757662969297 2.1462188978868695 260
1757662969425 3.325144430627596 261
1757662969560 0.06959916259912251 262
1757662969686 2.7469895137868936 263
1757662969820 0.09880484430893455 264
1757662969948 0.25137927476390776 265
1757662970084 1.9635548142430173 266
1757662970212 1.2729910130891506 267
1757662970348 0.1656122221224059 268
1757662970474 0.013030724555421525 269
1757662970610 0.9073910323393742 270
1757662970738 0.512816606353537 271
1757662970871 1.301928653041996 272
1757662970998 1.372981752065624 273
1757662971130 2.686858474079821 274
1757662971258 0.4429841369742746 275
1757662971390 4.619833591162866 276
1757662971538 0.0004541655783090682 277
1757662971672 0.590662755632514 278
1757662971809 0.5123597550182124 279
1757662971943 1.2544952162941245 280
1757662972085 9.922655408411488 281
1757662972215 0.014803307731530605 282
1757662972358 1.4634252614931735 283
1757662972490 2.2610781172500105 284
1757662972630 26.30281335677338 285
1757662972763 1.2882710326489788 286
1757662972900 1.5771692815382172 287
1757662973037 1.9693814975749688 288
1757662973171 1.7510025699029708 289
1757662973308 1.8009321225841322 290
1757662973442 1.0158114669551024 291
1757662973580 1.1281092053417658 292
1757662973726 0.0010109054103285538 293
1757662973869 5.692891430507267 294
1757662974007 0.02878470486277307 295
1757662974147 0.8784282026742621 296
1757662974283 9.93138997032895 297
1757662974419 2.622157038294145 298
1757662974560 7.444607976096704 299
1757662974698 1.3786339710886355 300
1757662974839 0.10401094914226565 301
1757662974977 0.026045008590388635 302
1757662975123 0.6084828743911211 303
1757662975262 1.4284940430888724 304
1757662975402 0.01475642874737147 305
1757662975538 4.857853422897132 306
1757662975674 2.829402358861564 307
1757662975810 0.22681881137050985 308
1757662975945 7.504121219859709e-05 309
1757662976083 0.0009345640666176179 310
1757662976217 9.169272033773991 311
1757662976367 0.16122518634336777 312
1757662976508 0.18683505672359654 313
1757662976648 1.188951637117395 314
1757662976785 1.1967065815337206 315
1757662976923 1.6655614744539737 316
1757662977059 2.827033778738648 317
1757662977192 1.7345015445009977 318
1757662977329 2.393327267271347 319
1757662977462 0.05675574154683333 320
1757662977602 5.1974958003180465 321
1757662977734 0.5236752606301944 322
1757662977878 0.602470187728758 323
1757662978008 0.9883310303116402 324
1757662978151 0.8071947562611147 325
1757662978283 0.3738577315352266 326
1757662978417 0.29073693213726215 327
1757662978548 9.952128949100455 328
1757662978681 0.0011348165529199811 329
1757662978813 0.0033825495453335837 330
1757662978942 3.510874334198698 331
1757662979071 3.260290134945132 332
1757662979203 0.0024719180771848462 333
1757662979344 0.06561390015489581 334
1757662979477 0.15011964456359356 335
1757662979617 3.119109770279084 336
1757662979747 2.0110219772846682 337
1757662979885 3.287950743357049 338
1757662980014 0.24096546462156032 339
1757662980152 8.056798020886362 340
1757662980282 2.2051408486699366 341
1757662980422 1.3393742851794963 342
1757662980555 0.07550167255639828 343
1757662980688 4.388483896246644 344
1757662980819 1.1301428743748254 345
1757662980953 3.870553491944191 346
1757662981085 0.22049323867625933 347
1757662981216 6.325494918638161 348
1757662981348 1.6334379504743604 349
1757662981478 3.368310240988465 350
1757662981627 0.2707155183167916 351
1757662981761 1.1974291666908012 352
1757662981905 0.7924005543904663 353
1757662982042 0.6266644687471428 354
1757662982182 2.5715415647726796 355
1757662982319 0.07987720495012324 356
1757662982458 0.6322646536158909 357
1757662982593 0.023398895347825927 358
1757662982728 4.031019103751237 359
1757662982867 0.026803531854810395 360
1757662983003 0.3474839117387303 361
1757662983150 0.21401467940983282 362
1757662983289 0.24352987806864404 363
1757662983436 0.18190628451228538 364
1757662983575 4.1024945677195355 365
1757662983725 4.5205484705657435 366
1757662983868 0.00013303273223573702 367
1757662984005 1.2236795934121252 368
1757662984152 0.5037860247493574 369
1757662984296 0.01677222898598945 370
1757662984446 0.4825038071186862 371
1757662984590 0.3976964531563607 372
1757662984801 2.2048496528078982 373
1757662984954 2.703225793614094 374
1757662985097 1.2338170994236477 375
1757662985235 2.2040012149951544 376
1757662985376 0.25703237566066706 377
1757662985512 0.2429912092855384 378
1757662985659 0.5722965137981916 379
1757662985795 0.8106576385179599 380
1757662985943 0.18981768603806984 381
1757662986084 0.6355757937227804 382
1757662986228 0.5764502061871708 383
1757662986374 0.8704970788681463 384
1757662986513 0.836088299940555 385
1757662986665 0.8682592441414552 386
1757662986803 0.13356009285456466 387
1757662986949 4.022452424620302 388
1757662987087 3.5023356794272402 389
1757662987228 0.19329486448815722 390
1757662987368 3.84004813648332 391
1757662987504 0.027323957570392986 392
1757662987644 1.2894821497030127 393
1757662987799 1.9857559085576078 394
1757662987946 0.501346145890576 395
1757662988087 0.0770304215761869 396
1757662988229 0.0009213461092905212 397
1757662988366 23.003106516175738 398
1757662988503 2.2098639563711964 399
1757662988641 0.03670586982224553 400
1757662988774 0.29829615645662383 401
1757662988912 1.7459244766598574 402
1757662989044 5.030533398955923 403
1757662989186 0.5988847831030819 404
1757662989318 0.2872482385054677 405
1757662989461 0.058280182282876 406
1757662989592 1.3334452439640063 407
1757662989730 1.4237787014785446 408
1757662989860 0.05567830509323635 409
1757662989997 0.9997782753781985 410
1757662990132 1.5836287651138654 411
1757662990262 4.46367691934588 412
1757662990411 0.9277694971045163 413
1757662990546 0.5916582007576436 414
1757662990690 2.895416833427544 415
1757662990822 0.2995097332537266 416
1757662990965 0.21556661608894614 417
1757662991101 2.2304570591729966 418
1757662991238 4.386390747444786 419
1757662991375 3.5380363329402953 420
1757662991512 0.004037030897960731 421
1757662991662 0.2797564164150004 422
1757662991798 0.16145133790802707 423
1757662991942 4.061796169195845 424
1757662992077 1.3749446710737538 425
1757662992223 2.2517690397203864 426
1757662992363 2.5337619840380006 427
1757662992508 1.107034977537417 428
1757662992649 5.499376793874297 429
1757662992787 1.6996461653439559 430
1757662992929 0.5879581958762686 431
1757662993068 2.3249238139629935 432
1757662993217 0.007889645330204762 433
1757662993352 4.115818233116464 434
1757662993501 0.35056684602169225 435
1757662993651 1.9283767477284963 436
1757662993816 0.24898742931569112 437
1757662993968 0.3567785347823534 438
1757662994107 0.550253965278719 439
1757662994255 4.0516034338508735 440
1757662994398 0.14910465193081723 441
1757662994536 6.1225069919237916 442
1757662994681 10.323941005792795 443
1757662994822 0.3552943400105239 444
1757662994969 0.002596163028231195 445
1757662995106 0.014094978543567394 446
1757662995255 0.010668885945690269 447
1757662995404 0.22224699336486534 448
1757662995547 1.2046873754274217 449
1757662995693 0.017867568550163658 450
1757662995833 5.199543200008606 451
1757662995982 2.1065730124736484 452
1757662996128 0.24516143145973904 453
1757662996296 0.057148883941683146 454
1757662996444 0.5566066732695537 455
1757662996600 4.196020154228347 456
1757662996755 2.1949827142847576 457
1757662996903 0.3513382648593909 458
1757662997050 3.654842846843815 459
1757662997199 0.23640664817751042 460
1757662997342 1.0516336780155517 461
1757662997497 2.733415357625317 462
1757662997638 1.6928089087691909 463
1757662997784 1.1253907754747245 464
1757662997928 1.6334562013196297 465
1757662998068 2.621267724121769 466
1757662998215 0.291740715587155 467
1757662998352 3.919566576897268 468
1757662998501 0.35943918059927554 469
1757662998640 0.05728899983973553 470
1757662998782 0.021186562819921352 471
1757662998922 7.488765761942095 472
1757662999061 0.8890661732244713 473
1757662999203 0.03488753626689425 474
1757662999339 0.1760134074011503 475
1757662999482 0.0012619977072580496 476
1757662999615 2.7248561280365933 477
1757662999758 0.2911808922005456 478
1757662999890 0.6042243415320215 479
1757663000032 0.06636564737824312 480
1757663000168 3.52376182750944 481
1757663000306 1.285848148726113 482
1757663000462 0.029937116271586385 483
1757663000594 6.730647999044831 484
1757663000731 0.04786848969447812 485
1757663000861 0.32529318021329995 486
1757663001005 2.341568286611512 487
1757663001135 0.0026163368610495202 488
1757663001275 1.289061086832481 489
1757663001413 0.01889888785621039 490
1757663001565 0.029772414113831663 491
1757663001704 0.5152708605243641 492
1757663001843 0.06255180057092137 493
1757663001985 1.770041007404928 494
1757663002123 0.15170710228842446 495
1757663002272 0.5900540926634229 496
1757663002415 2.337703448206348 497
1757663002560 1.046035395584754 498
1757663002701 2.7822143810198594 499
