1757588232297 2024.4100489617774 0
1757588232364 2365616245203.0244 1
1757588232425 5.810313670437088e+19 2
1757588232489 1.427429565880746e+27 3
1757588232554 3.5067902248861984e+34 4
1757588232620 8.61519053221965e+41 5
1757588232689 2.1165083494224627e+49 6
1757588232754 5.199661663223631e+56 7
1757588232817 1.2774096270102166e+64 8
1757588232882 3.1382337176275686e+71 9
1757588232947 7.709751561450965e+78 10
1757588233011 1.89406763446005e+86 11
1757588233075 4.653187817162185e+93 12
1757588233141 1.143156478039864e+101 13
1757588233204 2.8084117483172805e+108 14
1757588233267 6.899472381602926e+115 15
1757588233328 1.6950049853987393e+123 16
1757588233391 4.1641472588358686e+130 17
1757588233450 1.0230130614743527e+138 18
1757588233513 2.513253395941881e+145 19
1757588233572 6.174351892545844e+152 20
1757588233633 1.5168634151470935e+160 21
1757588233698 3.726503866728921e+167 22
1757588233766 9.154964731876683e+174 23
1757588233831 2.249115584991352e+182 24
1757588233898 5.525440089395104e+189 25
1757588233965 1.357444160950579e+197 26
1757588234036 3.3348559033974635e+204 27
1757588234103 8.192796592558924e+211 28
1757588234170 2.0127381197689203e+219 29
1757588234240 4.944727594543654e+226 30
1757588234303 1.2147795455401153e+234 31
1757588234367 2.9843693429968113e+241 32
1757588234434 7.331750364185822e+248 33
1757588234499 1.801203444502618e+256 34
1757588234566 4.425046799651075e+263 35
1757588234629 1.0871086905182603e+271 36
1757588234694 2.6707182059487197e+278 37
1757588234758 6.561198339961406e+285 38
1757588234828 1.611900632587319e+293 39
1757588234907 3.959983397408841e+300 40
1757588234975 inf 41
