1757668590873 169.17582318790858 0
1757668590963 169.0247252497002 1
1757668591049 168.89911628191442 2
1757668591133 168.77288265267967 3
1757668591218 168.64674781195967 4
1757668591307 168.52071138988117 5
1757668591400 168.39477330848104 6
1757668591483 168.2689334897407 7
1757668591574 168.1431918557041 8
1757668591666 168.01754832847755 9
1757668591765 167.89200283022976 10
1757668591857 167.76655528319156 11
1757668591957 167.64120560965625 12
1757668592058 167.51595373197912 13
1757668592156 167.3907995725776 14
1757668592257 167.26574305393137 15
1757668592353 167.140784098582 16
1757668592448 167.01592262913306 17
1757668592544 166.8911585682501 18
1757668592641 166.76649183866047 19
1757668592723 166.64192236315347 20
1757668592807 166.51745006458015 21
1757668592902 166.3930748658532 22
1757668592987 166.2687966899471 23
1757668593076 166.14461545989795 24
1757668593171 166.02053109880342 25
1757668593266 165.89654352982268 26
1757668593364 165.77265267617648 27
1757668593458 165.6488584611469 28
1757668593555 165.52516080807752 29
1757668593656 165.40155964037314 30
1757668593757 165.27805488149994 31
1757668593854 165.1546464549853 32
1757668593951 165.03133428441782 33
1757668594050 164.90811829344727 34
1757668594141 164.78499840578436 35
1757668594234 164.66197454520102 36
1757668594325 164.53904663553013 37
1757668594419 164.41621460066543 38
1757668594515 164.29347836456168 39
1757668594610 164.1708378512344 40
1757668594721 164.04829298475994 41
1757668594825 163.9258436892754 42
1757668594913 163.8034898889786 43
1757668595000 163.68123150812795 44
1757668595079 163.55906847104256 45
1757668595167 163.43700070210198 46
1757668595270 163.31502812574638 47
1757668595383 163.19315066647633 48
1757668595482 163.0713682488528 49
1757668595583 162.94968079749714 50
1757668595690 162.82808823709095 51
1757668595788 162.7065904923763 52
1757668595888 162.5851874881552 53
1757668595991 162.46387914929002 54
1757668596087 162.34266540070314 55
1757668596189 162.2215461673771 56
1757668596293 162.1005213743544 57
1757668596396 161.9795909467375 58
1757668596497 161.85875480968883 59
1757668596594 161.73801288843066 60
1757668596691 161.61736510824517 61
1757668596793 161.49681139447426 62
1757668596894 161.37635167251952 63
1757668596990 161.25598586784227 64
1757668597078 161.1357139059635 65
1757668597178 161.0155357124638 66
1757668597276 160.89545121298315 67
1757668597380 160.77546033322122 68
1757668597483 160.655562998937 69
1757668597581 160.53575913594892 70
1757668597690 160.41604867013476 71
1757668597804 160.29643152743162 72
1757668597923 160.1769076338358 73
1757668598032 160.05747691540287 74
1757668598135 159.93813929824753 75
1757668598245 159.81889470854355 76
1757668598350 159.69974307252383 77
1757668598458 159.5806843164803 78
1757668598560 159.4617183667638 79
1757668598667 159.3428451497841 80
1757668598767 159.22406459200985 81
1757668598872 159.10537661996858 82
1757668598977 158.98678116024652 83
1757668599075 158.86827813948872 84
1757668599174 158.74986748439886 85
1757668599261 158.6315491217392 86
1757668599363 158.5133229783307 87
1757668599466 158.39518898105288 88
1757668599571 158.2771470568436 89
1757668599678 158.15919713269935 90
1757668599779 158.04133913567492 91
1757668599884 157.92357299288344 92
1757668599992 157.80589863149643 93
1757668600097 157.68831597874365 94
1757668600200 157.570824961913 95
1757668600302 157.45342550835065 96
1757668600406 157.33611754546084 97
1757668600511 157.2189010007059 98
1757668600610 157.10177580160618 99
1757668600713 156.98474187574007 100
1757668600813 156.8677991507437 101
1757668600914 156.7509475543114 102
1757668601014 156.6341870141951 103
1757668601113 156.5175174582046 104
1757668601212 156.40093881420742 105
1757668601311 156.28445101012886 106
1757668601414 156.1680539739518 107
1757668601515 156.05174763371684 108
1757668601620 155.93553191752193 109
1757668601718 155.8194067535228 110
1757668601819 155.70337206993244 111
1757668601922 155.58742779502143 112
1757668602024 155.47157385711756 113
1757668602122 155.35581018460613 114
1757668602222 155.24013670592961 115
1757668602319 155.12455334958773 116
1757668602421 155.00906004413744 117
1757668602517 154.89365671819283 118
1757668602621 154.77834330042506 119
1757668602722 154.66311971956242 120
1757668602824 154.54798590439015 121
1757668602922 154.43294178375052 122
1757668603025 154.3179872865426 123
1757668603115 154.20312234172246 124
1757668603209 154.08834687830296 125
1757668603299 153.97366082535368 126
1757668603388 153.85906411200105 127
1757668603485 153.7445566674281 128
1757668603623 153.63013842087452 129
1757668604130 153.5158093016366 130
1757668604266 153.40156923906727 131
1757668604362 153.2874181625759 132
1757668604480 153.17335600162832 133
1757668604595 153.05938268574673 134
1757668604690 152.94549814450983 135
1757668604813 152.8317023075525 136
1757668604931 152.71799510456603 137
1757668605025 152.60437646529795 138
1757668605114 152.49084631955182 139
1757668605192 152.37740459718754 140
1757668605279 152.264051228121 141
1757668605384 152.1507861423242 142
1757668605489 152.03760926982508 143
1757668605589 151.92452054070765 144
1757668605696 151.8115198851118 145
1757668605798 151.69860723323325 146
1757668605899 151.58578251532356 147
1757668605997 151.47304566169018 148
1757668606097 151.3603966026962 149
1757668606197 151.24783526876044 150
1757668606300 151.13536159035735 151
1757668606399 151.02297549801705 152
1757668606497 150.91067692232514 153
1757668606600 150.7984657939228 154
1757668606700 150.68634204350667 155
1757668606799 150.57430560182877 156
1757668606902 150.46235639969666 157
1757668607001 150.35049436797303 158
1757668607100 150.238719437576 159
1757668607201 150.12703153947893 160
1757668607293 150.01543060471036 161
1757668607393 149.90391656435398 162
1757668607491 149.79248934954862 163
1757668607588 149.68114889148825 164
1757668607692 149.56989512142172 165
1757668607798 149.458727970653 166
1757668607913 149.34764737054093 167
1757668608021 149.23665325249928 168
1757668608125 149.12574554799667 169
1757668608222 149.0149241885565 170
1757668608317 148.904189105757 171
1757668608416 148.79354023123105 172
1757668608528 148.68297749666627 173
1757668608638 148.5725008338048 174
1757668608742 148.46211017444355 175
1757668608843 148.3518054504338 176
1757668608953 148.2415865936815 177
1757668609057 148.1314535361469 178
1757668609148 148.02140620984474 179
1757668609241 147.9114445468441 180
1757668609338 147.80156847926844 181
1757668609437 147.69177793929552 182
1757668609540 147.58207285915722 183
1757668609638 147.4724531711397 184
1757668609740 147.36291880758327 185
1757668609837 147.25346970088233 186
1757668609937 147.14410578348543 187
1757668610041 147.03482698789497 188
1757668610143 146.92563324666747 189
1757668610246 146.81652449241335 190
1757668610355 146.70750065779688 191
1757668610460 146.59856167553627 192
1757668610570 146.48970747840343 193
1757668610671 146.3809379992241 194
1757668610773 146.27225317087775 195
1757668610877 146.16365292629743 196
1757668610976 146.0551371984699 197
1757668611075 145.94670592043556 198
1757668611175 145.83835902528824 199
1757668611266 145.73009644617537 200
1757668611362 145.62191811629776 201
1757668611461 145.5138239689097 202
1757668611561 145.4058139373188 203
1757668611664 145.2978879548861 204
1757668611768 145.19004595502582 205
1757668611867 145.08228787120544 206
1757668611968 144.97461363694572 207
1757668612068 144.8670231858205 208
1757668612171 144.7595164514568 209
1757668612277 144.65209336753466 210
1757668612376 144.5447538677872 211
1757668612475 144.43749788600053 212
1757668612575 144.33032535601365 213
1757668612674 144.22323621171844 214
1757668612771 144.1162303870598 215
1757668612874 144.00930781603535 216
1757668612978 143.90246843269549 217
1757668613078 143.79571217114326 218
1757668613176 143.6890389655346 219
1757668613266 143.58244875007793 220
1757668613366 143.47594145903435 221
1757668613466 143.36951702671752 222
1757668613563 143.26317538749362 223
1757668613670 143.1569164757813 224
1757668613840 143.05074022605163 225
1757668613965 142.94464657282813 226
1757668614081 142.8386354506867 227
1757668614190 142.7327067942554 228
1757668614305 142.62686053821471 229
1757668614408 142.5210966172973 230
1757668614508 142.415414966288 231
1757668614610 142.30981552002385 232
1757668614713 142.20429821339386 233
1757668614816 142.09886298133927 234
1757668614915 141.99350975885318 235
1757668615026 141.88823848098082 236
1757668615125 141.78304908281925 237
1757668615222 141.67794149951743 238
1757668615331 141.57291566627623 239
1757668615434 141.46797151834826 240
1757668615539 141.36310899103796 241
1757668615642 141.25832801970148 242
1757668615750 141.15362853974665 243
1757668615849 141.04901048663288 244
1757668615948 140.94447379587135 245
1757668616049 140.84001840302466 246
1757668616150 140.73564424370693 247
1757668616254 140.63135125358383 248
1757668616358 140.52713936837245 249
1757668616467 140.4230085238412 250
1757668616565 140.31895865580998 251
1757668616667 140.21498970014983 252
1757668616771 140.1111015927833 253
1757668616874 140.00729426968388 254
1757668616979 139.90356766687654 255
1757668617082 139.79992172043717 256
1757668617185 139.69635636649286 257
1757668617276 139.5928715412218 258
1757668617373 139.48946718085313 259
1757668617471 139.38614322166706 260
1757668617575 139.2828995999947 261
1757668617678 139.179736252218 262
1757668617780 139.07665311476987 263
1757668617888 138.973650124134 264
1757668617999 138.8707272168449 265
1757668618100 138.76788432948769 266
1757668618203 138.66512139869837 267
1757668618307 138.5624383611635 268
1757668618410 138.4598351536202 269
1757668618509 138.35731171285627 270
1757668618610 138.25486797571003 271
1757668618710 138.15250387907022 272
1757668618816 138.05021935987617 273
1757668618919 137.94801435511746 274
1757668619025 137.84588880183415 275
1757668619125 137.74384263711664 276
1757668619228 137.64187579810556 277
1757668619318 137.53998822199182 278
1757668619417 137.43817984601654 279
1757668619523 137.33645060747102 280
1757668619630 137.23480044369674 281
1757668619736 137.13322929208513 282
1757668619843 137.03173709007785 283
1757668619946 136.93032377516639 284
1757668620050 136.82898928489234 285
1757668620150 136.7277335568472 286
1757668620254 136.62655652867235 287
1757668620357 136.52545813805895 288
1757668620460 136.42443832274807 289
1757668620565 136.3234970205305 290
1757668620663 136.2226341692468 291
1757668620762 136.12184970678715 292
1757668620867 136.02114357109141 293
1757668620969 135.92051570014914 294
1757668621070 135.8199660319993 295
1757668621175 135.7194945047305 296
1757668621274 135.61910105648084 297
1757668621381 135.5187856254378 298
1757668621488 135.41854814983833 299
1757668621597 135.31838856796878 300
1757668621699 135.21830681816473 301
1757668621803 135.1183028388111 302
1757668621907 135.01837656834212 303
1757668622022 134.91852794524118 304
1757668622129 134.81875690804085 305
1757668622237 134.7190633953228 306
1757668622341 134.61944734571782 307
1757668622446 134.51990869790583 308
1757668622547 134.4204473906156 309
1757668622647 134.32106336262513 310
1757668622760 134.22175655276104 311
1757668622858 134.12252689989907 312
1757668622958 134.02337434296376 313
1757668623062 133.9242988209285 314
1757668623165 133.82530027281535 315
1757668623274 133.7263786376953 316
1757668623372 133.6275338546878 317
1757668623481 133.5287658629612 318
1757668623587 133.43007460173231 319
1757668623692 133.33146001026657 320
1757668623798 133.23292202787803 321
1757668623911 133.13446059392913 322
1757668624022 133.03607564783084 323
1757668624131 132.93776712904264 324
1757668624243 132.83953497707225 325
1757668624348 132.7413791314758 326
1757668624456 132.64329953185774 327
1757668624566 132.54529611787083 328
1757668624674 132.44736882921603 329
1757668624781 132.3495176056424 330
1757668624883 132.25174238694737 331
1757668624987 132.15404311297627 332
1757668625090 132.0564197236227 333
1757668625196 131.95887215882814 334
1757668625305 131.8614003585821 335
1757668625419 131.76400426292219 336
1757668625514 131.66668381193378 337
1757668625619 131.56943894575022 338
1757668625728 131.47226960455268 339
1757668625836 131.37517572857016 340
1757668625940 131.2781572580794 341
1757668626048 131.18121413340484 342
1757668626156 131.0843462949187 343
1757668626265 130.9875536830409 344
1757668626375 130.89083623823873 345
1757668626482 130.79419390102737 346
1757668626589 130.6976266119693 347
1757668626692 130.60113431167463 348
1757668626793 130.50471694080093 349
1757668626895 130.40837444005317 350
1757668626999 130.3121067501837 351
1757668627101 130.21591381199218 352
1757668627205 130.11979556632568 353
1757668627313 130.02375195407853 354
1757668627409 129.92778291619223 355
1757668627502 129.83188839365553 356
1757668627602 129.73606832750434 357
1757668627704 129.64032265882165 358
1757668627812 129.54465132873753 359
1757668627975 129.4490542784292 360
1757668628082 129.35353144912082 361
1757668628187 129.25808278208348 362
1757668628291 129.16270821863532 363
1757668628396 129.0674077001412 364
1757668628503 128.972181168013 365
1757668628606 128.8770285637094 366
1757668628708 128.78194982873578 367
1757668628809 128.68694490464432 368
1757668628912 128.59201373303392 369
1757668629019 128.49715625555012 370
1757668629123 128.4023724138851 371
1757668629227 128.30766214977768 372
1757668629348 128.21302540501316 373
1757668629446 128.11846212142342 374
1757668629550 128.02397224088682 375
1757668629650 127.92955570532813 376
1757668629752 127.83521245671857 377
1757668629857 127.7409424370757 378
1757668629964 127.64674558846345 379
1757668630070 127.55262185299199 380
1757668630173 127.45857117281778 381
1757668630278 127.36459349014358 382
1757668630384 127.27068874721823 383
1757668630497 127.17685688633671 384
1757668630604 127.0830978498402 385
1757668630712 126.98941158011594 386
1757668630818 126.89579801959711 387
1757668630920 126.802257110763 388
1757668631027 126.70878879613882 389
1757668631137 126.61539301829568 390
1757668631250 126.52206971985066 391
1757668631360 126.42881884346662 392
1757668631460 126.33564033185225 393
1757668631562 126.24253412776206 394
1757668631660 126.1495001739962 395
1757668631766 126.0565384134007 396
1757668631873 125.96364878886708 397
1757668631981 125.87083124333257 398
1757668632085 125.77808571978007 399
1757668632190 125.68541216123788 400
1757668632293 125.59281051077997 401
1757668632398 125.50028071152565 402
1757668632506 125.40782270663988 403
1757668632613 125.31543643933283 404
1757668632721 125.2231218528602 405
1757668632834 125.13087889052287 406
1757668632939 125.03870749566718 407
1757668633047 124.94660761168471 408
1757668633157 124.85457918201215 409
1757668633262 124.76262215013153 410
1757668633363 124.67073645956997 411
1757668633461 124.57892205389972 412
1757668633562 124.48717887673807 413
1757668633666 124.3955068717475 414
1757668633774 124.30390598263533 415
1757668633880 124.21237615315398 416
1757668633982 124.12091732710073 417
1757668634090 124.02952944831787 418
1757668634201 123.93821246069243 419
1757668634308 123.84696630815638 420
1757668634415 123.75579093468642 421
1757668634521 123.66468628430405 422
1757668634631 123.57365230107546 423
1757668634737 123.48268892911156 424
1757668634857 123.3917961125679 425
1757668634964 123.30097379564464 426
1757668635071 123.2102219225866 427
1757668635182 123.11954043768294 428
1757668635286 123.02892928526764 429
1757668635398 122.93838840971881 430
1757668635496 122.84791775545929 431
1757668635596 122.75751726695616 432
1757668635704 122.66718688872093 433
1757668635809 122.57692656530939 434
1757668635910 122.48673624132167 435
1757668636018 122.39661586140217 436
1757668636127 122.30656537023948 437
1757668636231 122.21658471256636 438
1757668636339 122.12667383315983 439
1757668636443 122.03683267684087 440
1757668636548 121.94706118847472 441
1757668636655 121.8573593129705 442
1757668636760 121.76772699528142 443
1757668636861 121.67816418040472 444
1757668636966 121.58867081338147 445
1757668637073 121.49924683929676 446
1757668637178 121.40989220327943 447
1757668637283 121.32060685050226 448
1757668637390 121.23139072618179 449
1757668637489 121.14224377557832 450
1757668637590 121.05316594399585 451
1757668637698 120.96415717678217 452
1757668637811 120.87521741932862 453
1757668637925 120.78634661707024 454
1757668638035 120.69754471548563 455
1757668638137 120.60881166009698 456
1757668638244 120.5201473964699 457
1757668638349 120.43155187021361 458
1757668638456 120.34302502698071 459
1757668638566 120.25456681246725 460
1757668638673 120.16617717241262 461
1757668638775 120.07785605259957 462
1757668638881 119.98960339885421 463
1757668638988 119.90141915704582 464
1757668639097 119.81330327308699 465
1757668639203 119.72525569293354 466
1757668639312 119.63727636258443 467
1757668639415 119.54936522808178 468
1757668639519 119.46152223551077 469
1757668639619 119.37374733099965 470
1757668639725 119.28604046071972 471
1757668639829 119.19840157088531 472
1757668639936 119.11083060775366 473
1757668640048 119.02332751762498 474
1757668640163 118.93589224684236 475
1757668640290 118.84852474179175 476
1757668640400 118.76122494890193 477
1757668640513 118.67399281464442 478
1757668640615 118.5868282855336 479
1757668640722 118.49973130812654 480
1757668640826 118.41270182902294 481
1757668640931 118.32573979486519 482
1757668641037 118.23884515233831 483
1757668641141 118.1520178481699 484
1757668641245 118.0652578291301 485
1757668641356 117.97856504203159 486
1757668641463 117.89193943372955 487
1757668641564 117.80538095112149 488
1757668641670 117.71888954114755 489
1757668641778 117.63246515079005 490
1757668641890 117.54610772707375 491
1757668642002 117.4598172170657 492
1757668642110 117.37359356787528 493
1757668642222 117.28743672665402 494
1757668642332 117.20134664059576 495
1757668642443 117.11532325693643 496
1757668642559 117.02936652295419 497
1757668642668 116.94347638596922 498
1757668642788 116.85765279334386 499
