1757436086580 26.740921991134424 0
1757436086664 1.4767824576168564 1
1757436086754 107.05957072927552 2
1757436086847 22.905819090041515 3
1757436086938 9.609798525444281 4
1757436087027 2.288443741392868 5
1757436087118 12.22104239413967 6
1757436087209 0.0001195159413537522 7
1757436087298 6.145594986254122 8
1757436087391 16.114695857356917 9
1757436087485 14.694721470819967 10
1757436087581 2.385483081134535 11
1757436087676 1.3894257328576616 12
1757436087768 14.46781564418105 13
1757436087862 0.2974595660738612 14
1757436087953 6.845963861012421 15
1757436088046 6.243595390734844 16
1757436088136 0.5519472130905554 17
1757436088225 0.25686661029843755 18
1757436088351 3.173635513319805 19
1757436088441 25.78201868038004 20
1757436088537 0.48170982790050515 21
1757436088683 1.355720467972311 22
1757436088778 2.3648397271436985 23
1757436088867 3.0392558036801196 24
1757436088958 5.4335273719362 25
1757436089051 36.64156798552532 26
1757436089143 5.425151356208477e-06 27
1757436089235 4.397850354455437 28
1757436089328 29.0038843475149 29
1757436089418 0.5990039996420709 30
1757436089512 11.086542024390567 31
1757436089605 62.5363534548063 32
1757436089699 10.377207051587666 33
1757436089792 5.563058988159378 34
1757436089883 4.025913725531672 35
1757436089975 8.760199907627314 36
1757436090065 21.262749861780154 37
1757436090155 0.008960452963139746 38
1757436090246 5.001895739875646 39
1757436090337 9.290292048653681 40
1757436090431 7.465869911845924 41
1757436090524 1.4392239365266235 42
1757436090616 125.1122927511022 43
1757436090711 9.007501014967826 44
1757436090803 10.069337609693832 45
1757436090896 7.869513194896659 46
1757436090988 2.2488477298435274 47
1757436091082 3.530657597763558 48
1757436091173 0.00045924101790776906 49
1757436091263 5.51516579505041 50
1757436091354 20.75362141657917 51
1757436091447 10.794380231755236 52
1757436091540 0.6367154529516154 53
1757436091632 18.992692595283035 54
1757436091724 0.83916264533822 55
1757436091816 33.31211172053759 56
1757436091914 6.606360812154685 57
1757436092005 45.84227108360531 58
1757436092096 20.931449943005028 59
1757436092186 2.89291328504699 60
1757436092279 44.83854747364782 61
1757436092374 55.24604770489034 62
1757436092468 2.2298990830307046 63
1757436092563 0.6017118582906752 64
1757436092657 9.72123757822777 65
1757436092749 0.21684793101659275 66
1757436092841 12.4638460157423 67
1757436092936 92.44994282483913 68
1757436093030 16.8994528973489 69
1757436093125 47.56642230524698 70
1757436093219 5.172951759141419 71
1757436093313 21.63494799070567 72
1757436093407 1.3739995433307668 73
1757436093500 0.03156773735257911 74
1757436093593 13.950736058398403 75
1757436093685 32.448898843436474 76
1757436093778 27.434757980047678 77
1757436093871 0.7586677788096415 78
1757436093965 8.712790796334026 79
1757436094060 38.75936750065416 80
1757436094153 12.924796989845628 81
1757436094247 7.006981090519763 82
1757436094341 0.7431958094219214 83
1757436094436 5.654245888264686 84
1757436094529 23.117437942552677 85
1757436094622 3.9789433880781897 86
1757436094716 0.4726170854601708 87
1757436094806 10.090031051332003 88
1757436094898 61.457405304162954 89
1757436094990 12.350604766160274 90
1757436095083 7.905137713864237 91
1757436095175 13.437298453760393 92
1757436095267 0.8631281830669076 93
1757436095361 14.456638371196117 94
1757436095457 7.66835663145057 95
1757436095551 61.59881530318874 96
1757436095647 26.39888499615148 97
1757436095743 67.75196135159929 98
1757436095837 2.5593583645229034 99
1757436095928 38.73944535965915 100
1757436096019 11.246570504348691 101
1757436096111 48.91882871675443 102
1757436096203 13.89453041326329 103
1757436096295 50.68096056484571 104
1757436096385 5.42666791811268 105
1757436096477 6.2102634242295025 106
1757436096571 0.045547589359731924 107
1757436096661 9.417498958510603 108
1757436096752 32.209208289132086 109
1757436096842 10.611823435982416 110
1757436096935 0.021916717771735407 111
1757436097030 0.4494235029285793 112
1757436097126 37.07301339847674 113
1757436097218 0.1409663327685604 114
1757436097312 0.2979951533922955 115
1757436097404 7.46186689165402 116
1757436097497 16.74315657758713 117
1757436097591 2.2935219179324235 118
1757436097686 0.4449915736722456 119
1757436097783 7.677930164284172 120
1757436097889 0.6621251626190315 121
1757436097987 6.869314911387172 122
1757436098086 15.586089093598 123
1757436098178 12.343540847004665 124
1757436098274 2.569701472645673 125
1757436098368 3.0019466606639926 126
1757436098462 0.415388360704581 127
1757436098557 0.051524305463097296 128
1757436098653 22.992240484250043 129
1757436098746 14.642849003359725 130
1757436098839 1.583076679981399 131
1757436098934 37.203186838237215 132
1757436099029 13.466532188582672 133
1757436099124 4.057386349165917 134
1757436099218 2.3622593353049197 135
1757436099311 13.107737092905648 136
1757436099404 0.2948943937820985 137
1757436099498 19.988579067726448 138
1757436099590 0.015295315519349052 139
1757436099684 0.036080426911168896 140
1757436099778 21.67582505617007 141
1757436099872 2.735819652288429 142
1757436099965 6.985090793430494 143
1757436100060 11.579791707508086 144
1757436100156 3.014097607695433 145
1757436100251 0.3868102149503762 146
1757436100346 22.74436828443991 147
1757436100439 53.26261118207957 148
