1757521740289 169.722586889666 0
1757521740346 169.44792520017765 1
1757521740410 169.33249449270275 2
1757521740481 169.22350779649724 3
1757521740548 169.1299201894714 4
1757521740614 169.04878177653674 5
1757521740682 168.9784254684669 6
1757521740755 168.91735119399482 7
1757521740816 168.86427858335233 8
1757521740875 168.81810867870965 9
1757521740937 168.77789823499987 10
1757521740996 168.742837189733 11
1757521741080 168.71222947451508 12
1757521741189 168.68547662220587 13
1757521741251 168.66206376324433 14
1757521741311 168.6415476597215 15
1757521741381 168.62354647811074 16
1757521741444 168.6077310456732 17
1757521741514 168.59381737317315 18
1757521741586 168.58156025858034 19
1757521741657 168.57074781373572 20
1757521741731 168.5611967792205 21
1757521741801 168.5527485124891 22
1757521741866 168.5452655512198 23
1757521741934 168.5386286682346 24
1757521742006 168.53273434661085 25
1757521742090 168.5274926140704 26
1757521742154 168.52282518464938 27
1757521742221 168.51866386325713 28
1757521742293 168.51494917521873 29
1757521742368 168.51162918842527 30
1757521742442 168.50865850043476 31
1757521742518 168.50599736689148 32
1757521742588 168.50361095106481 33
1757521742656 168.5014686772408 34
1757521742728 168.4995436731997 35
1757521742801 168.4978122891487 36
1757521742874 168.49625368230258 37
1757521742946 168.4948494578617 38
1757521743010 168.49358335846702 39
1757521743077 168.49244099534772 40
1757521743145 168.4914096153497 41
1757521743217 168.4904778988606 42
1757521743285 168.48963578435976 43
1757521743350 168.48887431592647 44
1757521743421 168.48818551055987 45
1757521743487 168.48756224260887 46
1757521743562 168.48699814298942 47
1757521743636 168.48648751119399 48
1757521743706 168.48602523837596 49
1757521743779 168.48560674003133 50
1757521743855 168.4852278970051 51
1757521743926 168.4848850037255 52
