1757437804617 81.04354070940167 0
1757437804687 41.229652870916944 1
1757437804761 22.869910090557482 2
1757437804821 11.235534913104983 3
1757437804882 6.876554707044917 4
1757437804944 4.653982587454574 5
1757437805005 4.06412481303488 6
1757437805062 3.0392802128580225 7
1757437805116 2.065686138622151 8
1757437805169 0.7684323138583373 9
1757437805217 1.9508565672427651 10
1757437805271 0.2738659723974619 11
1757437805321 0.8156940036976943 12
1757437805381 0.6071419269027526 13
1757437805442 3.2332456256374265 14
1757437805499 1.0453720825514703 15
1757437805560 0.8522356083346875 16
1757437805621 1.0168445861499504 17
1757437805685 2.576734383683698 18
1757437805746 0.9775813511221517 19
1757437805804 0.8004620138706825 20
1757437805862 0.390796420765 21
1757437805926 0.5530342903962064 22
1757437805982 1.5918516301589847 23
1757437806043 2.015523249771836 24
