1757451710144 169.16933111038963 0
1757451710219 169.15641222646386 1
1757451710295 169.1499535189959 2
1757451710368 169.1434949450343 3
1757451710439 169.1370366381269 4
1757451710512 169.13057859825986 5
1757451710586 169.12412082542212 6
1757451710662 169.1176633196027 7
1757451710735 169.11120608079048 8
1757451710807 169.10474910897454 9
1757451710879 169.09829240414376 10
1757451710949 169.09183596628708 11
1757451711022 169.08537979539346 12
1757451711092 169.07892389145192 13
1757451711165 169.07246825445142 14
1757451711238 169.06601288438085 15
1757451711303 169.05955778122922 16
1757451711380 169.0531029449855 17
1757451711452 169.04664837563865 18
1757451711525 169.04019407317764 19
1757451711597 169.03374003759143 20
1757451711668 169.02728626886892 21
1757451711740 169.02083276699918 22
1757451711812 169.01437953197112 23
1757451711883 169.00792656377374 24
1757451711955 169.00147386239595 25
1757451712027 168.99502142782674 26
1757451712098 168.98856926005513 27
1757451712165 168.98211735907003 28
1757451712236 168.97566572486045 29
1757451712311 168.96921435741527 30
1757451712389 168.96276325672358 31
1757451712465 168.95631242277426 32
1757451712539 168.94986185555635 33
1757451712619 168.94341155505876 34
1757451712697 168.9369615212705 35
1757451712772 168.93051175418051 36
1757451712851 168.92406225377783 37
1757451712930 168.91761302005136 38
1757451713001 168.91116405299007 39
1757451713077 168.904715352583 40
1757451713147 168.89826691881908 41
1757451713222 168.89181875168728 42
1757451713292 168.8853708511766 43
1757451713363 168.87892321727597 44
1757451713432 168.87247584997442 45
1757451713505 168.8660287492609 46
1757451713576 168.85958191512438 47
1757451713651 168.85313534755386 48
1757451713728 168.84668904653833 49
1757451713799 168.8402430120667 50
1757451713872 168.83379724412805 51
1757451713944 168.8273517427113 52
1757451714018 168.82090650780535 53
1757451714093 168.81446153939933 54
1757451714164 168.8080168374822 55
1757451714239 168.80157240204284 56
1757451714316 168.79512823307024 57
1757451714392 168.78868433055348 58
1757451714470 168.7822406944815 59
1757451714543 168.77579732484324 60
1757451714617 168.76935422162776 61
1757451714689 168.76291138482395 62
1757451714764 168.75646881442088 63
1757451714837 168.7500265104075 64
1757451714908 168.7435844727728 65
1757451714982 168.73714270150575 66
1757451715054 168.73070119659536 67
1757451715128 168.72425995803056 68
1757451715200 168.71781898580045 69
1757451715276 168.71137827989386 70
1757451715352 168.70493784029992 71
1757451715425 168.69849766700756 72
1757451715500 168.69205776000575 73
1757451715574 168.68561811928356 74
1757451715649 168.67917874482987 75
1757451715726 168.67273963663376 76
1757451715801 168.66630079468416 77
1757451715879 168.6598622189701 78
1757451715955 168.65342390948052 79
1757451716028 168.6469858662045 80
1757451716106 168.6405480891309 81
1757451716179 168.63411057824885 82
1757451716256 168.62767333354725 83
1757451716334 168.62123635501518 84
1757451716408 168.61479964264154 85
1757451716484 168.6083631964154 86
1757451716560 168.60192701632573 87
1757451716636 168.59549110236154 88
1757451716713 168.58905545451177 89
1757451716789 168.58262007276542 90
1757451716863 168.57618495711156 91
1757451716938 168.56975010753914 92
1757451717016 168.56331552403717 93
1757451717090 168.55688120659462 94
1757451717166 168.55044715520057 95
1757451717242 168.5440133698439 96
1757451717322 168.5375798505137 97
1757451717391 168.53114659719893 98
1757451717459 168.52471360988864 99
1757451717528 168.51828088857175 100
1757451717602 168.5118484332373 101
1757451717676 168.50541624387432 102
1757451717752 168.4989843204718 103
1757451717826 168.49255266301873 104
1757451717900 168.4861212715041 105
1757451717976 168.47969014591692 106
1757451718051 168.47325928624625 107
1757451718143 168.466828692481 108
1757451718218 168.46039836461026 109
1757451718292 168.45396830262297 110
1757451718368 168.44753850650815 111
1757451718433 168.4411089762548 112
1757451718495 168.43467971185206 113
1757451718563 168.42825071328875 114
1757451718631 168.42182198055397 115
1757451718705 168.41539351363667 116
1757451718781 168.40896531252596 117
1757451718854 168.4025373772108 118
1757451718925 168.39610970768015 119
1757451719003 168.38968230392308 120
1757451719082 168.38325516592857 121
1757451719166 168.37682829368566 122
1757451719249 168.37040168718335 123
1757451719322 168.3639753464106 124
1757451719392 168.35754927135653 125
1757451719461 168.35112346201004 126
1757451719533 168.34469791836023 127
1757451719613 168.33827264039604 128
1757451719689 168.3318476281066 129
1757451719762 168.3254228814808 130
1757451719840 168.31899840050767 131
1757451719918 168.31257418517626 132
1757451719995 168.30615023547566 133
1757451720072 168.29972655139477 134
1757451720151 168.29330313292263 135
1757451720226 168.28687998004827 136
1757451720306 168.28045709276074 137
1757451720382 168.27403447104905 138
1757451720459 168.2676121149022 139
1757451720536 168.26119002430917 140
1757451720615 168.25476819925905 141
1757451720689 168.24834663974082 142
1757451720762 168.24192534574354 143
1757451720835 168.23550431725613 144
1757451720910 168.22908355426776 145
1757451720988 168.22266305676732 146
1757451721065 168.21624282474392 147
1757451721147 168.20982285818656 148
1757451721226 168.20340315708424 149
1757451721308 168.19698372142602 150
1757451721388 168.19056455120085 151
1757451721456 168.18414564639787 152
1757451721528 168.17772700700596 153
1757451721604 168.17130863301432 154
1757451721679 168.16489052441182 155
1757451721760 168.15847268118756 156
1757451721838 168.15205510333058 157
1757451721918 168.14563779082988 158
1757451721997 168.1392207436745 159
1757451722076 168.13280396185348 160
1757451722153 168.1263874453558 161
1757451722232 168.11997119417055 162
1757451722309 168.1135552082867 163
1757451722385 168.1071394876933 164
1757451722461 168.1007240323794 165
1757451722542 168.09430884233402 166
1757451722616 168.0878939175462 167
1757451722693 168.08147925800498 168
1757451722769 168.07506486369934 169
1757451722845 168.0686507346184 170
1757451722922 168.06223687075112 171
1757451723000 168.05582327208654 172
1757451723078 168.04940993861373 173
1757451723158 168.0429968703217 174
1757451723234 168.0365840671995 175
1757451723314 168.03017152923616 176
1757451723395 168.0237592564207 177
1757451723459 168.01734724874217 178
1757451723530 168.0109355061896 179
1757451723599 168.00452402875206 180
1757451723670 167.99811281641854 181
1757451723741 167.99170186917812 182
1757451723812 167.98529118701978 183
1757451723879 167.97888076993266 184
1757451723951 167.9724706179057 185
1757451724027 167.96606073092798 186
1757451724099 167.95965110898854 187
1757451724172 167.9532417520764 188
1757451724247 167.94683266018066 189
1757451724327 167.9404238332903 190
1757451724407 167.9340152713944 191
1757451724485 167.927606974482 192
1757451724562 167.9211989425421 193
1757451724636 167.91479117556378 194
1757451724711 167.9083836735361 195
1757451724789 167.90197643644808 196
1757451724865 167.89556946428877 197
1757451724944 167.88916275704722 198
1757451725018 167.88275631471245 199
1757451725094 167.87635013727353 200
1757451725170 167.86994422471952 201
1757451725248 167.86353857703946 202
1757451725326 167.85713319422237 203
1757451725398 167.85072807625733 204
1757451725468 167.8443232231334 205
1757451725535 167.83791863483955 206
1757451725611 167.83151431136494 207
1757451725683 167.82511025269855 208
1757451725760 167.81870645882944 209
1757451725836 167.81230292974666 210
1757451725910 167.80589966543928 211
1757451725986 167.79949666589636 212
1757451726061 167.7930939311069 213
1757451726135 167.78669146106003 214
1757451726211 167.78028925574472 215
1757451726291 167.77388731515006 216
1757451726364 167.76748563926515 217
1757451726442 167.76108422807897 218
1757451726522 167.7546830815806 219
1757451726604 167.74828219975913 220
1757451726683 167.74188158260358 221
1757451726762 167.735481230103 222
1757451726837 167.72908114224649 223
1757451726914 167.72268131902305 224
1757451726990 167.71628176042182 225
1757451727064 167.70988246643176 226
1757451727137 167.70348343704197 227
1757451727210 167.69708467224157 228
1757451727290 167.6906861720195 229
1757451727363 167.6842879363649 230
1757451727437 167.67788996526681 231
1757451727507 167.67149225871432 232
1757451727578 167.66509481669644 233
1757451727650 167.6586976392023 234
1757451727723 167.6523007262209 235
1757451727801 167.64590407774128 236
1757451727878 167.63950769375262 237
1757451727957 167.63311157424386 238
1757451728035 167.62671571920413 239
1757451728113 167.62032012862247 240
1757451728190 167.613924802488 241
1757451728272 167.6075297407897 242
1757451728352 167.60113494351666 243
1757451728431 167.59474041065798 244
1757451728493 167.5883461422027 245
1757451728564 167.5819521381399 246
1757451728638 167.57555839845867 247
1757451728710 167.56916492314804 248
1757451728784 167.56277171219708 249
1757451728857 167.55637876559487 250
1757451728934 167.54998608333045 251
1757451729011 167.54359366539296 252
1757451729085 167.53720151177143 253
1757451729161 167.53080962245497 254
1757451729237 167.52441799743255 255
1757451729312 167.5180266366933 256
1757451729386 167.51163554022634 257
1757451729462 167.50524470802068 258
1757451729531 167.49885414006542 259
1757451729607 167.49246383634963 260
1757451729682 167.48607379686234 261
1757451729757 167.4796840215927 262
1757451729836 167.47329451052974 263
1757451729911 167.4669052636625 264
1757451729987 167.4605162809802 265
1757451730069 167.45412756247177 266
1757451730148 167.4477391081263 267
1757451730231 167.44135091793294 268
1757451730312 167.43496299188075 269
1757451730393 167.42857532995876 270
1757451730474 167.42218793215608 271
1757451730557 167.4158007984618 272
1757451730635 167.40941392886492 273
1757451730711 167.40302732335465 274
1757451730790 167.39664098191997 275
1757451730867 167.39025490455003 276
1757451730942 167.38386909123386 277
1757451731021 167.37748354196057 278
1757451731100 167.3710982567192 279
1757451731176 167.36471323549893 280
1757451731255 167.35832847828868 281
1757451731332 167.3519439850777 282
1757451731405 167.345559755855 283
1757451731484 167.33917579060963 284
1757451731556 167.33279208933078 285
1757451731628 167.32640865200742 286
1757451731699 167.32002547862868 287
1757451731772 167.31364256918368 288
1757451731847 167.3072599236615 289
1757451731924 167.30087754205113 290
1757451732000 167.2944954243418 291
1757451732079 167.28811357052248 292
1757451732157 167.28173198058235 293
1757451732237 167.27535065451042 294
1757451732316 167.26896959229583 295
1757451732389 167.2625887939277 296
1757451732467 167.25620825939507 297
1757451732545 167.24982798868697 298
1757451732625 167.24344798179263 299
1757451732708 167.23706823870106 300
1757451732797 167.23068875940135 301
1757451732874 167.22430954388258 302
1757451732945 167.2179305921339 303
1757451733021 167.21155190414441 304
1757451733097 167.20517347990312 305
1757451733174 167.19879531939918 306
1757451733255 167.19241742262167 307
1757451733335 167.18603978955971 308
1757451733417 167.17966242020236 309
1757451733492 167.17328531453876 310
1757451733561 167.16690847255796 311
1757451733633 167.1605318942491 312
1757451733704 167.15415557960122 313
1757451733775 167.14777952860348 314
1757451733849 167.14140374124497 315
1757451733923 167.1350282175147 316
1757451733999 167.12865295740193 317
1757451734072 167.1222779608956 318
1757451734147 167.11590322798492 319
1757451734224 167.1095287586589 320
1757451734298 167.10315455290674 321
1757451734388 167.09678061071747 322
1757451734464 167.09040693208024 323
1757451734542 167.08403351698414 324
1757451734619 167.07766036541824 325
1757451734692 167.0712874773716 326
1757451734765 167.06491485283348 327
1757451734841 167.05854249179288 328
1757451734923 167.05217039423889 329
1757451735000 167.04579856016065 330
1757451735075 167.03942698954725 331
1757451735150 167.0330556823878 332
1757451735229 167.02668463867147 333
1757451735309 167.02031385838725 334
1757451735387 167.0139433415243 335
1757451735465 167.00757308807175 336
1757451735539 167.00120309801872 337
1757451735610 166.99483337135428 338
1757451735683 166.9884639080675 339
1757451735755 166.98209470814757 340
1757451735831 166.9757257715836 341
1757451735906 166.96935709836464 342
1757451735987 166.9629886884798 343
1757451736065 166.9566205419183 344
1757451736143 166.95025265866914 345
1757451736224 166.94388503872145 346
1757451736304 166.9375176820644 347
1757451736384 166.93115058868702 348
1757451736459 166.92478375857849 349
1757451736536 166.91841719172788 350
1757451736631 166.91205088812433 351
1757451736710 166.905684847757 352
1757451736791 166.8993190706149 353
1757451736868 166.89295355668722 354
1757451736946 166.88658830596307 355
1757451737028 166.88022331843158 356
1757451737109 166.8738585940818 357
1757451737195 166.86749413290292 358
1757451737282 166.861129934884 359
1757451737363 166.8547660000142 360
1757451737440 166.84840232828262 361
1757451737514 166.84203891967843 362
1757451737587 166.83567577419066 363
1757451737662 166.8293128918085 364
1757451737736 166.82295027252104 365
1757451737812 166.8165879163174 366
1757451737887 166.81022582318676 367
1757451737964 166.8038639931182 368
1757451738041 166.79750242610078 369
1757451738119 166.7911411221237 370
1757451738198 166.78478008117605 371
1757451738275 166.77841930324698 372
1757451738354 166.77205878832564 373
1757451738434 166.76569853640106 374
1757451738511 166.75933854746245 375
1757451738592 166.7529788214989 376
1757451738682 166.74661935849957 377
1757451738762 166.74026015845354 378
1757451738838 166.73390122135 379
1757451738917 166.72754254717802 380
1757451738995 166.72118413592668 381
1757451739061 166.71482598758524 382
1757451739133 166.70846810214275 383
1757451739209 166.70211047958836 384
1757451739283 166.6957531199112 385
1757451739358 166.68939602310036 386
1757451739431 166.68303918914503 387
1757451739505 166.6766826180343 388
1757451739752 166.67032630975731 389
1757451739830 166.66397026430326 390
1757451739896 166.65761448166117 391
1757451739964 166.65125896182022 392
1757451740036 166.64490370476958 393
1757451740111 166.63854871049833 394
1757451740186 166.63219397899562 395
1757451740264 166.62583951025061 396
1757451740343 166.61948530425244 397
1757451740426 166.61313136099017 398
1757451740504 166.60677768045304 399
1757451740583 166.6004242626301 400
1757451740663 166.59407110751053 401
1757451740741 166.58771821508347 402
1757451740817 166.58136558533806 403
1757451740895 166.57501321826342 404
1757451740972 166.5686611138487 405
1757451741051 166.562309272083 406
1757451741130 166.55595769295556 407
1757451741211 166.5496063764554 408
1757451741306 166.54325532257175 409
1757451741385 166.53690453129371 410
1757451741463 166.53055400261044 411
1757451741541 166.52420373651103 412
1757451741619 166.51785373298472 413
1757451741691 166.51150399202058 414
1757451741767 166.50515451360775 415
1757451741842 166.4988052977354 416
1757451741922 166.4924563443927 417
1757451742001 166.48610765356872 418
1757451742084 166.4797592252527 419
1757451742162 166.4734110594337 420
1757451742242 166.4670631561009 421
1757451742319 166.46071551524346 422
1757451742407 166.4543681368505 423
1757451742487 166.44802102091123 424
1757451742563 166.44167416741467 425
1757451742651 166.4353275763501 426
1757451742731 166.42898124770662 427
1757451742816 166.42263518147337 428
1757451742898 166.4162893776395 429
1757451742977 166.40994383619417 430
1757451743071 166.40359855712651 431
1757451743155 166.3972535404257 432
1757451743234 166.39090878608087 433
1757451743314 166.3845642940812 434
1757451743396 166.37822006441584 435
1757451743476 166.3718760970739 436
1757451743557 166.36553239204457 437
1757451743639 166.359188949317 438
1757451743711 166.35284576888031 439
1757451743784 166.3465028507237 440
1757451743859 166.34016019483633 441
1757451743935 166.3338178012073 442
1757451744015 166.32747566982584 443
1757451744095 166.32113380068103 444
1757451744175 166.31479219376206 445
1757451744254 166.30845084905812 446
1757451744333 166.30210976655832 447
1757451744411 166.29576894625183 448
1757451744490 166.28942838812785 449
1757451744568 166.28308809217546 450
1757451744644 166.2767480583839 451
1757451744722 166.27040828674225 452
1757451744805 166.26406877723974 453
1757451744883 166.25772952986551 454
1757451744962 166.25139054460874 455
1757451745041 166.24505182145853 456
1757451745125 166.2387133604041 457
1757451745205 166.2323751614346 458
1757451745282 166.22603722453917 459
1757451745362 166.21969954970697 460
1757451745443 166.21336213692723 461
1757451745519 166.207024986189 462
1757451745596 166.2006880974816 463
1757451745672 166.19435147079406 464
1757451745748 166.1880151061156 465
1757451745825 166.1816790034354 466
1757451745905 166.1753431627426 467
1757451745984 166.16900758402636 468
1757451746062 166.1626722672759 469
1757451746143 166.1563372124803 470
1757451746222 166.15000241962883 471
1757451746301 166.14366788871058 472
1757451746381 166.13733361971478 473
1757451746457 166.13099961263052 474
1757451746536 166.12466586744705 475
1757451746615 166.1183323841535 476
1757451746695 166.111999162739 477
1757451746771 166.10566620319287 478
1757451746855 166.0993335055041 479
1757451746931 166.09300106966202 480
1757451747015 166.08666889565566 481
1757451747096 166.08033698347433 482
1757451747179 166.0740053331071 483
1757451747259 166.06767394454317 484
1757451747342 166.06134281777176 485
1757451747422 166.05501195278202 486
1757451747501 166.04868134956305 487
1757451747583 166.04235100810416 488
1757451747669 166.03602092839444 489
1757451747744 166.02969111042304 490
1757451747822 166.02336155417927 491
1757451747903 166.01703225965218 492
1757451747981 166.010703226831 493
1757451748060 166.00437445570492 494
1757451748141 165.99804594626303 495
1757451748218 165.99171769849465 496
1757451748300 165.98538971238884 497
1757451748381 165.97906198793487 498
1757451748458 165.97273452512187 499
