1757517694087 179035.78778418907 0
1757517694154 1249204523739803.8 1
1757517694225 8.726282886885406e+24 2
1757517694299 6.095720242386054e+34 3
1757517694364 4.258148143384092e+44 4
1757517694431 2.974517348241702e+54 5
1757517694489 2.0778406849789115e+64 6
1757517694548 1.4514697366635758e+74 7
1757517694609 1.0139200814000842e+84 8
1757517694667 7.082710066208094e+93 9
1757517694725 4.9476070947026635e+103 10
1757517694782 3.456136949660211e+113 11
1757517694883 2.414274696063843e+123 12
1757517694997 1.6864847640447928e+133 13
1757517695058 1.1780891644154442e+143 14
1757517695120 8.229508554731472e+152 15
1757517695185 5.748699936986752e+162 16
1757517695294 4.015738090035873e+172 17
1757517695401 2.805182490742015e+182 18
1757517695498 1.9595522989636119e+192 19
1757517695560 1.368839719000929e+202 20
1757517695622 9.561991161478765e+211 21
1757517695686 6.679501895147385e+221 22
1757517695750 4.665947166633623e+231 23
1757517695817 3.259384203129403e+241 24
1757517695889 2.2768336211732406e+251 25
1757517695957 1.590475689710845e+261 26
1757517696027 1.111022296946624e+271 27
1757517696095 7.761014847935009e+280 28
1757517696166 5.421434982484527e+290 29
1757517696235 3.7871280812106234e+300 30
1757517696303 inf 31
