1757606034306 20.704253372743896 0
1757606034418 9.234836341745357 1
1757606034530 12.61703147686355 2
1757606034641 8.831035663029306 3
1757606034752 5.988054966307118 4
1757606034862 14.414245835911164 5
1757606034976 6.640697490479476 6
1757606035087 7.300798804490414 7
1757606035195 7.26602306472064 8
1757606035302 32.772464534271364 9
1757606035409 8.192271610505564 10
1757606035515 18.10406604417546 11
1757606035633 6.2264003096212495 12
1757606035744 6.205192366995349 13
1757606035852 4.550530978173498 14
1757606035961 3.0423708456444913 15
1757606036070 4.665776544620439 16
1757606036178 8.027173841270029 17
1757606036285 30.95716008529651 18
1757606036392 5.918293581970178 19
1757606036501 17.581968448475923 20
1757606036609 4.1279483064133204 21
1757606036718 2.9687280333890067 22
1757606036826 8.35289215618101 23
1757606036938 5.534092712272663 24
1757606037051 3.741540617500653 25
1757606037160 9.909479264947683 26
1757606037267 5.214345935618876 27
1757606037375 7.121819763701994 28
1757606037483 7.256686730974656 29
1757606037592 6.542918053761294 30
1757606037700 5.638375618786948 31
1757606037808 10.62863326108825 32
1757606037917 3.947322525087382 33
1757606038026 13.111321338812667 34
1757606038135 3.3828652215835966 35
1757606038243 9.973198189938303 36
1757606038352 11.204738832027525 37
1757606038460 3.4449078874899244 38
1757606038569 8.674245552573053 39
1757606038677 7.714941494570819 40
1757606038791 10.301279478285979 41
1757606038909 5.0928398506279144 42
1757606039024 14.603689451097623 43
1757606039138 12.42499378065139 44
1757606039251 9.056286378940587 45
1757606039365 9.5503799816259 46
1757606039478 15.030228793203637 47
1757606039593 3.538165181249267 48
1757606039703 9.689680099851152 49
1757606039814 30.94518542176923 50
1757606039924 3.0360910944240365 51
1757606040035 9.845819244416353 52
1757606040146 10.810481842739051 53
1757606040254 5.729674485765078 54
1757606040364 36.9441911049393 55
1757606040476 4.403338522684588 56
1757606040591 7.856501805232948 57
1757606040704 4.394877877168594 58
1757606040816 3.6885309772642922 59
1757606040925 8.226838753876512 60
1757606041040 13.60819414075191 61
1757606041152 9.828936690353625 62
1757606041261 11.982368099199412 63
1757606041371 11.913479604341157 64
1757606041481 14.850166041572193 65
1757606041593 15.098327257113938 66
1757606041704 4.656900206456856 67
1757606041813 7.6068150694808345 68
1757606041923 3.280228689975626 69
1757606042032 9.563117969438995 70
1757606042140 3.959566481357433 71
1757606042249 16.675524750643895 72
1757606042357 3.4117709049079616 73
1757606042466 14.49099636451143 74
1757606042577 8.535603656476411 75
1757606042686 6.235003838188588 76
1757606042796 11.599222204183775 77
1757606042905 8.553573889416853 78
1757606043019 4.684037549779969 79
1757606043134 4.835527332818976 80
1757606043247 3.983640043542838 81
1757606043356 5.8833864184341085 82
1757606043465 8.650706000747345 83
1757606043576 5.434992013322109 84
1757606043687 4.038673918378618 85
1757606043798 5.49851785833314 86
1757606043908 9.775756347438426 87
1757606044018 6.273801632204418 88
1757606044128 5.057862845031905 89
1757606044237 11.086040561798642 90
1757606044365 1.1524132419474973 91
1757606044477 3.9052315353924847 92
1757606044596 6.234326508067484 93
1757606044706 9.772066006269766 94
1757606044816 7.263237308116062 95
1757606044926 4.410977055770376 96
1757606045042 11.861428911736771 97
1757606045155 15.76163611238077 98
1757606045265 15.161272583162082 99
1757606045377 10.867190740170559 100
1757606045487 4.8524055480821335 101
1757606045599 9.613877807359863 102
1757606045708 6.707807649254559 103
1757606045817 8.20870702753936 104
1757606045928 19.700585505560753 105
1757606046040 8.121040260964401 106
1757606046161 10.540261866299709 107
1757606944638 9.46430492949203 108
1757606944812 6.565550424909794 109
1757606944993 7.232627891457141 110
1757606945168 8.705268804787439 111
1757606945465 54.04334958987781 112
1757606945694 2.955493846915043 113
1757606945921 6.578877969527801 114
1757606946115 9.425855027016906 115
1757606946311 3.265703325346428 116
1757606946501 10.344060682742679 117
1757606946681 10.516309339985423 118
1757606946853 5.428534960537869 119
1757606947052 9.647648925381427 120
1757606947229 9.802660959929982 121
1757606947397 7.065583317413046 122
1757606947551 9.101449970697955 123
1757606947696 6.411532709959914 124
1757606947831 4.434501755761157 125
1757606947976 6.716096759274674 126
1757606948128 8.340689032200558 127
1757606948278 20.70450491852391 128
1757606948425 6.05041059089958 129
1757606948560 6.567196969347028 130
1757606948701 7.917590890267596 131
1757606948838 9.82740605088003 132
1757606948964 4.864970143044188 133
1757606949090 9.014396255027787 134
1757606949217 7.100021091327021 135
1757606949342 4.8563480556084615 136
1757606949469 4.450547555836155 137
1757606949595 7.139672197461705 138
1757606949720 9.00920129627265 139
1757606949844 4.895453898570038 140
1757606949968 3.366833471164722 141
1757606950099 8.375223078116404 142
1757606950232 15.230866261159298 143
1757606950378 5.2944586857498726 144
1757606950530 5.212316233170913 145
1757606950686 12.053759927368185 146
1757606950837 4.497356875836028 147
1757606951012 5.29675663518192 148
1757606951181 15.7391849110556 149
1757606951347 12.120021096234776 150
1757606951516 10.229284230412947 151
1757606951681 12.352404216656844 152
1757606951848 23.358382468413442 153
1757606952022 14.396933548756454 154
1757606952196 2.9704959643830438 155
1757606952361 10.620877451667809 156
1757606952517 11.04927553713082 157
1757606952672 6.239865366589324 158
1757606952820 19.00630189972628 159
1757606952956 6.805600278026037 160
1757606953092 13.452470673215682 161
1757606953219 13.3917457681822 162
1757606953344 3.5412908504918534 163
1757606953469 9.67631861478322 164
1757606953590 4.948772873347367 165
1757606953707 13.826962173874573 166
1757606953823 8.798245152092822 167
1757606953936 5.905918403130627 168
1757606954048 12.6236260607761 169
1757606954159 2.1969770182919395 170
1757606954271 5.846228735215139 171
1757606954383 4.207216897470426 172
1757606954493 9.406747545100595 173
1757606954603 6.80342566523178 174
1757606954710 12.632325997948932 175
1757606954818 12.953323589031914 176
1757606954926 8.9997351779736 177
1757606955034 4.8620123589624 178
1757606955143 13.065067413524938 179
1757606955251 9.674286441214628 180
1757606955362 4.725331680235396 181
1757606955481 3.3021098578720087 182
1757606955608 4.055396203451606 183
1757606955744 2.6097098127711718 184
1757606955874 5.139827664612655 185
1757606956003 2.0236861568958995 186
1757606956142 6.250476673482651 187
1757606956272 3.799397075646753 188
1757606956398 3.5323308299343483 189
1757606956522 8.737475383846688 190
1757606956639 18.96505345462944 191
1757606956758 7.7223217760432945 192
1757606956877 4.3269105734321185 193
1757606956995 4.2404566203807175 194
1757606957113 8.763852437843072 195
1757606957231 6.5825304892160865 196
1757606957349 4.541764044703811 197
1757606957467 6.904697058815604 198
1757606957585 3.29688068261713 199
1757606957702 7.849410272434919 200
1757606957821 6.3455303429122925 201
1757606957937 6.73930424766012 202
1757606958054 8.430384143169158 203
1757606958166 3.68405693950293 204
1757606958281 15.325847838426036 205
1757606958394 2.9988354279560063 206
1757606958508 10.355268137205288 207
1757606958624 6.344994831840091 208
1757606958744 3.050311726655629 209
1757606958863 6.998399810124635 210
1757606958980 7.495786362359622 211
1757606959099 11.163124112455616 212
1757606959218 5.184254468553231 213
1757606959336 12.583973942853309 214
1757606959458 15.354804344855767 215
1757606959583 7.9659119889710555 216
1757606959707 1.2817024438416167 217
1757606959831 5.447307510065662 218
1757606959954 8.29363148572559 219
1757606960077 2.786928277342962 220
1757606960199 3.84361778832857 221
1757606960321 7.804419150485486 222
1757606960441 16.434633474373335 223
1757606960560 7.496031096784378 224
1757606960678 10.99804710372096 225
1757606960798 13.358229200402363 226
1757606960918 4.874296245507875 227
1757606961036 8.673003665196555 228
1757606961155 9.848270588607988 229
1757606961275 8.018177788626977 230
1757606961394 7.1632542290424075 231
1757606961512 18.37843384579124 232
1757606961633 5.897867792712396 233
1757606961752 10.194805887966044 234
1757606961866 7.990224084187259 235
1757606961980 3.412548256619004 236
1757606962094 7.356592456871995 237
1757606962207 12.416501652550822 238
1757606962320 5.89803802651664 239
1757606962434 14.132129108886492 240
1757606962547 5.030320136810921 241
1757606962660 6.948145705390141 242
1757606962776 12.801977466530738 243
1757606962893 4.8635576243569645 244
1757606963007 8.047248211413207 245
1757606963120 11.91070759115897 246
1757606963233 6.791093176262648 247
1757606963347 9.517409113637196 248
1757606963461 6.2850640551694115 249
1757606963574 10.77815072809759 250
1757606963687 9.790529189733618 251
1757606963800 14.852172784291307 252
1757606963917 9.123012867894811 253
1757606964036 3.2005345733511383 254
1757606964159 8.466110009194194 255
1757606964289 9.626055736178316 256
1757606964417 18.89418362027041 257
1757606964543 5.569887385260367 258
1757606964668 1.781778260001981 259
1757606964797 2.4811845534192107 260
1757606964921 8.754727290902059 261
1757606965042 18.575406318318777 262
1757606965164 9.532191941110762 263
1757606965299 5.273055924398913 264
1757606965423 8.674163649064655 265
1757606965544 7.189547669968384 266
1757606965665 10.723976221787467 267
1757606965785 22.500194872142607 268
1757606965903 3.7171504050849906 269
1757606966025 6.226089018910165 270
1757606966145 3.687376456537508 271
1757606966265 11.652575899629941 272
1757606966385 11.318315203177045 273
1757606966506 15.710700124091705 274
1757606966625 4.147489163011639 275
1757606966745 5.0723720152427365 276
1757606966866 11.680684397726743 277
1757606966984 3.7872069105157413 278
1757606967099 7.255049418404992 279
1757606967225 8.841050303986567 280
1757606967365 6.916521966777543 281
1757606967491 4.617940410821749 282
1757606967614 6.251953256610243 283
1757606967735 5.8581595605073655 284
1757606967858 8.296568317336575 285
1757606967979 7.072550319400759 286
1757606968099 6.397937414303524 287
1757606968218 13.23734060717937 288
1757606968339 14.245080857038106 289
1757606968458 4.080095750301346 290
1757606968575 11.820115688533548 291
1757606968693 4.743367941338333 292
1757606968810 11.402531354563425 293
1757606968931 4.437057405336055 294
1757606969046 5.397890576271609 295
1757606969162 3.8822847971226877 296
1757606969277 8.25142236553541 297
1757606969392 4.721009135401344 298
1757606969508 15.82840812396468 299
1757606969624 8.143918033363652 300
1757606969738 3.42415876922027 301
1757606969854 11.320626793010343 302
1757606969969 6.994651142016383 303
1757606970084 10.300850876881325 304
1757606970199 15.229844654908778 305
1757606970314 17.82508775240151 306
1757606970430 6.122180544932462 307
1757606970544 5.563088898414836 308
1757606970658 4.699342797106586 309
1757606970773 9.993904438053514 310
1757606970892 4.956695400831841 311
1757606971009 3.6821577528750984 312
1757606971126 4.636175891031318 313
1757606971246 13.536146446260554 314
1757606971367 3.785310558789554 315
1757606971487 6.40055826482768 316
1757606971607 18.913303510823816 317
1757606971724 4.955516574255023 318
1757606971842 10.373274840332693 319
1757606971957 8.850905640190568 320
1757606972072 59.26547625418959 321
1757606972188 3.0022863567750178 322
1757606972304 5.4534111507873595 323
1757606972419 6.411348477606418 324
1757606972534 8.421173308619599 325
1757606972650 3.519877944980981 326
1757606972765 15.185764745951843 327
1757606972884 19.207198936903488 328
1757606973003 11.237415422034054 329
1757606973119 4.538273211934626 330
1757606973235 5.945707634602848 331
1757606973350 5.014943821866094 332
1757606973475 7.857214791968716 333
1757606973590 10.032947664664368 334
1757606973708 6.589777058835544 335
1757606973829 4.54911883607872 336
1757606973950 6.742924246761788 337
1757606974068 9.823541848734532 338
1757606974188 11.37550130797924 339
1757606974309 12.031006837970198 340
1757606974429 7.726911870078685 341
1757606974550 5.121832537756279 342
1757606974673 5.94745723808706 343
1757606974793 9.828568115676209 344
1757606974915 10.125500816228167 345
1757606975036 9.623716599114074 346
