1757444170224 169.1550810726523 0
1757444170277 163.09301329032044 1
1757444170340 161.18931155386616 2
1757444170402 163.51685574432824 3
1757444170466 163.57678249798414 4
1757444170525 169.7170976426207 5
1757444170581 160.35292840764015 6
1757444170646 160.01051950688102 7
1757444170718 146.6909011941365 8
1757444170777 159.09020660604617 9
1757444170841 156.5278776124442 10
1757444170903 156.29919201126006 11
1757444170968 156.1502927013759 12
1757444171034 157.28477582966912 13
1757444171103 149.7259364239962 14
1757444171172 135.13125986530872 15
1757444171242 155.8224447052993 16
1757444171309 152.16401578458252 17
1757444171377 139.53321703272178 18
1757444171453 138.19765251869762 19
1757444171523 140.33259038310328 20
1757444171591 144.5177351228225 21
1757444171660 145.68470629423655 22
1757444171731 139.11423459859762 23
1757444171801 139.06888504794023 24
1757444171869 138.6039057728151 25
1757444171935 133.90251216569436 26
1757444172006 130.86564109993583 27
1757444172074 136.02529807286223 28
1757444172241 131.04154431411024 29
1757444172343 131.2792657119046 30
1757444172394 128.86713817110268 31
1757444172446 136.9677773868552 32
1757444172497 133.25481949167914 33
1757444172551 130.31134117771168 34
1757444172613 128.11595108978543 35
1757444172677 122.77807334711818 36
1757444172740 131.10611274718826 37
1757444172808 130.513520558678 38
1757444172880 124.76586291169075 39
1757444172951 124.13376064537609 40
1757444173019 127.88074023617452 41
1757444173080 123.59157072834338 42
1757444173138 123.43767770787684 43
1757444173206 122.83125426342215 44
1757444173271 121.11618216883701 45
1757444173333 116.64081641169264 46
1757444173395 123.69813687283589 47
1757444173459 112.33075597204208 48
1757444173528 121.50007009701073 49
1757444173597 112.50989995032778 50
1757444173665 114.67288945527986 51
1757444173737 115.52845928886289 52
1757444173802 107.61393402442877 53
1757444173870 115.31455233517111 54
1757444173940 108.61436425604023 55
1757444174011 111.28447828154016 56
1757444174081 110.67277738462364 57
1757444174154 110.00604024817667 58
1757444174223 114.21298207554914 59
1757444174288 112.1958415708557 60
1757444174351 109.27608110625195 61
1757444174415 105.34546275217423 62
1757444174486 109.2056321399871 63
1757444174554 109.87169444353009 64
1757444174613 108.40445315833944 65
1757444174677 102.74757584611629 66
1757444174745 99.53213551196527 67
1757444174806 104.23379783736557 68
1757444174867 103.62287820672846 69
1757444174931 108.64309325490963 70
1757444174996 100.4312457610511 71
1757444175061 103.85427737444596 72
1757444175130 104.9797656728157 73
1757444175200 95.62874626308454 74
1757444175265 104.05255465645078 75
1757444175334 97.39106646877426 76
1757444175398 92.98750648553008 77
1757444175465 96.61916713991012 78
1757444175531 99.31625810670832 79
1757444175591 93.69357579377107 80
1757444175652 90.51930018817775 81
1757444175719 93.74060830274226 82
1757444175788 90.17541458485601 83
1757444175854 90.80178259892702 84
1757444175923 86.693649912108 85
1757444175989 93.40275333782773 86
1757444176057 92.02864166961004 87
1757444176125 93.49065044714501 88
1757444176198 87.41187087592972 89
1757444176263 92.75858823595256 90
1757444176329 87.31839158052253 91
1757444176393 88.89806474349551 92
1757444176461 86.81433099604558 93
1757444176527 83.20426135254127 94
1757444176593 90.13990659106884 95
1757444176654 87.69678097674371 96
1757444176719 83.37499545865933 97
1757444176788 84.95908625740697 98
1757444176859 79.26851987907698 99
1757444176932 81.21359327910062 100
1757444177003 81.1442718338422 101
1757444177068 79.59697272736994 102
1757444177132 78.61672364311771 103
1757444177198 78.87012886628565 104
1757444177271 79.82351413955496 105
1757444177332 77.55803158991556 106
1757444177395 78.91617037090016 107
1757444177459 81.5416543740869 108
1757444177521 78.71247966235296 109
1757444177585 73.51597912183064 110
1757444177649 73.31880326542105 111
1757444177715 76.90483343878726 112
1757444177785 73.37235975598715 113
1757444177853 77.02500451781387 114
1757444177923 74.30385324430895 115
1757444177994 74.19677436626141 116
1757444178064 72.47474066976399 117
1757444178124 68.97449084156042 118
1757444178190 69.33889961935402 119
1757444178253 69.88017329463949 120
1757444178308 72.26459753820258 121
1757444178368 68.1208346768835 122
1757444178437 69.44560700824529 123
1757444178504 69.70721044623868 124
1757444178575 70.18234716667764 125
1757444178645 69.18929062653365 126
1757444178717 68.40848516984448 127
1757444178788 64.61613771147587 128
1757444178861 65.91552620749768 129
1757444178931 66.6790458432873 130
1757444179004 64.04316103250312 131
1757444179076 62.414330430938584 132
1757444179151 64.66025298123203 133
1757444179227 65.00203765523344 134
1757444179300 63.356896362373554 135
1757444179371 63.18129784558687 136
1757444179445 62.44816619836325 137
1757444179519 62.313450242754165 138
1757444179590 60.44243214238384 139
1757444179661 61.65403955030756 140
1757444179733 65.91491940488294 141
1757444179804 61.90994496373025 142
1757444179877 62.83984966610371 143
1757444179945 60.60443896577285 144
1757444180015 62.56669059846778 145
1757444180085 58.96102584098584 146
1757444180154 57.763925706605704 147
1757444180223 59.75166957494565 148
1757444180292 55.01982320898558 149
1757444180356 59.17094830585958 150
1757444180426 57.69839515949881 151
1757444180492 57.61996115179924 152
1757444180562 60.31538188944775 153
1757444180632 55.885683925754684 154
1757444180696 56.14812197896009 155
1757444180764 56.94508970002781 156
1757444180830 56.206305559868746 157
1757444180898 56.281405341655706 158
1757444180963 52.31340328296661 159
1757444181015 52.2716543474714 160
1757444181070 54.56124660740095 161
1757444181136 55.17160165646564 162
1757444181205 55.679678102571565 163
1757444181270 53.27078867797849 164
1757444181331 51.84253956405786 165
1757444181394 51.662806542355526 166
1757444181463 53.702227480962364 167
1757444181529 48.9368869185496 168
1757444181596 50.258858085976065 169
1757444181659 49.350720244511415 170
1757444181722 53.563263734730796 171
1757444181793 48.583579399558566 172
1757444181866 51.053863409022306 173
1757444181940 46.91446898908737 174
1757444182015 48.541529626882756 175
1757444182091 45.767785962629446 176
1757444182165 48.886549936686315 177
1757444182239 46.76577061524543 178
1757444182310 47.891447270326026 179
1757444182377 46.96506309883072 180
1757444182449 48.626030781270835 181
1757444182521 44.95692257068714 182
1757444182594 48.50602637183902 183
1757444182666 45.409179245587154 184
1757444182739 44.56180825815429 185
1757444182812 46.129274813534515 186
1757444182884 45.576747960141255 187
1757444182955 44.62351832504959 188
1757444183027 44.12656479008548 189
1757444183121 45.16181346433653 190
1757444183193 42.89434870169224 191
1757444183266 42.24094734232068 192
1757444183339 42.71266548043303 193
1757444183404 42.98685598509623 194
1757444183476 40.994540328875296 195
1757444183554 41.66760606905577 196
1757444183629 43.204153393121814 197
1757444183701 41.63010923253354 198
1757444183775 42.001981478850155 199
1757444183849 41.298353416621694 200
1757444183921 41.01824301750752 201
1757444183995 39.067583020572854 202
1757444184067 42.256477176040406 203
1757444184140 40.29358641400098 204
1757444184214 41.64980461546569 205
1757444184290 40.05936988531429 206
1757444184357 40.00627245197626 207
1757444184428 38.300312582802114 208
1757444184498 40.026344157968325 209
1757444184570 38.90353091767341 210
1757444184643 37.95505336846699 211
1757444184716 37.366741123322555 212
1757444184792 37.292878966760675 213
1757444184855 34.57603520917038 214
1757444184926 39.15421674695141 215
1757444185000 37.413096288768614 216
1757444185077 38.06507180465282 217
1757444185154 40.59271510717012 218
1757444185228 37.44749727948931 219
1757444185302 34.40314615115604 220
1757444185384 36.50489145518229 221
1757444185455 35.443836043019346 222
1757444185529 33.12335974241056 223
1757444185626 36.546391002613575 224
1757444185700 34.889063282718894 225
1757444185776 36.42246164927642 226
1757444185847 36.72808009153892 227
1757444185922 32.536531676018654 228
1757444185994 32.11649062834176 229
1757444186068 34.31147439525864 230
1757444186149 35.88956629046487 231
1757444186222 33.176078151812206 232
1757444186299 34.046917030932775 233
1757444186372 35.39635029821267 234
1757444186443 32.90940289200475 235
1757444186511 34.866373655430756 236
1757444186573 32.91322178668911 237
1757444186637 31.3797502237776 238
1757444186705 28.666539822207916 239
1757444186772 33.57188806833917 240
1757444186847 30.403421731298984 241
1757444186921 31.491742461509396 242
1757444186994 33.07395828544354 243
1757444187068 30.818082357112832 244
1757444187142 32.83022082877525 245
1757444187218 33.06110274678076 246
1757444187294 28.369554968661113 247
1757444187369 28.80784378175155 248
1757444187444 30.006026742227014 249
1757444187528 30.69957363576996 250
1757444187603 31.508254806506116 251
1757444187678 28.68610982046661 252
1757444187754 29.472471866142907 253
1757444187830 26.792966632551135 254
1757444187906 26.642505803204923 255
1757444187980 28.011849850036796 256
1757444188058 28.097434339458772 257
1757444188135 28.4977613034642 258
1757444188208 26.56832187420293 259
1757444188281 27.1721495454088 260
1757444188354 29.99857861034194 261
1757444188423 28.419277666872944 262
1757444188494 28.49045281977853 263
1757444188570 28.95948892920971 264
1757444188646 29.496755439096646 265
1757444188722 29.973676213098145 266
1757444188807 26.61501075945059 267
1757444188885 25.98908332023104 268
1757444188962 26.63154832465222 269
1757444189040 27.89780365926283 270
1757444189115 26.11065018856674 271
1757444189191 28.932509598176207 272
1757444189267 27.33365578304253 273
1757444189344 25.99853696595899 274
1757444189421 26.411727639971485 275
1757444189501 26.91066294709004 276
1757444189575 25.59059883065509 277
1757444189651 24.725555679468812 278
1757444189725 24.741280112154406 279
1757444189799 26.70588652255584 280
1757444189873 24.117902147818654 281
1757444189946 24.53431774548169 282
1757444190021 24.460924579948237 283
1757444190097 23.54479983587691 284
1757444190171 22.540669042762378 285
1757444190246 22.680284986031765 286
1757444190319 24.49728656392199 287
1757444190391 22.111612894287955 288
1757444190459 25.281746784929965 289
1757444190533 24.691404356102282 290
1757444190608 24.421893699115884 291
1757444190685 23.519500369341145 292
1757444190764 23.91096012477911 293
1757444190847 22.179357257135468 294
1757444190918 20.568742160463422 295
1757444190990 22.99930205575894 296
1757444191062 24.35088867574238 297
1757444191118 21.206259061279383 298
1757444191178 22.948570551148023 299
1757444191249 21.446478179902225 300
1757444191314 23.965888576130183 301
1757444191381 22.20555660320113 302
1757444191446 22.747083606235858 303
1757444191509 19.859056122884677 304
1757444191573 21.13080257628162 305
1757444191638 21.333672404079536 306
1757444191711 19.88513255308388 307
1757444191810 20.349851764957446 308
1757444191881 20.080680548203915 309
1757444191954 24.103914560081982 310
1757444192037 21.52449787605738 311
1757444192115 20.995761207282232 312
1757444192192 20.44506701182651 313
1757444192267 20.252109940320526 314
1757444192345 20.78021221175721 315
1757444192425 19.213786765462427 316
1757444192495 18.592221753274575 317
1757444192561 20.270176073634172 318
1757444192628 17.470747330850894 319
1757444192695 20.55748730467966 320
1757444192761 24.507858074398754 321
1757444192831 21.036802533384353 322
1757444192898 19.446839057251733 323
1757444192969 17.797962737813027 324
1757444193041 18.361374302767246 325
1757444193122 19.205567191723606 326
1757444193194 19.297334042435853 327
1757444193268 19.96028240276723 328
1757444193343 17.908289038873217 329
1757444193419 16.95926511777625 330
1757444193497 16.821876428262282 331
1757444193576 17.739646642108656 332
1757444193651 17.80297792381542 333
1757444193729 18.549198416575997 334
1757444193805 18.722377617126636 335
1757444193879 15.714036589737285 336
1757444193956 17.39257670956858 337
1757444194034 19.433773075737662 338
1757444194111 17.821467339099858 339
1757444194191 18.18437294406306 340
1757444194269 17.55485287958755 341
1757444194345 17.45332031657526 342
1757444194422 15.825712531802317 343
1757444194498 15.336072138479738 344
1757444194572 16.468507333453466 345
1757444194647 16.286337595004646 346
1757444194722 17.576140170113856 347
1757444194836 15.19800482805584 348
1757444194918 16.565664406545245 349
1757444195004 16.770691434982965 350
1757444195087 16.239314306147204 351
1757444195167 13.17958014569512 352
1757444195249 13.739072945290408 353
1757444195326 17.273368835437278 354
1757444195407 14.930988876305939 355
1757444195489 16.13114625974174 356
1757444195569 16.410859354411247 357
1757444195653 15.130312583391659 358
1757444195731 15.917347879436667 359
1757444195814 17.13813390915765 360
1757444195898 15.12083158091598 361
1757444195984 15.965436552881636 362
1757444196068 17.113094244183774 363
1757444196153 13.585921415269988 364
1757444196225 15.513262547684045 365
1757444196298 15.512427793150815 366
1757444196371 15.91115768117252 367
1757444196446 14.519196586901355 368
1757444196508 15.291884421635617 369
1757444196578 15.68011474083667 370
1757444196647 13.961584229056387 371
1757444196719 13.076098707561446 372
1757444196788 17.105604051895707 373
1757444196859 15.619044304321184 374
1757444196931 15.513193884228402 375
1757444196999 15.09902664242887 376
1757444197077 13.726277238008596 377
1757444197145 13.117190995491674 378
1757444197215 15.993798524519297 379
1757444197286 12.922691808767684 380
1757444197356 14.635055562696763 381
1757444197428 12.787287755740374 382
1757444197506 12.77293360520472 383
1757444197586 14.894800627091266 384
1757444197657 11.752013111164194 385
1757444197739 12.915395904988449 386
1757444197817 12.461158932080558 387
1757444197888 15.144490728075326 388
1757444197958 11.511011119227007 389
1757444198027 15.008257483343705 390
1757444198097 12.906050771528605 391
1757444198165 15.584115664525935 392
1757444198233 14.31714632247623 393
1757444198306 13.08884644473722 394
1757444198376 12.504320747407892 395
1757444198453 12.269118994235011 396
1757444198515 10.546407840156297 397
1757444198586 10.379785440717816 398
1757444198654 13.482573122769008 399
1757444198726 10.545414237939848 400
1757444198803 12.349672149218986 401
1757444198882 12.764543404468284 402
1757444198960 10.35615356259132 403
1757444199038 16.97483800059924 404
1757444199118 13.076488114369647 405
1757444199195 11.816013184325111 406
1757444199273 12.024923647639142 407
1757444199352 12.090803254552972 408
1757444199431 11.921635692618194 409
1757444199508 11.04189136777073 410
1757444199584 13.936651544757737 411
1757444199664 14.663444588444634 412
1757444199744 12.367464319908088 413
1757444199826 10.0148355807706 414
1757444199904 11.080920970595926 415
1757444199985 11.713386008828294 416
1757444200063 11.206687521530727 417
1757444200143 11.562777955381264 418
1757444200223 12.47172097992656 419
1757444200301 9.936945335033453 420
1757444200380 13.224034539285677 421
1757444200463 10.3088255458579 422
1757444200539 12.238310219526525 423
1757444200613 11.758230094868049 424
1757444200686 9.51975129902382 425
1757444200758 11.398017563314964 426
1757444200831 10.98555505156429 427
1757444200906 8.997254966742497 428
1757444200984 8.097630237297253 429
1757444201065 9.62284475963398 430
1757444201144 9.37279098270969 431
1757444201225 10.40392120871372 432
1757444201304 11.34326339798713 433
1757444201385 10.999058124377546 434
1757444201464 10.816210456453359 435
1757444201543 11.097863842041301 436
1757444201629 9.928748896778695 437
1757444201708 9.107752099216626 438
1757444201787 7.961729082365768 439
1757444201866 11.743515958159865 440
1757444201926 10.334531849629775 441
1757444201993 10.388747403754042 442
1757444202060 8.365666710855232 443
1757444202130 8.818047473566127 444
1757444202201 10.520549389617955 445
1757444202268 10.214791642455813 446
1757444202339 10.312176496188854 447
1757444202410 9.506159877876287 448
1757444202483 9.237712051781678 449
1757444202548 8.617110986928132 450
1757444202632 9.22842130174432 451
1757444202704 10.225493279400343 452
1757444202778 10.705601552983344 453
1757444202867 9.0099218544119 454
1757444202941 9.452123901359775 455
1757444203018 10.03283689779203 456
1757444203097 9.49831814882083 457
1757444203174 8.288970544445265 458
1757444203253 9.836116832612225 459
1757444203336 8.866451577664593 460
1757444203419 9.95792350497512 461
1757444203494 9.783744092521712 462
1757444203568 10.842944234252784 463
1757444203663 7.722222151854503 464
1757444203737 7.439933145925988 465
1757444203811 7.0376639945703765 466
1757444203890 10.272517994723325 467
1757444203977 11.845798997630519 468
1757444204059 8.491208917134358 469
1757444204140 8.771711727324538 470
1757444204215 6.5716145092326546 471
1757444204288 8.847134333895378 472
1757444204365 9.7360405288216 473
1757444204443 8.225803726440969 474
1757444204521 8.372868612066178 475
1757444204592 8.529017073661661 476
1757444204667 9.046374594512642 477
1757444204738 9.885793043553242 478
1757444204812 9.015783446704146 479
1757444204888 6.401639581448772 480
1757444204962 9.71338278966779 481
1757444205034 7.828029455690095 482
1757444205111 8.99795398735181 483
1757444205188 7.241301143653482 484
1757444205266 8.181787133460006 485
1757444205343 8.103342509682019 486
1757444205422 6.3836993810663865 487
1757444205506 6.191978565195766 488
1757444205587 9.420961219193115 489
1757444205669 7.703252422007934 490
1757444205749 9.777376789984821 491
1757444205831 8.664540398117635 492
1757444205909 8.824498314064716 493
1757444205988 7.844895445537674 494
1757444206066 8.797570636786281 495
1757444206147 5.980896781186897 496
1757444206222 8.376441547944015 497
1757444206299 8.491251622357355 498
1757444206379 9.012442456993266 499
