1757679889259 169.17582318790855 0
1757679889429 166.64072243381787 1
1757679889587 164.14390221525517 2
1757679889742 161.6847844853421 3
1757679889899 159.2627999258714 4
1757679890036 156.8773878155017 5
1757679890167 154.5279958999421 6
1757679890305 152.21408026409765 7
1757679890430 149.93510520614473 8
1757679890559 147.6905431135088 9
1757679890691 145.47987434071413 10
1757679890814 143.30258708907846 11
1757679890945 141.15817728822418 12
1757679891085 139.0461484793788 13
1757679891223 136.96601170043743 14
1757679891368 134.9172853727612 15
1757679891497 132.89949518968467 16
1757679891625 130.91217400670698 17
1757679891759 128.95486173334123 18
1757679891888 127.02710522659675 19
1757679892026 125.12845818607016 20
1757679892168 123.25848105062013 21
1757679892302 121.41674089660272 22
1757679892436 119.60281133764335 23
1757679892588 117.81627242592211 24
1757679892723 116.05671055494976 25
1757679892867 114.32371836381192 26
1757679893008 112.61689464285904 27
1757679893137 110.93584424082066 28
1757679893277 109.28017797332201 29
1757679893410 107.64951253278242 30
1757679893563 106.0434703996739 31
1757679893694 104.46167975511999 32
1757679893834 102.90377439481428 33
1757679893968 101.36939364423878 34
1757679894103 99.85818227516266 35
1757679894251 98.36979042340171 36
1757679923104 96.90387350781965 37
1757679923283 95.46009215055281 38
1757679923427 94.03811209843897 39
1757679923572 92.6376041456332 40
1757679923710 91.25824405739175 41
1757679923840 89.8997124950071 42
1757679923969 88.5616949418764 43
1757679924102 87.24388163068636 44
1757679924241 85.94596747169764 45
1757679924364 84.66765198211205 46
1757679924495 83.4086392165066 47
1757679924622 82.16863769831777 48
1757679924745 80.94736035236046 49
1757679924873 79.74452443836596 50
1757679925000 78.5598514855235 51
1757679925129 77.39306722801014 52
1757679925256 76.24390154149444 53
1757679925392 75.11208838059852 54
1757679925525 73.99736571730502 55
1757679925659 72.89947548029352 56
1757679925794 71.81816349519347 57
1757679925933 70.75317942573915 58
1757679926069 69.70427671581311 59
1757679926215 68.67121253236493 60
1757679926350 67.65374770919185 61
1757679926494 66.65164669156832 62
1757679926632 65.66467748171166 63
1757679926769 64.69261158507126 64
1757679926877 63.73522395742876 65
1757679927010 62.79229295279706 66
1757679927122 61.86360027210604 67
1757679927233 60.94893091266328 68
1757679927338 60.04807311837764 69
1757679927445 59.16081833073485 70
1757679927552 58.28696114051302 71
1757679927655 57.42629924022765 72
1757679927761 56.5786333772943 73
1757679927867 55.74376730789889 74
1757679927971 54.92150775156432 75
1757679928077 54.11166434640334 76
1757679928183 53.31404960504689 77
1757679928298 52.52847887123821 78
1757679928419 51.75477027708213 79
1757679928538 50.992744700940094 80
1757679928651 50.24222572596085 81
1757679928760 49.50303959923746 82
1757679928867 48.77501519158094 83
1757679928970 48.057983957901385 84
1757679929073 47.351779898187374 85
1757679929180 46.656239519074546 86
1757679929285 45.97120179599451 87
1757679929390 45.296508135895316 88
1757679929496 44.632002340524934 89
1757679929600 43.97753057026903 90
1757679929704 43.33294130853492 91
1757679929806 42.69808532667324 92
1757679929911 42.0728156494294 93
1757679930016 41.45698752091664 94
1757679930119 40.85045837110303 95
1757679930223 40.25308778280432 96
1757679930326 39.66473745917546 97
1757679930429 39.08527119169279 98
1757679930528 38.51455482861984 99
1757679930627 37.95245624394925 100
1757679930726 37.39884530681368 101
1757679930826 36.85359385135866 102
1757679930924 36.3165756470703 103
1757679931029 35.78766636955115 104
1757679931163 35.266743571737244 105
1757679931262 34.753686655549885 106
1757679931358 34.24837684397542 107
1757679931455 33.75069715356667 108
1757679931551 33.26053236735951 109
1757679931646 32.77776900819857 110
1757679931743 32.3022953124655 111
1757679931839 31.834001204204238 112
1757679931936 31.372778269636676 113
1757679932032 30.91851973206343 114
1757679932129 30.471120427143408 115
1757679932227 30.030476778546777 116
1757679932328 29.596486773975528 117
1757679932427 29.16904994154617 118
1757679932528 28.74806732652904 119
1757679932626 28.33344146843883 120
1757679932726 27.925076378471097 121
1757679932824 27.522877517279444 122
1757679932919 27.126751773088316 123
1757679933016 26.73660744013626 124
1757679933110 26.35235419744473 125
1757679933204 25.97390308790744 126
1757679933303 25.60116649769557 127
1757679933398 25.234058135973818 128
1757679933494 24.872493014922917 129
1757679933602 24.516387430063645 130
1757679933703 24.165658940878064 131
1757679933800 23.820226351723317 132
1757679933901 23.480009693033722 133
1757679934001 23.144930202806616 134
1757679934098 22.814910308367796 135
1757679934195 22.489873608412374 136
1757679934296 22.169744855316743 137
1757679934390 21.854449937717643 138
1757679934488 21.543915863354353 139
1757679934590 21.23807074216989 140
1757679934691 20.936843769667444 141
1757679934789 20.640165210518106 142
1757679934888 20.347966382416118 143
1757679934988 20.060179640177946 144
1757679935089 19.776738360081417 145
1757679935186 19.497576924441407 146
1757679935284 19.222630706418325 147
1757679935382 18.951836055056166 148
1757679935479 18.685130280546286 149
1757679935579 18.422451639713877 150
1757679935678 18.163739321723526 151
1757679935775 17.908933434000577 152
1757679935876 17.657974988365194 153
1757679935976 17.410805887375684 154
1757679936075 17.167368910878164 155
1757679936184 16.927607702759225 156
1757679936289 16.691466757898674 157
1757679936390 16.458891409319314 158
1757679936487 16.22982781553075 159
1757679936587 16.00422294806429 160
1757679936684 15.782024579196083 161
1757679936781 15.563181269855695 162
1757679936881 15.347642357717147 163
1757679936980 15.135357945469902 164
1757679937079 14.926278889266909 165
1757679937170 14.720356787347088 166
1757679937262 14.517543968829598 167
1757679937361 14.31779348267738 168
1757679937460 14.121059086827298 169
1757679937560 13.927295237484417 170
1757679937662 13.736457078577972 171
1757679937760 13.548500431376526 172
1757679937858 13.363381784259976 173
1757679937957 13.181058282645967 174
1757679938062 13.001487719068432 175
1757679938164 12.824628523405964 176
1757679938264 12.650439753257734 177
1757679938364 12.478881084464728 178
1757679938463 12.30991280177411 179
1757679938562 12.143495789644582 180
1757679938660 11.979591523190575 181
1757679938756 11.818162059263157 182
1757679938856 11.659170027665668 183
1757679938957 11.50257862250197 184
1757679939057 11.34835159365535 185
1757679939155 11.196453238396087 186
1757679939246 11.046848393115768 187
1757679939345 10.89950242518641 188
1757679939441 10.75438122494246 189
1757679939540 10.611451197783975 190
1757679939639 10.470679256398943 191
1757679939737 10.33203281310311 192
1757679939839 10.195479772295457 193
1757679939941 10.060988523027605 194
1757679940041 9.928527931685425 195
1757679940139 9.798067334781132 196
1757679940239 9.669576531854297 197
1757679940340 9.54302577847995 198
1757679940439 9.41838577938234 199
1757679940541 9.29562768165267 200
1757679940641 9.174723068069174 201
1757679940741 9.0556439505182 202
1757679940841 8.938362763514489 203
1757679940938 8.822852357819405 204
1757679941038 8.709085994155478 205
1757679941142 8.597037337015875 206
1757679941232 8.486680448567354 207
1757679941333 8.377989782645285 208
1757679941434 8.270940178839322 209
1757679941542 8.165506856668442 210
1757679941646 8.061665409843856 211
1757679941749 7.959391800618649 212
1757679941854 7.858662354222658 213
1757679941957 7.75945375338144 214
1757679942060 7.661743032917975 215
1757679942161 7.56550757443591 216
1757679942264 7.4707251010830475 217
1757679942367 7.377373672393968 218
1757679942467 7.285431679210449 219
1757679942566 7.194877838678681 220
1757679942663 7.105691189321946 221
1757679942767 7.017851086187751 222
1757679942867 6.931337196068196 223
1757679942970 6.846129492792579 224
1757679943067 6.762208252591011 225
1757679943169 6.679554049528127 226
1757679943263 6.598147751005636 227
1757679943365 6.517970513332907 228
1757679943466 6.439003777364342 229
1757679943587 6.361229264202699 230
1757679943688 6.284628970967224 231
1757679943791 6.209185166625758 232
1757679943899 6.13488038788973 233
1757679944000 6.061697435171154 234
1757679944104 5.989619368600683 235
1757679944206 5.918629504105777 236
1757679944309 5.848711409548097 237
1757679944410 5.779848900919239 238
1757679944511 5.712026038593896 239
1757679944614 5.6452271236395895 240
1757679944714 5.579436694182163 241
1757679944812 5.514639521826126 242
1757679944911 5.450820608129052 243
1757679945011 5.387965181129235 244
1757679945110 5.32605869192576 245
1757679945210 5.2650868113102165 246
1757679945305 5.205035426449289 247
1757679945405 5.145890637617433 248
1757679945506 5.087638754978876 249
1757679945608 5.030266295418238 250
1757679945713 4.973759979418977 251
1757679945811 4.9181067279890085 252
1757679945911 4.863293659632714 253
1757679946010 4.8093080873687 254
1757679946118 4.756137515792569 255
1757679946226 4.703769638184057 256
1757679946341 4.652192333657845 257
1757679946458 4.60139366435741 258
1757679946568 4.551361872691235 259
1757679946681 4.502085378610741 260
1757679946785 4.453552776929361 261
1757679946894 4.4057528346820645 262
1757679947001 4.358674488524751 263
1757679947109 4.312306842172954 264
1757679947215 4.266639163879167 265
1757679947317 4.221660883948302 266
1757679947424 4.17736159229065 267
1757679947529 4.133731036011797 268
1757679947635 4.090759117038924 269
1757679947740 4.048435889782962 270
1757679947844 4.006751558836047 271
1757679947950 3.965696476703733 272
1757679948075 3.9252611415714607 273
1757679948200 3.8854361951047625 274
1757679948315 3.8462124202826473 275
1757679948422 3.8075807392637575 276
1757679948528 3.7695322112846847 277
1757679948633 3.7320580305900863 278
1757679948739 3.695149524393997 279
1757679948848 3.658798150871977 280
1757679948974 3.62299549718354 281
1757679949080 3.5877332775244657 282
1757679949186 3.5530033312085134 283
1757679949286 3.5187976207781144 284
1757679949388 3.485108230143566 285
1757679949493 3.4519273627503586 286
1757679949595 3.4192473397741563 287
1757679949698 3.3870605983430364 288
1757679949800 3.355359689786573 289
1757679949904 3.3241372779113685 290
1757679950010 3.2933861373026128 291
1757679950114 3.263099151651298 292
1757679950216 3.233269312106694 293
1757679950320 3.203889715653686 294
1757679950423 3.174953563514637 295
1757679950531 3.1464541595753746 296
1757679950633 3.118384908834934 297
1757679950738 3.090739315878727 298
1757679950839 3.063510983374756 299
1757679950940 3.0366936105925424 300
1757679951042 3.0102809919444162 301
1757679951145 2.9842670155488316 302
1757679951249 2.9586456618153716 303
1757679951344 2.933411002051137 304
1757679951443 2.908557197088169 305
1757679951546 2.8840784959315786 306
1757679951650 2.8599692344281302 307
1757679951753 2.8362238339548993 308
1757679951859 2.8128368001277364 309
1757679951961 2.7898027215292447 310
1757679952062 2.7671162684559545 311
1757679952164 2.7447721916844214 312
1757679952267 2.7227653212559577 313
1757679952368 2.701090565279705 314
1757679952469 2.6797429087537945 315
1757679952572 2.658717412404301 316
1757679952678 2.6380092115417266 317
1757679952780 2.617613514934757 318
1757679952881 2.59752560370102 319
1757679952986 2.5777408302145983 320
1757679953089 2.5582546170300335 321
1757679953195 2.5390624558225867 322
1757679953300 2.5201599063444924 323
1757679953396 2.5015425953969803 324
1757679953498 2.48320621581781 325
1757679953613 2.4651465254841076 326
1757679953717 2.44735934633025 327
1757679953819 2.4298405633805795 328
1757679953922 2.412586123796735 329
1757679954025 2.3955920359393508 330
1757679954125 2.3788543684439456 331
1757679954233 2.3623692493107495 332
1757679954337 2.3461328650082747 333
1757679954437 2.33014145959044 334
1757679954542 2.314391333827005 335
1757679954653 2.2988788443471466 336
1757679954754 2.2836004027959698 337
1757679954860 2.268552475003751 338
1757679954964 2.2537315801677194 339
1757679955068 2.2391342900462115 340
1757679955173 2.224757228164978 341
1757679955278 2.210597069035479 342
1757679955376 2.1966505373849903 343
1757679955479 2.1829144073983304 344
1757679955582 2.1693855019710284 345
1757679955687 2.156060691973794 346
1757679955787 2.1429368955280657 347
1757679955890 2.1300110772925165 348
1757679955993 2.1172802477603274 349
1757679956098 2.104741462567076 350
1757679956208 2.0923918218090716 351
1757679956313 2.080228469371982 352
1757679956419 2.0682485922696134 353
1757679956527 2.0564494199926444 354
1757679956632 2.0448282238672344 355
1757679956737 2.033382316423279 356
1757679956843 2.0221090507722326 357
1757679956946 2.0110058199943106 358
1757679957053 2.0000700565349487 359
1757679957163 1.9892992316103806 360
1757679957268 1.9786908546221864 361
1757679957376 1.9682424725806869 362
1757679957482 1.95795166953703 363
1757679957591 1.9478160660238775 364
1757679957699 1.9378333185045125 365
1757679957804 1.9280011188302828 366
1757679957910 1.9183171937062349 367
1757679958016 1.9087793041647998 368
1757679958124 1.8993852450474584 369
1757679958229 1.8901328444941956 370
1757679958338 1.8810199634407014 371
1757679958447 1.8720444951231352 372
1757679958551 1.8632043645903817 373
1757679958655 1.8544975282236713 374
1757679958759 1.8459219732634542 375
1757679958867 1.8374757173434142 376
1757679958974 1.8291568080315224 377
1757679959074 1.8209633223780242 378
1757679959180 1.8128933664702465 379
1757679959285 1.804945074994131 380
1757679959390 1.7971166108023817 381
1757679959493 1.7894061644891466 382
1757679959598 1.7818119539711101 383
1757679959701 1.7743322240749149 384
1757679959806 1.766965246130814 385
1757679959909 1.7597093175724596 386
1757679960013 1.752562761542735 387
1757679960120 1.7455239265055345 388
1757679960223 1.7385911858634129 389
1757679960327 1.7317629375810037 390
1757679960431 1.725037603814122 391
1757679960537 1.7184136305444764 392
1757679960643 1.711889487219886 393
1757679960749 1.7054636663999365 394
1757679960854 1.6991346834069858 395
1757679960978 1.6929010759824472 396
1757679961084 1.6867614039482444 397
1757679961189 1.680714248873393 398
1757679961293 1.6747582137456165 399
1757679961400 1.668891922647915 400
1757679961499 1.6631140204400214 401
1757679961604 1.6574231724446682 402
1757679961711 1.651818064138585 403
1757679961816 1.6462974008481763 404
1757679961923 1.6408599074497772 405
1757679962029 1.635504328074449 406
1757679962136 1.6302294258172274 407
1757679962243 1.625033982450757 408
1757679962357 1.6199167981432583 409
1757679962469 1.614876691180747 410
1757679962574 1.6099124976934536 411
1757679962677 1.6050230713863654 412
1757679962782 1.6002072832738452 413
1757679962890 1.595464021418258 414
1757679962996 1.590792190672537 415
1757679963103 1.586190712426642 416
1757679963207 1.5816585243578458 417
1757679963315 1.5771945801847953 418
1757679963424 1.5727978494252737 419
1757679963527 1.5684673171576384 420
1757679963644 1.5642019837858459 421
1757679963753 1.5600008648080321 422
1757679963862 1.5558629905885875 423
1757679963972 1.551787406133669 424
1757679964080 1.5477731708701112 425
1757679964188 1.5438193584276643 426
1757679964294 1.5399250564245277 427
1757679964399 1.5360893662561241 428
1757679964507 1.532311402887053 429
1757679964621 1.5285902946461989 430
1757679964747 1.5249251830249193 431
1757679964855 1.5213152224782964 432
1757679964962 1.5177595802293746 433
1757679965069 1.5142574360763623 434
1757679965174 1.5108079822027463 435
1757679965280 1.5074104229902658 436
1757679965386 1.5040639748347182 437
1757679965491 1.500767865964545 438
1757679965596 1.4975213362621522 439
1757679965701 1.4943236370879331 440
1757679965824 1.4911740311069486 441
1757679965939 1.4880717921182227 442
1757679966045 1.4850162048866156 443
1757679966163 1.4820065649772383 444
1757679966273 1.479042178592364 445
1757679966385 1.4761223624108055 446
1757679966495 1.4732464434297172 447
1757679966604 1.4704137588087824 448
1757679966712 1.467623655716757 449
1757679966822 1.4648754911803326 450
1757679966934 1.4621686319352754 451
1757679967044 1.459502454279816 452
1757679967153 1.4568763439302592 453
1757679967260 1.45428969587876 454
1757679967366 1.4517419142532637 455
1757679967474 1.4492324121795483 456
1757679967578 1.4467606116453546 457
1757679967690 1.4443259433665687 458
1757679967798 1.441927846655428 459
1757679967905 1.4395657692907062 460
1757679968013 1.437239167389875 461
1757679968121 1.4349475052831817 462
1757679968229 1.432690255389634 463
1757679968335 1.430466898094862 464
1757679968457 1.4282769216308149 465
1757679968564 1.4261198219572797 466
1757679968672 1.423995102645195 467
1757679968777 1.4219022747617107 468
1757679968884 1.4198408567570027 469
1757679968991 1.4178103743527775 470
1757679969103 1.415810360432481 471
1757679969211 1.4138403549331426 472
1757679969316 1.4118999047388745 473
1757679969423 1.4099885635759615 474
1757679969528 1.4081058919095464 475
1757679969632 1.4062514568418665 476
1757679969739 1.4044248320120396 477
1757679969842 1.4026255974973483 478
1757679969954 1.400853339716024 479
1757679970074 1.399107651331496 480
1757680169844 1.3973881311580911 481
1757680170056 1.395694384068148 482
1757680170200 1.3940260209005422 483
1757680170340 1.3923826583705912 484
1757680170471 1.3907639189813146 485
1757680170624 1.3891694309360416 486
1757680170828 1.3875988280523335 487
1757680171076 1.3860517496772071 488
1757680171213 1.3845278406036374 489
1757680171322 1.383026750988324 490
1757680171582 1.381548136270698 491
1757680171799 1.3800916570931467 492
1757680171996 1.3786569792224512 493
1757680172208 1.3772437734724092 494
1757680172424 1.3758517156276173 495
1757680172645 1.3744804863684132 496
1757680172841 1.3731297711969506 497
1757680172990 1.3717992603643867 498
1757680173143 1.3704886487991705 499
