1757448349366 0.3512022234454815 0
1757448349464 0.41072516658620056 1
1757448349566 5.176716735067987 2
1757448349669 1.512246747275813 3
1757448349767 0.008518368825703487 4
1757448349864 0.6678309449431835 5
1757448349962 1.5249662797777175 6
1757448350063 0.7275700882101568 7
1757448350163 0.08166003235591839 8
1757448350263 0.11323564366844775 9
1757448350367 1.2716669348204481 10
1757448350469 1.1127531522671277 11
1757448350572 0.39196618734915606 12
1757448350677 2.308471685304871 13
1757448350776 2.0480184698551156 14
1757448350877 0.14278040300154599 15
1757448350978 0.41834068809250763 16
1757448351078 0.05274222575132568 17
1757448351178 0.12377846491054435 18
1757448351279 0.8851009006941732 19
1757448351379 1.206821510561483 20
1757448351481 0.23139832852520856 21
1757448351584 1.711476899268061 22
1757448351687 0.775725977802197 23
1757448351787 0.6794032361766127 24
1757448351889 0.054243589070933934 25
1757448351989 0.7224131280098136 26
1757448352088 2.745441952942179e-06 27
1757448352190 0.0010027879997906992 28
1757448352290 0.047853179772672394 29
1757448352390 0.16142296911622067 30
1757448352492 0.32868037326422794 31
1757448352594 1.2060104992069316 32
1757448352695 0.09765331049245864 33
1757448352796 0.36826225943528224 34
1757448352898 0.18651885753711048 35
1757448353001 0.08553378608694856 36
1757448353107 4.530979211126714 37
1757448353215 1.2536357141214454 38
1757448353314 0.18081688348046931 39
1757448353416 0.7074876332379625 40
1757448353515 0.08573128463509368 41
1757448353617 0.5568344528270771 42
1757448353716 1.2010672881811586 43
1757448353813 0.9869137613635395 44
1757448353913 0.027067785260752795 45
1757448354015 0.14384140560470193 46
1757448354114 1.0384786259824987 47
1757448354218 0.08627083973769947 48
1757448354322 4.74289195878608 49
1757448354424 0.8375428944046622 50
1757448354528 0.015594037177856051 51
1757448354633 0.3108011018183062 52
1757448354736 0.0009525776305702589 53
1757448354838 0.00769527780049273 54
1757448354938 0.10084725321320363 55
1757448355040 2.925540869582913 56
1757448355142 1.6925487767156577 57
1757448355246 3.10771200188966 58
1757448355348 0.527239606984495 59
1757448355450 0.010495201965016644 60
1757448355553 0.02874471943822243 61
1757448355657 0.2796008691402606 62
1757448355759 1.6904882313780376 63
1757448355860 0.5410325567307896 64
1757448355961 0.5065020357419452 65
1757448356063 0.16954047865591504 66
1757448356161 0.11931836386847855 67
1757448356260 0.010354377646262946 68
1757448356363 0.675049926706675 69
1757448356465 0.0061020783629028045 70
1757448356569 0.022124433149190655 71
1757448356674 0.43890522868712456 72
1757448356774 0.017380988159677146 73
1757448356877 0.22458247430710673 74
1757448356980 134.9328532245303 75
1757448357081 0.18203110633766498 76
1757448357185 0.08615325057426032 77
1757448357288 0.5084358089449346 78
1757448357392 0.5852797446414855 79
1757448357495 0.8623893523840006 80
1757448357597 0.9832334407132466 81
1757448357702 4.590167736879372 82
1757448357803 0.3160147615909464 83
1757448357904 2.966600380698205 84
1757448358006 0.673489708524759 85
1757448358109 0.6376631333815858 86
1757448358213 3.4966938107952155 87
1757448358315 0.07430972051867878 88
1757448358420 0.4994932866165875 89
1757448358522 0.1422438843522899 90
1757448358624 0.6989696029920219 91
1757448358724 0.17897760230974732 92
1757448358826 0.013875925704140613 93
1757448358934 0.22523754958115033 94
1757448359043 0.45224502862476373 95
1757448359139 0.06725027964452081 96
1757448359238 0.07147206095424 97
1757448359338 0.010399481775827425 98
1757448359439 1.1084517013404388e-05 99
1757448359543 0.28509441328585067 100
1757448359651 0.3754222038662306 101
1757448359753 0.572007910420691 102
1757448359854 9.415265192860923e-07 103
1757448359958 0.5719015606307309 104
1757448360062 0.5588954069877794 105
1757448360167 0.4624136758675453 106
1757448360271 0.12227447672529518 107
1757448360376 1.6435912411834985 108
1757448360480 3.080092262839221 109
1757448360585 0.017034146002745575 110
1757448360690 6.740149096301261 111
1757448360795 0.05816482107639833 112
1757448360898 0.009792130134096971 113
1757448361002 1.5933208675281936 114
1757448361105 1.329508881146266 115
1757448361207 0.5670286170972508 116
1757448361313 0.22168946038407875 117
1757448361416 0.44724086577094885 118
1757448361520 0.1302592506150856 119
1757448361624 5.973092390798691 120
1757448361728 0.1889466980681563 121
1757448361833 1.283487615883253 122
1757448361935 1.2072511362746958 123
1757448362038 2.75795146734622 124
1757448362141 0.013398794391703403 125
1757448362242 0.8024237716911049 126
1757448362343 0.54716080860149 127
1757448362446 0.05805449026331597 128
1757448362547 0.06434405649446835 129
1757448362651 0.24695516142309806 130
1757448362753 0.3786255968438559 131
1757448362855 0.0056570010000227145 132
1757448362958 0.4275014875305151 133
1757448363061 0.9772497629702669 134
1757448363165 0.4098159961868751 135
1757448363266 0.7917431304870596 136
1757448363366 0.01315520812599843 137
1757448363466 0.00878094522514035 138
1757448363568 0.30904326922002867 139
1757448363668 2.586245888846788 140
1757448363767 4.8682869979707855 141
1757448363870 0.7089066468618157 142
1757448363973 0.5237292721569937 143
1757448364076 0.033939249297450444 144
1757448364178 0.9576218444113488 145
1757448364279 6.203004277059572 146
1757448364382 0.025791834872715382 147
1757448364485 1.2215892826830979 148
1757448364588 0.0005396116078249801 149
1757448364690 1.2567697718188844 150
1757448364793 0.7977083647669737 151
1757448364896 0.49248156525809306 152
1757448364999 0.15732605917236991 153
1757448365104 0.518636007893217 154
1757448365210 0.01320644001333173 155
1757448365314 0.05438543319240698 156
1757448365426 0.03132958270830257 157
1757448365532 0.003367823311827416 158
1757448365635 1.9320771043676601 159
1757448365738 0.39127488922127573 160
1757448365840 0.0017651323707678604 161
1757448365943 0.48114884980658446 162
1757448366048 0.046105745279062485 163
1757448366153 0.002173139740326135 164
1757448366256 0.3796985526104137 165
1757448366358 0.14052410517702751 166
1757448366462 0.01352166883446627 167
1757448366565 0.11445320492512634 168
1757448366670 0.10404180840285038 169
1757448366773 0.008747022220771714 170
1757448366878 0.5118870268480528 171
1757448366983 0.9834611769791197 172
1757448367087 1.163393660484219 173
1757448367189 0.16798039698050501 174
1757448367292 0.6996267280207313 175
1757448367396 1.572698581489412 176
1757448367500 0.33277073850888056 177
1757448367604 0.37427106495960505 178
1757448367705 6.003978928817333 179
1757448367808 0.4985635888825341 180
1757448367909 0.0005373776546665841 181
1757448368012 0.042354932533979664 182
1757448368117 0.2911264538921399 183
1757448368223 0.08456215387316776 184
1757448368326 0.4679904096714779 185
1757448368425 7.13318223709405 186
1757448368525 0.41078230754006284 187
1757448368632 0.028586241883082213 188
1757448368733 0.1487247621393193 189
1757448368838 0.14739324503047138 190
1757448368940 1.0737919013519324 191
1757448369044 0.013603570817196254 192
1757448369147 0.6647642062623718 193
1757448369251 0.3125507358329176 194
1757448369358 0.8629778997377614 195
1757448369464 0.014564264218092442 196
1757448369570 0.0023408253046203393 197
1757448369675 0.8933818135399524 198
1757448369778 0.4727330634668953 199
1757448369882 0.605123471741151 200
1757448369987 0.140318824696774 201
1757448370093 1.0808425442159861 202
1757448370196 1.773962468538272 203
1757448370301 0.08946135246487417 204
1757448370399 0.23515637124437683 205
1757448370497 0.11631901150049642 206
1757448370596 0.17594455693214234 207
1757448370699 0.026575335853384074 208
1757448370799 1.4706166683660533 209
1757448370903 4.518358175400315 210
1757448371002 0.25930800639407653 211
1757448371101 1.3385242647473972 212
1757448371202 0.553330469038737 213
1757448371305 0.05661299295338897 214
1757448371408 0.20554174019657903 215
1757448371510 0.0010769252376893678 216
1757448371613 0.3717642665305014 217
1757448371715 5.390436174292767e-05 218
1757448371819 0.0033652842961810633 219
1757448371921 0.882713237150474 220
1757448372025 0.07707197823520796 221
1757448372130 3.264844387342129 222
1757448372235 12.900274271807366 223
1757448372336 0.10850621240479456 224
1757448372440 1.2700549711875377 225
1757448372542 0.5013392849628411 226
1757448372644 0.0004764672622182254 227
1757448372747 0.39110996869742065 228
1757448372849 0.1431540867733421 229
1757448372949 0.20663824920545948 230
1757448373054 0.16338325745232146 231
1757448373158 0.2410483240894571 232
1757448373265 0.08655549003676798 233
1757448373370 0.035094670922052484 234
1757448373471 0.3868281719443213 235
1757448373575 0.20213812701857597 236
1757448373682 0.11575086507878332 237
1757448373788 1.06630541330699 238
1757448373890 0.3392693779547409 239
1757448373994 0.32913519304935146 240
1757448374098 0.06745106865375389 241
1757448374203 0.5777129475100965 242
1757448374309 0.0033256381642077937 243
1757448374410 0.35661264565325973 244
1757448374514 0.15155941550789095 245
1757448374616 0.2405869949383515 246
1757448374719 0.12416106054188965 247
1757448374824 6.797601407631501 248
1757448374932 0.4784315035046886 249
1757448375041 0.07533455896526721 250
1757448375145 0.26058432869889103 251
1757448375248 0.1551207757176101 252
1757448375353 0.3918195287703937 253
1757448375459 0.044433243347058865 254
1757448375566 0.7271062420395409 255
1757448375671 0.36564398976131873 256
1757448375776 0.2272392468979831 257
1757448375884 0.5011875830502848 258
1757448375986 0.2730367782880557 259
1757448376091 0.5978612035178495 260
1757448376195 0.5607150370734569 261
1757448376300 0.2767537836846037 262
1757448376405 0.027199717003353798 263
1757448376509 0.8119527274863207 264
1757448376612 0.0022966825721918026 265
1757448376717 0.027686648765014917 266
1757448376821 0.45914341970879646 267
1757448376927 0.8548273516704467 268
1757448377032 0.0006721174262789803 269
1757448377136 0.1922280761778595 270
1757448377237 0.7974463530379711 271
1757448377337 0.05753455993698408 272
1757448377441 0.02973305073606833 273
