1757446220144 169.38634097125342 0
1757446220217 169.12978799096558 1
1757446220293 169.00322336151888 2
1757446220355 168.87599035896102 3
1757446220421 168.74885758138964 4
1757446220486 168.62182463714194 5
1757446220546 168.49489144664096 6
1757446220612 168.36805793024715 7
1757446220677 168.24132400838513 8
1757446220732 168.11468960154363 9
1757446220797 167.98815463027543 10
1757446220865 167.86171901519714 11
1757446220935 167.73538267698947 12
1757446221006 167.60914553639685 13
1757446221076 167.4830075142277 14
1757446221150 167.35696853135406 15
1757446221222 167.23102850871172 16
1757446221291 167.10518736730018 17
1757446221366 166.97944502818257 18
1757446221435 166.85380141248547 19
1757446221505 166.7282564413991 20
1757446221578 166.60281003617703 21
1757446221651 166.47746211813637 22
1757446221722 166.35221260865745 23
1757446221793 166.22706142918395 24
1757446221861 166.10200850122285 25
1757446221932 165.9770537463443 26
1757446221999 165.85219708618155 27
1757446222138 165.7274384424311 28
1757446222261 165.60277773685232 29
1757446222313 165.47821489126775 30
1757446222361 165.3537498275627 31
1757446222409 165.22938246768553 32
1757446222460 165.10511273364736 33
1757446222520 164.98094054752215 34
1757446222582 164.85686583144658 35
1757446222645 164.73288850762 36
1757446222714 164.6090084983045 37
1757446222775 164.48522572582465 38
1757446222848 164.3615401125676 39
1757446222916 164.23795158098307 40
1757446222985 164.11446005358306 41
1757446223080 163.99106545294205 42
1757446223149 163.86776770169698 43
1757446223226 163.74456672254686 44
1757446223298 163.62146243825308 45
1757446223372 163.49845477163913 46
1757446223443 163.37554364559074 47
1757446223514 163.25272898305568 48
1757446223582 163.13001070704368 49
1757446223649 163.00738874062665 50
1757446223727 162.88486300693825 51
1757446223800 162.76243342917408 52
1757446223867 162.64009993059162 53
1757446223935 162.51786243451014 54
1757446224006 162.39572086431056 55
1757446224074 162.2736751434356 56
1757446224146 162.1517251953896 57
1757446224218 162.02987094373833 58
1757446224290 161.90811231210932 59
1757446224362 161.7864492241915 60
1757446224432 161.66488160373515 61
1757446224502 161.54340937455214 62
1757446224572 161.42203246051542 63
1757446224640 161.30075078555947 64
1757446224708 161.17956427367986 65
1757446224773 161.0584728489334 66
1757446224838 160.9374764354381 67
1757446224903 160.81657495737292 68
1757446224966 160.69576833897798 69
1757446225032 160.57505650455434 70
1757446225098 160.45443937846406 71
1757446225164 160.33391688513004 72
1757446225222 160.21348894903602 73
1757446225275 160.0931554947266 74
1757446225335 159.972916446807 75
1757446225397 159.8527717299433 76
1757446225473 159.73272126886215 77
1757446225538 159.61276498835073 78
1757446225609 159.4929028132569 79
1757446225682 159.37313466848892 80
1757446225750 159.25346047901556 81
1757446225817 159.13388016986602 82
1757446225881 159.01439366612976 83
1757446225950 158.89500089295657 84
1757446226022 158.77570177555666 85
1757446226088 158.65649623920012 86
1757446226157 158.53738420921752 87
1757446226224 158.41836561099942 88
1757446226290 158.29944036999635 89
1757446226354 158.18060841171902 90
1757446226419 158.06186966173806 91
1757446226488 157.94322404568385 92
1757446226552 157.8246714892469 93
1757446226619 157.70621191817733 94
1757446226689 157.58784525828517 95
1757446226754 157.4695714354401 96
1757446226811 157.35139037557144 97
1757446226875 157.23330200466825 98
1757446226941 157.11530624877912 99
1757446227008 156.9974030340121 100
1757446227074 156.87959228653483 101
1757446227140 156.7618739325743 102
1757446227204 156.64424789841698 103
1757446227270 156.52671411040856 104
1757446227337 156.4092724949541 105
1757446227405 156.29192297851787 106
1757446227477 156.17466548762337 107
1757446227547 156.0574999488532 108
1757446227619 155.9404262888491 109
1757446227692 155.82344443431185 110
1757446227767 155.70655431200117 111
1757446227836 155.58975584873585 112
1757446227907 155.4730489713935 113
1757446227979 155.35643360691063 114
1757446228051 155.23990968228253 115
1757446228121 155.1234771245633 116
1757446228209 155.00713586086573 117
1757446228281 154.89088581836126 118
1757446228351 154.77472692428 119
1757446228422 154.6586591059106 120
1757446228498 154.54268229060023 121
1757446228568 154.4267964057546 122
1757446228638 154.31100137883777 123
1757446228713 154.19529713737228 124
1757446228782 154.0796836089389 125
1757446228847 153.96416072117677 126
1757446228918 153.84872840178323 127
1757446228990 153.73338657851386 128
1757446229062 153.61813517918236 129
1757446229135 153.50297413166058 130
1757446229209 153.3879033638783 131
1757446229283 153.2729228038235 132
1757446229356 153.15803237954196 133
1757446229429 153.04323201913743 134
1757446229501 152.92852165077156 135
1757446229574 152.81390120266374 136
1757446229647 152.69937060309127 137
1757446229723 152.58492978038907 138
1757446229802 152.47057866294975 139
1757446229871 152.3563171792236 140
1757446229943 152.24214525771845 141
1757446230014 152.12806282699967 142
1757446230084 152.01406981569022 143
1757446230153 151.90016615247038 144
1757446230222 151.78635176607793 145
1757446230293 151.67262658530794 146
1757446230363 151.55899053901283 147
1757446230433 151.44544355610222 148
1757446230502 151.3319855655431 149
1757446230575 151.21861649635946 150
1757446230646 151.1053362776325 151
1757446230722 150.99214483850045 152
1757446230795 150.87904210815864 153
1757446230861 150.76602801585932 154
1757446230932 150.65310249091172 155
1757446231000 150.54026546268196 156
1757446231075 150.427516860593 157
1757446231146 150.31485661412455 158
1757446231217 150.2022846528132 159
1757446231295 150.08980090625215 160
1757446231375 149.97740530409126 161
1757446231446 149.86509777603706 162
1757446231517 149.7528782518527 163
1757446231588 149.6407466613577 164
1757446231660 149.5287029344282 165
1757446231729 149.41674700099665 166
1757446231799 149.30487879105203 167
1757446231870 149.19309823463962 168
1757446231942 149.08140526186094 169
1757446232017 148.96979980287384 170
1757446232089 148.85828178789225 171
1757446232163 148.74685114718648 172
1757446232239 148.6355078110827 173
1757446232311 148.52425170996338 174
1757446232383 148.41308277426683 175
1757446232455 148.30200093448752 176
1757446232527 148.1910061211757 177
1757446232598 148.08009826493756 178
1757446232669 147.96927729643522 179
1757446232739 147.85854314638644 180
1757446232813 147.74789574556488 181
1757446232881 147.63733502479985 182
1757446232954 147.52686091497628 183
1757446233025 147.41647334703484 184
1757446233098 147.30617225197162 185
1757446233167 147.19595756083842 186
1757446233238 147.0858292047423 187
1757446233312 146.975787114846 188
1757446233385 146.86583122236752 189
1757446233461 146.75596145858017 190
1757446233535 146.64617775481267 191
1757446233604 146.53648004244894 192
1757446233674 146.4268682529282 193
1757446233747 146.3173423177447 194
1757446233820 146.20790216844787 195
1757446233891 146.09854773664236 196
1757446233967 145.98927895398768 197
1757446234038 145.88009575219837 198
1757446234110 145.77099806304395 199
1757446234185 145.6619858183489 200
1757446234257 145.55305894999248 201
1757446234330 145.44421738990874 202
1757446234404 145.3354610700866 203
1757446234473 145.22678992256962 204
1757446234547 145.11820387945613 205
1757446234618 145.009702872899 206
1757446234690 144.90128683510574 207
1757446234762 144.7929556983384 208
1757446234835 144.68470939491363 209
1757446234898 144.57654785720234 210
1757446234970 144.4684710176301 211
1757446235042 144.36047880867667 212
1757446235117 144.2525711628762 213
1757446235189 144.14474801281713 214
1757446235259 144.03700929114214 215
1757446235333 143.92935493054816 216
1757446235406 143.82178486378615 217
1757446235479 143.7142990236613 218
1757446235552 143.60689734303284 219
1757446235629 143.499579754814 220
1757446235703 143.39234619197197 221
1757446235775 143.2851965875279 222
1757446235852 143.1781308745569 223
1757446235926 143.07114898618775 224
1757446235998 142.96425085560324 225
1757446236065 142.85743641603983 226
1757446236123 142.75070560078768 227
1757446236189 142.64405834319064 228
1757446236260 142.5374945766462 229
1757446236328 142.43101423460544 230
1757446236401 142.324617250573 231
1757446236471 142.21830355810698 232
1757446236545 142.11207309081897 233
1757446236618 142.00592578237396 234
1757446236693 141.89986156649033 235
1757446236766 141.79388037693977 236
1757446236840 141.68798214754727 237
1757446236912 141.58216681219102 238
1757446236982 141.47643430480247 239
1757446237055 141.37078455936626 240
1757446237126 141.26521750992 241
1757446237211 141.15973309055448 242
1757446237291 141.05433123541354 243
1757446237366 140.9490118786939 244
1757446237445 140.84377495464534 245
1757446237522 140.73862039757043 246
1757446237593 140.63354814182466 247
1757446237666 140.52855812181633 248
1757446237737 140.4236502720065 249
1757446237814 140.31882452690897 250
1757446237888 140.21408082109022 251
1757446237965 140.10941908916936 252
1757446238041 140.00483926581808 253
1757446238117 139.90034128576073 254
1757446238192 139.79592508377405 255
1757446238265 139.69159059468734 256
1757446238337 139.5873377533823 257
1757446238411 139.48316649479295 258
1757446238488 139.3790767539058 259
1757446238560 139.27506846575957 260
1757446238632 139.17114156544523 261
1757446238705 139.06729598810605 262
1757446238777 138.96353166893738 263
1757446238848 138.85984854318676 264
1757446238920 138.75624654615385 265
1757446238994 138.65272561319026 266
1757446239066 138.5492856796997 267
1757446239137 138.44592668113788 268
1757446239205 138.34264855301225 269
1757446239275 138.23945123088237 270
1757446239345 138.13633465035946 271
1757446239420 138.0332987471067 272
1757446239496 137.93034345683887 273
1757446239569 137.8274687153225 274
1757446239644 137.72467445837597 275
1757446239721 137.62196062186905 276
1757446239802 137.5193271417232 277
1757446239876 137.41677395391142 278
1757446239954 137.3143009944583 279
1757446240035 137.21190819943976 280
1757446240109 137.10959550498316 281
1757446240184 137.0073628472674 282
1757446240259 136.90521016252254 283
1757446240335 136.80313738702995 284
1757446240411 136.70114445712235 285
1757446240488 136.59923130918366 286
1757446240564 136.49739787964896 287
1757446240642 136.39564410500438 288
1757446240713 136.29396992178727 289
1757446240790 136.19237526658594 290
1757446240869 136.09086007603975 291
1757446240940 135.98942428683904 292
1757446241009 135.88806783572502 293
1757446241082 135.78679065948984 294
1757446241158 135.68559269497646 295
1757446241233 135.5844738790787 296
1757446241305 135.48343414874103 297
1757446241379 135.38247344095876 298
1757446241456 135.28159169277782 299
1757446241532 135.18078884129477 300
1757446241611 135.08006482365684 301
1757446241687 134.97941957706166 302
1757446241764 134.8788530387576 303
1757446241838 134.77836514604328 304
1757446241914 134.67795583626793 305
1757446241990 134.57762504683106 306
1757446242064 134.47737271518264 307
1757446242135 134.3771987788228 308
1757446242248 134.2771031753021 309
1757446242324 134.1770858422212 310
1757446242399 134.0771467172311 311
1757446242478 133.9772857380328 312
1757446242554 133.87750284237748 313
1757446242630 133.77779796806635 314
1757446242704 133.67817105295074 315
1757446242785 133.5786220349319 316
1757446242861 133.47915085196092 317
1757446242937 133.37975744203908 318
1757446243004 133.28044174321724 319
1757446243071 133.18120369359625 320
1757446243139 133.0820432313267 321
1757446243209 132.9829602946089 322
1757446243282 132.88395482169292 323
1757446243358 132.78502675087844 324
1757446243435 132.68617602051486 325
1757446243513 132.58740256900097 326
1757446243591 132.48870633478538 327
1757446243670 132.39008725636594 328
1757446243742 132.29154527229016 329
1757446243820 132.19308032115487 330
1757446243897 132.09469234160633 331
1757446243971 131.9963812723401 332
1757446244047 131.89814705210105 333
1757446244122 131.79998961968343 334
1757446244201 131.70190891393057 335
1757446244278 131.60390487373505 336
1757446244354 131.50597743803857 337
1757446244429 131.408126545832 338
1757446244503 131.3103521361552 339
1757446244577 131.21265414809707 340
1757446244652 131.11503252079558 341
1757446244729 131.0174871934375 342
1757446244804 130.92001810525863 343
1757446244881 130.82262519554362 344
1757446244957 130.72530840362595 345
1757446245030 130.62806766888784 346
1757446245104 130.53090293076022 347
1757446245179 130.43381412872296 348
1757446245256 130.3368012023043 349
1757446245332 130.23986409108133 350
1757446245408 130.14300273467964 351
1757446245484 130.0462170727734 352
1757446245558 129.94950704508528 353
1757446245629 129.85287259138642 354
1757446245707 129.7563136514964 355
1757446245788 129.65983016528327 356
1757446245867 129.5634220726633 357
1757446245944 129.46708931360118 358
1757446246017 129.37083182810986 359
1757446246092 129.2746495562505 360
1757446246167 129.17854243813252 361
1757446246246 129.08251041391344 362
1757446246324 128.98655342379894 363
1757446246402 128.89067140804278 364
1757446246480 128.79486430694672 365
1757446246559 128.6991320608606 366
1757446246645 128.60347461018222 367
1757446246721 128.50789189535726 368
1757446246798 128.41238385687927 369
1757446246875 128.31695043528978 370
1757446246938 128.22159157117807 371
1757446246997 128.1263072051811 372
1757446247064 128.03109727798363 373
1757446247136 127.93596173031821 374
1757446247209 127.84090050296496 375
1757446247284 127.74591353675157 376
1757446247369 127.6510007725534 377
1757446247446 127.55616215129338 378
1757446247523 127.4613976139418 379
1757446247601 127.36670710151658 380
1757446247681 127.27209055508297 381
1757446247760 127.17754791575365 382
1757446247838 127.08307912468861 383
1757446247916 126.98868412309524 384
1757446247991 126.89436285222807 385
1757446248077 126.80011525338902 386
1757446248155 126.70594126792706 387
1757446248232 126.61184083723845 388
1757446248311 126.51781390276652 389
1757446248392 126.42386040600165 390
1757446248472 126.32998028848132 391
1757446248552 126.23617349179 392
1757446248629 126.14243995755909 393
1757446248708 126.04877962746701 394
1757446248787 125.95519244323899 395
1757446248868 125.86167834664715 396
1757446248947 125.76823727951046 397
1757446249019 125.6748691836946 398
1757446249087 125.58157400111209 399
1757446249152 125.48835167372202 400
1757446249223 125.39520214353031 401
1757446249293 125.3021253525894 402
1757446249366 125.20912124299834 403
1757446249438 125.11618975690273 404
1757446249515 125.02333083649472 405
1757446249590 124.93054442401292 406
1757446249668 124.83783046174237 407
1757446249746 124.74518889201453 408
1757446249818 124.65261965720725 409
1757446249894 124.56012269974465 410
1757446249975 124.4676979620972 411
1757446250051 124.37534538678156 412
1757446250128 124.28306491636071 413
1757446250207 124.19085649344366 414
1757446250284 124.09872006068574 415
1757446250362 124.00665556078822 416
1757446250442 123.91466293649854 417
1757446250526 123.82274213061017 418
1757446250621 123.73089308596249 419
1757446250695 123.63911574544089 420
1757446250768 123.54741005197675 421
1757446250839 123.45577594854721 422
1757446250915 123.36421337817531 423
1757446250989 123.27272228392991 424
1757446251064 123.18130260892563 425
1757446251137 123.0899542963228 426
1757446251211 122.99867728932752 427
1757446251289 122.90747153119139 428
1757446251367 122.81633696521183 429
1757446251446 122.72527353473174 430
1757446251526 122.63428118313956 431
1757446251605 122.54335985386932 432
1757446251683 122.45250949040042 433
1757446251762 122.36173003625773 434
1757446251842 122.27102143501163 435
1757446251921 122.18038363027772 436
1757446251997 122.08981656571703 437
1757446252071 121.99932018503578 438
1757446252147 121.90889443198557 439
1757446252226 121.81853925036316 440
1757446252308 121.72825458401044 441
1757446252387 121.6380403768145 442
1757446252466 121.54789657270757 443
1757446252545 121.45782311566691 444
1757446252623 121.36781994971483 445
1757446252702 121.2778870189186 446
1757446252780 121.18802426739053 447
1757446252861 121.0982316392878 448
1757446252942 121.00850907881252 449
1757446253024 120.91885653021158 450
1757446253095 120.82927393777678 451
1757446253169 120.73976124584469 452
1757446253242 120.65031839879651 453
1757446253322 120.56094534105834 454
1757446253409 120.47164201710083 455
1757446253483 120.38240837143927 456
1757446253559 120.29324434863358 457
1757446253635 120.20414989328829 458
1757446253710 120.11512495005232 459
1757446253790 120.02616946361928 460
1757446253862 119.93728337872706 461
1757446253935 119.84846664015807 462
1757446254013 119.75971919273903 463
1757446254090 119.67104098134115 464
1757446254171 119.58243195087982 465
1757446254249 119.49389204631478 466
1757446254325 119.40542121264994 467
1757446254401 119.3170193949335 468
1757446254477 119.22868653825778 469
1757446254553 119.14042258775928 470
1757446254628 119.05222748861851 471
1757446254702 118.96410118606016 472
1757446254780 118.87604362535292 473
1757446254859 118.78805475180937 474
1757446254935 118.70013451078619 475
1757446255020 118.61228284768386 476
1757446255097 118.52449970794684 477
1757446255168 118.43678503706343 478
1757446255241 118.3491387805657 479
1757446255315 118.26156088402948 480
1757446255391 118.17405129307443 481
1757446255469 118.08660995336389 482
1757446255544 117.99923681060483 483
1757446255619 117.91193181054788 484
1757446255696 117.8246948989873 485
1757446255769 117.7375260217609 486
1757446255844 117.65042512475004 487
1757446255920 117.5633921538795 488
1757446256015 117.4764270551177 489
1757446256105 117.38952977447629 490
1757446256185 117.30270025801038 491
1757446256261 117.2159384518185 492
1757446256333 117.12924430204245 493
1757446256409 117.04261775486734 494
1757446256488 116.95605875652146 495
1757446256566 116.8695672532764 496
1757446256641 116.78314319144694 497
1757446256722 116.69678651739095 498
1757446256793 116.61049717750943 499
