1757659270047 0.42361878174148215 0
1757659270201 1.1348068840786196 1
1757659270360 0.8153568131316682 2
1757659270518 0.005257658801103218 3
1757659270672 0.0031180791588468343 4
1757659270820 0.01962883418760544 5
1757659270973 0.2376143524823996 6
1757659271124 0.02818621307336763 7
1757659271272 0.5669942065979806 8
1757659271434 1.0469013407308445 9
1757659271589 0.8053191240220988 10
1757659271792 0.033505375569394764 11
1757659271953 0.1900528637571571 12
1757659272086 0.10253808564923221 13
1757659272215 0.6122626935008973 14
1757659272346 0.343381997398011 15
1757659272472 0.20256628957157558 16
1757659272594 0.4600702879477233 17
1757659272720 3.432572299789897 18
1757659272843 0.2766552933201125 19
1757659272970 0.2823426106570665 20
1757659273092 0.05074188824105575 21
1757659273220 0.00046409591262889355 22
1757659273340 0.2977285285932346 23
1757659273470 2.566805134987395 24
1757659273592 0.13204045838139641 25
1757659273718 0.003740046111867571 26
1757659273839 0.3160467794575144 27
1757659273968 0.08375326443541743 28
1757659274088 0.5547993573317801 29
1757659274219 0.11568034450823635 30
1757659274338 0.650343420224676 31
1757659274468 0.04514741919123673 32
1757659274587 0.39181390343341 33
1757659274717 0.5848390429831978 34
1757659274839 0.5346858243370161 35
1757659274970 0.07032784908896825 36
1757659275089 1.38320291829298 37
1757659275217 0.5762251867789204 38
1757659275334 1.2007821771960985 39
1757659275464 0.00038579343346377106 40
1757659275585 0.8223287751864831 41
1757659275712 0.23209079726526502 42
1757659275831 0.6100047472119492 43
1757659275960 0.07107233814587298 44
1757659276082 0.15672290070215378 45
1757659276210 1.1189155532092998 46
1757659276331 0.026314463717304802 47
1757659276458 2.1015794410837283 48
1757659276578 0.1156177676482972 49
1757659276706 0.20437974754533475 50
1757659276825 1.1373369639986792 51
1757659276950 0.406561024198854 52
1757659277069 0.2687485304733705 53
1757659277194 0.024609486351644512 54
1757659277315 0.7657283488632195 55
1757659277440 0.276063788750893 56
1757659277559 0.10987355922688825 57
1757659277686 0.5041465037269454 58
1757659277807 1.8125425836814817 59
1757659277932 0.0025959505823137385 60
1757659278055 3.5115185311335764 61
1757659278180 0.24808270316568076 62
1757659278300 1.9942468385573022 63
1757659278424 0.26670461196070505 64
1757659278548 0.17627181875221393 65
1757659278672 1.0958185255885864 66
1757659278793 0.6490292408174385 67
1757659278917 1.5776640259105563 68
1757659279040 0.0020036346157176355 69
1757659279165 1.1680421831609522 70
1757659279287 0.2998260124108727 71
1757659279411 0.4263180147404726 72
1757659279545 1.2629164553880141 73
1757659279671 1.0193885730372163e-05 74
1757659279795 0.0024565149652851924 75
1757659279920 0.057450596944435314 76
1757659280045 0.3251281177646273 77
1757659280170 0.01247508970074963 78
1757659280295 0.03456601075329893 79
1757659280421 1.8159881652348797 80
1757659280546 0.9231624925665878 81
1757659280669 0.12608135664249437 82
1757659280794 0.046224697805746354 83
1757659280917 5.525602459582018 84
1757659281043 1.2002855930334644 85
1757659281167 0.12112125802093841 86
1757659281293 0.21299151571067892 87
1757659281417 0.027200718464245714 88
1757659281548 1.9430922458905935 89
1757659281674 0.1305444515234505 90
1757659281802 2.978622024008414 91
1757659281928 0.13637020744002934 92
1757659282059 0.30163926976144845 93
1757659282186 0.0025383649592057274 94
1757659282309 1.1062545377195367 95
1757659282434 0.16576004683288867 96
1757659282561 0.7642041843032598 97
1757659282685 0.6478403041354734 98
1757659282810 1.3449645391738079 99
1757659282937 0.10710523328327487 100
1757659283061 0.3091237695879166 101
1757659283186 1.0421597360625972 102
1757659283313 1.242329409310023 103
1757659283438 0.10073772872576749 104
1757659283566 1.085944800288702 105
1757659283691 0.18685996308764183 106
1757659283819 0.14305435018840648 107
1757659283946 0.03885571998100686 108
1757659284070 0.06743216979721776 109
1757659284195 0.34325527154808244 110
1757659284321 0.6273245172084446 111
1757659284442 0.32050706350769714 112
1757659284571 0.009356779097349575 113
1757659284695 0.25148593575302114 114
1757659284823 0.00244749340851165 115
1757659284948 2.6068717626709774 116
1757659285076 0.061297384955210275 117
1757659285201 0.015393604788730829 118
1757659285329 1.36796128407886 119
1757659285453 0.942293023334376 120
1757659285581 0.4393931408900707 121
1757659285705 0.7707598001816066 122
1757659285833 1.505476216574023 123
1757659285960 0.18059244315276587 124
1757659286086 0.06116861200788874 125
1757659286210 0.002038000577698842 126
1757659286338 0.5453318027727326 127
1757659286462 1.5741383341314203 128
1757659286589 0.9409047460771828 129
1757659286715 0.13162555317646787 130
1757659286843 0.11568664653531772 131
1757659286971 3.5205822740087957e-06 132
1757659287097 0.23994821907792319 133
1757659287222 0.16772239975153888 134
1757659287349 1.5536836870454835 135
1757659287476 0.23957415499263035 136
1757659287602 1.3006505362319822 137
1757659287728 1.6987050615314565 138
1757659287854 0.4566928829847015 139
1757659287982 0.5847871955603398 140
1757659288106 2.0160325444450238 141
1757659288232 0.0004193436066288427 142
1757659288361 0.054310180381616766 143
1757659288487 0.406954396811443 144
1757659288616 4.2217399127889035 145
1757659288743 0.08167715088025353 146
1757659288869 0.9502622177583434 147
1757659288996 0.24302203578706644 148
1757659289120 0.3566751712788059 149
1757659289247 0.0540755929379627 150
1757659289373 0.11107619522547833 151
1757659289499 0.0015355326681053755 152
1757659289623 0.5642224446790077 153
1757659289749 0.13830841083790302 154
1757659289876 2.004319765378345 155
1757659290001 0.44272598526505 156
1757659290128 0.06886872920240414 157
1757659290257 0.12240526386266062 158
1757659290385 1.9974408897051894 159
1757659290511 0.006667173861307717 160
1757659290637 1.935052062572753 161
1757659290764 0.016643098662773134 162
1757659290888 1.4117252296297236 163
1757659291014 0.0042400109461225785 164
1757659291141 1.684470147046616 165
1757659291269 0.8712203106647198 166
1757659291394 0.5642060997724034 167
1757659291521 1.0998488041256167 168
1757659291646 1.1321762968338775 169
1757659291774 0.2521829046162807 170
1757659291899 0.11935827827749514 171
1757659292027 4.002076854573089 172
1757659292154 0.9533960523386544 173
1757659292280 0.6371417777690266 174
1757659292404 0.037148552458103966 175
1757659292531 0.000708624405062191 176
1757659292657 0.26950604046370946 177
1757659292783 0.3204494593784006 178
1757659292908 4.054210908654512 179
1757659293036 0.710252214267159 180
1757659293159 0.1847230969467405 181
1757659293287 0.0003919453408161124 182
1757659293412 1.823103023510644 183
1757659293538 0.7180724027661223 184
1757659293666 2.515120365757819 185
1757659293793 0.010153043174890073 186
1757659293917 1.4801191195191303 187
1757659294044 0.5001751760575005 188
1757659294168 0.15859944897352848 189
1757659294295 0.0052457149420469945 190
1757659294420 0.5673883272385751 191
1757659294546 0.3158053016851426 192
1757659294671 1.036887918996447 193
1757659294797 0.04497394397629818 194
1757659294922 0.071475847816205 195
1757659295048 0.3349427109738416 196
1757659295177 0.1316429127450077 197
1757659295306 0.033231878909479554 198
1757659295433 0.9407674420475887 199
1757659295561 0.013601624031909912 200
1757659295684 0.40797720515284097 201
1757659295811 0.8181881420224905 202
1757659295936 2.339662557105849 203
1757659296065 0.5194384468715126 204
1757659296191 1.1112167689127213 205
1757659296319 3.6788721118329435 206
1757659296444 0.9216040491723094 207
1757659296572 0.6005237719678205 208
1757659296701 0.13157942735466946 209
1757659296829 0.35029196827440534 210
1757659296953 0.13074695899665092 211
1757659297081 0.05470430042234095 212
1757659297206 1.0910205859444853 213
1757659297335 0.9351573161368384 214
1757659297460 1.2025991550831316 215
1757659297586 0.26892954332929303 216
1757659297710 0.14067343676469707 217
1757659297837 4.004836554968358 218
1757659297963 0.003290346798209489 219
1757659298090 0.45572622423142334 220
1757659298216 0.036225838935500694 221
1757659298344 1.1599726912365058 222
1757659298470 0.02930771406388267 223
1757659298599 0.9199946041790736 224
1757659298723 0.33491758387180015 225
1757659298850 1.4830317474116539 226
1757659298973 1.1575244153001882 227
1757659299101 0.9071302366315537 228
1757659299226 0.7810564205109051 229
1757659299355 0.4579904939711561 230
1757659299481 2.1455076953437695 231
1757659299607 0.5804754420210043 232
1757659299731 0.3403496130884221 233
1757659299858 0.08788154454257999 234
1757659299983 0.07135166698049936 235
1757659300111 0.6598083136367846 236
1757659300236 0.2812383751320515 237
1757659300370 0.008158650065887419 238
1757659300495 0.04514357918237387 239
1757659300626 0.28575744489271565 240
1757659300749 0.7708195664005247 241
1757659300880 0.010876116673795299 242
1757659301006 0.026095479631391326 243
1757659301137 0.0007376667540664258 244
1757659301260 0.14110825797607288 245
1757659301391 0.7465835631700832 246
1757659301515 5.8526294793036575 247
1757659301647 2.940179706265847 248
1757659301771 0.4819524592671748 249
1757659301929 2.238901918726079 250
1757659302099 0.4449688312211751 251
1757659302260 4.52054768736007 252
1757659302425 1.7814647615983799 253
1757659302585 0.01564480290493328 254
1757659302752 1.7038055258031668 255
1757659302913 0.16946384936181325 256
1757659303070 0.00019344238219801976 257
1757659303236 1.3436078977577223e-05 258
1757659303387 0.24424136014062575 259
1757659303543 0.05242312924035424 260
1757659303709 0.11586131338681781 261
1757659303866 0.0015488860870479905 262
1757659304030 0.22614664912411528 263
1757659304192 1.837485235635351 264
1757659304347 0.004665742761110985 265
1757659304505 0.4955054121833936 266
1757659304656 0.0923718445118598 267
1757659304812 1.6979235792331657 268
1757659304979 0.8830177585181653 269
1757659305129 0.33466476734595035 270
1757659305286 0.04891290362723325 271
1757659305444 1.0911033343489145 272
1757659305596 0.14932121163166415 273
1757659305764 0.2886460016067444 274
1757659305998 2.0771105340758442 275
1757659306151 0.35657128221653706 276
1757659306282 0.13885955307499648 277
1757659306413 0.9260986165900632 278
1757659306540 1.0051531971203103 279
1757659306671 0.010668174850648336 280
1757659306802 0.5119864800518741 281
1757659306935 0.5222298665106462 282
1757659307061 0.47076656082843277 283
1757659307194 0.5465813644340671 284
1757659307322 0.5285689340375708 285
1757659307455 0.570797994605192 286
1757659307583 0.17564371156962652 287
1757659307715 0.44306980865692897 288
1757659307841 0.8828706348509463 289
1757659307979 0.09417033299764654 290
1757659308106 0.7183190334021349 291
1757659308242 0.5300327299249489 292
1757659308370 1.3909669751005456 293
1757659308506 1.093971654336137 294
1757659308636 0.6911773135821156 295
1757659308769 0.005599603682356752 296
1757659308899 0.05649756071767912 297
1757659309030 0.0052400538244243705 298
1757659309161 0.36368464463085703 299
1757659309292 1.211667133442214 300
1757659309423 0.9584676003915453 301
1757659309559 0.007271674281530142 302
1757659309689 1.496744493590156 303
1757659309818 0.17854115326157227 304
1757659309951 0.12806360977522535 305
1757659310079 0.5233165652008066 306
1757659310213 0.19157320726801924 307
1757659310346 0.60653656545648 308
1757659310482 8.811256106778391e-05 309
1757659310611 0.03747828639436098 310
1757659310750 0.37516457066782966 311
1757659310879 1.1519038965659274 312
1757659311015 0.21579375997221734 313
1757659311144 0.002972780458404862 314
1757659311283 1.2964134019559137 315
1757659311419 0.10234890936986679 316
1757659311551 0.4149967609051742 317
1757659311681 0.00016161478623831775 318
1757659311812 0.6931083768176262 319
1757659311942 0.6673190653089867 320
1757659312077 0.687570921439132 321
1757659312221 0.06897991517613825 322
1757659312348 0.15041633443344873 323
1757659312481 0.0792782574849402 324
1757659312610 0.08377920770781316 325
1757659312743 0.5177393522658406 326
1757659312871 1.828322155353416 327
1757659313005 0.3305569409276819 328
1757659313134 0.039388169128535246 329
1757659313272 0.011277279582073 330
1757659313402 0.2760681419075151 331
1757659313541 0.5012936996726496 332
1757659313671 0.25389320115028285 333
1757659313808 0.05220082703578261 334
1757659313941 0.8214206870282444 335
1757659314084 0.972270200082366 336
1757659314221 0.015841424248686106 337
1757659314355 0.32318113622932343 338
1757659314495 0.1727137447789611 339
1757659314624 0.1551019227445257 340
1757659314761 0.027156637693699116 341
1757659314891 0.00151336389154738 342
1757659315030 0.3576402983483691 343
1757659315179 0.000793503593002914 344
1757659315312 0.07110246544901162 345
1757659315444 0.7525928930122349 346
1757659315580 2.2911457861910627 347
1757659315714 0.38452161430501725 348
1757659315847 0.015147685009437103 349
1757659315981 2.8216663864345524 350
1757659316127 0.5697217645173104 351
1757659316262 0.19725211062546782 352
1757659316392 0.23529172192340272 353
1757659316526 0.01843868006195172 354
1757659316657 1.1314178116673685 355
1757659316799 0.5074124171730615 356
1757659316933 1.281587763663381 357
1757659317073 0.034586705576484945 358
1757659317210 0.03868688189189067 359
1757659317349 0.005414289458249673 360
1757659317490 0.07950302086283799 361
1757659317620 1.2815352259810857 362
1757659317754 0.026170868941425975 363
1757659317893 0.27189263918821893 364
1757659318028 0.017064991179756524 365
1757659318157 0.002092618879483425 366
1757659318294 1.5940611973102101 367
1757659318455 2.03551994263904 368
1757659318594 1.2402607414434375 369
1757659318726 0.620104531604828 370
1757659318863 1.495333996131001 371
1757659318995 2.432560758249154 372
1757659319129 0.11094610648032636 373
1757659319262 2.0519471107148295 374
1757659319397 0.6530341923407985 375
1757659319532 0.5149790892909849 376
1757659319662 0.38807588437183005 377
1757659319799 0.4838336340062459 378
1757659319933 0.052658087236035385 379
1757659320074 0.41277119112026556 380
1757659320210 0.10595797680666232 381
1757659320379 0.28802516059108363 382
1757659320519 0.5716593723107665 383
1757659320649 0.587666343939057 384
1757659320781 0.4876462079708801 385
1757659320911 0.08367061639071742 386
1757659321044 0.24613835859696173 387
1757659321173 0.062239050537524765 388
1757659321305 0.6518121117724578 389
1757659321436 0.11726462326989513 390
1757659321573 0.5528779205616924 391
1757659321705 0.29886747586923845 392
1757659321848 0.48378229739386364 393
1757659321979 2.3187319077832598 394
1757659322123 4.909427592218596 395
1757659322258 0.010411056700178011 396
1757659322395 0.7188028399475939 397
1757659322526 0.20751408311315458 398
1757659322660 0.54634577701003 399
1757659322794 0.38748469891675874 400
1757659322925 0.0676121064118683 401
1757659323059 0.4590046899720874 402
1757659323190 0.00034542029874649714 403
1757659323324 2.1704496974200556 404
1757659323454 0.028286423608673034 405
1757659323590 0.18720303156499762 406
1757659323722 0.7570417108516906 407
1757659323859 1.3224378581109202 408
1757659323989 1.9945267725836802 409
1757659324126 2.4256768628358207 410
1757659324256 0.026664155059773532 411
1757659324395 0.6164593561041561 412
1757659324527 1.9810912677814274 413
1757659324665 0.42580121946567673 414
1757659324799 2.7270815387170675 415
1757659324934 0.688923387918962 416
1757659325066 0.528904318175014 417
1757659325195 0.5808471611729079 418
1757659325326 2.4695521074256237 419
1757659325458 0.2923326694201657 420
1757659325595 0.4711742163328846 421
1757659325727 0.044345267174134076 422
1757659325863 0.06920418386932044 423
1757659325995 0.44810395630238314 424
1757659326132 0.7096621430117404 425
1757659326263 0.8813966716831848 426
1757659326403 0.0648996608696967 427
1757659326558 1.0054514450904184 428
1757659326699 0.9900325280212636 429
1757659326835 0.047305945969263165 430
1757659326966 0.16054899331728387 431
1757659327100 1.6194474331646342 432
1757659327230 1.9519469209818245 433
1757659327367 0.0004139898598506925 434
1757659327498 0.6134572945990747 435
1757659327636 0.13455956830893126 436
1757659327767 0.0036930995372730503 437
1757659327903 0.046237052599949896 438
1757659328035 0.07136108347173793 439
1757659328177 0.38559306431042883 440
1757659328310 0.5261211779515423 441
1757659328449 0.08386340532298796 442
1757659328585 1.0053123499669514 443
1757659328719 0.12286090901170005 444
1757659328854 0.2266654709902028 445
1757659328986 0.997898439437781 446
1757659329123 0.01839534474104153 447
1757659329257 0.0018662687004989934 448
1757659329393 0.03750748396034035 449
1757659329523 0.02974806080551201 450
1757659329664 0.25487239761300745 451
1757659329794 0.19612886251545683 452
1757659329935 1.450006134633097 453
1757659330066 0.0031273039967019745 454
1757659330207 1.6731126916746801 455
1757659330346 3.7599213800435147 456
1757659330478 0.6567971870839704 457
1757659330615 0.006810629419525362 458
1757659330749 0.3683253492393789 459
1757659330883 0.15546274140170407 460
1757659331017 0.7804097310717204 461
1757659331159 0.3108932550428655 462
1757659331291 0.1019708115635093 463
1757659331430 0.9262747549649779 464
1757659331564 0.0028247991292245076 465
1757659331706 1.4372241876824752 466
1757659331843 6.721574705852218e-05 467
1757659331981 0.4985070142865989 468
1757659332128 0.7278222268752103 469
1757659332261 1.408068096682091 470
1757659332397 0.9950908677985685 471
1757659332529 0.1507476337419935 472
1757659332688 1.3854151656557598 473
1757659332821 0.06567477814713042 474
1757659332964 0.48394132484763197 475
1757659333095 0.011188208839001066 476
1757659333236 0.026558821482837953 477
1757659333373 5.754697800600334 478
1757659333509 1.2586196277767707 479
1757659333645 0.00433218997378873 480
1757659333779 0.0776509115420536 481
1757659333918 0.46377595171944 482
1757659334050 6.568331330194853 483
1757659334189 4.8115434214069244e-05 484
1757659334322 1.0112961790154533 485
1757659334470 1.2207156647461568 486
1757659334618 0.6904466015835212 487
1757659334758 0.028662420754223643 488
1757659334945 1.6131067341510836 489
1757659335128 0.858491448170087 490
1757659335264 1.0677829059791126 491
1757659335402 0.1022741961455671 492
1757659335537 1.276736503448878 493
1757659335674 2.7558545763513957 494
1757659335806 0.4943295326722282 495
1757659335942 0.7564584498462325 496
1757659336081 0.11485465331371401 497
1757659336252 1.804137930560258 498
1757659336419 0.38497092169066893 499
