1757431966685 8.509052398846734 0
1757431966782 4.842691021443263 1
1757431966878 7.465056636942009 2
1757431966972 5.620114625828606 3
1757431967060 3.607740789788925 4
1757431967150 7.4808873823326225 5
1757431967237 6.073583318563127 6
1757431967327 9.10972526898756 7
1757431967419 16.938329999653188 8
1757431967511 4.62038411245575 9
1757431967602 9.204302863276817 10
1757431967692 9.557914015772473 11
1757431967790 9.323629020975604 12
1757431967881 5.812116941038154 13
1757431967981 9.136303688292633 14
1757431968115 9.8388642229338 15
1757431968204 4.859867605656394 16
1757431968294 4.126372109996148 17
1757431968385 6.314281511615054 18
1757431968478 18.72475930522049 19
1757431968572 11.652964988272721 20
1757431968668 5.154079440065782 21
1757431968761 12.035679871918838 22
1757431968855 17.536635210980588 23
1757431968947 8.658544072040279 24
1757431969039 16.41199038417289 25
1757431969134 10.511666295327068 26
1757431969228 18.077090552459595 27
1757431969321 10.2641486861774 28
1757431969417 4.657262363678301 29
1757431969511 12.253639962441033 30
1757431969605 3.4870395525897138 31
1757431969704 12.369769770997037 32
1757431969796 19.699055767863328 33
1757431969889 2.7644322595863806 34
1757431969982 9.789938157265839 35
1757431970075 9.537025318248897 36
1757431970166 10.631866773747355 37
1757431970257 11.825225438651772 38
1757431970349 8.161435395710445 39
1757431970439 7.33273473238533 40
1757431970540 6.538039315776662 41
1757431970627 3.6587207198334863 42
1757431970715 8.79928704416792 43
1757431970806 22.616462967670834 44
1757431970907 8.84260616814935 45
1757431971004 9.749671747918986 46
1757431971108 9.159455556114583 47
1757431971212 17.8346728973251 48
1757431971309 8.30010554742709 49
1757431971411 10.253074331398693 50
1757431971528 3.280215059172376 51
1757431971627 15.14762801736642 52
1757431971721 5.771738573121933 53
1757431971818 4.684075090292491 54
1757431971912 7.413213723175093 55
1757431972005 5.924681521448139 56
1757431972098 10.46090411425813 57
1757431972195 11.520737687877254 58
1757431972289 8.01305776707176 59
1757431972377 12.480156910437257 60
1757431972465 11.978895269851606 61
1757431972558 9.653463512087686 62
1757431972650 4.3864753086368085 63
1757431972744 9.526166046771474 64
1757431972839 8.312627394244968 65
1757431972930 8.832710654465448 66
1757431973023 12.123538995205143 67
1757431973115 8.439127680225733 68
1757431973207 7.386910236817953 69
1757431973300 8.184402900689683 70
1757431973391 8.81771014840183 71
1757431973483 12.22515913500441 72
1757431973577 3.6361495086780034 73
1757431973668 9.063747598956576 74
1757431973759 3.063095852329851 75
1757431973850 4.877446062739282 76
1757431973942 3.7656293280159074 77
1757431974034 8.69073750479028 78
1757431974128 17.757630049535543 79
1757431974222 3.710394859294508 80
1757431974317 14.851730973802141 81
1757431974411 16.81534299624513 82
1757431974503 8.06743142692845 83
1757431974599 4.025062963749465 84
1757431974690 13.06098117642909 85
1757431974777 8.774605852939558 86
1757431974863 17.630187216012647 87
1757431974952 8.282542721154677 88
1757431975041 13.523598967557891 89
1757431975131 7.723820578845654 90
1757431975223 6.697204711588093 91
1757431975315 7.331832256178408 92
1757431975407 17.784260984667135 93
1757431975502 9.22353346273772 94
1757431975595 4.5012307834747505 95
1757431975686 15.827296815125015 96
1757431975778 3.8257941543476215 97
1757431975869 7.376152232965793 98
1757431975959 2.654477008162285 99
1757431976052 9.171043024378069 100
1757431976144 9.779059902298844 101
1757431976235 5.112067101457618 102
1757431976327 2.9267470753973397 103
1757431976417 4.963603378687648 104
1757431976510 26.671777714238335 105
1757431976606 19.505187187335167 106
1757431976697 36.88008631574751 107
1757431976788 2.4121908472338682 108
1757431976878 7.895697728626734 109
1757431976969 12.43348747367323 110
1757431977061 5.651836312936949 111
1757431977154 10.074278966647254 112
1757431977247 3.8131692382807016 113
1757431977338 8.437639785917181 114
1757431977431 5.910835710940879 115
1757431977523 4.912655161786812 116
1757431977617 5.4434325636626895 117
1757431977710 6.886584787895715 118
1757431977805 7.3546761895878445 119
1757431977923 10.131600350662778 120
1757431978013 5.296748458788494 121
1757431978104 9.464242650002571 122
1757431978201 11.54096284298043 123
1757431978296 3.2065719569927404 124
1757431978395 10.684676862503048 125
1757431978491 18.610919033417744 126
1757431978586 12.833205233382952 127
1757431978681 8.945536399660003 128
1757431978774 8.698674446274469 129
1757431978872 7.879648967240451 130
1757431978967 3.3498488315231985 131
1757431979063 3.116262906240963 132
1757431979157 3.873945735116578 133
1757431979255 9.364830296168549 134
1757431979346 9.895583194019272 135
1757431979439 8.181038592260531 136
1757431979530 9.248653742069116 137
1757431979623 9.105133594880678 138
1757431979716 11.174893460528923 139
1757431979812 12.104948495120713 140
1757431979908 7.54742158134956 141
1757431980004 11.400857739243575 142
1757431980097 5.764127061218272 143
1757431980191 3.7531194150286216 144
1757431980286 8.086473152514547 145
1757431980380 22.65142577152383 146
1757431980492 6.566316270195498 147
1757431980582 8.071483147165049 148
1757431980674 15.059339594039876 149
1757431980765 14.109301269687593 150
1757431980857 5.524242336413253 151
1757431980950 9.448321221956958 152
1757431981046 6.501208646993814 153
1757431981140 8.902069681046907 154
1757431981237 7.999941955676765 155
1757431981334 10.48543558039785 156
1757431981429 6.222597894480593 157
1757431981527 4.698296772684695 158
1757431981622 12.362043939498452 159
1757431981715 6.605476354926493 160
1757431981808 14.815231031423153 161
1757431981898 5.7503125456552135 162
1757431981992 7.490564939840373 163
1757431982086 8.293931914192694 164
1757431982183 15.21300720665239 165
1757431982279 5.335032718882197 166
1757431982372 5.7288285820940406 167
1757431982467 11.885322647894398 168
1757431982564 5.003471793786431 169
1757431982658 5.294885388338877 170
1757431982753 13.220028233270012 171
1757431982846 4.2472357914190955 172
1757431982943 20.299014824282896 173
1757431983039 6.5056142544886 174
1757431983135 3.5731603392444593 175
1757431983229 5.984573366269355 176
1757431983321 10.684223495330858 177
1757431983417 32.54822009844329 178
1757431983511 9.460508057255918 179
1757431983613 6.60099960178214 180
1757431983708 5.739911733841296 181
1757431983804 14.554528493937346 182
1757431983901 8.661800910119032 183
1757431983995 4.367061568115177 184
1757431984094 8.102458539909529 185
1757431984188 4.631329310901218 186
1757431984287 8.520800717882713 187
1757431984388 2.5028585049402454 188
1757431984484 3.8417159728026333 189
1757431984582 9.497901451891419 190
1757431984733 3.58789954200341 191
1757431984831 5.742272017656216 192
1757431984936 8.920682974375351 193
1757431985043 9.068973227129351 194
1757431985146 16.107279092840344 195
1757431985245 7.390317197965405 196
1757431985342 9.64867868960366 197
1757431985440 4.465459571449907 198
1757431985537 48.93454426027335 199
1757431985634 5.2587868591145925 200
1757431985729 9.936171136234444 201
1757431985825 10.057446008909285 202
1757431985921 3.8871822039119306 203
1757431986019 9.463928693375184 204
1757431986117 4.503465159381285 205
1757431986222 6.649664478385915 206
1757431986568 9.117496177072491 207
1757431986689 8.471469772715094 208
1757431986783 2.227262726354181 209
1757431986884 7.449725879789757 210
1757431986976 6.301945185200786 211
1757431987078 5.728961448896434 212
1757431987179 4.0355161500764964 213
1757431987281 6.419442672728845 214
1757431987384 13.4884854700699 215
1757431987516 12.407586215164558 216
1757431987635 4.385058614298652 217
1757431987742 25.376993432062083 218
1757431987846 13.125247253523622 219
1757431987944 18.47016385294547 220
1757431988042 19.407351847382046 221
1757431988154 3.8227040159726506 222
1757431988296 6.057149661608505 223
1757431988394 26.55732957699437 224
1757431988490 9.268200239281457 225
1757431988590 8.945037572109898 226
1757431988695 12.37531009655479 227
1757431988799 23.543656985095726 228
1757431988903 8.196240658333744 229
1757431989009 4.943766560983393 230
1757431989113 1.8103248362282955 231
1757431989229 6.43221165071876 232
1757431989334 12.480223505834457 233
1757431989433 5.061334658019493 234
1757431989535 5.420988694013029 235
1757431989635 5.358962678202319 236
1757431989731 3.8487075453826014 237
1757431989830 7.560376793883082 238
1757431989924 8.178381716058436 239
1757431990022 7.639505935166287 240
1757431990121 25.945985255075644 241
1757431990219 4.239624606456148 242
1757431990317 9.253259308862953 243
1757431990418 9.279685281505765 244
1757431990549 8.225471312506409 245
1757431990658 4.968102742447447 246
1757431990761 8.667769548348106 247
1757431990861 5.40214271088226 248
1757431990970 4.250201585935422 249
1757431991074 9.10211303797984 250
1757431991173 8.810106732448759 251
1757431991273 5.109172758581652 252
1757431991375 10.423735878607221 253
1757431991478 10.010367012368226 254
1757431991588 7.482467402069291 255
1757431991693 7.258179625440469 256
1757431991798 7.901587493705542 257
1757431991905 3.8264469923634574 258
1757431992011 15.27969331864768 259
1757431992115 9.578678531163847 260
1757431992222 5.79494552890615 261
1757431992340 7.842997894759949 262
1757431992436 15.788799456221005 263
1757431992533 6.230135537414106 264
1757431992631 2.820793915684713 265
1757431992737 5.73028876269701 266
1757431992846 5.623294115349703 267
1757431992952 6.04828692713715 268
1757431993060 16.312257662472927 269
1757431993156 6.932149860279534 270
1757431993298 4.490923926500187 271
1757431993410 5.259376332131852 272
1757431993509 2.388544697730832 273
1757431993607 17.178180500659987 274
1757431993706 6.220610640324052 275
1757431993802 7.269462357985769 276
1757431993985 5.481711385465141 277
1757431994128 6.163226322150919 278
1757431994229 7.325969452085632 279
1757431994327 9.292923437934887 280
1757431994476 9.329400512712507 281
1757431994611 8.580213166656547 282
1757431994722 10.857374009071354 283
1757431994833 17.570453096839888 284
1757431994942 7.307246422746795 285
1757431995040 9.752699037359903 286
1757431995136 4.752678592455187 287
1757431995235 4.514296477522732 288
1757431995332 10.67858535047553 289
1757431995427 8.257564743852335 290
1757431995526 6.640999141913697 291
1757431995636 3.475901293022436 292
1757431995763 8.417288999078906 293
1757431995887 3.0148654408084385 294
1757431996004 16.36093052836586 295
1757431996112 11.730028327366817 296
1757431996217 10.032230535160885 297
1757431996324 8.108082389252854 298
1757431996422 5.585435145000158 299
1757431996521 4.009914778449388 300
1757431996626 7.496373226247467 301
1757431996731 3.920697882113149 302
1757431996837 9.435927604763604 303
1757431996946 9.724865166584534 304
1757431997059 0.6403107098999304 305
1757431997168 7.17296590563213 306
1757431997269 4.86874181877947 307
1757431997380 6.713835649974635 308
1757431997480 6.043117491421902 309
1757431997578 11.549170206705485 310
1757431997678 9.291725448055303 311
1757431997774 1.6277899626099421 312
1757431997875 9.247450825801321 313
1757431997980 8.6947334406858 314
1757431998125 10.521735141333336 315
1757431998223 3.378948957878131 316
1757431998327 11.83031675172135 317
1757431998428 5.563763960749028 318
1757431998529 5.207424968341363 319
1757431998639 3.5748384092390997 320
1757431998762 20.964526343260335 321
1757431998880 20.09224275904037 322
1757431998998 14.935020161841111 323
1757431999166 3.1120742505628205 324
1757431999330 7.242176941192612 325
1757431999455 11.85701229600188 326
1757431999567 4.434827461292278 327
1757431999674 4.825117856889493 328
1757431999779 7.675455628656835 329
1757431999881 9.72221893764242 330
1757431999986 7.005703119723323 331
1757432000086 11.427897563301341 332
1757432000187 2.2539853484435746 333
1757432000305 19.991414265743302 334
1757432000410 7.652121946420122 335
1757432000520 6.29063841450348 336
1757432000631 7.97673532515044 337
1757432000741 9.896492428895296 338
1757432000850 5.093299977074355 339
1757432000965 6.956813994637024 340
1757432001077 3.6719685525503625 341
1757432001180 5.540972063393771 342
1757432001288 5.205441197617666 343
1757432001399 6.996579996123574 344
1757432001507 8.638330516101444 345
1757432001618 8.237639482252339 346
1757432001723 7.506920304612783 347
1757432001832 8.497765695528463 348
1757432001937 8.587974472006822 349
1757432002045 10.415698378811648 350
1757432002153 6.159567866207853 351
1757432002261 4.987621761901364 352
1757432002368 4.196099265776416 353
1757432002477 7.170065660037372 354
1757432002581 5.888620360349226 355
1757432002687 2.8279943493664192 356
1757432002797 4.001479080915438 357
1757432002905 8.056620055832214 358
1757432003032 9.150726753029629 359
1757432003137 17.118845648930236 360
1757432003242 18.509104624352275 361
1757432003345 8.957317896310363 362
1757432003450 3.9185167940243715 363
1757432003556 9.512591681082123 364
1757432003670 2.49389262945591 365
1757432003777 7.007834165145563 366
1757432003885 8.250192717837225 367
1757432003992 1.542677347480086 368
1757432004099 11.103932861340768 369
1757432004205 19.21590358998577 370
1757432004308 6.110467240678544 371
1757432004413 8.775127323385684 372
1757432004518 6.392907175719374 373
1757432004622 7.17338683637105 374
1757432004723 4.16111868588052 375
1757432004827 6.296893217042526 376
1757432004936 4.48086345878059 377
1757432005036 5.752311132171603 378
1757432005149 6.192001933261675 379
1757432005263 10.913435319536497 380
1757432005377 16.371191456754403 381
1757432005491 4.142833422005372 382
1757432005605 5.811661267701252 383
1757432005717 5.928493669567178 384
1757432005827 8.133735839160726 385
1757432005930 5.747559217813822 386
1757432006031 4.911644981503623 387
1757432006129 13.105739703086574 388
1757432006233 11.765527170878013 389
1757432006348 27.262437772176714 390
1757432006447 7.935837422018289 391
1757432006547 3.9302386762861077 392
1757432006647 6.655288834733029 393
1757432006749 3.955690200694524 394
1757432006864 6.427168607661785 395
1757432006978 4.777560215879253 396
1757432007093 6.30352298012347 397
1757432007207 18.50279757850984 398
1757432007318 5.991520394625429 399
1757432007421 9.929698832605999 400
1757432007523 11.810008965825347 401
1757432007619 13.192701051751909 402
1757432007715 11.123855404482516 403
1757432007813 2.639382435143009 404
1757432007913 24.332494791322233 405
1757432008010 8.795503772171513 406
1757432008114 7.9307552041116205 407
1757432008226 16.316403169345655 408
1757432008341 7.743573698078034 409
1757432008455 2.1729536904094124 410
1757432008567 9.409392699553152 411
1757432008670 8.690304141081462 412
1757432008771 7.3407965940871405 413
1757432008873 7.9600112842228175 414
1757432008973 6.1182414075334695 415
1757432009082 4.257369739407175 416
1757432009186 8.944303513347656 417
1757432009289 6.572390908798279 418
1757432009392 4.969079507055036 419
1757432009492 8.622276849721509 420
1757432009595 6.633154226344828 421
1757432009697 6.8828602303757105 422
1757432009797 10.831286315913893 423
1757432009895 13.167117095240435 424
1757432009993 10.084377009141786 425
1757432010094 2.3073173286060853 426
1757432010216 9.942852614728327 427
1757432010319 17.761491855720333 428
1757432010422 5.8215269199247475 429
1757432010527 3.0301985162046696 430
1757432010624 14.99364530692993 431
1757432010772 30.272489201333233 432
1757432010914 3.741995169787528 433
1757432011013 4.301927136191268 434
1757432011124 9.001844018150301 435
1757432011232 6.71958436716073 436
1757432011337 9.630647906231628 437
1757432011473 4.3634954061104985 438
1757432011584 9.279469522704312 439
1757432011685 12.125416859114614 440
1757432011803 14.991969817156205 441
1757432011926 6.5994284755627515 442
1757432012060 6.234528352645895 443
1757432012165 3.8020762903155414 444
1757432012267 8.386485671176004 445
1757432012401 5.701465030773748 446
1757432012551 9.056120425779113 447
1757432012661 5.010445500830431 448
1757432012770 11.583183680615479 449
1757432012879 4.386558003443221 450
1757432012984 7.64366302921758 451
1757432013098 5.205168073574343 452
1757432013200 8.06655558859444 453
1757432013302 9.501370160374805 454
1757432013447 10.031187632233799 455
1757432013569 10.086115787738526 456
1757432013678 9.527416133786708 457
1757432013784 11.511678757990351 458
1757432013888 4.574648428090104 459
1757432013990 7.605578939549529 460
1757432014095 8.89579357387584 461
1757432014219 7.233301732233862 462
1757432014346 7.040574866369304 463
1757432014532 21.742050866590116 464
1757432014642 9.706691375922773 465
1757432014744 10.648491112517283 466
1757432014849 11.050154366585934 467
1757432014951 6.611681624282379 468
1757432015054 10.352266060187702 469
1757432015159 2.406065027577976 470
1757432015274 3.941436451679858 471
1757432015393 5.091403327418801 472
1757432015507 8.039349104501225 473
1757432015627 8.721482859064068 474
1757432015743 9.688930478234536 475
1757432015850 7.277098913130327 476
1757432015955 9.934975394175197 477
1757432016057 3.6344057576460673 478
1757432016158 5.967865887954991 479
1757432016260 7.731158465363069 480
1757432016361 6.821630695356108 481
1757432016462 18.560282339434785 482
1757432016561 4.517771154113992 483
1757432016661 7.899149823946184 484
1757432016769 6.123126571547861 485
1757432016880 7.1732501633918755 486
1757432016988 8.074081292891872 487
1757432017097 6.847490017245832 488
1757432017207 11.865978859489704 489
1757432017318 9.915767128491487 490
1757432017428 6.7729626499863596 491
1757432017539 3.795859399948963 492
1757432017648 10.457204247954333 493
1757432017755 4.052843823623509 494
1757432017858 3.511543939124102 495
1757432017960 12.11129778435447 496
1757432018059 21.62514849578291 497
1757432018159 11.320258496620855 498
1757432018261 15.910754018479143 499
