1757649647725 162.5341358531799 0
1757649647804 162.28940423093272 1
1757649647886 162.16734354628755 2
1757649647964 162.0453288925846 3
1757649648039 161.92341920699752 4
1757649648115 161.80161436612542 5
1757649648194 161.67991427509367 6
1757649648269 161.55831883910238 7
1757649648341 161.4368279634399 8
1757649648413 161.315441553483 9
1757649648487 161.1941595146965 10
1757649648567 161.07298175263332 11
1757649648641 160.9519081729345 12
1757649648714 160.83093868132877 13
1757649648790 160.7100731836329 14
1757649648871 160.5893115857513 15
1757649648950 160.46865379367608 16
1757649649030 160.34809971348693 17
1757649649106 160.22764925135104 18
1757649649193 160.1073023135231 19
1757649649274 159.98705880634495 20
1757649649344 159.86691863624586 21
1757649649418 159.74688170974218 22
1757649649497 159.6269479334374 23
1757649649582 159.50711721402195 24
1757649649668 159.38738945827328 25
1757649649765 159.26776457305556 26
1757649649849 159.14824246531984 27
1757649649937 159.02882304210377 28
1757649650023 158.90950621053162 29
1757649650109 158.7902918778142 30
1757649650192 158.67117995124866 31
1757649650275 158.55217033821862 32
1757649650354 158.43326294619388 33
1757649650434 158.31445768273042 34
1757649650516 158.19575445547048 35
1757649650600 158.0771531721421 36
1757649650684 157.95865374055938 37
1757649650759 157.84025606862227 38
1757649650840 157.72196006431653 39
1757649650918 157.6037656357136 40
1757649650999 157.4856726909704 41
1757649651080 157.36768113832966 42
1757649651158 157.2497908861193 43
1757649651236 157.1320018427528 44
1757649651364 157.01431391672884 45
1757649651485 156.8967270166313 46
1757649651607 156.77924105112925 47
1757649651730 156.66185592897676 48
1757649651839 156.54457155901295 49
1757649651942 156.42738785016175 50
1757649652049 156.3103047114319 51
1757649652158 156.19332205191694 52
1757649652265 156.07643978079503 53
1757649652369 155.95965780732882 54
1757649652473 155.84297604086558 55
1757649652574 155.7263943908369 56
1757649652675 155.60991276675873 57
1757649652771 155.49353107823126 58
1757649652879 155.3772492349389 59
1757649652979 155.26106714665002 60
1757649653083 155.1449847232172 61
1757649653190 155.02900187457678 62
1757649653327 154.913118510749 63
1757649653432 154.79733454183793 64
1757649653516 154.6816498780313 65
1757649653596 154.5660644296004 66
1757649653677 154.4505781069001 67
1757649653758 154.33519082036875 68
1757649653840 154.2199024805281 69
1757649653924 154.10471299798309 70
1757649654006 153.9896222834219 71
1757649654086 153.87463024761607 72
1757649654166 153.75973680141985 73
1757649654248 153.64494185577072 74
1757649654329 153.530245321689 75
1757649654409 153.41564711027783 76
1757649654488 153.3011471327231 77
1757649654568 153.18674530029335 78
1757649654652 153.0724415243398 79
1757649654727 152.95823571629606 80
1757649654802 152.84412778767822 81
1757649654888 152.73011765008485 82
1757649654963 152.61620521519657 83
1757649655044 152.50239039477634 84
1757649655123 152.3886731006693 85
1757649655202 152.27505324480254 86
1757649655283 152.16153073918508 87
1757649655362 152.048105495908 88
1757649655444 151.934777427144 89
1757649655521 151.8215464451477 90
1757649655601 151.7084124622552 91
1757649655679 151.59537539088433 92
1757649655760 151.4824351435343 93
1757649655841 151.3695916327859 94
1757649655921 151.25684477130113 95
1757649656000 151.14419447182328 96
1757649656082 151.03164064717697 97
1757649656164 150.91918321026776 98
1757649656243 150.8068220740824 99
1757649656324 150.69455715168849 100
1757649656405 150.58238835623465 101
1757649656486 150.47031560095013 102
1757649656566 150.35833879914512 103
1757649656650 150.24645786421033 104
1757649656730 150.13467270961715 105
1757649656803 150.02298324891737 106
1757649656877 149.91138939574336 107
1757649656956 149.79989106380765 108
1757649657037 149.68848816690323 109
1757649657118 149.57718061890327 110
1757649657201 149.46596833376088 111
1757649657282 149.35485122550946 112
1757649657365 149.24382920826233 113
1757649657445 149.1329021962126 114
1757649657525 149.02207010363335 115
1757649657609 148.91133284487725 116
1757649657690 148.8006903343768 117
1757649657775 148.69014248664402 118
1757649657878 148.5796892162705 119
1757649657961 148.4693304379272 120
1757649658048 148.3590660663645 121
1757649658131 148.24889601641215 122
1757649658225 148.13882020297902 123
1757649658334 148.0288385410531 124
1757649658423 147.91895094570162 125
1757649658513 147.80915733207067 126
1757649658596 147.69945761538526 127
1757649658677 147.58985171094935 128
1757649658759 147.4803395341456 129
1757649658840 147.3709210004354 130
1757649658923 147.26159602535876 131
1757649659014 147.15236452453416 132
1757649659096 147.04322641365877 133
1757649659183 146.93418160850794 134
1757649659269 146.82523002493548 135
1757649659355 146.71637157887335 136
1757649659447 146.60760618633182 137
1757649659537 146.49893376339924 138
1757649659627 146.39035422624187 139
1757649659714 146.28186749110407 140
1757649659803 146.17347347430803 141
1757649659888 146.06517209225376 142
1757649659977 145.95696326141893 143
1757649660062 145.84884689835908 144
1757649660149 145.74082291970717 145
1757649660239 145.63289124217368 146
1757649660327 145.5250517825466 147
1757649660417 145.4173044576913 148
1757649660505 145.30964918455038 149
1757649660585 145.20208588014376 150
1757649660673 145.0946144615684 151
1757649660758 144.98723484599842 152
1757649660844 144.87994695068494 153
1757649660932 144.772750692956 154
1757649661011 144.6656459902165 155
1757649661089 144.55863275994813 156
1757649661169 144.45171091970929 157
1757649661253 144.34488038713502 158
1757649661332 144.23814107993698 159
1757649661411 144.13149291590327 160
1757649661495 144.02493581289846 161
1757649661580 143.91846968886344 162
1757649661667 143.81209446181538 163
1757649661751 143.70581004984768 164
1757649661835 143.5996163711299 165
1757649661918 143.49351334390764 166
1757649662003 143.3875008865025 167
1757649662081 143.28157891731192 168
1757649662156 143.1757473548094 169
1757649662232 143.07000611754395 170
1757649662309 142.96435512414052 171
1757649662395 142.8587942932996 172
1757649662481 142.75332354379722 173
1757649662568 142.6479427944849 174
1757649662650 142.54265196428963 175
1757649662734 142.43745097221375 176
1757649662816 142.33233973733482 177
1757649662896 142.2273181788057 178
1757649662975 142.12238621585428 179
1757649663061 142.0175437677836 180
1757649663146 141.91279075397162 181
1757649663230 141.80812709387135 182
1757649663315 141.7035527070105 183
1757649663399 141.59906751299164 184
1757649663481 141.49467143149207 185
1757649663564 141.39036438226364 186
1757649663647 141.28614628513293 187
1757649663732 141.18201706000087 188
1757649663817 141.0779766268429 189
1757649663901 140.9740249057088 190
1757649663983 140.8701618167226 191
1757649664068 140.7663872800826 192
1757649664153 140.66270121606124 193
1757649664226 140.559103545005 194
1757649664298 140.4555941873344 195
1757649664378 140.35217306354392 196
1757649664480 140.2488400942019 197
1757649664564 140.14559519995044 198
1757649664651 140.0424383015054 199
1757649664734 139.93936931965627 200
1757649664817 139.8363881752662 201
1757649664890 139.73349478927173 202
1757649664968 139.630689082683 203
1757649665051 139.52797097658348 204
1757649665135 139.4253403921299 205
1757649665219 139.32279725055227 206
1757649665307 139.2203414731538 207
1757649665393 139.11797298131074 208
1757649665476 139.01569169647243 209
1757649665557 138.9134975401612 210
1757649665643 138.81139043397215 211
1757649665727 138.70937029957335 212
1757649665810 138.60743705870559 213
1757649665896 138.50559063318232 214
1757649665985 138.4038309448896 215
1757649666075 138.3021579157861 216
1757649666162 138.20057146790293 217
1757649666254 138.0990715233437 218
1757649666346 137.9976580042842 219
1757649666439 137.89633083297264 220
1757649666529 137.79508993172942 221
1757649666618 137.6939352229471 222
1757649666707 137.5928666290902 223
1757649666798 137.49188407269537 224
1757649666878 137.39098747637115 225
1757649666959 137.29017676279798 226
1757649667043 137.18945185472802 227
1757649667130 137.08881267498532 228
1757649667225 136.98825914646545 229
1757649667315 136.8877911921356 230
1757649667411 136.7874087350346 231
1757649667499 136.68711169827262 232
1757649667585 136.58690000503128 233
1757649667678 136.48677357856354 234
1757649667767 136.38673234219362 235
1757649667867 136.28677621931686 236
1757649667962 136.18690513339993 237
1757649668066 136.08711900798025 238
1757649668159 135.9874177666665 239
1757649668292 135.8878013331382 240
1757649668388 135.78826963114574 241
1757649668478 135.68882258451018 242
1757649668569 135.58946011712348 243
1757649668659 135.49018215294817 244
1757649668747 135.3909886160174 245
1757649668847 135.29187943043482 246
1757649668932 135.19285452037457 247
1757649669014 135.09391381008115 248
1757649669103 134.99505722386937 249
1757649669192 134.89628468612437 250
1757649669284 134.79759612130144 251
1757649669418 134.69899145392597 252
1757649669515 134.60047060859347 253
1757649669614 134.50203350996938 254
1757649669709 134.40368008278912 255
1757649669799 134.30541025185792 256
1757649669898 134.20722394205086 257
1757649669994 134.10912107831277 258
1757649670095 134.01110158565803 259
1757649670194 133.9131653891707 260
1757649670285 133.81531241400432 261
1757649670379 133.71754258538203 262
1757649670471 133.61985582859626 263
1757649670559 133.52225206900874 264
1757649670647 133.4247312320506 265
1757649670734 133.327293243222 266
1757649670824 133.2299380280924 267
1757649670913 133.13266551230024 268
1757649670995 133.03547562155305 269
1757649671082 132.93836828162725 270
1757649671170 132.84134341836804 271
1757649671259 132.74440095768963 272
1757649671350 132.6475408255749 273
1757649671444 132.55076294807537 274
1757649671532 132.45406725131116 275
1757649671628 132.35745366147106 276
1757649671744 132.2609221048122 277
1757649671857 132.1644725076603 278
1757649671961 132.0681047964093 279
1757649672067 131.97181889752153 280
1757649672174 131.87561473752746 281
1757649672267 131.7794922430258 282
1757649672359 131.6834513406833 283
1757649672451 131.58749195723485 284
1757649672546 131.4916140194832 285
1757649672637 131.39581745429908 286
1757649672735 131.300102188621 287
1757649672838 131.20446814945535 288
1757649672939 131.10891526387618 289
1757649673031 131.01344345902513 290
1757649673126 130.91805266211156 291
1757649673219 130.82274280041224 292
1757649673311 130.72751380127147 293
1757649673401 130.63236559210094 294
1757649673491 130.53729810037962 295
1757649673583 130.44231125365383 296
1757649673729 130.34740497953703 297
1757649673830 130.25257920570988 298
1757649673908 130.15783385992003 299
1757649673989 130.06316886998226 300
1757649674085 129.9685841637783 301
1757649674184 129.87407966925662 302
1757649674286 129.77965531443272 303
1757649674385 129.68531102738865 304
1757649674481 129.59104673627337 305
1757649674572 129.49686236930233 306
1757649674659 129.40275785475768 307
1757649674748 129.3087331209879 308
1757649674841 129.2147880964081 309
1757649674931 129.12092270949972 310
1757649675013 129.02713688881047 311
1757649675103 128.9334305629544 312
1757649675191 128.8398036606117 313
1757649675281 128.7462561105287 314
1757649675368 128.65278784151786 315
1757649675457 128.55939878245758 316
1757649675550 128.46608886229222 317
1757649675640 128.37285801003216 318
1757649675744 128.27970615475334 319
1757649675847 128.18663322559775 320
1757649675941 128.09363915177286 321
1757649676034 128.00072386255192 322
1757649676126 127.90788728727371 323
1757649676215 127.81512935534245 324
1757649676304 127.72244999622794 325
1757649676400 127.62984913946529 326
1757649676489 127.53732671465495 327
1757649676580 127.44488265146266 328
1757649676671 127.35251687961936 329
1757649676767 127.26022932892113 330
1757649676867 127.1680199292291 331
1757649676962 127.07588861046952 332
1757649677050 126.98383530263351 333
1757649677135 126.89185993577703 334
1757649677225 126.79996244002106 335
1757649677313 126.7081427455512 336
1757649677404 126.61640078261784 337
1757649677495 126.52473648153607 338
1757649677588 126.4331497726854 339
1757649677675 126.34164058651 340
1757649677764 126.25020885351856 341
1757649677858 126.15885450428405 342
1757649677950 126.06757746944392 343
1757649678040 125.97637767969977 344
1757649678128 125.88525506581753 345
1757649678219 125.79420955862726 346
1757649678309 125.70324108902312 347
1757649678399 125.61234958796337 348
1757649678488 125.52153498647017 349
1757649678578 125.4307972156297 350
1757649678666 125.34013620659192 351
1757649678756 125.24955189057066 352
1757649678844 125.15904419884346 353
1757649678933 125.06861306275151 354
1757649679018 124.97825841369975 355
1757649679097 124.88798018315651 356
1757649679184 124.79777830265381 357
1757649679269 124.70765270378692 358
1757649679354 124.61760331821468 359
1757649679443 124.52763007765908 360
1757649679532 124.43773291390558 361
1757649679622 124.34791175880265 362
1757649679710 124.25816654426198 363
1757649679798 124.16849720225841 364
1757649679889 124.0789036648297 365
1757649679980 123.98938586407664 366
1757649680070 123.89994373216295 367
1757649680160 123.8105772013151 368
1757649680245 123.72128620382246 369
1757649680334 123.63207067203706 370
1757649680431 123.54293053837364 371
1757649680526 123.4538657353095 372
1757649680621 123.36487619538455 373
1757649680717 123.27596185120117 374
1757649680811 123.18712263542417 375
1757649680903 123.09835848078072 376
1757649680994 123.0096693200604 377
1757649681075 122.92105508611485 378
1757649681159 122.83251571185812 379
1757649681243 122.74405113026634 380
1757649681334 122.65566127437762 381
1757649681426 122.56734607729223 382
1757649681521 122.47910547217228 383
1757649681614 122.39093939224189 384
1757649681709 122.302847770787 385
1757649681803 122.21483054115528 386
1757649681890 122.12688763675624 387
1757649681980 122.03901899106094 388
1757649682075 121.9512245376022 389
1757649682172 121.86350420997424 390
1757649682267 121.77585794183284 391
1757649682360 121.68828566689525 392
1757649682457 121.60078731894016 393
1757649682551 121.51336283180738 394
1757649682646 121.42601213939822 395
1757649682736 121.33873517567503 396
1757649682829 121.25153187466144 397
1757649682921 121.16440217044205 398
1757649683012 121.07734599716257 399
1757649683117 120.99036328902967 400
1757649683204 120.90345398031097 401
1757649683297 120.8166180053349 402
1757649683414 120.72985529849076 403
1757649683543 120.64316579422854 404
1757649683677 120.55654942705891 405
1757649683812 120.4700061315533 406
1757649683943 120.38353584234353 407
1757649684065 120.29713849412208 408
1757649684183 120.21081402164181 409
1757649684299 120.1245623597161 410
1757649684416 120.03838344321849 411
1757649684529 119.95227720708303 412
1757649684641 119.86624358630387 413
1757649684758 119.78028251593531 414
1757649684875 119.69439393109187 415
1757649685000 119.60857776694809 416
1757649685114 119.52283395873852 417
1757649685230 119.43716244175765 418
1757649685343 119.3515631513599 419
1757649685460 119.26603602295947 420
1757649685630 119.1805809920304 421
1757649685737 119.0951979941064 422
1757649685844 119.00988696478093 423
1757649685948 118.92464783970695 424
1757649686048 118.8394805545971 425
1757649686152 118.75438504522343 426
1757649686256 118.66936124741746 427
1757649686360 118.5844090970701 428
1757649686463 118.49952853013158 429
1757649686567 118.41471948261149 430
1757649686671 118.32998189057847 431
1757649686776 118.2453156901605 432
1757649686881 118.16072081754456 433
1757649686973 118.07619720897674 434
1757649687065 117.99174480076205 435
1757649687148 117.90736352926457 436
1757649687234 117.82305333090714 437
1757649687330 117.7388141421715 438
1757649687421 117.65464589959817 439
1757649687513 117.57054853978632 440
1757649687602 117.48652199939384 441
1757649687695 117.40256621513723 442
1757649687786 117.31868112379154 443
1757649687881 117.2348666621903 444
1757649687975 117.15112276722553 445
1757649688067 117.06744937584753 446
1757649688158 116.98384642506508 447
1757649688248 116.90031385194513 448
1757649688343 116.81685159361288 449
1757649688437 116.73345958725172 450
1757649688528 116.65013777010313 451
1757649688619 116.56688607946664 452
1757649688710 116.48370445269985 453
1757649688803 116.40059282721822 454
1757649688897 116.31755114049515 455
1757649688990 116.2345793300619 456
1757649689082 116.15167733350745 457
1757649689168 116.0688450884786 458
1757649689254 115.9860825326797 459
1757649689346 115.90338960387288 460
1757649689439 115.82076623987776 461
1757649689531 115.73821237857139 462
1757649689621 115.65572795788842 463
1757649689714 115.57331291582081 464
1757649689804 115.49096719041792 465
1757649689915 115.4086907197864 466
1757649690008 115.32648344209018 467
1757649690098 115.24434529555025 468
1757649690186 115.16227621844489 469
1757649690277 115.08027614910931 470
1757649690365 114.99834502593589 471
1757649690456 114.91648278737392 472
1757649690548 114.83468937192958 473
1757649690655 114.75296471816598 474
1757649690762 114.671308764703 475
1757649690866 114.58972145021728 476
1757649690960 114.50820271344217 477
1757649691056 114.42675249316767 478
1757649691146 114.34537072824043 479
1757649691239 114.26405735756356 480
1757649691336 114.18281232009666 481
1757649691436 114.10163555485589 482
1757649691535 114.02052700091373 483
1757649691639 113.93948659739888 484
1757649691744 113.85851428349646 485
1757649691847 113.77760999844786 486
1757649691950 113.69677368155043 487
1757649692049 113.61600527215782 488
1757649692146 113.53530470967975 489
1757649692247 113.45467193358179 490
1757649692352 113.37410688338565 491
1757649692453 113.2936094986689 492
1757649692555 113.2131797190649 493
1757649692652 113.13281748426283 494
1757649692749 113.05252273400774 495
1757649692851 112.97229540810025 496
1757649692960 112.89213544639664 497
1757649693067 112.81204278880885 498
1757649693161 112.73201737530425 499
