1757449459754 169.65805339562874 0
1757449459827 169.49694041843884 1
1757449459901 168.1144841898996 2
1757449459978 170.22380379559252 3
1757449460052 176.51104534914222 4
1757449460126 170.56035208192986 5
1757449460199 164.6610747818227 6
1757449460273 159.22588679344693 7
1757449460345 162.80482205736897 8
1757449460416 157.15596657348453 9
1757449460491 168.89367432165858 10
1757449460565 165.0643501632636 11
1757449460641 157.1977265147114 12
1757449460716 162.61444166975895 13
1757449460791 163.1840054937235 14
1757449460873 154.5761224603052 15
1757449460946 164.21213488756942 16
1757449461020 154.16709013189862 17
1757449461085 151.2903169127992 18
1757449461139 151.96922483349047 19
1757449461196 154.45057568789395 20
1757449461251 148.5279102254697 21
1757449461311 156.54214606425097 22
1757449461376 161.31588578692276 23
1757449461441 150.33181870135454 24
1757449461501 154.8969568268075 25
1757449461564 151.18520896065493 26
1757449461630 150.63819474896442 27
1757449461695 153.81608296009546 28
1757449461761 153.99750610351828 29
1757449461828 148.0120613206894 30
1757449461899 155.08019079803225 31
1757449461971 150.48481284950824 32
1757449462052 147.32570027619659 33
1757449462129 159.1685997681156 34
1757449462199 154.6825792087188 35
1757449462274 143.11614171938558 36
1757449462352 140.9311659216949 37
1757449462422 150.72222789839748 38
1757449462491 140.5066828359466 39
1757449462565 150.83343700536142 40
1757449462641 149.6104696466075 41
1757449462713 145.7003232153987 42
1757449462787 141.73496067583196 43
1757449462862 148.38207661336017 44
1757449462936 144.75493574478077 45
1757449463007 145.68758360846192 46
1757449463094 141.61446007656565 47
1757449463167 140.72675233971347 48
1757449463239 139.74773844524256 49
1757449463313 139.44596014868134 50
1757449463390 134.21560986004135 51
1757449463466 141.78120903519107 52
1757449463530 139.6472547092775 53
1757449463597 142.34512779100953 54
1757449463666 141.01006738300808 55
1757449463734 140.98736217256214 56
1757449463808 134.99043365580178 57
1757449463882 134.52528895435486 58
1757449463956 138.8403589043852 59
1757449464033 131.65964758018842 60
1757449464109 134.31603479418152 61
1757449464184 137.77369094095516 62
1757449464259 131.45306696553337 63
1757449464334 135.48778132056498 64
1757449464410 136.85015778543763 65
1757449464484 129.0187948083868 66
1757449464558 136.87938567918832 67
1757449464636 129.62863018823575 68
1757449464711 134.65425013960555 69
1757449464785 129.73403518151426 70
1757449464861 127.3892865606865 71
1757449464938 125.78115160466959 72
1757449465012 130.99142639971853 73
1757449465087 124.47506898299768 74
1757449465163 128.23425380726445 75
1757449465242 128.00829507277197 76
1757449465314 123.83614111621677 77
1757449465393 122.90371898234226 78
1757449465469 130.7718976877084 79
1757449465536 123.80345539333581 80
1757449465602 124.2584300317197 81
1757449465667 123.5552742465991 82
1757449465733 124.54542539749976 83
1757449465801 121.94534439414528 84
1757449465871 126.03500251173443 85
1757449465945 123.73681897159429 86
1757449466021 123.95200594004412 87
1757449466093 128.61227839632227 88
1757449466167 121.11395833232446 89
1757449466241 123.61782953335039 90
1757449466317 116.14354693090493 91
1757449466392 120.36681150130303 92
1757449466474 123.93658455710636 93
1757449466548 110.97739514615103 94
1757449466622 122.24353069902199 95
1757449466698 118.26334252457971 96
1757449466772 119.5319102192256 97
1757449466849 117.39129432469583 98
1757449466923 117.78580628716452 99
1757449467000 115.39570731277317 100
1757449467075 119.80524510540192 101
1757449467150 115.15763289293974 102
1757449467226 115.84373324283702 103
1757449467302 114.93743728077736 104
1757449467379 111.36423517909425 105
1757449467459 113.87162605249459 106
1757449467535 118.08641315248721 107
1757449467602 111.17414016559529 108
1757449467675 118.77308504036455 109
1757449467747 113.71510664821324 110
1757449467820 112.43096230994891 111
1757449467895 107.13299488354944 112
1757449467968 115.77893300897298 113
1757449468042 108.6248690129771 114
1757449468116 109.8056288713396 115
1757449468188 115.61935318055284 116
1757449468254 112.82248979676422 117
1757449468326 108.91788693277203 118
1757449468394 113.1883766225786 119
1757449468468 104.8578056899597 120
1757449468543 110.19272272857022 121
1757449468617 108.33232929508667 122
1757449468692 111.98863403802915 123
1757449468772 108.69709437384245 124
1757449468853 104.52480415134832 125
1757449468934 101.75506411906844 126
1757449469015 99.70535666702499 127
1757449469094 111.90498307820265 128
1757449469172 104.8292952734824 129
1757449469250 108.48214600267119 130
1757449469327 108.3413681493281 131
1757449469404 103.23839191871016 132
1757449469479 102.42179856862252 133
1757449469553 99.2943617282061 134
1757449469621 101.44505131405833 135
1757449469694 98.96768709319447 136
1757449469772 103.04778463743779 137
1757449469849 103.41977108703513 138
1757449469924 106.51522089294897 139
1757449469999 104.88457056793145 140
1757449470075 108.29284406761484 141
1757449470155 100.93377278584212 142
1757449470230 100.96086196487128 143
1757449470309 106.2137547713472 144
1757449470388 100.96215595922102 145
1757449470465 99.15354235659375 146
1757449470544 102.83573995695595 147
1757449470623 99.62173504187189 148
1757449470699 105.81163998318823 149
1757449470775 99.10801650623728 150
1757449470854 98.25955052456924 151
1757449470932 97.8965274736014 152
1757449471010 99.60720889873946 153
1757449471090 97.47686827846921 154
1757449471163 98.00141241493532 155
1757449471237 99.07804642830841 156
1757449471323 91.46198803974214 157
1757449471406 93.2249274220945 158
1757449471482 92.24441600472485 159
1757449471558 101.10272691594767 160
1757449471625 96.6414813141566 161
1757449471703 96.38077922844745 162
1757449471775 92.67411226866116 163
1757449471841 90.38883742291533 164
1757449471911 92.02405356439856 165
1757449471980 92.5172306784925 166
1757449472049 94.39587754537118 167
1757449472178 79.44733393272186 168
1757449472284 99.78895263626437 169
1757449472366 90.36049626019937 170
1757449472446 97.541960974512 171
1757449472536 95.35577409435264 172
1757449472613 91.87383073749311 173
1757449472695 88.67657051783377 174
1757449472774 97.22198044648944 175
1757449472851 88.18877266704015 176
1757449472932 99.38200872432769 177
1757449473013 90.1787673944391 178
1757449473091 89.60074208654048 179
1757449473171 97.95491386772414 180
1757449473247 91.20098795116371 181
1757449473325 89.24785510213228 182
1757449473408 86.06530385619168 183
1757449473483 92.80913232364564 184
1757449473562 86.9331915369418 185
1757449473631 86.13172626841259 186
1757449473698 80.10975594748132 187
1757449473768 89.58419178774815 188
1757449473837 90.48986012026921 189
1757449473900 83.94196691227269 190
1757449473972 88.72703576990276 191
1757449474045 82.98141892194367 192
1757449474124 90.7694063076392 193
1757449474205 84.43072087259645 194
1757449474275 86.15606198405865 195
1757449474345 77.23815550867279 196
1757449474414 90.02178481217122 197
1757449474477 80.62823903927901 198
1757449474544 81.71191199145417 199
1757449474618 85.14081685246379 200
1757449474693 87.04995027463876 201
1757449474765 82.49264356005808 202
1757449474834 87.92432630861583 203
1757449474904 79.1054718928246 204
1757449474976 74.49390657584541 205
1757449475049 81.61432200970735 206
1757449475128 77.02273799217488 207
1757449475204 79.77217020656832 208
1757449475281 77.07195581519882 209
1757449475361 80.9023761776779 210
1757449475437 81.20166942034459 211
1757449475512 81.76210605473102 212
1757449475591 73.95781700793702 213
1757449475659 77.94634824342022 214
1757449475728 78.72129821919746 215
1757449475799 78.70317138990151 216
1757449475873 80.49767864002263 217
1757449475949 72.03064699104071 218
1757449476024 84.64798492315188 219
1757449476100 73.27155341171539 220
1757449476182 78.99364706727725 221
1757449476260 79.00472551812837 222
1757449476336 73.31960434537886 223
1757449476411 76.88176291260595 224
1757449476489 70.22050913686796 225
1757449476564 76.37339505491066 226
1757449476640 68.17962235691029 227
1757449476718 70.2953142162215 228
1757449476794 75.84866347807908 229
1757449476870 73.53459174268566 230
1757449476946 77.7708878876759 231
1757449477023 78.13121511336927 232
1757449477102 76.07251482941248 233
1757449477182 84.71057311697278 234
1757449477263 80.5931706558958 235
1757449477336 77.97657541918937 236
1757449477416 73.4864125012555 237
1757449477494 72.1875589414353 238
1757449477572 75.23733950716257 239
1757449477647 71.53336548837251 240
1757449477715 70.60048636742988 241
1757449477785 70.82530126871582 242
1757449477855 74.26366461538858 243
1757449477930 71.39352568964647 244
1757449478007 72.17112435338743 245
1757449478084 69.41729487443497 246
1757449478162 71.59410357832925 247
1757449478249 70.04171748884183 248
1757449478326 70.40551010456633 249
1757449478404 59.197817860653174 250
1757449478480 74.12730058942482 251
1757449478559 66.16172233455461 252
1757449478637 76.37014674941783 253
1757449478712 74.79216113224855 254
1757449478792 67.99741557683397 255
1757449478871 76.1862853172606 256
1757449478952 72.42106559941244 257
1757449479035 76.70255174735955 258
1757449479113 72.41382357404675 259
1757449479191 75.54472514196733 260
1757449479267 72.85749845214042 261
1757449479343 71.3621927423886 262
1757449479420 62.14942676200109 263
1757449479496 69.59820230639114 264
1757449479574 64.63311746450121 265
1757449479650 66.27566090912254 266
1757449479723 60.59656306916055 267
1757449479789 65.94657628659603 268
1757449479854 68.5888755075221 269
1757449479925 65.32054188908927 270
1757449479993 60.47505804562384 271
1757449480067 61.40699351084793 272
1757449480139 63.56513851805495 273
1757449480212 55.80942647836633 274
1757449480289 63.06889481948107 275
1757449480363 61.095516557135795 276
1757449480442 73.40967859367368 277
1757449480521 68.8663178547887 278
1757449480602 76.73006196456438 279
1757449480681 69.62445367697639 280
1757449480763 57.86793694720437 281
1757449480841 60.736779813795906 282
1757449480922 67.19960634336609 283
1757449481001 63.14836294327188 284
1757449481083 65.89183484927125 285
1757449481163 69.32815551274642 286
1757449481242 63.35741182681168 287
1757449481317 63.731899784851464 288
1757449481392 58.37025388860741 289
1757449481471 58.54040697594669 290
1757449481551 69.15844450138827 291
1757449481632 57.29839081572733 292
1757449481707 55.907470796826956 293
1757449481781 59.880704121065406 294
1757449481857 61.005543073428285 295
1757449481936 64.18997176412155 296
1757449482014 67.35682821203648 297
1757449482093 63.52814778093684 298
1757449482173 67.84237019467919 299
1757449482253 64.53448413332589 300
1757449482334 59.328546986675605 301
1757449482423 60.87256862479277 302
1757449482496 58.76325984275788 303
1757449482570 64.2389490344734 304
1757449482643 54.46239133622083 305
1757449482703 55.82000362088702 306
1757449482771 63.24134668865725 307
1757449482844 69.95682033218282 308
1757449482919 65.64548961120738 309
1757449482997 58.35004945826867 310
1757449483083 60.09312330197174 311
1757449483164 48.87986009762829 312
1757449483245 51.90905309371747 313
1757449483323 64.02289118461582 314
1757449483402 58.60275928049001 315
1757449483478 63.357394550456036 316
1757449483555 54.729529079125406 317
1757449483635 68.63523742360039 318
1757449483712 62.544474758232035 319
1757449483782 55.61335851534069 320
1757449483854 60.59230392048283 321
1757449483924 50.465241089383596 322
1757449483998 53.06017092100273 323
1757449484074 64.30734212076548 324
1757449484159 60.757456075965166 325
1757449484241 61.73455893163627 326
1757449484324 47.92114886651957 327
1757449484402 59.25517115042447 328
1757449484481 61.62830921006679 329
1757449484556 56.15153214322275 330
1757449484635 59.50443509788812 331
1757449484712 55.0876962816857 332
1757449484790 49.83303500074791 333
1757449484864 53.23926395240352 334
1757449484945 53.082462271826486 335
1757449485025 51.56038434883406 336
1757449485101 54.912420394775914 337
1757449485181 51.1769056429328 338
1757449485262 49.68874510158466 339
1757449485354 54.50578839969443 340
1757449485440 50.66924650066842 341
1757449485516 58.76906101544725 342
1757449485585 54.1527454770234 343
1757449485654 52.254190894342635 344
1757449485726 63.567008522808614 345
1757449485793 62.640379821131106 346
1757449485866 46.59800560355205 347
1757449485942 50.49009219461091 348
1757449486017 59.138659432320324 349
1757449486100 51.91401043317051 350
1757449486183 48.1718233182918 351
1757449486261 47.465003394454804 352
1757449486345 49.23265884755205 353
1757449486424 43.05140303581263 354
1757449486508 45.996175991082325 355
1757449486585 61.919977227898954 356
1757449486665 48.55284830639985 357
1757449486746 48.146428984697856 358
1757449486830 46.82554170672405 359
1757449486913 52.160945333514206 360
1757449486997 41.989691848462506 361
1757449487079 46.61292498132265 362
1757449487158 51.399604385614545 363
1757449487237 55.58242405051268 364
1757449487317 53.32296025202148 365
1757449487392 45.31859773946122 366
1757449487471 48.451356948575096 367
1757449487543 54.1164623011758 368
1757449487620 47.96804000673573 369
1757449487698 48.48611519116671 370
1757449487775 47.9201236045674 371
1757449487849 45.96212004965686 372
1757449487923 55.528356177512286 373
1757449487996 45.533049860498934 374
1757449488071 51.34784541326572 375
1757449488143 48.71671575758152 376
1757449488256 47.49316427240115 377
1757449488336 42.75570643450526 378
1757449488416 49.339178632087396 379
1757449488495 48.383115436899516 380
1757449488573 58.23521131596432 381
1757449488650 43.791266756755626 382
1757449488727 47.10586086330354 383
1757449488811 46.742696250714225 384
1757449488894 48.653844789692364 385
1757449488975 43.98905846776387 386
1757449489055 41.58001665110764 387
1757449489130 48.883952179640104 388
1757449489201 52.22545816444358 389
1757449489275 47.35868964353821 390
1757449489352 60.56135388464604 391
1757449489429 42.89617555082612 392
1757449489507 38.715958734462504 393
1757449489581 45.92437594054378 394
1757449489657 44.4741760885265 395
1757449489731 39.74026649674844 396
1757449489803 54.0724650837905 397
1757449489871 38.09510917913392 398
1757449489945 51.83193568218309 399
1757449490018 46.95949428377096 400
1757449490105 57.087636604567855 401
1757449490183 47.51449185100771 402
1757449490262 41.57387405702543 403
1757449490340 45.72658993323205 404
1757449490419 47.291109232726996 405
1757449490500 49.95774626540885 406
1757449490583 46.55610220833517 407
1757449490664 46.50664048979502 408
1757449490742 51.948875973151885 409
1757449490818 56.21734578443211 410
1757449490895 48.17528538670382 411
1757449490970 49.24342263711502 412
1757449491047 40.58576560239591 413
1757449491129 54.04997614245174 414
1757449491212 38.34560177425366 415
1757449491292 39.288282556925424 416
1757449491373 37.15728832154856 417
1757449491451 44.63435248591729 418
1757449491531 34.003854433681056 419
1757449491612 40.859971334051785 420
1757449491690 42.43009503692749 421
1757449491771 50.714279488124745 422
1757449491847 32.39952621243729 423
1757449491921 47.344764816414724 424
1757449491993 43.085468428221404 425
1757449492069 45.10221464508614 426
1757449492145 47.989871086470075 427
1757449492223 39.59304216165012 428
1757449492301 53.46945261127476 429
1757449492376 41.32305371580012 430
1757449492453 35.72446616694209 431
1757449492531 34.5093452089007 432
1757449492610 42.12835977855086 433
1757449492692 48.389141992855606 434
1757449492774 41.111438478672845 435
1757449492852 52.163784278144185 436
1757449492932 44.1258093134247 437
1757449493008 30.06910090002663 438
1757449493085 41.52611847549156 439
1757449493163 40.668776190403136 440
1757449493251 42.230371779846585 441
1757449493329 37.93457020721356 442
1757449493404 56.899711849707316 443
1757449493468 42.45758102343243 444
1757449493539 41.97364874048102 445
1757449493614 35.75475312704177 446
1757449493704 43.63312976159908 447
1757449493784 39.01246615824439 448
1757449493854 36.808883230664875 449
1757449493927 35.360473813153334 450
1757449494004 45.62009622043595 451
1757449494082 54.749979659318754 452
1757449494157 43.842097667923696 453
1757449494231 36.93458525222995 454
1757449494308 35.14678915187923 455
1757449494382 40.68003789764537 456
1757449494458 40.144854033016706 457
1757449494534 41.40906133667583 458
1757449494609 41.23908834577113 459
1757449494700 32.73721153959672 460
1757449494781 31.473380330779733 461
1757449494857 29.06527149699041 462
1757449494934 35.43946974201036 463
1757449495016 32.40203469936467 464
1757449495096 32.99494635203025 465
1757449495175 37.38649578960809 466
1757449495250 35.569322215993424 467
1757449495331 40.15891171855036 468
1757449495410 39.88497159908475 469
1757449495488 42.75620516638918 470
1757449495563 40.988523292964466 471
1757449495640 41.79818525560381 472
1757449495719 43.63221032581881 473
1757449495797 32.33048970018082 474
1757449495878 43.60156202708878 475
1757449495955 26.981786228589204 476
1757449496031 38.587163948931156 477
1757449496109 37.22422778600433 478
1757449496188 30.40635036941105 479
1757449496282 40.12720539607348 480
1757449496360 30.726796653555525 481
1757449496439 32.186010118584825 482
1757449496525 29.817119918690125 483
1757449496606 44.0900146721338 484
1757449496684 35.955456325637435 485
1757449496765 38.34066644108448 486
1757449496843 37.66244028444924 487
1757449496924 38.368492269658255 488
1757449497000 37.972437644941024 489
1757449497079 52.00417696183314 490
1757449497164 53.115564176419824 491
1757449497244 40.232477256797154 492
1757449497326 33.22284238955623 493
1757449497414 30.808473119078393 494
1757449497496 30.17874835314724 495
1757449497575 30.58093051111677 496
1757449497653 29.99486867162958 497
1757449497733 38.02248023114374 498
1757449497811 37.857130038891334 499
