1757655615704 176.02603157730087 0
1757655615788 169.34264304633803 1
1757655615888 170.95895678958482 2
1757655615976 166.8990617156409 3
1757655616062 169.9629580140022 4
1757655616158 159.4059931126857 5
1757655616248 164.3935992345425 6
1757655616342 164.94056834424936 7
1757655616432 152.08822807813732 8
1757655616511 160.17198681395288 9
1757655616605 153.48282591295816 10
1757655616689 157.17365824639572 11
1757655616771 144.1790256827052 12
1757655616854 143.45327630302117 13
1757655616951 147.83846023247423 14
1757655617039 144.79363751843607 15
1757655617139 141.27050638082684 16
1757655617232 140.35125905928084 17
1757655617324 142.44629963582312 18
1757655617412 135.46360277990047 19
1757655617494 127.33398472058131 20
1757655617587 131.18389431601463 21
1757655617680 128.69111228038807 22
1757655617769 130.59794719306902 23
1757655617870 124.72247103765002 24
1757655617961 123.48992630827922 25
1757655618049 120.35536123411683 26
1757655618145 117.04575866817218 27
1757655618233 117.47762399443283 28
1757655618328 116.20666168897398 29
1757655618427 114.89380123544782 30
1757655618517 115.81540967509075 31
1757655618612 114.17093428700831 32
1757655618703 110.09093732732889 33
1757655618784 105.70452307998177 34
1757655618879 106.19626205250657 35
1757655618978 102.27699827109643 36
1757655619066 103.86745899481733 37
1757655619162 102.89596075719986 38
1757655619254 101.43769853085638 39
1757655619351 97.13432619139965 40
1757655619452 98.37492754301816 41
1757655619544 99.53228346214766 42
1757655619642 95.95444336815048 43
1757655619731 92.05179936790263 44
1757655619824 90.2189814423563 45
1757655619919 96.59570362442369 46
1757655620008 93.4366901742649 47
1757655620101 87.07440668511033 48
1757655620200 85.98174514868411 49
1757655620288 84.52044737498588 50
1757655620382 84.44995486457866 51
1757655620481 83.53124915530809 52
1757655620572 79.66017039622609 53
1757655620668 79.87583846790623 54
1757655620750 81.14891228184872 55
1757655620835 79.52618734014607 56
1757655620935 80.05600455211042 57
1757655621025 71.68653658924224 58
1757655621116 72.87195504312116 59
1757655621213 73.15989300303505 60
1757655621317 73.07972793538843 61
1757655621442 72.66829124614705 62
1757655621548 76.50778879772713 63
1757655621650 72.93167570504454 64
1757655621810 68.93821980235192 65
1757655621883 70.81778962910121 66
1757655621955 67.70234598588708 67
1757655622027 67.63835813410753 68
1757655622118 64.09961440428316 69
1757655622209 64.19385059295517 70
1757655622368 66.10843606318264 71
1757655622446 62.692210298681324 72
1757655622515 63.77929520292702 73
1757655622592 59.71524932903224 74
1757655622667 59.64203085436022 75
1757655622746 58.589236049101984 76
1757655622826 58.01903308333737 77
1757655622911 56.50286342149405 78
1757655622996 55.270612132653895 79
1757655623082 54.27360640421043 80
1757655623157 54.99578901816644 81
1757655623241 53.79651107169822 82
1757655623315 52.820655586660784 83
1757655623398 54.427792280703486 84
1757655623468 53.47657316445064 85
1757655623562 51.48500301102408 86
1757655623652 52.63899254990861 87
1757655623749 50.11134693835957 88
1757655623832 47.20303406559488 89
1757655623943 49.05229541784247 90
1757655624033 48.37072064688707 91
1757655624224 47.605096979645396 92
1757655624524 47.24788072318796 93
1757655624604 46.83159955146868 94
1757655624692 46.420100781997036 95
1757655624770 44.31750233759997 96
1757655624843 44.29053625899273 97
1757655624929 43.38964519851709 98
1757655625011 42.44709599289043 99
1757655625093 42.25617868552482 100
1757655625185 40.40024853163385 101
1757655625278 39.25065214147486 102
1757655625360 42.357297436369656 103
1757655625454 41.81400860476067 104
1757655625535 39.72573498527524 105
1757655625618 39.65744127107364 106
1757655625704 38.22565320353018 107
1757655625792 37.06305160116182 108
1757655625880 35.98529984963768 109
1757655625965 34.99961042483511 110
1757655626044 36.1425058195082 111
1757655626123 38.00932594553099 112
1757655626209 37.562386403322186 113
1757655626291 35.786374112276626 114
1757655626373 35.0625147641653 115
1757655626462 33.1149492174838 116
1757655626549 35.18671954069946 117
1757655626622 33.79884837093635 118
1757655626710 33.166384114913605 119
1757655626791 34.72088847771934 120
1757655626875 34.799964450871386 121
1757655626962 31.311602838376384 122
1757655627046 32.006138978463056 123
1757655627133 30.938682972582697 124
1757655627222 31.957309329609203 125
1757655627310 30.35645294918161 126
1757655627402 28.573782236539238 127
1757655627490 29.10811588794422 128
1757655627577 27.29321899263968 129
1757655627667 29.91017236425889 130
1757655627755 27.935437631613407 131
1757655627845 28.099273539147674 132
1757655627944 29.766030601323113 133
1757655628039 27.09665754685134 134
1757655628122 26.33248458722243 135
1757655628217 27.21570605723145 136
1757655628305 26.286403578547322 137
1757655628397 24.37767437607956 138
1757655628486 24.913711245349866 139
1757655628570 25.049777661969543 140
1757655628662 25.524536559958918 141
1757655628752 23.226018778185495 142
1757655628828 22.81879485298371 143
1757655628924 22.670181712073454 144
1757655629021 23.518283987424613 145
1757655629109 23.817668633234607 146
1757655629211 22.87379300017463 147
1757655629310 20.606260888687896 148
1757655629412 24.482539651851788 149
1757655629513 24.239256027095315 150
1757655629607 22.542101951874482 151
1757655629706 18.849215169896212 152
1757655629799 19.062367151794543 153
1757655629891 19.409229507337063 154
1757655629991 17.507112698573458 155
1757655630083 19.712804566800642 156
1757655630185 21.129751564676386 157
1757655630281 18.53019344795197 158
1757655630374 18.58338658385082 159
1757655630476 19.549866117152977 160
1757655630569 19.205688098495802 161
1757655630667 18.468647674321858 162
1757655630769 21.069434127954274 163
1757655630853 20.125972893819508 164
1757655630948 15.894141724001361 165
1757655631040 18.35944468560556 166
1757655631137 17.906743376677266 167
1757655631231 16.35786422866532 168
1757655631321 18.263257438349214 169
1757655631411 17.814329721247695 170
1757655631499 14.28005336881246 171
1757655631590 14.818896200872262 172
1757655631677 16.287156627833376 173
1757655631765 15.519584352765678 174
1757655631854 14.99721522684594 175
1757655631939 15.176162913598125 176
1757655632022 12.823371506365662 177
1757655632111 15.450835882320215 178
1757655632198 14.785913948327885 179
1757655632287 15.95551673488072 180
1757655632379 11.864920521264331 181
1757655632470 13.005233138253704 182
1757655632560 14.809125649916739 183
1757655632651 12.844161954791387 184
1757655632741 12.333018197754114 185
1757655632826 13.320656330493733 186
1757655632911 12.802234238375556 187
1757655632998 12.353082241105781 188
1757655633088 13.679790581901422 189
1757655633175 12.08116834598956 190
1757655633264 12.827363282012598 191
1757655633357 10.727568040566297 192
1757655633446 13.817853845019428 193
1757655633537 9.484547786471676 194
1757655633627 8.142494832944834 195
1757655633717 10.34438568105546 196
1757655633799 9.50400486029358 197
1757655633887 11.055205549699208 198
1757655633972 11.424536788781207 199
1757655634063 8.477115757374966 200
1757655634153 11.326047159668528 201
1757655634245 10.159164905658777 202
1757655634337 12.61639734875585 203
1757655634432 9.723763834810823 204
1757655634522 11.5769218198233 205
1757655634615 8.572682240204855 206
1757655634708 12.499058643610898 207
1757655634801 9.665622815634569 208
1757655634881 8.93411179726091 209
1757655634967 10.143810275899787 210
1757655635053 10.679699304842742 211
1757655635138 12.077960051104935 212
1757655635241 12.64602562060547 213
1757655635329 7.465715600099496 214
1757655635416 7.082149674684316 215
1757655635499 8.390494613067911 216
1757655635582 10.213445353683499 217
1757655635663 8.18681152888428 218
1757655635746 9.608946408365897 219
1757655635830 8.705434694192823 220
1757655635912 10.414282368809024 221
1757655635999 8.161728832267912 222
1757655636086 8.249539004610119 223
1757655636175 7.153841786305699 224
1757655636265 8.016894080478583 225
1757655636349 10.064257468167797 226
1757655636438 7.091924187928195 227
1757655636526 7.174238443646908 228
1757655636616 9.533483409411769 229
1757655636707 7.488652632709895 230
1757655636789 11.058861650448216 231
1757655636870 8.309007529504127 232
1757655636948 6.4313803813222155 233
1757655637028 7.112622086916972 234
1757655637113 8.401123128780316 235
1757655637200 8.00315932313275 236
1757655637288 5.639060336695854 237
1757655637374 5.332626207664947 238
1757655637461 5.939892317797998 239
1757655637552 7.0751065080458835 240
1757655637634 5.392434390465469 241
1757655637718 6.652509238541241 242
1757655637802 6.898983696130649 243
1757655637887 7.10914358638295 244
1757655637972 6.633344851925517 245
1757655638061 7.468190285994416 246
1757655638150 7.171915658083953 247
1757655638235 9.351418884178463 248
1757655638321 7.660143329045809 249
1757655638404 6.445441514389017 250
1757655638493 5.173080469039149 251
1757655638578 5.200325188254716 252
1757655638666 4.30471587465591 253
1757655638758 5.836104406026672 254
1757655638855 5.74093482846318 255
1757655638942 5.496113638449306 256
1757655639032 5.868681669462449 257
1757655639116 4.545104736883473 258
1757655639201 5.0715667545594805 259
1757655639290 7.164959095512887 260
1757655639383 5.487349864825142 261
1757655639472 5.3420196254819245 262
1757655639558 5.602205271397221 263
1757655639647 3.751705232379843 264
1757655639731 5.730916825465037 265
1757655639818 5.071260172696763 266
1757655639907 5.02912175180498 267
1757655640009 5.22991624539525 268
1757655640108 3.403345795581122 269
1757655640198 4.969771914413336 270
1757655640289 3.33117505575927 271
1757655640382 4.845432354698487 272
1757655640577 4.133715357038292 273
1757655640682 4.927095367847927 274
1757655640777 4.437885821470336 275
1757655640869 2.795095379501701 276
1757655640987 5.37546827522428 277
1757655641079 4.85333905255471 278
1757655641168 4.619142586333318 279
1757655641261 4.884739929659002 280
1757655641358 5.476054418347347 281
1757655641455 7.029861260886916 282
1757655641528 6.091981652489245 283
1757655641614 3.95681669516055 284
1757655641707 7.138288181996064 285
1757655641805 4.317905282535174 286
1757655641903 4.681972587350899 287
1757655642002 5.477061466969419 288
1757655642102 3.7440942827584434 289
1757655642203 3.2146208101810263 290
1757655642299 4.828186705974995 291
1757655642394 4.97104589985406 292
1757655642494 4.015407254775223 293
1757655642585 3.275801023285391 294
1757655642683 3.35496018696828 295
1757655642782 5.371520345417816 296
1757655642875 5.456845822275681 297
1757655642962 3.9073252837327943 298
1757655643053 3.340808575589575 299
1757655643142 4.359251750382492 300
1757655643238 3.5615149969186977 301
1757655643334 3.1766522314366883 302
1757655643429 2.778236610074284 303
1757655643523 2.6063645459754765 304
1757655643616 4.745263068190757 305
1757655643711 2.702565492187848 306
1757655643810 2.4827894022670685 307
1757655643906 2.0551248040579226 308
1757655644008 2.818586365029978 309
1757655644106 2.60793011318199 310
1757655644203 7.800223938415172 311
1757655644300 3.7620254004573046 312
1757655644392 5.382687090972104 313
1757655644484 4.020588866604828 314
1757655644577 3.1238710537887893 315
1757655644669 3.838944098955088 316
1757655644767 3.2687378103220395 317
1757655644863 2.612607790527403 318
1757655644953 4.0719840040317665 319
1757655645041 7.624356625175248 320
1757655645136 2.5399819750486046 321
1757655645231 3.148046590634176 322
1757655645324 3.3332515076567004 323
1757655645411 4.17672373762443 324
1757655645504 1.9045150327608997 325
1757655645597 2.8524517099063487 326
1757655645692 4.051625047027128 327
1757655645788 3.512876365017381 328
1757655645885 6.003198590426023 329
1757655645980 2.3260144003175105 330
1757655646076 3.8383466807045004 331
1757655646170 3.3779838391406893 332
1757655646265 1.763337089403854 333
1757655646365 1.8910649114511784 334
1757655646458 4.2170359923436935 335
1757655646557 1.4841783618570579 336
1757655646658 2.81393668302485 337
1757655646755 3.314968812628957 338
1757655646850 3.506339672897581 339
1757655646946 2.6273698207070377 340
1757655647032 2.915279008926367 341
1757655647121 1.0111873102397169 342
1757655647210 3.0179742419194624 343
1757655647300 2.8202248927710794 344
1757655647397 1.3284857639651968 345
1757655647550 2.2605759859385675 346
1757655647646 3.1665308099723077 347
1757655647739 1.4682390065997157 348
1757655647836 5.5309585864062045 349
1757655647933 2.8232323684067415 350
1757655648028 2.43430852597173 351
1757655648124 1.8063815551682167 352
1757655648221 2.8963256317433217 353
1757655648315 1.7333032199039005 354
1757655648410 2.2670420423041024 355
1757655648506 1.8940163484263888 356
1757655648601 2.251400635925595 357
1757655648694 1.7492785737742924 358
1757655648791 2.790475466913501 359
1757655648887 1.655003649950768 360
1757655648980 2.084055942927441 361
1757655649069 2.7550934217155265 362
1757655649157 3.622252100005512 363
1757655649250 1.4810566599516155 364
1757655649357 1.5952576940735173 365
1757655649460 2.918979120197214 366
1757655649555 1.348050800722376 367
1757655649649 3.744340966096375 368
1757655649741 2.786202418048593 369
1757655649842 1.8058949366306907 370
1757655649942 3.7697675338792114 371
1757655650037 1.532275713215336 372
1757655650133 1.4367753580950673 373
1757655650229 2.8015168203748435 374
1757655650323 1.3480885540823777 375
1757655650418 2.7393848476989935 376
1757655650515 1.5724698555007044 377
1757655650611 3.7346804260776203 378
1757655650707 0.9977099106198155 379
1757655650802 2.1337492360243164 380
1757655650900 1.611759596779906 381
1757655650999 2.9120141174540737 382
1757655651087 1.9660562229423695 383
1757655651221 2.142785335362894 384
1757655651315 2.2199163650623994 385
1757655651410 1.7073988653768937 386
1757655651502 2.7529010714970994 387
1757655651597 1.522640423552323 388
1757655651694 1.532855278976738 389
1757655651787 0.7828388664406067 390
1757655651880 3.6382771831792193 391
1757655651977 2.576088710021366 392
1757655652073 0.7932478429485967 393
1757655652169 0.8471988050618614 394
1757655652263 1.0397124954298251 395
1757655652359 3.038946859681154 396
1757655652455 2.412935795621815 397
1757655652548 2.97350438009221 398
1757655652643 0.9684866754622989 399
1757655652737 1.6885558861762562 400
1757655652830 0.86728898503075 401
1757655652927 2.687213286808171 402
1757655653025 1.0184053575996002 403
1757655653113 1.8681725797123427 404
1757655653206 1.9542206468910488 405
1757655653303 2.3885222120601 406
1757655653401 2.002848660729677 407
1757655653506 1.2187031119528018 408
1757655653612 1.9926089470503807 409
1757655653711 0.7626893408075571 410
1757655653811 1.6998023364118335 411
1757655653911 0.9742210347262796 412
1757655654008 2.20395214241748 413
1757655654107 1.1030003607914987 414
1757655654205 2.691583938403219 415
1757655654303 1.1665785044045414 416
1757655654402 1.9871868446729688 417
1757655654496 1.5512103629882075 418
1757655654593 1.913969918087461 419
1757655654707 1.7368594919712375 420
1757655654804 2.750434590760218 421
1757655654900 1.6933070928126772 422
1757655654997 2.6329712457444496 423
1757655655088 2.311049159868107 424
1757655655189 1.0508011439166693 425
1757655655295 0.950209563458318 426
1757655655400 2.635298944647978 427
1757655655507 1.3312110740868623 428
1757655655612 1.1888503819373153 429
1757655655715 1.4596810267589748 430
1757655655822 3.237223445526727 431
1757655655918 1.385621142906534 432
1757655656023 1.1927593719395275 433
1757655656130 2.7849411699130733 434
1757655656238 1.2234011674957288 435
1757655656345 2.460984083857352 436
1757655656448 1.063804610956259 437
1757655656554 0.7813535138756287 438
1757655656659 2.7170769043810226 439
1757655656756 3.4346794545161443 440
1757655656871 2.4611939992611194 441
1757655656984 0.8026833739308872 442
1757655657086 3.4446807203479115 443
1757655657179 1.4944846544323052 444
1757655657273 1.27137604146963 445
1757655657368 2.455474602085361 446
1757655657464 0.8698332506952378 447
1757655657557 4.238361990688191 448
1757655657655 4.835235847734212 449
1757655657749 0.6481649206693157 450
1757655657846 0.6056896791419083 451
1757655657949 2.4230583553361003 452
1757655658065 0.7790231120086863 453
1757655658203 2.536235408567235 454
1757655658349 1.5214071468635064 455
1757655658465 1.5310938403731906 456
1757655658575 2.2075814220079195 457
1757655658681 1.7251839529789401 458
1757655658779 2.818109984039963 459
1757655658873 1.557738749756526 460
1757655658968 2.2779141137446155 461
1757655659065 1.0060607096787801 462
1757655659155 3.0769574286782593 463
1757655659246 1.021931178968112 464
1757655659356 1.8520917061580302 465
1757655659478 1.6917106257302263 466
1757655659576 1.842816640266499 467
1757655659672 1.09232968044379 468
1757655659773 1.3484108745269614 469
1757655659871 0.9689315861982618 470
1757655659970 1.8296616440138236 471
1757655660068 0.9524461468102388 472
1757655660167 1.3072826733212235 473
1757655660264 0.6323933737123423 474
1757655660363 1.1193281631649155 475
1757655660460 1.244220896222397 476
1757655660558 0.8772176403868639 477
1757655660657 1.1681920089576907 478
1757655660753 2.9791195498441883 479
1757655660851 0.9645277272999246 480
1757655660950 0.3942014749599628 481
1757655661046 5.613623379255009 482
1757655661140 0.8687165251937329 483
1757655661231 1.4548499918812723 484
1757655661328 0.9177228206436734 485
1757655661425 0.9406037837881742 486
1757655661530 2.4419673508444326 487
1757655661630 1.979205696363233 488
1757655661730 2.2904676054243303 489
1757655661829 0.6714483917370342 490
1757655661927 1.6110110242344517 491
1757655662026 1.582108802378127 492
1757655662125 1.1238755836730636 493
1757655662226 1.6880751766897817 494
1757655662324 1.2685653142601359 495
1757655662428 0.9784078559585913 496
1757655662533 1.7122603703457442 497
1757655662634 1.7426216164977537 498
1757655662734 0.972622729071576 499
