1757511536637 169.15773667707617 0
1757511536749 156.51097019657496 1
1757511536837 151.13188812851928 2
1757511536902 145.81068516612632 3
1757511536973 140.75377757586148 4
1757511537050 135.94082441174675 5
1757511537192 131.3592831149211 6
1757511537262 126.99709357380108 7
1757511537334 122.8428639158644 8
1757511537403 118.88582609276637 9
1757511537466 115.11580082760945 10
1757511537534 111.52316436655192 11
1757511537608 108.09881714762152 12
1757511537676 104.83415426877542 13
1757511537744 101.7210376510786 14
1757511537819 98.75176979872724 15
1757511537890 95.91906906337574 16
1757511537959 93.21604632561743 17
1757511538026 90.63618301154608 18
1757511538099 88.1733103671048 19
1757511538168 85.82158991743002 20
1757511538240 83.57549504263581 21
1757511538311 81.42979360547518 22
1757511538395 79.37953157007122 23
1757511538480 77.4200175544497 24
1757511538549 75.54680826293628 25
1757511538623 73.75569474761846 26
1757511538693 72.04268945102567 27
1757511538766 70.40401398496368 28
1757511538836 68.83608760305745 29
1757511538907 67.3355163270238 30
1757511538980 65.89908268901718 31
1757511539055 64.52373605457942 32
1757511539124 63.2065834927834 33
1757511539194 61.94488116209955 34
1757511539265 60.736026182341604 35
1757511539339 59.57754896476648 36
1757511539408 58.46710597402337 37
1757511539479 57.40247289717224 38
1757511539549 56.38153819642814 39
1757511539622 55.402297023640315 40
1757511539691 54.46284547578879 41
1757511539762 53.56137517198085 42
1757511539832 52.696168133559695 43
1757511539902 51.865591950001075 44
1757511539969 51.068095214276205 45
1757511540041 50.30220321230272 46
1757511540111 49.56651385199424 47
1757511540182 48.85969381825619 48
1757511540256 48.18047494106406 49
1757511540324 47.52765076450256 50
1757511540395 46.90007330534379 51
1757511540467 46.29664999040102 52
1757511540549 45.71634076251521 53
1757511540626 45.15815534561589 54
1757511540695 44.62115065984823 55
1757511540763 44.10442837827684 56
1757511540833 43.60713261716512 57
1757511540907 43.12844775228889 58
1757511540983 42.66759635417677 59
1757511541057 42.22383723557737 60
1757511541133 41.796463604838635 61
1757511541202 41.38480131924613 62
1757511541275 40.98820723270903 63
1757511541353 40.606067632503596 64
1757511541427 40.23779676008694 65
1757511541500 39.88283541127916 66
1757511541574 39.54064961138102 67
1757511541639 39.21072936104694 68
1757511541706 38.89258744897263 69
1757511541777 38.5857583276806 70
1757511541845 38.28979704889941 71
1757511541915 38.004278255231334 72
1757511541989 37.72879522499207 73
1757511542060 37.46295896728242 74
1757511542130 37.20639736451981 75
1757511542202 36.95875435981402 76
1757511542273 36.71968918672034 77
1757511542347 36.488875639043066 78
1757511542417 36.26600137849374 79
1757511542493 36.05076727813289 80
1757511542563 35.84288679964086 81
1757511542635 35.64208540257383 82
1757511542707 35.44809998386467 83
1757511542778 35.26067834592676 84
1757511542852 35.07957869181068 85
1757511542922 34.90456914595124 86
1757511542993 34.735427299124076 87
1757511543065 34.57193977630848 88
1757511543141 34.41390182622609 89
1757511543213 34.261116931393815 90
1757511543289 34.11339643759418 91
1757511543363 33.97055920172751 92
1757511543435 33.8324312570679 93
1757511543505 33.69884549499925 94
1757511543579 33.56964136235902 95
1757511543647 33.44466457356581 96
1757511543716 33.32376683675191 97
1757511543789 33.20680559316579 98
1757511543865 33.093643769149374 99
1757511543940 32.984149540033485 100
1757511544012 32.878196105330964 101
1757511544085 32.775661474640906 102
1757511544159 32.67642826370964 103
1757511544233 32.580383500124405 104
1757511544305 32.48741843814409 105
1757511544375 32.397428382198704 106
1757511544450 32.310312518614516 107
1757511544524 32.225973755145624 108
1757511544599 32.144318567915846 109
1757511544673 32.065256855396 110
1757511544745 31.988701799061637 111
1757511544822 31.914569730395772 112
1757511544896 31.842780003918865 113
1757511544969 31.773254875945504 114
1757511545043 31.70591938878302 115
1757511545122 31.640701260102762 116
1757511545196 31.57753077722895 117
1757511545270 31.516340696103224 118
1757511545345 31.45706614469644 119
1757511545426 31.39964453065072 120
1757511545507 31.344015452946355 121
1757511545583 31.290120617399275 122
1757511545671 31.237903755804204 123
1757511545752 31.187310548549156 124
1757511545821 31.138288550535187 125
1757511545898 31.090787120244492 126
1757511545975 31.044757351807846 127
1757511546049 31.000152009929874 128
1757511546123 30.95692546753826 129
1757511546196 30.915033646029638 130
1757511546268 30.87443395799127 131
1757511546337 30.835085252284397 132
1757511546408 30.796947761379787 133
1757511546481 30.759983050842887 134
1757511546553 30.72415397086998 135
1757511546625 30.68942460978261 136
1757511546707 30.655760249391264 137
1757511546782 30.623127322144782 138
1757511546859 30.591493369985088 139
1757511546935 30.56082700483144 140
1757511547011 30.53109787062207 141
1757511547090 30.502276606844287 142
1757511547168 30.474334813487868 143
1757511547246 30.447245017359492 144
1757511547323 30.42098063969907 145
1757511547403 30.395515965041685 146
1757511547482 30.370826111271494 147
1757511547564 30.346887000816682 148
1757511547642 30.323675332936677 149
1757511547711 30.301168557055526 150
1757511547781 30.279344847097082 151
1757511547857 30.258183076780313 152
1757511547930 30.237662795834236 153
1757511548000 30.217764207094643 154
1757511548081 30.198468144445943 155
1757511548162 30.17975605157352 156
1757511548232 30.161609961493323 157
1757511548315 30.14401247682722 158
1757511548393 30.126946750793685 159
1757511548465 30.110396468885252 160
1757511548540 30.09434583120497 161
1757511548623 30.078779535435757 162
1757511548700 30.063682760417407 163
1757511548775 30.049041150307282 164
1757511548845 30.03484079930172 165
1757511548945 30.021068236896358 166
1757511549016 30.007710413664224 167
1757511549091 29.994754687531582 168
1757511549162 29.98218881053243 169
1757511549236 29.97000091602324 170
1757511549316 29.958179506340294 171
1757511549384 29.946713440882885 172
1757511549465 29.935591924606257 173
1757511549549 29.924804496908852 174
1757511549644 29.914341020898995 175
1757511549721 29.904191673027068 176
1757511549806 29.89434693306935 177
1757511549883 29.884797574450747 178
1757511549961 29.875534654893677 179
1757511550030 29.866549507381492 180
1757511550108 29.857833731424616 181
1757511550182 29.849379184618584 182
1757511550257 29.84117797448346 183
1757511550334 29.833222450574315 184
1757511550408 29.82550519685316 185
1757511550479 29.818019024313063 186
1757511550556 29.810756963845172 187
1757511550630 29.80371225934043 188
1757511550704 29.796878361017384 189
1757511550779 29.790248918968217 190
1757511550858 29.783817776915456 191
1757511550942 29.777578966171788 192
1757511551014 29.77152669979619 193
1757511551092 29.76565536693926 194
1757511551171 29.759959527371503 195
1757511551251 29.754433906187955 196
1757511551329 29.74907338868349 197
1757511551408 29.743873015392545 198
1757511551485 29.73882797728799 199
1757511551562 29.733933611133583 200
1757511551635 29.72918539498481 201
1757511551708 29.72457894383312 202
1757511551781 29.720110005388747 203
1757511551861 29.715774455997494 204
1757511551936 29.71156829668684 205
1757511552009 29.707487649337285 206
1757511552085 29.703528752974602 207
1757511552164 29.699687960179013 208
1757511552245 29.69596173360743 209
1757511552328 29.692346642625143 210
1757511552408 29.688839360043115 211
1757511552488 29.685436658957606 212
1757511552570 29.68213540968876 213
1757511552644 29.678932576814816 214
1757511552723 29.675825216298936 215
1757511552799 29.672810472705528 216
1757511552874 29.669885576503376 217
1757511552950 29.66704784145244 218
1757511553024 29.66429466207196 219
1757511553095 29.661623511186942 220
1757511553175 29.659031937550775 221
1757511553248 29.65651756354138 222
1757511553326 29.65407808292854 223
1757511553401 29.651711258710172 224
1757511553475 29.649414921015353 225
1757511553549 29.647186965071956 226
1757511553632 29.645025349236832 227
1757511553709 29.642928093086603 228
1757511553777 29.64089327556701 229
1757511553853 29.63891903319918 230
1757511553927 29.637003558340833 231
1757511554006 29.635145097500782 232
1757511554077 29.633341949705006 233
1757511554152 29.631592464912757 234
1757511554225 29.629895042481014 235
1757511554304 29.62824812967585 236
1757511554377 29.626650220229244 237
1757511554449 29.625099852939897 238
1757511554525 29.623595610316634 239
1757511554608 29.622136117263192 240
1757511554679 29.620720039802944 241
1757511554757 29.6193460838425 242
1757511554834 29.618012993972776 243
1757511554911 29.616719552306538 244
1757511554983 29.61546457735125 245
1757511555061 29.614246922916003 246
1757511555137 29.613065477051737 247
1757511555212 29.611919161023433 248
1757511555291 29.61080692831352 249
1757511555370 29.60972776365539 250
1757511555444 29.608680682096214 251
1757511555518 29.607664728087983 252
1757511555596 29.60667897460617 253
1757511555675 29.605722522294876 254
1757511555748 29.604794498637883 255
1757511555823 29.603894057154665 256
1757511555900 29.603020376620673 257
1757511555974 29.602172660311137 258
1757511556051 29.60135013526769 259
1757511556131 29.60055205158698 260
1757511556239 29.59977768173086 261
1757511556319 29.5990263198572 262
1757511556396 29.598297281170993 263
1757511556473 29.59758990129478 264
1757511556545 29.596903535658274 265
1757511556626 29.59623755890605 266
1757511556707 29.59559136432325 267
1757511556788 29.594964363278446 268
1757511556864 29.594355984683276 269
1757511556945 29.59376567446828 270
1757511557016 29.59319289507445 271
1757511557099 29.59263712496012 272
1757511557175 29.592097858122557 273
1757511557249 29.591574603633983 274
1757511557327 29.591066885191427 275
1757511557403 29.590574240680166 276
1757511557480 29.59009622175016 277
1757511557559 29.589632393405207 278
1757511557635 29.589182333604505 279
1757511557716 29.588745632875963 280
1757511557786 29.58832189394124 281
1757511557863 29.587910731351943 282
1757511557942 29.587511771136747 283
1757511558022 29.587124650459078 284
1757511558101 29.58674901728495 285
1757511558177 29.5863845300609 286
1757511558251 29.586030857401408 287
1757511558327 29.58568767778572 288
1757511558407 29.58535467926379 289
1757511558490 29.585031559170904 290
1757511558571 29.584718023850915 291
