1757438998654 169.38634097125342 0
1757438998713 169.37340410144037 1
1757438998773 169.36063430976927 2
1757438998828 169.3478653911463 3
1757438998886 169.3350976979888 4
1757438998949 169.32233087771397 5
1757438999009 169.30956528272415 6
1757438999068 169.29680056045143 7
1757438999124 169.2840370632834 8
1757438999182 169.27127443866698 9
1757438999241 169.25851303897488 10
1757438999304 169.24575251166897 11
1757438999366 169.23299320910698 12
1757438999430 169.22023477876579 13
1757438999494 169.2074775729882 14
1757438999557 169.19472123926607 15
1757438999620 169.1819661299273 16
1757438999686 169.16921189247853 17
1757438999750 169.15645887923287 18
1757438999817 169.1437067377119 19
1757438999872 169.13095582021387 20
1757438999934 169.1182057742752 21
1757438999993 169.10545695217922 22
1757439000060 169.0927090014774 23
1757439000113 169.0799622744381 24
1757439000176 169.0672165947939 25
1757439000237 169.05447178629586 26
1757439000301 169.04172820119027 27
1757439000358 169.02898548706563 28
1757439000423 169.01624399615335 29
1757439000487 169.00350337605684 30
1757439000549 168.99076397899262 31
1757439000610 168.97802545257903 32
1757439000673 168.9652881490177 33
1757439000737 168.95255171594184 34
1757439000798 168.93981650553832 35
1757439000862 168.9270821654551 36
1757439000921 168.91434904786425 37
1757439000985 168.9016168004287 38
1757439001052 168.8888857753055 39
1757439001112 168.8761556201726 40
1757439001173 168.86342668717214 41
1757439001233 168.85069862399695 42
1757439001304 168.8379717827743 43
1757439001362 168.82524581121194 44
1757439001424 168.8125210614223 45
1757439001486 168.79979718112793 46
1757439001547 168.78707452242654 47
1757439001611 168.7743529091362 48
1757439001671 168.76163216509374 49
1757439001734 168.74891264237453 50
1757439001794 168.73619398873834 51
1757439001856 168.72347655624563 52
1757439001904 168.71075999267106 53
1757439001963 168.69804465006027 54
1757439002028 168.68533017620274 55
1757439002095 168.67261692312937 56
1757439002159 168.6599045386444 57
1757439002225 168.64719337476393 58
1757439002291 168.6344830793071 59
1757439002358 168.62177400427515 60
1757439002425 168.6090657975021 61
1757439002492 168.59635881097424 62
1757439002563 168.5836526925406 63
1757439002631 168.57094779417258 64
1757439002697 168.55824376373408 65
1757439002764 168.5455409531817 66
1757439002830 168.5328390103941 67
1757439002898 168.5201382873131 68
1757439002964 168.5074384318323 69
1757439003036 168.4947397958786 70
1757439003102 168.48204220335577 71
1757439003174 168.46934547818617 72
1757439003238 168.45664997227456 73
1757439003303 168.44395533355157 74
1757439003366 168.43126191390718 75
1757439003432 168.41856936128687 76
1757439003498 168.4058780275657 77
1757439003565 168.39318756070418 78
1757439003634 168.38049831256245 79
1757439003704 168.3678099311158 80
1757439003769 168.35512276820964 81
1757439003834 168.34243647183413 82
1757439003898 168.32975139381978 83
1757439003956 168.31706718217166 84
1757439004025 168.30438418870546 85
1757439004094 168.29170206144101 86
1757439004158 168.2790211521793 87
1757439004222 168.26634110895498 88
1757439004281 168.25366228355412 89
1757439004341 168.24098432402636 90
1757439004404 168.22830758214283 91
1757439004465 168.21563188188546 92
1757439004528 168.2029570472547 93
1757439004592 168.19028342999948 94
1757439004653 168.17761067820655 95
1757439004711 168.16493914361013 96
1757439004773 168.1522684743117 97
1757439004835 168.1395990220307 98
1757439004898 168.1269304348835 99
1757439004959 168.11426306457463 100
1757439005019 168.10159655923536 101
1757439005084 168.08893127055543 102
1757439005149 168.07626684668094 103
1757439005208 168.06360363928678 104
1757439005268 168.0509412965339 105
1757439005326 168.0382801700824 106
1757439005387 168.02561990810807 107
1757439005450 168.01296086225616 108
1757439005511 168.00030268071737 109
1757439005575 167.98764571512203 110
1757439005636 167.97498961367577 111
1757439005705 167.96233472799415 112
1757439005769 167.9496807062975 113
1757439005834 167.93702790018668 114
1757439005898 167.92437613372897 115
1757439005953 167.91172523101017 116
1757439006020 167.89907554360903 117
1757439006085 167.8864267197829 118
1757439006154 167.8737791110956 119
1757439006220 167.86113236581934 120
1757439006285 167.84848683550314 121
1757439006351 167.83584216843414 122
1757439006425 167.82319871614652 123
1757439006502 167.81055612694215 124
1757439006574 167.79791475234046 125
1757439006641 167.78527424065817 126
1757439006710 167.77263494339994 127
1757439006781 167.75999650889727 128
1757439006850 167.74735928863998 129
1757439006919 167.73472293097453 130
1757439006987 167.7220877873758 131
1757439007055 167.70945350620516 132
1757439007126 167.69682043892269 133
1757439007195 167.68418823390454 134
1757439007262 167.671557242596 135
1757439007331 167.6589271133881 136
1757439007400 167.64629819771127 137
1757439007471 167.6336703197183 138
1757439007541 167.62104330358036 139
1757439007608 167.60841750070585 140
1757439007682 167.59579255952275 141
1757439007750 167.58316883142464 142
1757439007819 167.57054596485426 143
1757439007888 167.5579243111905 144
1757439007949 167.54530351889093 145
1757439008019 167.53268393931955 146
1757439008080 167.5200652209488 147
1757439008145 167.50744771512785 148
1757439008209 167.49483107034402 149
1757439008274 167.48221563793166 150
1757439008340 167.4696010663929 151
1757439008407 167.45698770704735 152
1757439008476 167.4443752084119 153
1757439008540 167.43176392179134 154
1757439008590 167.4191534957175 155
1757439008652 167.4065442814803 156
1757439008722 167.39393592762636 157
1757439008790 167.38132878543084 158
1757439008858 167.3687225034552 159
1757439008927 167.3561174329598 160
1757439008994 167.3435133981827 161
1757439009062 167.33091022338033 162
1757439009132 167.31830825979108 163
1757439009200 167.30570715601326 164
1757439009267 167.2931072632704 165
1757439009343 167.28050823017568 166
1757439009410 167.26791040793785 167
1757439009484 167.2553134451849 168
1757439009550 167.2427176931108 169
1757439009620 167.23012280035826 170
1757439009689 167.21752911810657 171
1757439009757 167.20493629501328 172
1757439009825 167.19234468224275 173
1757439009894 167.17975392846748 174
1757439009961 167.16716438483704 175
1757439010023 167.15457570003863 176
1757439010089 167.14198822520711 177
1757439010156 167.12940160904458 178
1757439010219 167.11681620267095 179
1757439010286 167.10423165480316 180
1757439010359 167.09164831654647 181
1757439010426 167.07906583663254 182
1757439010495 167.0664845661518 183
1757439010562 167.05390432942755 184
1757439010630 167.0413249508014 185
1757439010699 167.02874678134182 186
1757439010770 167.01616946981736 187
1757439010839 167.00359336728167 188
1757439010908 166.9910181225181 189
1757439010977 166.97844408656556 190
1757439011046 166.9658709082222 191
1757439011116 166.95329893851215 192
1757439011184 166.9407278262483 193
1757439011252 166.92815792244008 194
1757439011321 166.9155888759152 195
1757439011388 166.90302103766825 196
1757439011457 166.89045405654178 197
1757439011525 166.8778882835156 198
1757439011594 166.86532336744705 199
1757439011662 166.8527596593012 200
1757439011734 166.84019680795015 201
1757439011805 166.82763516434417 202
1757439011872 166.81507437737025 203
1757439011939 166.80251479796385 204
1757439012001 166.78995607502674 205
1757439012066 166.77739855947962 206
1757439012132 166.76484207573085 207
1757439012197 166.7522864482072 208
1757439012263 166.7397320278074 209
1757439012333 166.72717846347004 210
1757439012405 166.71462610607907 211
1757439012473 166.70207460458784 212
1757439012541 166.6895243098656 213
1757439012611 166.6769748708804 214
1757439012681 166.6644266384868 215
1757439012750 166.65187926166774 216
1757439012820 166.63933309126287 217
1757439012891 166.6267877762699 218
1757439012961 166.6142436675138 219
1757439013042 166.60170041400707 220
1757439013115 166.5891583665599 221
1757439013185 166.57661717419955 222
1757439013255 166.56407718772152 223
1757439013326 166.55153805616777 224
1757439013393 166.53900013031904 225
1757439013460 166.5264630592322 226
1757439013530 166.5139271936731 227
1757439013597 166.50139218271352 228
1757439013661 166.48885837710444 229
1757439013721 166.4763256013394 230
1757439013791 166.46379367993006 231
1757439013860 166.45126296360567 232
1757439013930 166.4387331014746 233
1757439014000 166.42620444425137 234
1757439014055 166.4136766410591 235
1757439014128 166.40115004259758 236
1757439014198 166.38862429800474 237
1757439014269 166.37609975796553 238
1757439014335 166.36357607163274 239
1757439014405 166.3510535896765 240
1757439014471 166.3385319612644 241
1757439014541 166.3260115370519 242
1757439014607 166.31349196622125 243
1757439014668 166.30097359941325 244
1757439014738 166.28845608582492 245
1757439014801 166.27593977608223 246
1757439014865 166.26342431939702 247
1757439014938 166.25091006638053 248
1757439015015 166.2383966662594 249
1757439015082 166.2258844696301 250
1757439015149 166.213373125734 251
1757439015217 166.20086298515287 252
1757439015281 166.188353872465 253
1757439015350 166.17584561226715 254
1757439015415 166.16333855511908 255
1757439015480 166.15083235029897 256
1757439015554 166.1383273483518 257
1757439015622 166.12582319857057 258
1757439015692 166.11332025148553 259
1757439015765 166.10081815640442 260
1757439015846 166.08831726384273 261
1757439015937 166.07581722312304 262
1757439016020 166.06331838474605 263
1757439016083 166.05082039804907 264
1757439016152 166.03832361351812 265
1757439016220 166.02582768050524 266
1757439016291 166.0133329494818 267
1757439016361 166.0008390698145 268
1757439016433 165.98834639196 269
1757439016504 165.97585456529978 270
1757439016574 165.9633639402758 271
1757439016647 165.9508741662842 272
1757439016719 165.93838559375226 273
1757439016788 165.92589787209096 274
1757439016860 165.91341135171274 275
1757439016929 165.90092585728084 276
1757439016998 165.88844121347685 277
1757439017069 165.87595777069126 278
1757439017142 165.86347517837177 279
1757439017215 165.85099378689426 280
1757439017284 165.8385132457212 281
1757439017354 165.8260339052136 282
1757439017424 165.81355541484874 283
1757439017494 165.80107812497297 284
1757439017562 165.78860168507825 285
1757439017634 165.77612644549626 286
1757439017703 165.7636520557337 287
1757439017775 165.75117886610752 288
1757439017843 165.7387065261391 289
1757439017914 165.72623538613075 290
1757439017985 165.7137650956186 291
1757439018052 165.70129600489022 292
1757439018122 165.6888277634965 293
1757439018189 165.67636072171024 294
1757439018259 165.66389452909718 295
1757439018328 165.6514295359153 296
1757439018401 165.6389655669053 297
1757439018469 165.62650244682615 298
1757439018537 165.614040525914 299
1757439018607 165.6015794537712 300
1757439018676 165.58911958061924 301
1757439018746 165.57666055607524 302
1757439018819 165.5642027303459 303
1757439018890 165.5517457530631 304
1757439018963 165.5392899744189 305
1757439019035 165.52683504405982 306
1757439019108 165.51438131216327 307
1757439019186 165.5019284283905 308
1757439019254 165.48947674290417 309
1757439019322 165.47702590538037 310
1757439019393 165.46457626596694 311
1757439019465 165.4521274743547 312
1757439019535 165.43967988067686 313
1757439019595 165.42723313463898 314
1757439019655 165.41478758635955 315
1757439019726 165.40234288555877 316
1757439019798 165.3898993823405 317
1757439019872 165.37745672643968 318
1757439019950 165.36501526794547 319
1757439020023 165.35257483168323 320
1757439020088 165.3401352424966 321
1757439020158 165.32769685045278 322
1757439020227 165.31525930532345 323
1757439020299 165.30282295716114 324
1757439020377 165.2903874557522 325
1757439020450 165.27795315113448 326
1757439020519 165.26551969310896 327
1757439020591 165.25308743169887 328
1757439020665 165.24065601672 329
1757439020740 165.22822579818077 330
1757439020816 165.2157964259117 331
1757439020885 165.20336824990653 332
1757439020956 165.19094092001058 333
1757439021028 165.17851478620278 334
1757439021102 165.16608949834318 335
1757439021173 165.15366540639613 336
1757439021249 165.14124216023632 337
1757439021321 165.12882010981338 338
1757439021393 165.11639890501675 339
1757439021464 165.1039788957814 340
1757439021535 165.09155973201146 341
1757439021606 165.0791417636272 342
1757439021678 165.06672481553866 343
1757439021748 165.05430871267413 344
1757439021820 165.04189380493213 345
1757439021891 165.02947974225324 346
1757439021963 165.01706687452128 347
1757439022037 165.00465485169173 348
1757439022106 164.99224402363362 349
1757439022173 164.9798340403171 350
1757439022241 164.96742525159655 351
1757439022314 164.9550173074569 352
1757439022385 164.94261055773777 353
1757439022457 164.93020465243876 354
1757439022527 164.91779994138494 355
1757439022598 164.90539607459053 356
1757439022672 164.89299340186588 357
1757439022745 164.88059157324003 358
1757439022819 164.86819093850858 359
1757439022892 164.85579114771528 360
1757439022962 164.84339255064106 361
1757439023040 164.83099479734437 362
1757439023131 164.8185982375915 363
1757439023203 164.80620252145553 364
1757439023279 164.79380799868815 365
1757439023350 164.78141449428392 366
1757439023423 164.7690218332557 367
1757439023493 164.75663036533325 368
1757439023566 164.7442397406263 369
1757439023639 164.73185030885 370
1757439023711 164.7194617201287 371
1757439023786 164.7070743241628 372
1757439023858 164.69468777109145 373
1757439023931 164.6823024106004 374
1757439024007 164.6699178928435 375
1757439024079 164.65753456749178 376
1757439024151 164.64515208471371 377
1757439024221 164.6327707941658 378
1757439024294 164.62039034603117 379
1757439024368 164.60801108995165 380
1757439024442 164.5956326761251 381
1757439024516 164.58325545417856 382
1757439024591 164.5708790743246 383
1757439024665 164.5585038861758 384
1757439024738 164.54612953995925 385
1757439024809 164.5337563852728 386
1757439024881 164.5213840723584 387
1757439024957 164.50901295079916 388
1757439025034 164.4966428456742 389
1757439025108 164.4842735820808 390
1757439025189 164.47190550958032 391
1757439025259 164.45953827845125 392
1757439025330 164.44717223824017 393
1757439025405 164.43480703924027 394
1757439025479 164.42244303098363 395
1757439025556 164.410079863778 396
1757439025631 164.39771788714077 397
1757439025704 164.38535675139443 398
1757439025791 164.37299680604173 399
1757439025863 164.36063770141982 400
1757439025938 164.34827978701676 401
1757439026017 164.3359227131845 402
1757439026092 164.32356682939633 403
1757439026185 164.31121178601887 404
1757439026261 164.29885793251086 405
1757439026333 164.2865049192535 406
1757439026402 164.27415309569093 407
1757439026489 164.26180211221904 408
1757439026564 164.2494523182673 409
1757439026641 164.23710336424625 410
1757439026727 164.22475559957073 411
1757439026802 164.21240884940426 412
1757439026877 164.2000629389285 413
1757439026951 164.1877182175365 414
1757439027026 164.17537433567531 415
1757439027105 164.16303164272338 416
1757439027180 164.15068978914238 417
1757439027256 164.1383491242961 418
1757439027329 164.12600929866093 419
1757439027400 164.11367066158596 420
1757439027472 164.1013328635623 421
1757439027546 164.08899625392442 422
1757439027619 164.07666048317805 423
1757439027694 164.06432590064298 424
1757439027768 164.0519921568397 425
1757439027841 164.03965960107334 426
1757439027919 164.027327883879 427
1757439027992 164.01499735454723 428
1757439028069 164.00266766362773 429
1757439028144 163.99033916039647 430
1757439028212 163.97801149541783 431
1757439028283 163.96568501795312 432
1757439028355 163.95335937858135 433
1757439028430 163.9410349265492 434
1757439028507 163.92871148710452 435
1757439028584 163.9163888855133 436
1757439028657 163.90406747100036 437
1757439028735 163.89174689418132 438
1757439028809 163.87942750426637 439
1757439028885 163.86710895188577 440
1757439028960 163.85479158623505 441
1757439029032 163.84247505795912 442
1757439029104 163.83015971623894 443
1757439029180 163.81784521173404 444
1757439029257 163.8055318936108 445
1757439029331 163.79321941254332 446
1757439029406 163.78090811768334 447
1757439029480 163.76859765971972 448
1757439029555 163.75628838778957 449
1757439029635 163.7439799525963 450
1757439029706 163.73167270326246 451
1757439029778 163.71936629050614 452
1757439029850 163.7070610634352 453
1757439029924 163.69475667278238 454
1757439030002 163.68245346764098 455
1757439030080 163.67015109875834 456
1757439030162 163.65784991521315 457
1757439030223 163.6455497423375 458
1757439030294 163.63325040548153 459
1757439030365 163.62095225370226 460
1757439030438 163.60865493778337 461
1757439030496 163.59635880676728 462
1757439030559 163.58406351145237 463
1757439030629 163.57176940086637 464
1757439030697 163.55947612582233 465
1757439030768 163.54718403533332 466
1757439030840 163.53489278022712 467
1757439030913 163.52260270950217 468
1757439030989 163.5103134740008 469
1757439031067 163.49802542270692 470
1757439031144 163.48573820647746 471
1757439031220 163.47345217428173 472
1757439031302 163.4611669769914 473
1757439031385 163.448882963561 474
1757439031461 163.4365997848769 475
1757439031537 163.42431778987904 476
1757439031613 163.4120366294684 477
1757439031690 163.3997566525704 478
1757439031769 163.38747751010055 479
1757439031845 163.37519955096968 480
1757439031921 163.362922600594 481
1757439031995 163.35064648440792 482
1757439032071 163.33837155130047 483
1757439032148 163.32609745222368 484
1757439032217 163.31382453605195 485
1757439032281 163.30155245375187 486
1757439032347 163.28928155418336 487
1757439032416 163.27701148832762 488
1757439032485 163.26474260502988 489
1757439032559 163.252474555286 490
1757439032632 163.24020768792673 491
1757439032709 163.22794165396243 492
1757439032786 163.2156768022092 493
1757439032863 163.20341278369216 494
1757439032939 163.19114994721275 495
1757439033016 163.17888794381074 496
1757439033094 163.16662712227298 497
1757439033165 163.15436713365384 498
1757439033242 163.14210832672552 499
