1757647690555 171.83884938260493 0
1757647690634 171.74771609361022 1
1757647690708 171.65663334043145 2
1757647690786 171.56560109455893 3
1757647690864 171.4746193274993 4
1757647690941 171.3836880107754 5
1757647691020 171.29280711592625 6
1757647691097 171.2019766145071 7
1757647691170 171.11119647808934 8
1757647691250 171.0204666782606 9
1757647691329 170.92978718662465 10
1757647691406 170.83915797480142 11
1757647691487 170.74857901442704 12
1757647691566 170.6580502771537 13
1757647691642 170.56757173464982 14
1757647691722 170.47714335859988 15
1757647691797 170.3867651207045 16
1757647691875 170.29643699268038 17
1757647691941 170.20615894626036 18
1757647692013 170.11593095319336 19
1757647692088 170.02575298524434 20
1757647692161 169.9356250141944 21
1757647692240 169.84554701184064 22
1757647692318 169.75551894999623 23
1757647692408 169.66554080049042 24
1757647692506 169.5756125351684 25
1757647692580 169.4857341258915 26
1757647692656 169.395905544537 27
1757647692731 169.30612676299816 28
1757647692809 169.21639775318434 29
1757647692887 169.12671848702078 30
1757647692965 169.03708893644873 31
1757647693043 168.94750907342544 32
1757647693119 168.85797886992415 33
1757647693200 168.76849829793392 34
1757647693282 168.67906732945988 35
1757647693365 168.58968593652304 36
1757647693446 168.50035409116035 37
1757647693524 168.41107176542468 38
1757647693602 168.32183893138475 39
1757647693680 168.23265556112528 40
1757647693759 168.14352162674675 41
1757647693839 168.05443710036565 42
1757647693917 167.96540195411424 43
1757647693994 167.8764161601407 44
1757647694071 167.78747969060905 45
1757647694151 167.6985925176991 46
1757647694230 167.60975461360658 47
1757647694305 167.52096595054297 48
1757647694384 167.4322265007356 49
1757647694458 167.3435362364276 50
1757647694529 167.25489512987795 51
1757647694608 167.1663031533613 52
1757647694687 167.07776027916813 53
1757647694766 166.9892664796048 54
1757647694844 166.9008217269932 55
1757647694925 166.81242599367124 56
1757647695004 166.72407925199235 57
1757647695084 166.63578147432588 58
1757647695167 166.5475326330567 59
1757647695249 166.4593327005856 60
1757647695326 166.37118164932895 61
1757647695402 166.2830794517188 62
1757647695479 166.19502608020304 63
1757647695558 166.10702150724504 64
1757647695640 166.01906570532407 65
1757647695717 165.9311586469348 66
1757647695796 165.8433003045877 67
1757647695876 165.755490650809 68
1757647695957 165.66772965814033 69
1757647696037 165.58001729913906 70
1757647696119 165.49235354637824 71
1757647696199 165.40473837244636 72
1757647696273 165.3171717499477 73
1757647696353 165.229653651502 74
1757647696432 165.1421840497446 75
1757647696504 165.05476291732649 76
1757647696577 164.96739022691415 77
1757647696655 164.88006595118958 78
1757647696732 164.79279006285046 79
1757647696810 164.70556253460987 80
1757647696890 164.61838333919653 81
1757647696970 164.53125244935455 82
1757647697048 164.44416983784376 83
1757647697127 164.3571354774392 84
1757647697208 164.27014934093162 85
1757647697286 164.18321140112727 86
1757647697367 164.0963216308477 87
1757647697447 164.0094800029301 88
1757647697527 163.922686490227 89
1757647697607 163.83594106560642 90
1757647697687 163.74924370195188 91
1757647697766 163.6625943721622 92
1757647697848 163.57599304915178 93
1757647697927 163.48943970585023 94
1757647698008 163.40293431520283 95
1757647698085 163.31647685016998 96
1757647698167 163.2300672837277 97
1757647698247 163.14370558886722 98
1757647698329 163.05739173859524 99
1757647698421 162.9711257059338 100
1757647698523 162.88490746392023 101
1757647698630 162.79873698560723 102
1757647698746 162.71261424406296 103
1757647698862 162.62653921237072 104
1757647698985 162.5405118636292 105
1757647699096 162.45453217095246 106
1757647699208 162.36860010746977 107
1757647699315 162.28271564632573 108
1757647699421 162.19687876068025 109
1757647699535 162.11108942370842 110
1757647699645 162.0253476086007 111
1757647699756 161.93965328856274 112
1757647699867 161.85400643681544 113
1757647699972 161.76840702659499 114
1757647700061 161.68285503115277 115
1757647700162 161.5973504237554 116
1757647700274 161.51189317768464 117
1757647700377 161.42648326623754 118
1757647700476 161.34112066272635 119
1757647700548 161.2558053404784 120
1757647700626 161.17053727283636 121
1757647700706 161.08531643315789 122
1757647700789 161.00014279481596 123
1757647700871 160.9150163311986 124
1757647700953 160.829937015709 125
1757647701035 160.74490482176552 126
1757647701115 160.6599197228016 127
1757647701193 160.5749816922658 128
1757647701276 160.49009070362183 129
1757647701358 160.40524673034852 130
1757647701438 160.32044974593967 131
1757647701523 160.23569972390428 132
1757647701603 160.1509966377663 133
1757647701683 160.06634046106498 134
1757647701762 159.98173116735433 135
1757647701845 159.89716873020362 136
1757647701926 159.81265312319704 137
1757647702008 159.7281843199339 138
1757647702089 159.6437622940285 139
1757647702173 159.5593870191101 140
1757647702253 159.475058468823 141
1757647702334 159.39077661682657 142
1757647702412 159.30654143679507 143
1757647702494 159.22235290241773 144
1757647702573 159.13821098739888 145
1757647702653 159.0541156654576 146
1757647702736 158.97006691032817 147
1757647702817 158.88606469575961 148
1757647702900 158.80210899551597 149
1757647702981 158.71819978337626 150
1757647703062 158.6343370331343 151
1757647703143 158.55052071859896 152
1757647703224 158.46675081359385 153
1757647703304 158.38302729195766 154
1757647703386 158.29935012754373 155
1757647703474 158.21571929422055 156
1757647703568 158.13213476587126 157
1757647703662 158.04859651639396 158
1757647703755 157.96510451970158 159
1757647703839 157.8816587497219 160
1757647703927 157.7982591803975 161
1757647704011 157.71490578568586 162
1757647704098 157.63159853955918 163
1757647704180 157.54833741600453 164
1757647704268 157.4651223890238 165
1757647704355 157.38195343263357 166
1757647704445 157.29883052086538 167
1757647704542 157.21575362776534 168
1757647704621 157.13272272739445 169
1757647704699 157.04973779382846 170
1757647704775 156.96679880115786 171
1757647704855 156.88390572348783 172
1757647704942 156.8010585349384 173
1757647705023 156.71825720964415 174
1757647705104 156.63550172175457 175
1757647705187 156.5527920454337 176
1757647705270 156.47012815486033 177
1757647705355 156.38751002422802 178
1757647705437 156.30493762774492 179
1757647705520 156.22241093963382 180
1757647705605 156.1399299341323 181
1757647705688 156.0574945854925 182
1757647705770 155.97510486798126 183
1757647705856 155.89276075588 184
1757647705940 155.81046222348485 185
1757647706024 155.7282092451065 186
1757647706106 155.64600179507033 187
1757647706192 155.5638398477162 188
1757647706276 155.48172337739868 189
1757647706358 155.3996523584869 190
1757647706442 155.31762676536457 191
1757647706525 155.23564657242994 192
1757647706604 155.15371175409587 193
1757647706680 155.0718222847898 194
1757647706759 154.98997813895363 195
1757647706842 154.90817929104387 196
1757647706929 154.82642571553154 197
1757647707014 154.74471738690218 198
1757647707095 154.66305427965588 199
1757647707179 154.58143636830712 200
1757647707261 154.49986362738508 201
1757647707345 154.41833603143326 202
1757647707428 154.3368535550097 203
1757647707511 154.25541617268692 204
1757647707597 154.17402385905189 205
1757647707682 154.09267658870604 206
1757647707764 154.01137433626528 207
1757647707848 153.93011707635992 208
1757647707932 153.84890478363465 209
1757647708012 153.7677374327488 210
1757647708097 153.68661499837586 211
1757647708179 153.6055374552038 212
1757647708262 153.52450477793516 213
1757647708348 153.44351694128662 214
1757647708433 153.3625739199894 215
1757647708517 153.28167568878902 216
1757647708601 153.20082222244548 217
1757647708677 153.120013495733 218
1757647708756 153.03924948344016 219
1757647708839 152.95853016037003 220
1757647708926 152.87785550133987 221
1757647709013 152.79722548118127 222
1757647709096 152.71664007474024 223
1757647709179 152.63609925687703 224
1757647709266 152.5556030024661 225
1757647709349 152.47515128639645 226
1757647709433 152.3947440835711 227
1757647709518 152.31438136890753 228
1757647709603 152.2340631173374 229
1757647709692 152.1537893038066 230
1757647709775 152.07355990327542 231
1757647709859 151.9933748907182 232
1757647709941 151.91323424112366 233
1757647710031 151.83313792949465 234
1757647710117 151.75308593084836 235
1757647710201 151.6730782202161 236
1757647710287 151.59311477264336 237
1757647710372 151.5131955631899 238
1757647710468 151.4333205669296 239
1757647710551 151.35348975895062 240
1757647710635 151.2737031143552 241
1757647710714 151.19396060825972 242
1757647710796 151.1142622157948 243
1757647710882 151.03460791210517 244
1757647710966 150.9549976723497 245
1757647711050 150.87543147170132 246
1757647711134 150.79590928534728 247
1757647711218 150.7164310884887 248
1757647711304 150.63699685634097 249
1757647711387 150.55760656413347 250
1757647711470 150.47826018710984 251
1757647711556 150.39895770052757 252
1757647711641 150.31969907965842 253
1757647711726 150.24048429978808 254
1757647711814 150.1613133362164 255
1757647711900 150.08218616425725 256
1757647711988 150.00310275923846 257
1757647712075 149.92406309650204 258
1757647712161 149.84506715140392 259
1757647712244 149.76611489931406 260
1757647712330 149.6872063156164 261
1757647712416 149.60834137570902 262
1757647712507 149.52952005500381 263
1757647712590 149.45074232892682 264
1757647712675 149.37200817291793 265
1757647712757 149.2933175624311 266
1757647712841 149.2146704729342 267
1757647712924 149.13606687990898 268
1757647713008 149.05750675885133 269
1757647713093 148.97899008527088 270
1757647713182 148.90051683469127 271
1757647713268 148.82208698265012 272
1757647713356 148.74370050469886 273
1757647713439 148.66535737640288 274
1757647713525 148.5870575733415 275
1757647713609 148.50880107110783 276
1757647713696 148.43058784530896 277
1757647713779 148.3524178715658 278
1757647713865 148.27429112551317 279
1757647713951 148.1962075827997 280
1757647714036 148.11816721908787 281
1757647714122 148.04017001005406 282
1757647714208 147.96221593138844 283
1757647714297 147.884304958795 284
1757647714383 147.80643706799162 285
1757647714469 147.72861223470983 286
1757647714554 147.6508304346952 287
1757647714639 147.57309164370685 288
1757647714720 147.4953958375178 289
1757647714801 147.41774299191493 290
1757647714888 147.34013308269874 291
1757647714978 147.26256608568366 292
1757647715070 147.18504197669765 293
1757647715154 147.10756073158265 294
1757647715241 147.03012232619417 295
1757647715330 146.9527267364016 296
1757647715416 146.87537393808785 297
1757647715501 146.79806390714975 298
1757647715589 146.7207966194978 299
1757647715675 146.64357205105608 300
1757647715763 146.56639017776246 301
1757647715850 146.4892509755685 302
1757647715936 146.4121544204394 303
1757647716023 146.33510048835404 304
1757647716111 146.258089155305 305
1757647716203 146.18112039729843 306
1757647716290 146.1041941903542 307
1757647716375 146.0273105105058 308
1757647716462 145.95046933380033 309
1757647716549 145.87367063629847 310
1757647716634 145.7969143940747 311
1757647716717 145.7202005832169 312
1757647716797 145.64352917982663 313
1757647716883 145.56690016001903 314
1757647716971 145.49031349992285 315
1757647717058 145.41376917568041 316
1757647717144 145.33726716344756 317
1757647717233 145.26080743939377 318
1757647717319 145.184389979702 319
1757647717403 145.1080147605688 320
1757647717492 145.03168175820426 321
1757647717576 144.9553909488319 322
1757647717663 144.87914230868896 323
1757647717753 144.802935814026 324
1757647717841 144.7267714411072 325
1757647717926 144.65064916621014 326
1757647718016 144.574568965626 327
1757647718102 144.49853081565945 328
1757647718189 144.4225346926285 329
1757647718275 144.34658057286472 330
1757647718361 144.27066843271314 331
1757647718451 144.19479824853227 332
1757647718535 144.11896999669398 333
1757647718619 144.04318365358364 334
1757647718708 143.96743919559998 335
1757647718787 143.8917365991553 336
1757647718870 143.81607584067518 337
1757647718960 143.74045689659857 338
1757647719047 143.66487974337804 339
1757647719135 143.58934435747926 340
1757647719220 143.51385071538155 341
1757647719309 143.43839879357733 342
1757647719397 143.3629885685727 343
1757647719485 143.28762001688688 344
1757647719572 143.21229311505255 345
1757647719658 143.13700783961568 346
1757647719742 143.0617641671356 347
1757647719832 142.98656207418503 348
1757647719919 142.91140153734992 349
1757647720008 142.8362825332296 350
1757647720097 142.76120503843663 351
1757647720188 142.68616902959698 352
1757647720275 142.61117448334983 353
1757647720364 142.5362213763476 354
1757647720451 142.46130968525614 355
1757647720540 142.38643938675446 356
1757647720627 142.31161045753487 357
1757647720716 142.23682287430282 358
1757647720799 142.16207661377723 359
1757647720887 142.08737165269008 360
1757647720974 142.01270796778658 361
1757647721062 141.9380855358253 362
1757647721152 141.86350433357788 363
1757647721235 141.7889643378293 364
1757647721325 141.71446552537762 365
1757647721414 141.64000787303414 366
1757647721501 141.56559135762333 367
1757647721590 141.49121595598294 368
1757647721678 141.41688164496372 369
1757647721769 141.34258840142977 370
1757647721855 141.26833620225818 371
1757647721942 141.1941250243393 372
1757647722029 141.11995484457648 373
1757647722117 141.0458256398864 374
1757647722206 140.97173738719874 375
1757647722296 140.89769006345637 376
1757647722384 140.82368364561512 377
1757647722479 140.74971811064412 378
1757647722596 140.6757934355255 379
1757647722684 140.6019095972544 380
1757647722771 140.5280665728392 381
1757647722853 140.45426433930126 382
1757647722941 140.38050287367506 383
1757647723030 140.306782153008 384
1757647723116 140.23310215436072 385
1757647723204 140.15946285480678 386
1757647723295 140.08586423143282 387
1757647723380 140.0123062613385 388
1757647723471 139.93878892163647 389
1757647723558 139.86531218945245 390
1757647723648 139.79187604192518 391
1757647723737 139.71848045620632 392
1757647723824 139.64512540946055 393
1757647723914 139.57181087886556 394
1757647724001 139.498536841612 395
1757647724091 139.42530327490348 396
1757647724178 139.35211015595658 397
1757647724269 139.27895746200088 398
1757647724355 139.20584517027882 399
1757647724447 139.1327732580458 400
1757647724535 139.05974170257022 401
1757647724625 138.98675048113336 402
1757647724712 138.91379957102933 403
1757647724799 138.84088894956537 404
1757647724881 138.7680185940614 405
1757647724969 138.69518848185035 406
1757647725059 138.622398590278 407
1757647725147 138.54964889670308 408
1757647725237 138.47693937849704 409
1757647725329 138.4042700130443 410
1757647725421 138.33164077774222 411
1757647725509 138.25905165000083 412
1757647725598 138.18650260724314 413
1757647725688 138.11399362690494 414
1757647725775 138.04152468643483 415
1757647725866 137.9690957632943 416
1757647725956 137.8967068349576 417
1757647726047 137.8243578789118 418
1757647726135 137.75204887265676 419
1757647726227 137.67977979370514 420
1757647726316 137.60755061958244 421
1757647726407 137.53536132782682 422
1757647726497 137.4632118959893 423
1757647726588 137.39110230163368 424
1757647726679 137.3190325223364 425
1757647726767 137.2470025356868 426
1757647726853 137.17501231928682 427
1757647726938 137.1030618507513 428
1757647727028 137.03115110770753 429
1757647727117 136.95928006779585 430
1757647727208 136.88744870866913 431
1757647727296 136.81565700799294 432
1757647727387 136.74390494344559 433
1757647727477 136.67219249271804 434
1757647727570 136.600519633514 435
1757647727660 136.52888634354983 436
1757647727749 136.45729260055458 437
1757647727842 136.38573838226984 438
1757647727952 136.31422366644995 439
1757647728043 136.24274843086198 440
1757647728131 136.17131265328547 441
1757647728220 136.09991631151271 442
1757647728312 136.02855938334858 443
1757647728400 135.95724184661057 444
1757647728490 135.88596367912876 445
1757647728582 135.81472485874588 446
1757647728673 135.74352536331725 447
1757647728763 135.67236517071075 448
1757647728851 135.6012442588069 449
1757647728934 135.53016260549867 450
1757647729022 135.45912018869174 451
1757647729115 135.38811698630428 452
1757647729204 135.31715297626704 453
1757647729296 135.24622813652326 454
1757647729386 135.1753424450288 455
1757647729478 135.104495879752 456
1757647729569 135.03368841867373 457
1757647729659 134.96292003978738 458
1757647729750 134.89219072109884 459
1757647729840 134.82150044062658 460
1757647729930 134.75084917640146 461
1757647730020 134.68023690646683 462
1757647730111 134.60966360887866 463
1757647730202 134.5391292617052 464
1757647730292 134.4686338430273 465
1757647730384 134.3981773309383 466
1757647730533 134.32775970354382 467
1757647730659 134.25738093896211 468
1757647730783 134.18704101532376 469
1757647730915 134.11673991077186 470
1757647731035 134.04647760346182 471
1757647731167 133.97625407156156 472
1757647731281 133.90606929325136 473
1757647731397 133.83592324672395 474
1757647731517 133.76581591018441 475
1757647731639 133.69574726185024 476
1757647731754 133.62571727995132 477
1757647731878 133.55572594272985 478
1757647732004 133.48577322844048 479
1757647732126 133.4158591153502 480
1757647732251 133.3459835817383 481
1757647732378 133.27614660589649 482
1757647732507 133.2063481661288 483
1757647732628 133.13658824075154 484
1757647732769 133.06686680809338 485
1757647732861 132.99718384649535 486
1757647732949 132.92753933431078 487
1757647733040 132.8579332499052 488
1757647733132 132.78836557165653 489
1757647733222 132.71883627795503 490
1757647733315 132.64934534720317 491
1757647733405 132.57989275781563 492
1757647733503 132.51047848821952 493
1757647733600 132.44110251685416 494
1757647733690 132.37176482217095 495
1757647733782 132.3024653826338 496
1757647733875 132.23320417671874 497
1757647733968 132.16398118291406 498
1757647734059 132.09479637972018 499
