1757603066819 0.713834909338883 0
1757603066922 1.104128883550714 1
1757603067030 0.9486739182440166 2
1757603067135 3.2380082466826154 3
1757603067239 4.0648013527715054 4
1757603067341 0.07935894861135002 5
1757603067446 3.170220559195883 6
1757603067551 1.9767285955120542 7
1757603067655 1.9269694319373194 8
1757603067757 1.854883292035532 9
1757603067861 1.577287127236012 10
1757603067969 2.7819455460416105 11
1757603068076 2.518879444461574 12
1757603068183 0.2223659415921361 13
1757603068291 4.634988941395801 14
1757603068398 0.0787933071787476 15
1757603068506 0.6114785969954905 16
1757603068613 1.018693225873847 17
1757603068717 1.4152481301341364 18
1757603068821 2.2930865734593784 19
1757603068925 0.3356890801377976 20
1757603069029 2.8384784559841516 21
1757603069133 1.2838135889003282 22
1757603069237 0.0030229675940985153 23
1757603069341 4.721640092875244 24
1757603069446 0.011355691043092479 25
1757603069553 0.522307054258438 26
1757603069658 8.479598163670513 27
1757603069762 0.7146421846733032 28
1757603069866 0.5596678287330081 29
1757603069974 1.1703559627612583 30
1757603070079 0.0435483825690373 31
1757603070184 0.3565928987995806 32
1757603070288 3.6277554619453447 33
1757603070399 0.0020368182717221245 34
1757603070504 1.0095899268809976 35
1757603070609 0.563405173336938 36
1757603070716 2.0757582720840944 37
1757603070819 0.7597851168062197 38
1757603070928 1.543177716819789 39
1757603071034 0.037525618533177756 40
1757603071136 1.3554641229929432 41
1757603071293 4.021768423554334 42
1757603071435 0.03863290400426579 43
1757603071577 13.91376160419718 44
1757603071738 0.8598750564951699 45
1757603071881 0.1732894066602613 46
1757603071999 4.10290380089382 47
1757603072106 3.4255564319924163 48
1757603072214 2.7567505632181475 49
1757603072324 1.5338103014802822 50
1757603072429 1.2026730307861109 51
1757603072534 0.016769058468910403 52
1757603072639 0.7136647234362428 53
1757603072743 3.0158442171336115 54
1757603072849 0.6869311052177712 55
1757603072952 3.958594905159931 56
1757603073055 0.6717921659083356 57
1757603073159 0.5850605034211348 58
1757603073264 0.7642947734986838 59
1757603073367 1.618308227169329 60
1757603073471 1.3116701871830574 61
1757603073574 2.2818267972417994 62
1757603073676 1.9804796962889928 63
1757603073779 0.0307978800772957 64
1757603073881 0.1186914500327465 65
1757603073987 1.9726770366186017 66
1757603074090 0.579186035330973 67
1757603074192 2.7257762566316814 68
1757603074295 4.758852123442729 69
1757603074398 0.04436686683489214 70
1757603074501 0.20559922745267453 71
1757603074603 0.1970777125870305 72
1757603074706 0.40024963277870096 73
1757603074809 4.681887692370096 74
1757603074911 2.2004470066608603 75
1757603075013 5.863884408626471 76
1757603075113 2.788468900104609 77
1757603075215 1.1812113373753617 78
1757603075318 0.4890551595989974 79
1757603075421 3.2797625986787513 80
1757603075524 0.21938267190301058 81
1757603075628 1.1517788446025259 82
1757603075733 3.6427967812274473 83
1757603075840 4.035187761566554 84
1757603075946 0.4655729016967452 85
1757603076052 0.03944695333768341 86
1757603076154 2.5057183371993306 87
1757603076259 0.2099206106981828 88
1757603076364 0.00022203583501703887 89
1757603076470 1.8822424962603552 90
1757603076575 0.1826177166194055 91
1757603076679 0.009970571573417852 92
1757603076785 1.0035564880895018 93
1757603076889 0.6567153752665639 94
1757603076993 2.362357124425919 95
1757603077096 0.9832316514400796 96
1757603077200 0.3698463160225584 97
1757603077307 1.216510723482879 98
1757603077409 11.611154395075108 99
1757603077512 0.14532155772629887 100
1757603077615 1.07483233858296 101
1757603077718 1.5819478220379524 102
1757603077821 2.501227897948874 103
1757603077924 2.4374680832186733 104
1757603078029 0.052554834700575974 105
1757603078134 0.5480429229454594 106
1757603078253 7.822730545737598 107
1757603078375 0.01089266615732066 108
1757603078484 1.8137197913612275 109
1757603078596 0.011055604361069452 110
1757603078727 1.2030246609942779 111
1757603078846 1.1764328577006054 112
1757603078968 0.187594688464901 113
1757603079092 0.9318792748771773 114
1757603079211 0.1742349785197917 115
1757603079318 2.707085818181168 116
1757603079423 0.035286894572141875 117
1757603079529 3.108947866680204 118
1757603079635 0.009352148214122287 119
1757603079752 0.774594215347695 120
1757603079871 1.79445686419125 121
1757603079984 2.6284904919120007 122
1757603080095 0.011577244033629527 123
1757603080204 2.064136608992096 124
1757603080316 3.6867557603124768 125
1757603080426 2.0392275877792057 126
1757603080548 6.207371217130794 127
1757603080664 3.8522309289584595 128
1757603080775 2.041321777158857 129
1757603080882 8.488094277708312 130
1757603080986 22.511073301937717 131
1757603081091 8.967956811975753 132
1757603081197 0.31867436916985864 133
1757603081303 3.5095343506185497 134
1757603081408 0.8536659326552859 135
1757603081517 1.6452167994661797 136
1757603081623 0.7126782784147351 137
1757603081729 2.091373338581359 138
1757603081834 0.7288018941764206 139
1757603081939 3.1003604129471634 140
1757603082044 0.15054917044855565 141
1757603082148 0.6456146904569249 142
1757603082252 0.5625310910280057 143
1757603082356 0.01687152338925244 144
1757603082461 1.2980311987770607 145
1757603082565 0.25935133137080546 146
1757603082670 0.5674248232969133 147
1757603082774 4.597505066917568 148
1757603082879 3.31096073736575 149
1757603082982 0.5720041940618994 150
1757603083086 2.0760417206101596 151
1757603083191 0.07710606231440846 152
1757603083294 8.498698065216509 153
1757603083400 2.8504423797437717 154
1757603083504 2.3551980659036604 155
1757603083608 0.4083507966024491 156
1757603083712 3.5724458412279536 157
1757603083816 0.08939426545550232 158
1757603083922 0.2438022570653293 159
1757603084027 1.2444415875370798 160
1757603084132 0.29622912610398655 161
1757603084236 2.6250035960705898 162
1757603084342 1.6933023063640335e-05 163
1757603084449 4.807133462236254 164
1757603084553 2.2368242465916888 165
1757603084659 1.8944810522167657 166
1757603084766 0.6964607562204528 167
1757603084881 4.906132500901209 168
1757603084985 10.960407642821334 169
1757603085091 0.6954729871703578 170
1757603085196 11.438794898794772 171
1757603085301 0.05631902193829952 172
1757603085407 0.21889108144736258 173
1757603085511 1.37485248841819 174
1757603085616 1.051896281386499 175
1757603085719 1.2625507273648946 176
1757603085823 1.8808479778155838 177
1757603085929 0.033498639116368106 178
1757603086035 0.31834159796031686 179
1757603086140 0.48322834985392793 180
1757603086245 0.37137838003978296 181
1757603086351 0.004782991173841729 182
1757603086455 1.7798225897462172 183
1757603086560 1.337792007458977 184
1757603086664 0.5455832616775292 185
1757603086768 0.4898748307139711 186
1757603086879 1.3753864337070603 187
1757603086989 0.25931448176829736 188
1757603087096 0.0909607031574443 189
1757603087204 2.7834014449384563 190
1757603087317 3.8790678730626365 191
1757603087422 0.09486441164552305 192
1757603087528 1.1430276427845614 193
1757603087646 1.4292205097552897 194
1757603087753 1.480339948197137 195
1757603087860 0.028693866356065047 196
1757603087967 1.9383618440700743 197
1757603088074 1.3619915712269743 198
1757603088181 0.081962793393748 199
1757603088287 0.04286075146219077 200
1757603088395 0.6991801285352086 201
1757603088501 0.4899717831747819 202
1757603088607 0.001614675066090568 203
1757603088713 3.057570001881956 204
1757603088819 1.1161580987400297 205
1757603088925 1.1405754905901635 206
1757603089032 3.43103909131719 207
1757603089138 2.9710326232715567 208
1757603089243 0.38600980617021574 209
1757603089348 4.159764731088345 210
1757603089453 0.07178144405264146 211
1757603089557 1.62583520958314 212
1757603089664 5.913580719549686 213
1757603089771 0.03763159788830449 214
1757603089885 14.240516429356529 215
1757603089993 4.308629044685891 216
1757603090100 2.0019040312522995 217
1757603090207 0.002858417859168767 218
1757603090313 2.814753647422152 219
1757603090420 1.4931272981609143 220
1757603090526 1.4523860742767383 221
1757603090631 1.5159065845727158 222
1757603090737 0.7373487345611658 223
1757603090843 2.707874869559186 224
1757603090950 1.7530441830939023 225
1757603091055 1.4970166997214538 226
1757603091161 0.47966903662267146 227
1757603091266 0.49002572223605095 228
1757603091372 0.0975937560950204 229
1757603091478 0.7110680612003213 230
1757603091584 6.1004828666079725 231
1757603091689 3.9476200084559627 232
1757603091794 0.03846959708742241 233
1757603091901 4.6313530126790186 234
1757603092011 0.8149063396467062 235
1757603092120 3.338486568682662 236
1757603092228 0.002167358624440857 237
1757603092335 0.11810940707889622 238
1757603092443 1.785730020180697 239
1757603092550 0.10691657165626428 240
1757603092657 2.6875769205910656 241
1757603092763 0.31267332277419624 242
1757603092870 6.550594607820452 243
1757603092980 4.870196261109914 244
1757603093087 2.876250304140529 245
1757603093192 0.00022873465547423858 246
1757603093299 0.2698403445810841 247
1757603093408 1.6955558250218559 248
1757603093517 0.009631393768803878 249
1757603093624 1.2142452165569722 250
1757603093732 0.013844415196636845 251
1757603093841 4.140403922186199 252
1757603093947 3.806143581912604 253
1757603094054 0.22535151019602054 254
1757603094164 2.416499271544531 255
1757603094272 2.471697722249877 256
1757603094385 0.04736823537876015 257
1757603094494 3.2818603305085 258
1757603094601 0.8322249584756114 259
1757603094708 1.0485900832735224 260
1757603094815 3.314165738941035 261
1757603094924 4.21468348263007 262
1757603095031 0.7562514198848812 263
1757603095139 5.89064711835489 264
1757603095247 1.1002520918790832 265
1757603095354 4.577522895596447 266
1757603095461 0.12995428970240472 267
1757603095568 0.32218444255655176 268
1757603095674 6.325886905401058 269
1757603095782 3.873547796088345 270
1757603095890 3.8832641812178688 271
1757603095996 0.0437384934507083 272
1757603096104 0.20824164508590787 273
1757603096212 8.687106825572426 274
1757603096320 0.48119061932237844 275
1757603096429 2.556958940150781 276
1757603096537 1.494810772381988 277
1757603096645 0.4450692246945252 278
1757603096752 0.005997820394640171 279
1757603096860 2.811407418358073 280
1757603096969 4.595950697493814 281
1757603097076 3.2723205375071913 282
1757603097183 0.5749475456919935 283
1757603097293 0.9905271798842776 284
1757603097402 9.44685112339724 285
1757603097509 0.881111670098285 286
1757603097618 1.064476385409813 287
1757603097724 0.019290323143745753 288
1757603097832 0.14349567032886204 289
1757603097940 5.997395907542837 290
1757603098049 0.6479819381566355 291
1757603098156 0.7108892995703445 292
1757603098264 0.03116711566582353 293
1757603098374 2.159315047280038 294
1757603098488 1.4026183641918384 295
1757603098608 1.686795548791208 296
1757603098719 0.06194455303312885 297
1757603098828 0.23335647861813036 298
1757603098937 2.781810988742741 299
1757603099046 2.5402722538101816 300
1757603099153 0.0152656776986469 301
1757603099262 0.9995978509321499 302
1757603099369 0.0810029738875949 303
1757603099477 0.1942138470663038 304
1757603099586 2.5125344098940037 305
1757603099695 0.0059034046129654025 306
1757603099804 2.524905160234313 307
1757603099914 1.1574782272004807 308
1757603100023 0.2715398160421041 309
1757603100133 0.7651284254716026 310
1757603100241 0.07632108966291107 311
1757603100350 1.700211156936681 312
1757603100460 2.291604254460986 313
1757603100569 12.870450561411754 314
1757603100679 1.9417098218364024 315
1757603100787 2.081993737458378 316
1757603100896 1.0107246547223503 317
1757603101005 0.03556496765377009 318
1757603101112 6.2369430107930555 319
1757603101219 0.13223974386633738 320
1757603101327 4.661193075460316 321
1757603101435 0.5424417271495089 322
1757603101543 4.852917736287322 323
1757603101651 3.574378664782627 324
1757603101760 6.190051837858791 325
1757603101882 1.9050227210466397 326
1757603102021 0.7177776006996436 327
1757603102161 1.8623411834358556 328
1757603102302 0.05791381988374803 329
1757603102440 4.23700760720228 330
1757603102562 0.00025795552617798273 331
1757603102675 0.057405206570962306 332
1757603102787 0.09783865705446626 333
1757603102898 0.22958761372070452 334
1757603103008 8.463301321958049 335
1757603103118 0.1757998899225967 336
1757603103227 0.8755352251916954 337
1757603103338 0.08628958485502519 338
1757603103450 0.6446370775105249 339
1757603103560 7.767107395861406 340
1757603103673 0.02660731857274473 341
1757603103790 0.0009513705101756695 342
1757603103903 5.425569506836251 343
1757603104015 3.8251818668371853 344
1757603104124 0.8848050783843008 345
1757603104236 0.006898056587532677 346
1757603104347 0.2148355583869745 347
1757603104459 3.83577431062045 348
1757603104571 2.7564891978380546 349
1757603104684 0.38753976027921 350
1757603104799 0.9701349150591849 351
1757603104911 3.4360000182845725 352
1757603105025 3.6421017163878364 353
1757603105137 2.000230725395992 354
1757603105248 1.4770173425461217 355
1757603105359 0.751287627285263 356
1757603105470 2.069410520903257 357
1757603105583 3.3738927478070004 358
1757603105694 0.13236360370298203 359
1757603105805 1.16461949478338 360
1757603105915 0.008464473261740083 361
1757603106027 0.011848097937369625 362
1757603106139 4.880695539277451 363
1757603106253 0.6997825421114546 364
1757603106365 0.03640635499543465 365
1757603106477 1.2620906857395744 366
1757603106587 2.0137925858302377 367
1757603106698 0.5733365832472681 368
1757603106810 18.028097559954062 369
1757603106922 0.1387024028788656 370
1757603107035 0.09220919656965457 371
1757603107148 0.06492114257513774 372
1757603107261 0.1076188996049557 373
1757603107374 3.9775381999655557 374
1757603107486 3.7104551613227716 375
1757603107598 0.13241369929198296 376
1757603107711 2.128309941608571 377
1757603107823 4.584656298073878 378
1757603107934 2.8999072910365027 379
1757603108107 2.935046633479984 380
1757603108233 7.286215056270724 381
1757603108349 0.31924640177946595 382
1757603108462 0.0005086268347289179 383
1757603108580 0.6798317763881605 384
1757603108695 4.661005263691406 385
1757603108809 8.971763303421461 386
1757603108923 5.120664688568688 387
1757603109036 2.908993124773742 388
1757603109166 0.18823282788585904 389
1757603109343 2.5638147556833735 390
1757603109459 1.9655004041473663 391
1757603109573 2.202281606845829 392
1757603109687 2.5431453793312198 393
1757603109810 3.9253359730141515 394
1757603109976 3.0208994879943862 395
1757603110091 1.3337603554167232 396
1757603110208 2.0623441141249597 397
1757603110324 1.3226707747339739 398
1757603110479 1.4660886937895048 399
1757603110601 0.902610919859886 400
1757603110722 1.0871497391070684 401
1757603110843 0.5525071453805239 402
1757603110962 0.19386136848858915 403
1757603111082 0.0020546928697794597 404
1757603111200 0.3971396112300584 405
1757603111317 3.5016464958761366 406
1757603111432 0.45844361467365197 407
1757603111555 3.063686765000718 408
1757603111681 0.07621155920385289 409
1757603111797 8.394417422143063 410
1757603111914 3.3954730183659314 411
1757603112031 1.95153148466138 412
1757603112146 4.9446668165011145 413
1757603112261 2.986033201428002 414
1757603112374 0.6426240571985297 415
1757603112490 3.16854802260334 416
1757603112604 0.1046724266923763 417
1757603112728 3.5928292409575207 418
1757603112842 0.3511350061311548 419
1757603112956 4.6637427367283095 420
1757603113071 0.33412302158971474 421
1757603113186 2.0958328146107146 422
1757603113300 4.341610621701817 423
1757603113415 3.954934518964384 424
1757603113531 0.5183479318099057 425
1757603113647 2.7829664816523936 426
1757603113763 0.1816770423415026 427
1757603113876 2.4117177890531263 428
1757603113989 3.7250843933769406 429
1757603114103 1.199463982086354 430
1757603114217 3.851666609011753 431
1757603114332 0.10523150441486166 432
1757603114445 2.6088459346691586 433
1757603114561 1.087634345065761 434
1757603114674 0.15946197287190625 435
1757603114791 3.1195574318775963 436
1757603114912 2.5054241497608896 437
1757603115028 3.248245011687646 438
1757603115145 0.02280984481224783 439
1757603115282 1.80619600618092 440
1757603115396 2.476714403745752 441
1757603115512 0.12046455921815978 442
1757603115626 8.097321247683853 443
1757603115742 2.126722983812385 444
1757603115855 0.46979655728682834 445
1757603115971 1.4624444465138566 446
1757603116085 0.6477668641808866 447
1757603116201 4.380742948850383 448
1757603116315 0.00023335963393415461 449
1757603116427 1.0921108815779466 450
1757603116542 0.38060835788609426 451
1757603116657 0.07287854042734507 452
1757603116770 3.223148321254252 453
1757603116886 0.9891576083447977 454
1757603117002 1.34428239429533 455
1757603117117 0.23009127862427722 456
1757603117234 3.136602510943697 457
1757603117350 1.3996376310692686 458
1757603117466 2.249163035286422 459
1757603117582 2.6642437393038607 460
1757603117697 0.29407434774130187 461
1757603117811 0.0010646896637780895 462
1757603117925 0.8785126730966715 463
1757603118039 3.2822605285905486 464
1757603118153 8.13637861171456 465
1757603118276 0.6064775018673062 466
1757603118391 0.026994384255622172 467
1757603118507 14.702873558497776 468
1757603118622 2.884422118192018 469
1757603118736 0.003043319396625406 470
1757603118851 2.915509422918581 471
1757603118967 0.01624990026633953 472
1757603119083 1.2781171489703698 473
1757603119197 6.904763306545301 474
1757603119314 5.081191074661464 475
1757603119429 1.6506770113629161 476
1757603119545 0.2079556759453525 477
1757603119661 1.0053690068820302 478
1757603119798 0.4399022836000725 479
1757603119914 8.216590352033371 480
1757603120031 4.146882236868612 481
1757603120151 2.388437122216411 482
1757603120269 2.033489305997068 483
1757603120413 1.394857161980269 484
1757603120561 0.01190878609588869 485
1757603120683 1.0168458642739975 486
1757603120808 0.9903483969225705 487
1757603120928 0.007033691834353025 488
1757603121049 3.384859795673313 489
1757603121171 6.396712971949735 490
1757603121295 1.088534866321002 491
1757603121417 0.13524449200367325 492
1757603121537 0.32190973621138763 493
1757603121662 4.777480680149415 494
1757603121794 0.4675537124961473 495
1757603121922 0.9538679604675528 496
1757603122054 0.01111499151468142 497
1757603122199 2.1090126566599965 498
1757603122358 0.07036313024827055 499
