1757451055357 168.8626692863435 0
1757451055440 168.85632608029212 1
1757451055522 168.84998561721835 2
1757451055602 168.8436454126283 3
1757451055680 168.83730546656196 4
1757451055750 168.83096577900884 5
1757451055823 168.8246263499584 6
1757451055895 168.8182871794001 7
1757451055969 168.8119482673234 8
1757451056105 168.8056096137177 9
1757451056194 168.79927121857258 10
1757451056272 168.79293308187744 11
1757451056357 168.7865952036217 12
1757451056459 168.78025758379485 13
1757451056542 168.77392022238638 14
1757451056616 168.76758311938573 15
1757451056692 168.7612462747824 16
1757451056765 168.75490968856582 17
1757451056840 168.74857336072543 18
1757451056917 168.74223729125072 19
1757451056993 168.73590148013116 20
1757451057075 168.7295659273562 21
1757451057137 168.72323063291535 22
1757451057203 168.71689559679803 23
1757451057272 168.7105608189937 24
1757451057345 168.7042262994919 25
1757451057425 168.697892038282 26
1757451057497 168.69155803535352 27
1757451057571 168.68522429069594 28
1757451057649 168.6788908042987 29
1757451057718 168.67255757615126 30
1757451057783 168.66622460624313 31
1757451057849 168.65989189456374 32
1757451057916 168.6535594411026 33
1757451057980 168.64722724584917 34
1757451058047 168.64089530879292 35
1757451058114 168.63456362992326 36
1757451058185 168.6282322092298 37
1757451058258 168.62190104670188 38
1757451058333 168.615570142329 39
1757451058410 168.60923949610068 40
1757451058483 168.60290910800634 41
1757451058556 168.59657897803558 42
1757451058629 168.5902491061777 43
1757451058704 168.58391949242224 44
1757451058782 168.57759013675874 45
1757451058854 168.57126103917662 46
1757451058926 168.56493219966538 47
1757451058997 168.55860361821445 48
1757451059072 168.5522752948133 49
1757451059164 168.54594722945149 50
1757451059240 168.53961942211848 51
1757451059312 168.5332918728037 52
1757451059388 168.52696458149666 53
1757451059464 168.52063754818684 54
1757451059540 168.51431077286367 55
1757451059616 168.5079842555167 56
1757451059694 168.50165799613538 57
1757451059763 168.49533199470923 58
1757451059833 168.4890062512276 59
1757451059903 168.48268076568016 60
1757451059973 168.47635553805628 61
1757451060046 168.47003056834546 62
1757451060122 168.4637058565372 63
1757451060197 168.45738140262097 64
1757451060277 168.45105720658623 65
1757451060348 168.4447332684225 66
1757451060419 168.43840958811924 67
1757451060487 168.43208616566596 68
1757451060544 168.42576300105216 69
1757451060608 168.41944009426732 70
1757451060671 168.41311744530088 71
1757451060740 168.40679505414235 72
1757451060810 168.40047292078123 73
1757451060881 168.39415104520705 74
1757451060957 168.3878294274092 75
1757451061035 168.38150806737724 76
1757451061122 168.37518696510062 77
1757451061196 168.3688661205689 78
1757451061272 168.3625455337715 79
1757451061362 168.35622520469792 80
1757451061442 168.34990513333767 81
1757451061526 168.34358531968022 82
1757451061592 168.3372657637151 83
1757451061663 168.33094646543177 84
1757451061739 168.32462742481974 85
1757451061815 168.3183086418685 86
1757451061882 168.31199011656753 87
1757451061950 168.30567184890631 88
1757451062021 168.29935383887442 89
1757451062095 168.29303608646126 90
1757451062174 168.28671859165632 91
1757451062251 168.2804013544492 92
1757451062328 168.2740843748293 93
1757451062402 168.26776765278615 94
1757451062478 168.26145118830922 95
1757451062551 168.25513498138804 96
1757451062627 168.24881903201216 97
1757451062708 168.24250334017097 98
1757451062783 168.23618790585402 99
1757451062856 168.2298727290508 100
1757451062931 168.22355780975084 101
1757451063009 168.21724314794363 102
1757451063086 168.21092874361864 103
1757451063163 168.20461459676537 104
1757451063241 168.19830070737336 105
1757451063315 168.1919870754321 106
1757451063389 168.1856737009311 107
1757451063462 168.1793605838598 108
1757451063533 168.17304772420778 109
1757451063607 168.16673512196448 110
1757451063684 168.16042277711946 111
1757451063760 168.15411068966225 112
1757451063825 168.14779885958225 113
1757451063891 168.14148728686902 114
1757451063957 168.1351759715121 115
1757451064029 168.12886491350093 116
1757451064102 168.12255411282507 117
1757451064176 168.11624356947405 118
1757451064245 168.1099332834373 119
1757451064318 168.10362325470433 120
1757451064394 168.0973134832647 121
1757451064472 168.09100396910796 122
1757451064548 168.08469471222352 123
1757451064624 168.07838571260092 124
1757451064698 168.0720769702297 125
1757451064776 168.06576848509934 126
1757451064853 168.05946025719936 127
1757451064930 168.05315228651924 128
1757451065006 168.0468445730486 129
1757451065084 168.0405371167768 130
1757451065160 168.03422991769347 131
1757451065234 168.02792297578807 132
1757451065309 168.0216162910501 133
1757451065385 168.01530986346916 134
1757451065465 168.00900369303466 135
1757451065544 168.00269777973617 136
1757451065619 167.9963921235632 137
1757451065702 167.99008672450523 138
1757451065780 167.98378158255184 139
1757451065848 167.97747669769248 140
1757451065914 167.97117206991672 141
1757451065985 167.96486769921407 142
1757451066057 167.958563585574 143
1757451066132 167.95225972898606 144
1757451066208 167.94595612943982 145
1757451066278 167.93965278692468 146
1757451066351 167.93334970143027 147
1757451066423 167.9270468729461 148
1757451066501 167.9207443014616 149
1757451066579 167.91444198696638 150
1757451066660 167.90813992944993 151
1757451066734 167.90183812890174 152
1757451066809 167.8955365853114 153
1757451066888 167.88923529866835 154
1757451066964 167.88293426896223 155
1757451067042 167.87663349618245 156
1757451067122 167.87033298031858 157
1757451067198 167.86403272136016 158
1757451067277 167.85773271929665 159
1757451067358 167.85143297411767 160
1757451067437 167.84513348581268 161
1757451067516 167.8388342543712 162
1757451067594 167.83253527978277 163
1757451067673 167.82623656203697 164
1757451067752 167.81993810112326 165
1757451067831 167.81363989703118 166
1757451067895 167.80734194975025 167
1757451067965 167.80104425927004 168
1757451068032 167.7947468255801 169
1757451068097 167.78844964866983 170
1757451068165 167.78215272852887 171
1757451068242 167.7758560651467 172
1757451068324 167.76955965851295 173
1757451068398 167.763263508617 174
1757451068477 167.7569676154485 175
1757451068555 167.75067197899693 176
1757451068632 167.74437659925184 177
1757451068709 167.73808147620272 178
1757451068788 167.73178660983916 179
1757451068868 167.72549200015064 180
1757451068947 167.71919764712675 181
1757451069022 167.71290355075698 182
1757451069095 167.7066097110309 183
1757451069170 167.70031612793804 184
1757451069248 167.69402280146792 185
1757451069328 167.68772973161006 186
1757451069402 167.68143691835402 187
1757451069481 167.67514436168932 188
1757451069557 167.66885206160555 189
1757451069635 167.66256001809214 190
1757451069714 167.65626823113874 191
1757451069785 167.64997670073484 192
1757451069855 167.64368542687 193
1757451069919 167.63739440953373 194
1757451069991 167.63110364871562 195
1757451070069 167.62481314440512 196
1757451070144 167.6185228965918 197
1757451070214 167.6122329052653 198
1757451070283 167.6059431704151 199
1757451070354 167.59965369203064 200
1757451070431 167.5933644701016 201
1757451070509 167.58707550461747 202
1757451070583 167.5807867955678 203
1757451070654 167.57449834294212 204
1757451070722 167.56821014673002 205
1757451070795 167.56192220692097 206
1757451070867 167.55563452350458 207
1757451070939 167.54934709647037 208
1757451071016 167.54305992580785 209
1757451071076 167.53677301150665 210
1757451071142 167.53048635355626 211
1757451071214 167.52419995194623 212
1757451071291 167.51791380666612 213
1757451071366 167.51162791770548 214
1757451071445 167.50534228505384 215
1757451071524 167.49905690870077 216
1757451071603 167.4927717886358 217
1757451071681 167.4864869248485 218
1757451071762 167.48020231732838 219
1757451071840 167.47391796606504 220
1757451071913 167.467633871048 221
1757451071980 167.46135003226684 222
1757451072051 167.4550664497111 223
1757451072126 167.4487831233703 224
1757451072193 167.44250005323406 225
1757451072262 167.43621723929184 226
1757451072332 167.42993468153327 227
1757451072400 167.4236523799479 228
1757451072474 167.41737033452523 229
1757451072546 167.41108854525487 230
1757451072619 167.40480701212638 231
1757451072701 167.39852573512925 232
1757451072779 167.39224471425308 233
1757451072855 167.38596394948743 234
1757451072936 167.37968344082185 235
1757451073009 167.37340318824587 236
1757451073086 167.36712319174913 237
1757451073162 167.3608434513211 238
1757451073246 167.3545639669514 239
1757451073323 167.3482847386295 240
1757451073401 167.34200576634507 241
1757451073475 167.3357270500876 242
1757451073553 167.3294485898467 243
1757451073628 167.32317038561186 244
1757451073703 167.31689243737276 245
1757451073781 167.3106147451188 246
1757451073859 167.30433730883968 247
1757451073928 167.29806012852484 248
1757451073998 167.291783204164 249
1757451074073 167.28550653574658 250
1757451074150 167.27923012326218 251
1757451074224 167.27295396670044 252
1757451074297 167.26667806605084 253
1757451074373 167.26040242130298 254
1757451074452 167.2541270324464 255
1757451074529 167.2478518994707 256
1757451074606 167.24157702236545 257
1757451074684 167.23530240112018 258
1757451074764 167.22902803572447 259
1757451074842 167.2227539261679 260
1757451074919 167.21648007244002 261
1757451074994 167.21020647453042 262
1757451075072 167.20393313242866 263
1757451075154 167.1976600461243 264
1757451075232 167.1913872156069 265
1757451075311 167.1851146408661 266
1757451075387 167.17884232189135 267
1757451075468 167.17257025867232 268
1757451075547 167.16629845119854 269
1757451075624 167.1600268994596 270
1757451075699 167.1537556034451 271
1757451075779 167.14748456314453 272
1757451075855 167.14121377854752 273
1757451075931 167.13494324964367 274
1757451076003 167.12867297642245 275
1757451076076 167.12240295887355 276
1757451076148 167.1161331969865 277
1757451076225 167.10986369075084 278
1757451076305 167.10359444015623 279
1757451076387 167.09732544519213 280
1757451076467 167.0910567058482 281
1757451076547 167.08478822211399 282
1757451076624 167.0785199939791 283
1757451076699 167.07225202143312 284
1757451076775 167.06598430446556 285
1757451076851 167.05971684306607 286
1757451076928 167.0534496372242 287
1757451077006 167.0471826869295 288
1757451077087 167.0409159921716 289
1757451077164 167.03464955294 290
1757451077251 167.0283833692244 291
1757451077324 167.0221174410143 292
1757451077400 167.0158517682993 293
1757451077477 167.00958635106903 294
1757451077553 167.00332118931297 295
1757451077627 166.99705628302078 296
1757451077705 166.990791632182 297
1757451077824 166.9845272367863 298
1757451077900 166.97826309682313 299
1757451077973 166.97199921228218 300
1757451078047 166.96573558315302 301
1757451078120 166.95947220942517 302
1757451078195 166.95320909108827 303
1757451078273 166.94694622813194 304
1757451078352 166.94068362054568 305
1757451078433 166.93442126831914 306
1757451078517 166.9281591714419 307
1757451078596 166.92189732990352 308
1757451078677 166.91563574369363 309
1757451078755 166.90937441280175 310
1757451078829 166.90311333721758 311
1757451078904 166.89685251693058 312
1757451078978 166.89059195193042 313
1757451079057 166.8843316422067 314
1757451079138 166.87807158774896 315
1757451079212 166.87181178854684 316
1757451079292 166.86555224458988 317
1757451079373 166.85929295586772 318
1757451079454 166.85303392236992 319
1757451079534 166.8467751440861 320
1757451079613 166.84051662100583 321
1757451079692 166.83425835311874 322
1757451079771 166.82800034041438 323
1757451079848 166.82174258288237 324
1757451079928 166.8154850805123 325
1757451079998 166.80922783329373 326
1757451080070 166.80297084121634 327
1757451080143 166.79671410426965 328
1757451080219 166.79045762244328 329
1757451080293 166.78420139572685 330
1757451080368 166.7779454241099 331
1757451080442 166.7716897075821 332
1757451080520 166.765434246133 333
1757451080604 166.75917903975224 334
1757451080681 166.75292408842938 335
1757451080760 166.74666939215405 336
1757451080840 166.74041495091583 337
1757451080917 166.73416076470428 338
1757451080997 166.7279068335091 339
1757451081076 166.72165315731982 340
1757451081158 166.71539973612607 341
1757451081234 166.7091465699174 342
1757451081313 166.7028936586835 343
1757451081396 166.69664100241394 344
1757451081476 166.69038860109828 345
1757451081556 166.68413645472617 346
1757451081644 166.6778845632872 347
1757451081723 166.67163292677097 348
1757451081800 166.66538154516707 349
1757451081875 166.65913041846517 350
1757451081946 166.6528795466548 351
1757451082016 166.6466289297256 352
1757451082088 166.6403785676672 353
1757451082165 166.63412846046916 354
1757451082237 166.62787860812114 355
1757451082309 166.6216290106127 356
1757451082384 166.6153796679335 357
1757451082462 166.6091305800731 358
1757451082539 166.60288174702112 359
1757451082614 166.5966331687672 360
1757451082694 166.5903848453009 361
1757451082771 166.5841367766119 362
1757451082844 166.5778889626897 363
1757451082918 166.57164140352407 364
1757451083002 166.5653940991045 365
1757451083108 166.5591470494206 366
1757451083193 166.55290025446206 367
1757451083274 166.54665371421848 368
1757451083355 166.54040742867937 369
1757451083433 166.53416139783448 370
1757451083510 166.52791562167337 371
1757451083590 166.52167010018562 372
1757451083665 166.51542483336092 373
1757451083744 166.5091798211888 374
1757451083827 166.50293506365895 375
1757451083902 166.49669056076095 376
1757451083978 166.49044631248444 377
1757451084051 166.484202318819 378
1757451084128 166.47795857975427 379
1757451084204 166.47171509527988 380
1757451084281 166.46547186538544 381
1757451084359 166.45922889006056 382
1757451084434 166.4529861692949 383
1757451084512 166.446743703078 384
1757451084589 166.44050149139954 385
1757451084664 166.43425953424912 386
1757451084742 166.4280178316164 387
1757451084820 166.42177638349094 388
1757451084899 166.41553518986242 389
1757451084981 166.40929425072042 390
1757451085059 166.40305356605458 391
1757451085138 166.39681313585453 392
1757451085216 166.39057296010992 393
1757451085294 166.3843330388103 394
1757451085374 166.37809337194534 395
1757451085450 166.37185395950468 396
1757451085529 166.36561480147793 397
1757451085607 166.3593758978547 398
1757451085686 166.35313724862465 399
1757451085765 166.34689885377736 400
1757451085846 166.34066071330253 401
1757451085925 166.3344228271897 402
1757451086006 166.32818519542855 403
1757451086079 166.32194781800874 404
1757451086156 166.3157106949198 405
1757451086231 166.30947382615147 406
1757451086311 166.3032372116933 407
1757451086392 166.29700085153496 408
1757451086468 166.2907647456661 409
1757451086547 166.28452889407626 410
1757451086626 166.27829329675518 411
1757451086704 166.2720579536924 412
1757451086783 166.26582286487766 413
1757451086864 166.25958803030048 414
1757451086944 166.25335344995057 415
1757451087019 166.24711912381753 416
1757451087100 166.240885051891 417
1757451087176 166.23465123416062 418
1757451087256 166.22841767061604 419
1757451087336 166.22218436124683 420
1757451087416 166.2159513060427 421
1757451087496 166.20971850499328 422
1757451087573 166.20348595808815 423
1757451087650 166.19725366531702 424
1757451087727 166.19102162666948 425
1757451087805 166.18478984213516 426
1757451087909 166.17855831170374 427
1757451087989 166.1723270353648 428
1757451088067 166.16609601310805 429
1757451088142 166.15986524492308 430
1757451088219 166.15363473079955 431
1757451088295 166.14740447072708 432
1757451088375 166.14117446469535 433
1757451088455 166.13494471269397 434
1757451088540 166.1287152147126 435
1757451088615 166.12248597074085 436
1757451088715 166.11625698076838 437
1757451088797 166.11002824478484 438
1757451088878 166.10379976277991 439
1757451088956 166.09757153474317 440
1757451089037 166.0913435606643 441
1757451089121 166.08511584053286 442
1757451089200 166.07888837433867 443
1757451089281 166.07266116207126 444
1757451089358 166.06643420372026 445
1757451089437 166.06020749927532 446
1757451089516 166.05398104872614 447
1757451089598 166.04775485206235 448
1757451089674 166.0415289092736 449
1757451089753 166.0353032203495 450
1757451089832 166.02907778527975 451
1757451089912 166.02285260405398 452
1757451089992 166.0166276766618 453
1757451090073 166.0104030030929 454
1757451090149 166.00417858333694 455
1757451090226 165.99795441738357 456
1757451090307 165.9917305052224 457
1757451090386 165.9855068468431 458
1757451090462 165.97928344223536 459
1757451090544 165.97306029138878 460
1757451090627 165.96683739429304 461
1757451090710 165.9606147509378 462
1757451090807 165.9543923613127 463
1757451090883 165.94817022540738 464
1757451090960 165.9419483432115 465
1757451091039 165.93572671471475 466
1757451091119 165.92950533990674 467
1757451091199 165.92328421877716 468
1757451091285 165.91706335131568 469
1757451091376 165.91084273751184 470
1757451091458 165.90462237735545 471
1757451091540 165.89840227083607 472
1757451091620 165.89218241794345 473
1757451091699 165.88596281866714 474
1757451091779 165.87974347299686 475
1757451091858 165.87352438092228 476
1757451091937 165.86730554243297 477
1757451092022 165.86108695751872 478
1757451092100 165.85486862616912 479
1757451092175 165.8486505483738 480
1757451092252 165.84243272412246 481
1757451092329 165.8362151534048 482
1757451092416 165.8299978362104 483
1757451092494 165.823780772529 484
1757451092575 165.81756396235022 485
1757451092650 165.81134740566372 486
1757451092718 165.80513110245917 487
1757451092797 165.79891505272624 488
1757451092875 165.7926992564546 489
1757451092955 165.7864837136339 490
1757451093032 165.78026842425385 491
1757451093110 165.77405338830403 492
1757451093189 165.76783860577416 493
1757451093271 165.76162407665393 494
1757451093352 165.75540980093297 495
1757451093429 165.74919577860095 496
1757451093510 165.74298200964753 497
1757451093592 165.73676849406246 498
1757451093671 165.73055523183527 499
