1757665578840 163.70695289253166 0
1757665578941 150.24687245653772 1
1757665579047 132.5517203084869 2
1757665579146 132.03547293868272 3
1757665579233 121.24369294298873 4
1757665579313 105.695698387565 5
1757665579400 101.70903171455642 6
1757665579491 98.50843901656991 7
1757665579584 88.8557209862632 8
1757665579675 82.66578306973614 9
1757665579767 76.99248361786353 10
1757665579872 74.44591298711002 11
1757665579969 64.81451401340709 12
1757665580063 62.0148553482602 13
1757665580154 59.62100974558393 14
1757665580245 55.193576525509386 15
1757665580332 54.59700037691114 16
1757665580421 49.13700663292363 17
1757665580512 46.06221291586793 18
1757665580605 42.25187560649926 19
1757665580686 43.05615548270906 20
1757665580764 38.46117699612806 21
1757665580848 33.144563180284564 22
1757665580935 32.86906693099763 23
1757665581021 30.18372510109804 24
1757665581105 28.1201147366735 25
1757665581190 24.62029842308192 26
1757665581277 25.907554273854643 27
1757665581367 21.641208749932687 28
1757665581457 20.51058684422935 29
1757665581544 20.65104173141826 30
1757665581634 17.579843314712278 31
1757665581726 17.41151261607484 32
1757665581817 17.315211031770637 33
1757665581924 19.416112131443725 34
1757665582043 14.480362377213902 35
1757665582151 13.271126616606413 36
1757665582251 15.402615449131854 37
1757665582340 14.162825915926716 38
1757665582433 14.835364219390774 39
1757665582524 11.154853068882783 40
1757665582619 12.885751644531855 41
1757665582707 8.553564278903316 42
1757665582795 9.236686470098327 43
1757665582882 8.98887685320344 44
1757665582974 8.01220054241266 45
1757665583068 7.687799151795977 46
1757665583160 9.029102277016154 47
1757665583253 6.324219159728443 48
1757665583347 7.292909827472575 49
1757665583438 6.161939282356313 50
1757665583528 7.716733107727406 51
1757665583620 7.921677545882318 52
1757665583711 5.461164602437592 53
1757665583804 6.431801953354604 54
1757665583894 6.926275119169463 55
1757665583985 5.418914344043493 56
1757665584080 5.814747346089445 57
1757665584174 3.925521098884463 58
1757665584265 4.868213963011119 59
1757665584355 4.830615715510698 60
1757665584451 2.8861024359939913 61
1757665584550 5.870620824373725 62
1757665584640 5.124750201783627 63
1757665584730 2.579515051504222 64
1757665584818 3.7160015230484142 65
1757665584908 3.046302757824782 66
1757665585002 7.951873097318625 67
1757665585090 6.667368184555534 68
1757665585185 3.7332990416963336 69
1757665585274 3.290746458404569 70
1757665585379 4.676215716879196 71
1757665585480 3.603929990399605 72
1757665585574 4.3851674656322075 73
1757665585668 2.1310162118181797 74
1757665585761 4.6519121223897475 75
1757665585853 4.16481351377903 76
1757665585944 3.1972893134835676 77
1757665586037 5.395506046952221 78
1757665586127 5.350990745097137 79
1757665586221 2.461083898144098 80
1757665586314 1.9327535175348667 81
1757665586407 2.7905700990531845 82
1757665586501 1.7118737691025012 83
1757665586595 3.9501263894340175 84
1757665586687 2.5316100654249563 85
1757665586773 1.7556157278977567 86
1757665586860 2.1845040217859215 87
1757665586950 2.8835120729112127 88
1757665587057 2.7083811785607974 89
1757665587145 2.476927882883375 90
1757665587236 2.292382711652357 91
1757665587329 2.8323025971613314 92
1757665587426 1.101106675660536 93
1757665587521 1.6549323360057124 94
1757665587615 1.1265752834659288 95
1757665587706 2.327085850660512 96
1757665587801 3.4130243800605156 97
1757665587896 2.0290109861540144 98
1757665587987 2.3274185978520174 99
1757665588082 2.3730821423193236 100
1757665588177 1.9942154653389919 101
1757665588271 2.064895529001319 102
1757665588366 1.7035539990166577 103
1757665588459 1.5871088884957074 104
1757665588558 3.3089416597613956 105
1757665588653 1.7803117298517002 106
1757665588750 1.6610583018415976 107
1757665588834 3.4109852762588786 108
1757665588923 2.3426626368040466 109
1757665589014 1.2737068438085108 110
1757665589104 2.9280095007460547 111
1757665589196 0.8577330067992548 112
1757665589291 0.9943410343530723 113
1757665589387 1.5705855470723615 114
1757665589480 1.9090292793432186 115
1757665589575 1.4928523960282238 116
1757665589666 2.578629294478735 117
1757665589760 2.457452760482608 118
1757665589851 1.6658640622552334 119
1757665589945 1.1708590658349487 120
1757665590040 1.598339736151485 121
1757665590133 9.801225233254145 122
1757665590224 3.5016355571906255 123
1757665590318 1.6806937283810386 124
1757665590413 1.6215777081524059 125
1757665590507 1.9727820834504675 126
1757665590597 2.428376019361658 127
1757665590690 1.6903875922916123 128
1757665590785 1.9483924954282057 129
1757665590870 1.9183276319846927 130
1757665590958 2.118814135867013 131
1757665591048 1.6152162851647713 132
1757665591141 1.9764854797788396 133
1757665591235 1.7181266504763133 134
1757665591329 3.094058552862876 135
1757665591423 1.5768580165453732 136
1757665591515 1.3052008509781865 137
1757665591607 1.9185348845150467 138
1757665591699 2.2334219146332934 139
1757665591791 0.8040811183109464 140
1757665591883 4.260186237287219 141
1757665591974 1.4109914275109832 142
1757665592067 1.6857799073778703 143
1757665592162 1.7974867375458754 144
1757665592256 1.339096637752475 145
1757665592347 1.4017823090913146 146
1757665592445 1.281504578591164 147
1757665592536 1.6102955685447524 148
1757665592630 1.2135647102004818 149
1757665592725 1.3751174834460458 150
1757665592816 1.7286857938874127 151
1757665592903 2.160819554579988 152
1757665592994 2.8739113243000913 153
1757665593088 2.228326413871626 154
1757665593183 2.447802897437448 155
1757665593276 1.5885861024601282 156
1757665593371 1.5355836797821352 157
1757665593466 1.7703739689699778 158
1757665593560 1.815492091962305 159
1757665593655 1.5840984538833198 160
1757665593752 0.5322259495281088 161
1757665593843 1.260565522864712 162
1757665593936 1.6884795476533359 163
1757665594030 1.31800560830606 164
1757665594122 1.6340085885058337 165
1757665594220 1.3172806962092898 166
1757665594313 0.9836419960656748 167
1757665594407 2.554649649778973 168
1757665594514 1.8517828688043774 169
1757665594610 2.769176923109289 170
1757665594703 1.424559167729639 171
1757665594798 1.6159659728433464 172
1757665594880 1.223104296662668 173
1757665594969 1.6336188109153313 174
1757665595060 2.0039337442794114 175
1757665595155 2.5346086952843407 176
1757665595251 1.6107793535701906 177
1757665595341 1.7126042616122086 178
1757665595440 3.950750588368658 179
1757665595536 1.0893702216009225 180
