1757453102484 169.58767159611918 0
1757453102552 169.5619766808216 1
1757453102624 169.54913191842994 2
1757453102686 169.53628764582677 3
1757453102742 169.52344435308095 4
1757453102807 169.510602040099 5
1757453102877 169.4977607068062 6
1757453102944 169.48492035312785 7
1757453103009 169.47208097898914 8
1757453103075 169.4592425843154 9
1757453103138 169.44640516903192 10
1757453103198 169.4335687330639 11
1757453103267 169.42073327633676 12
1757453103335 169.40789879877573 13
1757453103407 169.39506530030607 14
1757453103480 169.3822327808532 15
1757453103555 169.3694012403423 16
1757453103630 169.35657067869883 17
1757453103718 169.34374109584795 18
1757453103786 169.33091249171514 19
1757453103859 169.3180848662257 20
1757453103931 169.3052582193049 21
1757453104006 169.2924325508782 22
1757453104080 169.27960786087084 23
1757453104136 169.26678414920826 24
1757453104199 169.25396141581584 25
1757453104265 169.2411396606189 26
1757453104335 169.2283188835428 27
1757453104404 169.21549908451294 28
1757453104475 169.2026802634548 29
1757453104545 169.18986242029362 30
1757453104617 169.17704555495493 31
1757453104691 169.16422966736403 32
1757453104765 169.15141475744645 33
1757453104837 169.13860082512747 34
1757453104914 169.1257878703326 35
1757453104990 169.11297589298727 36
1757453105067 169.10016489301688 37
1757453105141 169.08735487034687 38
1757453105217 169.07454582490274 39
1757453105294 169.06173775660986 40
1757453105375 169.04893066539375 41
1757453105453 169.03612455117982 42
1757453105529 169.0233194138936 43
1757453105607 169.0105152534605 44
1757453105682 168.99771206980606 45
1757453105757 168.9849098628557 46
1757453105822 168.97210863253497 47
1757453105885 168.95930837876935 48
1757453105950 168.9465091014843 49
1757453106015 168.9337108006054 50
1757453106085 168.9209134760581 51
1757453106158 168.90811712776795 52
1757453106233 168.89532175566046 53
1757453106308 168.8825273596612 54
1757453106386 168.86973393969566 55
1757453106463 168.85694149568937 56
1757453106542 168.84415002756796 57
1757453106617 168.83135953525687 58
1757453106694 168.81857001868173 59
1757453106770 168.8057814777681 60
1757453106848 168.79299391244155 61
1757453106926 168.78020732262766 62
1757453107005 168.767421708252 63
1757453107083 168.75463706924015 64
1757453107161 168.74185340551767 65
1757453107236 168.72907071701025 66
1757453107315 168.71628900364342 67
1757453107395 168.7035082653428 68
1757453107471 168.69072850203406 69
1757453107545 168.67794971364273 70
1757453107622 168.66517190009452 71
1757453107698 168.65239506131502 72
1757453107774 168.6396191972299 73
1757453107845 168.62684430776477 74
1757453107920 168.61407039284526 75
1757453107993 168.60129745239706 76
1757453108073 168.5885254863459 77
1757453108149 168.5757544946173 78
1757453108224 168.56298447713706 79
1757453108301 168.55021543383074 80
1757453108375 168.53744736462417 81
1757453108449 168.5246802694429 82
1757453108522 168.5119141482127 83
1757453108598 168.49914900085926 84
1757453108672 168.48638482730829 85
1757453108746 168.47362162748547 86
1757453108820 168.46085940131655 87
1757453108894 168.44809814872724 88
1757453108972 168.4353378696433 89
1757453109047 168.4225785639904 90
1757453109125 168.40982023169434 91
1757453109202 168.39706287268083 92
1757453109278 168.38430648687566 93
1757453109355 168.37155107420455 94
1757453109436 168.35879663459326 95
1757453109514 168.3460431679676 96
1757453109597 168.33329067425333 97
1757453109673 168.3205391533762 98
1757453109752 168.30778860526203 99
1757453109829 168.29503902983657 100
1757453109898 168.28229042702569 101
1757453109964 168.2695427967551 102
1757453110035 168.25679613895068 103
1757453110108 168.24405045353822 104
1757453110182 168.23130574044353 105
1757453110259 168.21856199959245 106
1757453110337 168.20581923091078 107
1757453110418 168.19307743432444 108
1757453110494 168.18033660975917 109
1757453110574 168.16759675714087 110
1757453110651 168.1548578763954 111
1757453110730 168.1421199674486 112
1757453110804 168.12938303022634 113
1757453110877 168.11664706465447 114
1757453110951 168.1039120706589 115
1757453111027 168.0911780481655 116
1757453111108 168.07844499710018 117
1757453111182 168.06571291738874 118
1757453111254 168.0529818089572 119
1757453111326 168.04025167173145 120
1757453111400 168.02752250563734 121
1757453111476 168.01479431060076 122
1757453111554 168.00206708654773 123
1757453111633 167.98934083340413 124
1757453111712 167.97661555109588 125
1757453111790 167.96389123954893 126
1757453111859 167.9511678986892 127
1757453111929 167.93844552844268 128
1757453112003 167.9257241287353 129
1757453112090 167.91300369949306 130
1757453112169 167.90028424064184 131
1757453112245 167.88756575210775 132
1757453112329 167.87484823381664 133
1757453112406 167.8621316856945 134
1757453112483 167.8494161076674 135
1757453112564 167.8367014996613 136
1757453112649 167.8239878616022 137
1757453112721 167.8112751934161 138
1757453112797 167.798563495029 139
1757453112875 167.78585276636693 140
1757453112956 167.7731430073559 141
1757453113030 167.760434217922 142
1757453113124 167.7477263979912 143
1757453113200 167.73501954748954 144
1757453113276 167.72231366634307 145
1757453113356 167.7096087544779 146
1757453113418 167.69690481182 147
1757453113486 167.68420183829548 148
1757453113558 167.67149983383038 149
1757453113633 167.65879879835083 150
1757453113716 167.6460987317829 151
1757453113796 167.6333996340526 152
1757453113867 167.6207015050861 153
1757453113932 167.60800434480944 154
1757453114004 167.5953081531488 155
1757453114080 167.5826129300302 156
1757453114158 167.56991867537977 157
1757453114237 167.5572253891237 158
1757453114313 167.54453307118803 159
1757453114390 167.53184172149895 160
1757453114470 167.51915133998256 161
1757453114550 167.506461926565 162
1757453114628 167.49377348117247 163
1757453114702 167.48108600373106 164
1757453114779 167.46839949416696 165
1757453114857 167.45571395240628 166
1757453114935 167.4430293783753 167
1757453115015 167.43034577200007 168
1757453115096 167.41766313320687 169
1757453115177 167.40498146192184 170
1757453115254 167.39230075807114 171
1757453115330 167.37962102158107 172
1757453115406 167.36694225237775 173
1757453115484 167.3542644503874 174
1757453115563 167.34158761553627 175
1757453115641 167.32891174775054 176
1757453115719 167.31623684695646 177
1757453115798 167.3035629130802 178
1757453115873 167.2908899460481 179
1757453115944 167.2782179457864 180
1757453116018 167.26554691222123 181
1757453116092 167.25287684527893 182
1757453116169 167.24020774488577 183
1757453116243 167.22753961096797 184
1757453116318 167.21487244345184 185
1757453116394 167.20220624226363 186
1757453116472 167.18954100732964 187
1757453116551 167.1768767385761 188
1757453116624 167.16421343592944 189
1757453116702 167.1515510993158 190
1757453116779 167.1388897286616 191
1757453116859 167.12622932389309 192
1757453116936 167.11356988493662 193
1757453117015 167.10091141171847 194
1757453117095 167.08825390416501 195
1757453117174 167.0755973622026 196
1757453117258 167.06294178575743 197
1757453117338 167.050287174756 198
1757453117415 167.0376335291246 199
1757453117493 167.02498084878962 200
1757453117572 167.01232913367735 201
1757453117653 166.99967838371424 202
1757453117730 166.98702859882664 203
1757453117802 166.9743797789409 204
1757453117877 166.9617319239834 205
1757453117950 166.94908503388052 206
1757453118023 166.93643910855872 207
1757453118100 166.9237941479443 208
1757453118175 166.91115015196377 209
1757453118249 166.89850712054348 210
1757453118326 166.8858650536099 211
1757453118407 166.8732239510894 212
1757453118481 166.86058381290843 213
1757453118556 166.84794463899337 214
1757453118634 166.83530642927076 215
1757453118710 166.82266918366696 216
1757453118791 166.81003290210847 217
1757453118868 166.79739758452172 218
1757453118946 166.78476323083316 219
1757453119026 166.7721298409693 220
1757453119107 166.75949741485664 221
1757453119182 166.7468659524216 222
1757453119258 166.73423545359063 223
1757453119336 166.72160591829027 224
1757453119412 166.70897734644703 225
1757453119491 166.6963497379874 226
1757453119570 166.68372309283788 227
1757453119647 166.67109741092497 228
1757453119726 166.65847269217522 229
1757453119806 166.64584893651514 230
1757453119885 166.6332261438712 231
1757453119958 166.62060431417004 232
1757453120031 166.60798344733817 233
1757453120102 166.59536354330206 234
1757453120176 166.58274460198837 235
1757453120247 166.57012662332355 236
1757453120323 166.55750960723424 237
1757453120402 166.54489355364697 238
1757453120481 166.53227846248836 239
1757453120561 166.51966433368497 240
1757453120642 166.50705116716335 241
1757453120720 166.49443896285013 242
1757453120796 166.4818277206719 243
1757453120873 166.46921744055524 244
1757453120953 166.45660812242676 245
1757453121028 166.44399976621312 246
1757453121102 166.43139237184087 247
1757453121182 166.41878593923667 248
1757453121263 166.4061804683272 249
1757453121342 166.393575959039 250
1757453121416 166.38097241129879 251
1757453121493 166.36836982503317 252
1757453121570 166.3557682001688 253
1757453121649 166.34316753663234 254
1757453121733 166.3305678343505 255
1757453121808 166.31796909324984 256
1757453121885 166.30537131325715 257
1757453121963 166.29277449429904 258
1757453122034 166.28017863630222 259
1757453122106 166.2675837391934 260
1757453122178 166.25498980289925 261
1757453122251 166.24239682734648 262
1757453122324 166.22980481246182 263
1757453122401 166.217213758172 264
1757453122479 166.20462366440358 265
1757453122558 166.19203453108352 266
1757453122636 166.17944635813836 267
1757453122716 166.166859145495 268
1757453122796 166.15427289308005 269
1757453122878 166.14168760082032 270
1757453122955 166.1291032686425 271
1757453123053 166.11651989647348 272
1757453123142 166.10393748423988 273
1757453123235 166.09135603186854 274
1757453123318 166.07877553928626 275
1757453123399 166.06619600641977 276
1757453123476 166.05361743319588 277
1757453123556 166.04103981954137 278
1757453123634 166.02846316538304 279
1757453123708 166.0158874706477 280
1757453123783 166.00331273526217 281
1757453123862 165.99073895915325 282
1757453123943 165.97816614224774 283
1757453124013 165.96559428447253 284
1757453124085 165.9530233857544 285
1757453124158 165.94045344602014 286
1757453124234 165.92788446519674 287
1757453124294 165.91531644321088 288
1757453124363 165.9027493799895 289
1757453124436 165.89018327545952 290
1757453124512 165.8776181295477 291
1757453124590 165.8650539421809 292
1757453124669 165.85249071328613 293
1757453124745 165.83992844279013 294
1757453124825 165.82736713061985 295
1757453124905 165.81480677670217 296
1757453124981 165.802247380964 297
1757453125056 165.7896889433322 298
1757453125134 165.77713146373372 299
1757453125209 165.76457494209552 300
1757453125288 165.75201937834444 301
1757453125362 165.73946477240747 302
1757453125438 165.72691112421145 303
1757453125521 165.71435843368343 304
1757453125601 165.70180670075024 305
1757453125681 165.68925592533893 306
1757453125757 165.67670610737642 307
1757453125834 165.66415724678964 308
1757453125910 165.6516093435056 309
1757453125991 165.63906239745123 310
1757453126065 165.62651640855353 311
1757453126140 165.61397137673947 312
1757453126209 165.60142730193607 313
1757453126283 165.58888418407028 314
1757453126358 165.5763420230691 315
1757453126432 165.56380081885953 316
1757453126507 165.55126057136866 317
1757453126585 165.53872128052342 318
1757453126665 165.52618294625083 319
1757453126745 165.51364556847798 320
1757453126824 165.5011091471318 321
1757453126904 165.48857368213947 322
1757453126980 165.47603917342792 323
1757453127059 165.4635056209242 324
1757453127136 165.45097302455545 325
1757453127211 165.43844138424868 326
1757453127284 165.42591069993094 327
1757453127363 165.4133809715293 328
1757453127439 165.40085219897082 329
1757453127514 165.3883243821827 330
1757453127593 165.37579752109187 331
1757453127676 165.36327161562554 332
1757453127753 165.35074666571074 333
1757453127830 165.3382226712746 334
1757453127908 165.3256996322442 335
1757453127985 165.31317754854672 336
1757453128057 165.30065642010925 337
1757453128134 165.28813624685887 338
1757453128211 165.2756170287228 339
1757453128289 165.2630987656281 340
1757453128367 165.25058145750194 341
1757453128446 165.2380651042715 342
1757453128531 165.22554970586387 343
1757453128611 165.21303526220623 344
1757453128692 165.2005217732258 345
1757453128774 165.18800923884973 346
1757453128853 165.17549765900517 347
1757453128937 165.1629870336193 348
1757453129015 165.15047736261934 349
1757453129091 165.13796864593243 350
1757453129172 165.12546088348583 351
1757453129252 165.1129540752067 352
1757453129330 165.10044822102228 353
1757453129408 165.08794332085975 354
1757453129483 165.07543937464638 355
1757453129561 165.06293638230935 356
1757453129641 165.05043434377592 357
1757453129721 165.03793325897334 358
1757453129803 165.02543312782882 359
1757453129878 165.0129339502696 360
1757453129955 165.00043572622297 361
1757453130033 164.9879384556162 362
1757453130109 164.97544213837648 363
1757453130183 164.96294677443115 364
1757453130261 164.95045236370748 365
1757453130337 164.93795890613276 366
1757453130412 164.92546640163425 367
1757453130491 164.91297485013925 368
1757453130567 164.90048425157505 369
1757453130644 164.88799460586895 370
1757453130720 164.87550591294834 371
1757453130799 164.8630181727404 372
1757453130878 164.8505313851726 373
1757453130954 164.83804555017213 374
1757453131032 164.82556066766634 375
1757453131109 164.8130767375827 376
1757453131188 164.8005937598484 377
1757453131272 164.78811173439087 378
1757453131363 164.77563066113746 379
1757453131450 164.7631505400155 380
1757453131533 164.75067137095235 381
1757453131609 164.73819315387541 382
1757453131687 164.72571588871205 383
1757453131764 164.71323957538965 384
1757453131844 164.70076421383558 385
1757453131924 164.68828980397728 386
1757453132002 164.6758163457421 387
1757453132080 164.66334383905743 388
1757453132158 164.65087228385076 389
1757453132230 164.63840168004947 390
1757453132305 164.62593202758092 391
1757453132379 164.6134633263726 392
1757453132457 164.60099557635192 393
1757453132534 164.58852877744633 394
1757453132612 164.57606292958323 395
1757453132689 164.56359803269015 396
1757453132771 164.55113408669447 397
1757453132847 164.53867109152367 398
1757453132969 164.52620904710525 399
1757453133047 164.51374795336665 400
1757453133163 164.50128781023534 401
1757453133244 164.48882861763877 402
1757453133323 164.47637037550453 403
1757453133401 164.46391308376002 404
1757453133479 164.45145674233277 405
1757453133558 164.43900135115027 406
1757453133637 164.42654691014008 407
1757453133717 164.4140934192296 408
1757453133799 164.40164087834648 409
1757453133878 164.38918928741816 410
1757453133959 164.37673864637225 411
1757453134040 164.3642889551362 412
1757453134120 164.35184021363762 413
1757453134194 164.339392421804 414
1757453134271 164.32694557956296 415
1757453134347 164.31449968684197 416
1757453134422 164.3020547435687 417
1757453134499 164.2896107496706 418
1757453134588 164.27716770507536 419
1757453134670 164.26472560971055 420
1757453134753 164.25228446350366 421
1757453134823 164.2398442663824 422
1757453134900 164.22740501827425 423
1757453134993 164.21496671910688 424
1757453135072 164.2025293688079 425
1757453135148 164.1900929673049 426
1757453135231 164.17765751452555 427
1757453135313 164.16522301039745 428
1757453135398 164.1527894548482 429
1757453135478 164.14035684780544 430
1757453135558 164.12792518919684 431
1757453135635 164.11549447895 432
1757453135715 164.1030647169927 433
1757453135796 164.09063590325246 434
1757453135876 164.07820803765696 435
1757453135956 164.06578112013398 436
1757453136038 164.05335515061105 437
1757453136121 164.04093012901595 438
1757453136200 164.0285060552763 439
1757453136279 164.01608292931985 440
1757453136360 164.00366075107428 441
1757453136452 163.99123952046725 442
1757453136532 163.97881923742653 443
1757453136612 163.9663999018798 444
1757453136692 163.9539815137548 445
1757453136773 163.94156407297922 446
1757453136853 163.9291475794808 447
1757453136935 163.91673203318732 448
1757453137018 163.90431743402644 449
1757453137099 163.891903781926 450
1757453137179 163.87949107681368 451
1757453137260 163.86707931861724 452
1757453137339 163.85466850726448 453
1757453137421 163.84225864268316 454
1757453137501 163.82984972480105 455
1757453137582 163.81744175354598 456
1757453137667 163.8050347288456 457
1757453137746 163.79262865062782 458
1757453137822 163.7802235188204 459
1757453137904 163.76781933335116 460
1757453137984 163.75541609414788 461
1757453138071 163.74301380113835 462
1757453138149 163.73061245425043 463
1757453138224 163.71821205341195 464
1757453138306 163.70581259855075 465
1757453138389 163.69341408959463 466
1757453138470 163.68101652647138 467
1757453138550 163.66861990910894 468
1757453138632 163.65622423743514 469
1757453138715 163.64382951137782 470
1757453138793 163.63143573086484 471
1757453138877 163.61904289582404 472
1757453138956 163.60665100618337 473
1757453139033 163.59426006187064 474
1757453139121 163.58187006281378 475
1757453139200 163.56948100894067 476
1757453139281 163.55709290017913 477
1757453139364 163.5447057364572 478
1757453139447 163.53231951770266 479
1757453139526 163.51993424384347 480
1757453139607 163.50754991480758 481
1757453139689 163.49516653052288 482
1757453139768 163.4827840909173 483
1757453139846 163.47040259591878 484
1757453139925 163.45802204545524 485
1757453140004 163.44564243945462 486
1757453140083 163.43326377784493 487
1757453140165 163.42088606055404 488
1757453140241 163.40850928751001 489
1757453140321 163.39613345864075 490
1757453140401 163.3837585738742 491
1757453140480 163.37138463313838 492
1757453140562 163.3590116363613 493
1757453140647 163.3466395834709 494
1757453140727 163.33426847439515 495
1757453140806 163.32189830906214 496
1757453140886 163.3095290873998 497
1757453140967 163.2971608093362 498
1757453141046 163.28479347479927 499
