1757452945329 169.0352959857051 0
1757452945406 166.69281470006806 1
1757452945481 165.45044943516476 2
1757452945563 164.21335114449747 3
1757452945644 162.98559095941215 4
1757452945716 161.76708293119833 5
1757452945787 160.5577573956487 6
1757452945861 159.3575451542831 7
1757452945934 158.16637753031796 8
1757452946004 156.98418636450984 9
1757452946077 155.8109040112557 10
1757452946150 154.64646333472248 11
1757452946225 153.49079770500532 12
1757452946297 152.343840994315 13
1757452946368 151.20552757319422 14
1757452946440 150.0757923067619 15
1757452946514 148.95457055098646 16
1757452946603 147.84179814898656 17
1757452946678 146.7374114273601 18
1757452946753 145.6413471925408 19
1757452946826 144.55354272718216 20
1757452946901 143.4739357865687 21
1757452946976 142.40246459505434 22
1757452947056 141.33906784252753 23
1757452947117 140.28368468090292 24
1757452947184 139.23625472063978 25
1757452947247 138.19671802728618 26
1757452947318 137.1650151180499 27
1757452947385 136.14108695839425 28
1757452947455 135.12487495866054 29
1757452947529 134.11632097071526 30
1757452947604 133.1153672846229 31
1757452947674 132.12195662534364 32
1757452947744 131.13603214945616 33
1757452947816 130.15753744190488 34
1757452947891 129.18641651277193 35
1757452947963 128.22261379407334 36
1757452948028 127.26607413657933 37
1757452948096 126.31674280665874 38
1757452948170 125.37456548314701 39
1757452948246 124.43948825423801 40
1757452948326 123.51145761439895 41
1757452948403 122.590420461309 42
1757452948478 121.67632409282045 43
1757452948552 120.76911620394337 44
1757452948625 119.86874488385243 45
1757452948697 118.97515861291659 46
1757452948772 118.08830625975108 47
1757452948851 117.20813707829173 48
1757452948926 116.33460070489109 49
1757452949001 115.46764715543665 50
1757452949074 114.60722682249067 51
1757452949146 113.75329047245171 52
1757452949221 112.9057892427373 53
1757452949294 112.06467463898804 54
1757452949371 111.22989853229271 55
1757452949448 110.40141315643432 56
1757452949526 109.57917110515683 57
1757452949602 108.76312532945256 58
1757452949677 107.95322913487003 59
1757452949753 107.149436178842 60
1757452949829 106.35170046803375 61
1757452949903 105.5599763557113 62
1757452949973 104.77421853912945 63
1757452950044 103.99438205693951 64
1757452950114 103.22042228661662 65
1757452950180 102.45229494190639 66
1757452950246 101.68995607029075 67
1757452950319 100.93336205047301 68
1757452950391 100.18246958988179 69
1757452950464 99.43723572219383 70
1757452950534 98.6976178048753 71
1757452950615 97.96357351674192 72
1757452950698 97.23506085553713 73
1757452950774 96.51203813552885 74
1757452950853 95.79446398512407 75
1757452950929 95.0822973445016 76
1757452951005 94.37549746326253 77
1757452951081 93.67402389809855 78
1757452951155 92.97783651047763 79
1757452951231 92.28689546434734 80
1757452951329 91.60116122385541 81
1757452951398 90.92059455108742 82
1757452951471 90.24515650382149 83
1757452951542 89.57480843330019 84
1757452951621 88.90951198201878 85
1757452951697 88.24922908153057 86
1757452951775 87.59392195026842 87
1757452951850 86.94355309138302 88
1757452951925 86.29808529059719 89
1757452951998 85.65748161407643 90
1757452952071 85.02170540631562 91
1757452952144 84.39072028804146 92
1757452952218 83.76449015413097 93
1757452952296 83.14297917154526 94
1757452952377 82.52615177727945 95
1757452952454 81.91397267632749 96
1757452952529 81.30640683966264 97
1757452952605 80.70341950223312 98
1757452952683 80.10497616097268 99
1757452952761 79.51104257282648 100
1757452952839 78.92158475279157 101
1757452952914 78.33656897197224 102
1757452952991 77.75596175565002 103
1757452953070 77.17972988136835 104
1757452953149 76.60784037703135 105
1757452953227 76.04026051901732 106
1757452953302 75.47695783030615 107
1757452953374 74.91790007862105 108
1757452953448 74.36305527458404 109
1757452953524 73.8123916698857 110
1757452953597 73.26587775546832 111
1757452953675 72.72348225972299 112
1757452953755 72.18517414670028 113
1757452953831 71.65092261433425 114
1757452953918 71.1206970926799 115
1757452953996 70.59446724216411 116
1757452954061 70.07220295184933 117
1757452954128 69.55387433771082 118
1757452954197 69.03945174092657 119
1757452954260 68.52890572618014 120
1757452954318 68.0222070799765 121
1757452954386 67.51932680897026 122
1757452954457 67.0202361383067 123
1757452954529 66.52490650997532 124
1757452954606 66.03330958117559 125
1757452954682 65.54541722269525 126
1757452954757 65.06120151730069 127
1757452954836 64.58063475813954 128
1757452954914 64.10368944715522 129
1757452954991 63.63033829351347 130
1757452955070 63.1605542120408 131
1757452955149 62.69431032167463 132
1757452955227 62.23157994392507 133
1757452955303 61.77233660134846 134
1757452955382 61.316554016032235 135
1757452955460 60.864206108091295 136
1757452955537 60.415266994175745 137
1757452955610 59.96971098598969 138
1757452955687 59.527512588821494 139
1757452955761 59.08864650008486 140
1757452955836 58.653087607871 141
1757452955912 58.22081098951171 142
1757452955989 57.791791910153314 143
1757452956064 57.366005821341254 144
1757452956136 56.94342835961548 145
1757452956211 56.524035345116246 146
1757452956285 56.10780278020061 147
1757452956360 55.69470684806925 148
1757452956437 55.28472391140366 149
1757452956521 54.87783051101351 150
1757452956609 54.4740033644944 151
1757452956689 54.07321936489557 152
1757452956766 53.67545557939774 153
1757452956842 53.28068924800079 154
1757452956920 52.88889778222152 155
1757452956996 52.50005876380103 156
1757452957073 52.114149943421964 157
1757452957149 51.73114923943541 158
1757452957229 51.35103473659733 159
1757452957307 50.97378468481457 160
1757452957383 50.59937749790028 161
1757452957463 50.227791752338774 162
1757452957544 49.85900618605962 163
1757452957619 49.49299969722101 164
1757452957695 49.129751343002326 165
1757452957772 48.76924033840574 166
1757452957848 48.41144605506688 167
1757452957926 48.05634802007452 168
1757452958006 47.70392591479898 169
1757452958077 47.35415957372957 170
1757452958148 47.00702898332073 171
1757452958221 46.66251428084672 172
1757452958297 46.32059575326515 173
1757452958382 45.981253836088996 174
1757452958461 45.64446911226699 175
1757452958537 45.3102223110727 176
1757452958619 44.97849430700176 177
1757452958697 44.64926611867751 178
1757452958777 44.32251890776483 179
1757452958854 43.99823397789228 180
1757452958932 43.67639277358222 181
1757452959014 43.35697687918902 182
1757452959095 43.03996801784538 183
1757452959169 42.72534805041648 184
1757452959247 42.41309897446196 185
1757452959502 42.10320292320595 186
1757452959575 41.79564216451462 187
1757452959638 41.49039909988156 188
1757452959711 41.18745626342079 189
1757452959780 40.88679632086731 190
1757452959852 40.58840206858526 191
1757452959928 40.29225643258349 192
1757452960005 39.99834246753858 193
1757452960080 39.706643355825186 194
1757452960155 39.4171424065538 195
1757452960225 39.129823054615585 196
1757452960298 38.844668859734554 197
1757452960367 38.56166350552686 198
1757452960441 38.28079079856714 199
1757452960517 38.00203466746188 200
1757452960594 37.725379161929844 201
1757452960670 37.45080845188937 202
1757452960745 37.178306826552564 203
1757452960818 36.907858693526286 204
1757452960891 36.63944857791999 205
1757452960965 36.37306112146021 206
1757452961049 36.108681081611714 207
1757452961128 35.84629333070538 208
1757452961206 35.58588285507252 209
1757452961286 35.32743475418583 210
1757452961365 35.070934239806725 211
1757452961445 34.81636663513919 212
1757452961522 34.563717373989924 213
1757452961598 34.312971999934874 214
1757452961672 34.064116165491996 215
1757452961748 33.817135631300296 216
1757452961825 33.57201626530509 217
1757452961898 33.32874404194926 218
1757452961972 33.08730504137076 219
1757452962049 32.84768544860612 220
1757452962122 32.609871552799945 221
1757452962188 32.37384974642026 222
1757452962256 32.13960652448005 223
1757452962329 31.90712848376433 224
1757452962403 31.676402322063325 225
1757452962470 31.447414837411234 226
1757452962532 31.220152927330826 227
1757452962597 30.994603588083734 228
1757452962671 30.77075391392628 229
1757452962747 30.548591096371094 230
1757452962818 30.328102423454162 231
1757452962894 30.109275279007445 232
1757452962975 29.892097141936954 233
1757452963051 29.676555585506286 234
1757452963127 29.462638276625572 235
1757452963203 29.25033297514578 236
1757452963280 29.039627533158228 237
1757452963353 28.83050989429963 238
1757452963426 28.62296809306208 239
1757452963502 28.416990254108455 240
1757452963582 28.21256459159284 241
1757452963661 28.009679408486207 242
1757452963739 27.808323095907024 243
1757452963816 27.608484132457033 244
1757452963891 27.41015108356197 245
1757452963968 27.213312600817265 246
1757452964047 27.017957421338675 247
1757452964121 26.82407436711785 248
1757452964189 26.631652344382655 249
1757452964259 26.44068034296242 250
1757452964328 26.251147435657913 251
1757452964399 26.063042777616058 252
1757452964471 25.876355605709442 253
1757452964544 25.691075237920398 254
1757452964625 25.507191072729743 255
1757452964709 25.324692588510196 256
1757452964789 25.143569342924323 257
1757452964869 24.963810972326975 258
1757452964934 24.78540719117232 259
1757452964999 24.608347791425256 260
1757452965071 24.432622641977304 261
1757452965144 24.25822168806696 262
1757452965224 24.08513495070424 263
1757452965298 23.91335252609978 264
1757452965375 23.74286458509806 265
1757452965454 23.57366137261502 266
1757452965536 23.405733207079848 267
1757452965616 23.239070479880958 268
1757452965694 23.07366365481623 269
1757452965768 22.909503267547315 270
1757452965843 22.74657992505808 271
1757452965918 22.584884305117132 272
1757452965991 22.42440715574442 273
1757452966066 22.265139294681745 274
1757452966139 22.10707160886744 275
1757452966208 21.95019505391488 276
1757452966283 21.794500653594923 277
1757452966358 21.639979499322312 278
1757452966431 21.486622749645917 279
1757452966505 21.334421629742824 280
1757452966579 21.18336743091621 281
1757452966656 21.03345151009702 282
1757452966734 20.88466528934945 283
1757452966811 20.737000255380092 284
1757452966894 20.590447959050746 285
1757452966970 20.44500001489501 286
1757452967048 20.300648100638455 287
1757452967123 20.157383956722366 288
1757452967202 20.015199385831185 289
1757452967283 19.874086252423425 290
1757452967362 19.73403648226612 291
1757452967440 19.595042061972865 292
1757452967518 19.45709503854526 293
1757452967603 19.32018751891782 294
1757452967688 19.184311669506332 295
1757452967767 19.04945971575964 296
1757452967848 18.91562394171472 297
1757452967930 18.782796689555234 298
1757452968008 18.650970359173268 299
1757452968086 18.520137407734538 300
1757452968162 18.390290349246683 301
1757452968236 18.26142175413099 302
1757452968309 18.133524248797247 303
1757452968381 18.006590515221777 304
1757452968453 17.88061329052876 305
1757452968528 17.75558536657459 306
1757452968605 17.63149958953544 307
1757452968682 17.508348859497943 308
1757452968759 17.38612613005288 309
1757452968834 17.264824407892004 310
1757452968912 17.144436752407874 311
1757452968992 17.02495627529671 312
1757452969070 16.90637614016422 313
1757452969144 16.78868956213445 314
1757452969217 16.67188980746151 315
1757452969292 16.5559701931443 316
1757452969370 16.440924086544072 317
1757452969446 16.326744905004915 318
1757452969521 16.213426115477088 319
1757452969613 16.100961234143234 320
1757452969701 15.989343826047284 321
1757452969779 15.878567504726316 322
1757452969857 15.76862593184509 323
1757452969939 15.65951281683338 324
1757452970026 15.551221916525982 325
1757452970107 15.443747034805517 326
1757452970184 15.33708202224787 327
1757452970257 15.231220775770291 328
1757452970331 15.126157238282225 329
1757452970406 15.021885398338679 330
1757452970485 14.918399289796229 331
1757452970562 14.81569299147168 332
1757452970638 14.713760626803204 333
1757452970715 14.61259636351413 334
1757452970797 14.512194413279149 335
1757452970872 14.412549031393144 336
1757452970950 14.313654516442503 337
1757452971031 14.215505209978796 338
1757452971110 14.118095496195057 339
1757452971190 14.02141980160445 340
1757452971270 13.925472594721299 341
1757452971350 13.830248385744582 342
1757452971432 13.735741726243864 343
1757452971512 13.64194720884744 344
1757452971589 13.548859466932985 345
1757452971663 13.45647317432046 346
1757452971739 13.36478304496732 347
1757452971819 13.273783832666064 348
1757452971896 13.183470330744047 349
1757452971973 13.093837371765511 350
1757452972047 13.00487982723596 351
1757452972124 12.91659260730864 352
1757452972202 12.828970660493356 353
1757452972270 12.742008973367351 354
1757452972343 12.655702570288517 355
1757452972418 12.570046513110615 356
1757452972527 12.485035900900723 357
1757452972606 12.400665869658832 358
1757452972683 12.31693159203952 359
1757452972763 12.233828277075668 360
1757452972840 12.151351169904391 361
1757452972915 12.069495551494933 362
1757452972990 11.988256738378613 363
1757452973066 11.907630082380868 364
1757452973144 11.82761097035528 365
1757452973221 11.74819482391958 366
1757452973301 11.669377099193692 367
1757452973378 11.591153286539743 368
1757452973456 11.513518910303961 369
1757452973534 11.43646952856064 370
1757452973614 11.360000732857921 371
1757452973695 11.284108147965563 372
1757452973776 11.208787431624579 373
1757452973854 11.13403427429878 374
1757452973933 11.059844398928147 375
1757452974009 10.98621356068414 376
1757452974086 10.913137546726762 377
1757452974165 10.840612175963534 378
1757452974247 10.768633298810222 379
1757452974318 10.697196796953413 380
1757452974390 10.626298583114838 381
1757452974463 10.555934600817528 382
1757452974536 10.486100824153654 383
1757452974610 10.416793257554216 384
1757452974695 10.348007935560368 385
1757452974774 10.27974092259652 386
1757452974847 10.211988312745179 387
1757452974923 10.144746229523388 388
1757452975004 10.078010825660947 389
1757452975073 10.011778282880279 390
1757452975144 9.946044811677908 391
1757452975222 9.88080665110764 392
1757452975307 9.816060068565386 393
1757452975385 9.751801359575529 394
1757452975464 9.688026847578987 395
1757452975544 9.624732883722805 396
1757452975626 9.56191584665141 397
1757452975704 9.499572142299344 398
1757452975785 9.437698203685654 399
1757452975863 9.376290490709746 400
1757452975949 9.315345489948854 401
1757452976026 9.25485971445696 402
1757452976105 9.1948297035653 403
1757452976182 9.13525202268434 404
1757452976261 9.076123263107236 405
1757452976336 9.017440041814755 406
1757452976411 8.95919900128176 407
1757452976490 8.901396809285044 408
1757452976568 8.844030158712673 409
1757452976650 8.787095767374735 410
1757452976728 8.73059037781555 411
1757452976808 8.674510757127267 412
1757452976887 8.618853696764877 413
1757452976981 8.563616012362605 414
1757452977083 8.508794543551712 415
1757452977166 8.454386153779648 416
1757452977244 8.400387730130594 417
1757452977322 8.346796183147324 418
1757452977404 8.293608446654389 419
1757452977483 8.240821477582733 420
1757452977563 8.18843225579554 421
1757452977649 8.136437783915394 422
1757452977727 8.084835087152781 423
1757452977806 8.033621213135907 424
1757452977883 7.98279323174171 425
1757452977961 7.932348234928207 426
1757452978041 7.88228333656811 427
1757452978121 7.832595672283679 428
1757452978200 7.783282399282783 429
1757452978282 7.734340696196288 430
1757452978355 7.685767762916576 431
1757452978430 7.637560820437332 432
1757452978516 7.589717110694533 433
1757452978596 7.542233896408621 434
1757452978676 7.495108460927889 435
1757452978756 7.448338108073 436
1757452978836 7.401920161982735 437
1757452978916 7.355851966960886 438
1757452978994 7.3101308873242665 439
1757452979074 7.264754307251909 440
1757452979151 7.2197196306353995 441
1757452979248 7.175024280930296 442
1757452979332 7.130665701008719 443
1757452979430 7.086641353013026 444
1757452979509 7.042948718210592 445
1757452979589 6.999585296849688 446
1757452979669 6.956548608016433 447
1757452979769 6.9138361894928515 448
1757452979846 6.87144559761596 449
1757452979925 6.829374407137955 450
1757452980005 6.787620211087445 451
1757452980086 6.7461806206317005 452
1757452980168 6.705053264939972 453
1757452980247 6.664235791047839 454
1757452980326 6.623725863722562 455
1757452980401 6.583521165329448 456
1757452980479 6.543619395699263 457
1757452980561 6.504018271996581 458
1757452980643 6.4647155285891795 459
1757452980741 6.425708916918398 460
1757452980826 6.386996205370454 461
1757452980907 6.348575179148785 462
1757452980984 6.310443640147264 463
1757452981063 6.272599406824463 464
1757452981142 6.235040314078822 465
1757452981220 6.1977642131247315 466
1757452981304 6.160768971369605 467
1757452981387 6.124052472291838 468
1757452981467 6.0876126153197 469
1757452981545 6.051447315711145 470
1757452981624 6.0155545044345 471
1757452981706 5.979932128050102 472
1757452981785 5.944578148592783 473
1757452981862 5.909490543455247 474
1757452981946 5.874667305272357 475
1757452982024 5.84010644180625 476
1757452982107 5.8058059758323575 477
1757452982187 5.771763945026254 478
1757452982268 5.737978401851372 479
1757452982345 5.704447413447571 480
1757452982422 5.671169061520536 481
1757452982498 5.6381414422319995 482
1757452982575 5.605362666090815 483
1757452982655 5.572830857844836 484
1757452982736 5.540544156373611 485
1757452982815 5.508500714581882 486
1757452982897 5.4766986992938955 487
1757452982980 5.445136291148527 488
1757452983059 5.4138116844951485 489
1757452983140 5.382723087290308 490
1757452983225 5.351868720995211 491
1757452983305 5.321246820473921 492
1757452983385 5.290855633892387 493
1757452983466 5.260693422618181 494
1757452983544 5.230758461121022 495
1757452983624 5.201049036874027 496
1757452983705 5.171563450255736 497
1757452983782 5.142300014452847 498
1757452983862 5.113257055363705 499
