1757447507679 129.26553813268475 0
1757447507769 56.90964654104258 1
1757447507864 44.48164365435376 2
1757447507959 30.627149832201788 3
1757447508053 68.3779848903085 4
1757447508147 54.02277202262962 5
1757447508245 17.147803807452135 6
1757447508342 27.854421879136062 7
1757447508437 7.094240250110911 8
1757447508533 3.036447215570645 9
1757447508628 26.708368873257083 10
1757447508722 9.016060857494951 11
1757447508815 20.64564699010952 12
1757447508909 2.835508283497387 13
1757447509001 1.1532932085531733 14
1757447509097 4.652820943211306 15
1757447509190 0.0003190545266922946 16
1757447509284 2.1112984689807828 17
1757447509378 0.004201473554321735 18
1757447509471 25.82851758321713 19
1757447509567 18.170759388904667 20
1757447509662 7.25687194572136 21
1757447509755 2.1816228183729574 22
1757447509850 0.17771539786028645 23
1757447509947 12.753655795793426 24
1757447510045 24.648602186650784 25
1757447510141 12.343293821757634 26
1757447510298 33.37643464929302 27
1757447510390 5.444685620661081 28
