1757432717214 161.9780154666066 0
1757432717263 161.6013895718885 1
1757432717315 152.8176537980796 2
1757432717364 148.35101080818657 3
1757432717419 142.3697194227657 4
1757432717480 145.66563473610887 5
1757432717531 133.63335632266794 6
1757432717586 130.12608813541968 7
1757432717641 127.30100699477327 8
1757432717692 120.73644381222526 9
1757432717746 115.73852120871796 10
1757432717802 113.80237468233864 11
1757432717863 112.9334923492401 12
1757432717922 111.63511986306608 13
1757432717972 107.18261031941813 14
1757432718026 111.57607549714673 15
1757432718077 91.70757338717078 16
1757432718136 91.14413977143002 17
1757432718197 90.65195416697983 18
1757432718255 90.68811653110646 19
1757432718314 89.06906689504504 20
1757432718368 86.40775470067304 21
1757432718423 86.78449951381093 22
1757432718486 85.83313669814328 23
1757432718541 83.38047867711889 24
1757432718598 70.55109606890316 25
1757432718650 76.57924469732724 26
1757432718704 75.72326988447573 27
1757432718762 71.22581881776824 28
1757432718819 72.5101376289144 29
1757432718873 73.71782801246225 30
1757432718921 65.76334935932015 31
1757432718979 66.23897168387484 32
1757432719036 70.27389631464541 33
1757432719091 60.02722505051738 34
1757432719147 55.82156783883306 35
1757432719204 54.41137160765053 36
1757432719257 59.53040182739222 37
1757432719309 63.749172016674386 38
1757432719360 61.50135349957751 39
1757432719416 49.326143754481265 40
1757432719474 56.273350502044494 41
1757432719532 50.46351712778366 42
1757432719621 47.71291197440439 43
1757432719688 51.282214552535756 44
1757432719751 46.27588045715876 45
1757432719814 46.934016001063945 46
1757432719878 66.97894795131404 47
1757432719944 45.5382935437815 48
1757432720009 58.59391667287175 49
1757432720073 46.97964609231894 50
1757432720137 38.33067660616218 51
1757432720203 54.36577559009941 52
1757432720266 49.575552961501224 53
1757432720334 45.37471331188023 54
1757432720402 44.23990101624987 55
1757432720468 53.171689441717696 56
1757432720533 45.74438843993257 57
1757432720597 41.52056130627519 58
1757432720659 52.150703691593165 59
1757432720723 53.089952936145984 60
1757432720791 40.90828089668757 61
1757432720851 40.90887414061825 62
1757432720907 41.41348350617719 63
1757432720961 50.98637392515082 64
1757432721016 37.72978359649248 65
1757432721072 42.27376858953393 66
1757432721129 32.74299632147977 67
1757432721187 41.47726320138671 68
1757432721242 40.75565556104442 69
1757432721300 43.16334691415983 70
1757432721355 50.75893256684547 71
1757432721416 33.90233804437572 72
1757432721470 41.36673940975708 73
1757432721526 43.48704806550419 74
1757432721583 45.36795443662203 75
1757432721639 30.25889869030885 76
1757432721692 25.907618394762245 77
1757432721746 38.779690806969334 78
1757432721806 43.19828418600711 79
1757432721865 32.88079246711845 80
1757432721923 39.68139079686381 81
1757432721976 35.2007798741839 82
1757432722033 33.97382954951396 83
1757432722098 24.24587940052363 84
1757432722158 37.913065260226524 85
1757432722207 33.10193670342531 86
1757432722252 37.8160656925652 87
1757432722296 34.959555554360406 88
1757432722349 40.62848455853641 89
1757432722402 27.01512444237673 90
1757432722457 29.93148083549827 91
1757432722513 32.69374600341993 92
1757432722568 23.747444650890007 93
1757432722622 44.580134917980374 94
1757432722678 26.76696036773025 95
1757432722730 31.951854516843717 96
1757432722785 33.663327876692826 97
1757432722842 37.81569703927214 98
1757432722902 35.685694957535304 99
1757432722951 38.74210290365491 100
1757432723003 29.42406833355357 101
1757432723072 30.716060667837397 102
1757432723133 47.98402613658566 103
1757432723193 40.470950699559815 104
1757432723249 24.444364758348726 105
1757432723307 22.68332859822798 106
1757432723367 35.974324459262775 107
1757432723426 25.314867179545747 108
1757432723482 29.79427918658987 109
1757432723541 41.78709984227303 110
1757432723598 34.66842402596787 111
1757432723661 31.512867250463575 112
1757432723721 43.81676689294328 113
1757432723779 36.20928340241953 114
1757432723838 27.867691544582353 115
1757432723896 33.80335295163015 116
1757432723956 32.43743328809521 117
1757432724014 43.40628709447907 118
1757432724073 28.794077184349582 119
1757432724131 38.146703759574564 120
1757432724187 32.0710644787276 121
1757432724248 30.324203222683497 122
1757432724329 35.08417854916078 123
1757432724400 38.188603827856326 124
1757432724461 36.185476766907264 125
1757432724520 34.628931876109526 126
1757432724576 29.226262967238803 127
1757432724633 25.644843330618368 128
1757432724694 27.589294166432218 129
1757432724755 31.374662830677426 130
1757432724816 28.42899506579998 131
1757432724875 28.158667300669755 132
1757432724932 42.456288745367836 133
1757432724981 27.482240478048887 134
1757432725039 20.376266616095275 135
1757432725097 28.378427639791084 136
1757432725155 37.197145509392676 137
1757432725212 28.014613671323957 138
1757432725271 27.581875628071206 139
1757432725331 29.08243097366042 140
1757432725389 29.802875007783356 141
1757432725444 26.414990712175182 142
1757432725504 26.049881108020692 143
1757432725561 31.179311324400125 144
1757432725622 22.285213162263076 145
1757432725679 27.32104600100558 146
1757432725731 30.233226112161326 147
1757432725786 28.10501160912022 148
1757432725847 31.565501785969037 149
1757432725905 36.83565577555282 150
1757432725961 32.47035064921687 151
1757432726018 23.760958276396636 152
1757432726076 31.504329275889685 153
1757432726134 43.44474952284038 154
1757432726194 36.99299641383876 155
1757432726254 34.55507174158927 156
1757432726311 23.50136308866537 157
1757432726376 36.43842011304387 158
1757432726427 34.71093498413008 159
1757432726483 26.088821668124723 160
1757432726537 26.866497596329367 161
1757432726596 34.86842019962424 162
1757432726656 41.439072680227014 163
1757432726713 33.39891818149733 164
1757432726769 31.9365769152664 165
1757432726829 39.068185114788804 166
1757432726891 34.39788347200856 167
1757432726946 30.248100209429087 168
1757432726995 40.905610528312465 169
1757432727051 39.14922286855475 170
1757432727105 34.95064211905922 171
1757432727159 29.165403211849974 172
1757432727214 33.35866449647829 173
1757432727272 25.37200806024881 174
1757432727332 43.01671552857829 175
1757432727387 37.81275321992865 176
1757432727450 23.544412026871107 177
1757432727511 25.893876013473125 178
1757432727568 28.117278187552124 179
1757432727627 32.075831151312954 180
1757432727690 32.84744663427725 181
1757432727754 26.524124750357927 182
1757432727813 22.250957441261207 183
1757432727875 22.433741773770024 184
1757432727936 35.47003953776472 185
1757432727998 29.68812943889547 186
1757432728057 24.6268732054234 187
1757432728115 31.28577106147888 188
1757432728179 28.790064569825713 189
1757432728234 34.32620302403385 190
1757432728294 32.26385023951018 191
1757432728352 23.053375532775153 192
1757432728411 30.01037384188397 193
1757432728471 23.662181346886165 194
1757432728531 20.379046960918846 195
1757432728587 28.983155757696995 196
1757432728647 34.38752217225561 197
1757432728708 48.72790574050366 198
1757432728767 37.76772287186349 199
1757432728823 31.38728935253676 200
1757432728884 25.792548676519342 201
1757432728952 29.288185956965997 202
1757432729007 33.143689751843354 203
1757432729066 38.7283459117935 204
1757432729126 35.31354953033682 205
1757432729189 24.277530665258993 206
1757432729248 23.939645313890445 207
1757432729311 26.307329650135348 208
1757432729376 24.033645330799086 209
1757432729436 27.09140866555936 210
1757432729495 25.213778264553675 211
1757432729550 38.67827150665827 212
1757432729608 31.143190775487113 213
1757432729673 25.84913070373262 214
1757432729732 38.41965155542478 215
1757432729795 33.9734687798253 216
1757432729856 18.132272663209864 217
1757432729918 44.10825131186935 218
1757432729979 28.569072406553218 219
1757432730037 33.561126662817955 220
1757432730097 20.848777981128535 221
1757432730154 30.665225517785604 222
1757432730212 26.562556054583204 223
1757432730272 37.167181526972875 224
1757432730329 33.17058660366009 225
1757432730389 28.690031320912883 226
1757432730450 21.174879392990395 227
1757432730510 23.32859590819372 228
1757432730573 36.496464451577545 229
1757432730635 32.25509078343075 230
1757432730696 23.10868700516503 231
1757432730760 28.9284914348849 232
1757432730827 37.03961264284156 233
1757432730890 28.797659391074543 234
1757432730950 25.248854514292102 235
1757432731002 19.364718459052472 236
1757432731057 35.074934914021476 237
1757432731117 22.83921946185155 238
1757432731181 36.243137242055596 239
1757432731248 29.764808726768003 240
1757432731309 41.233277512900614 241
1757432731371 26.086920421475266 242
1757432731435 30.426917701957517 243
1757432731497 33.85175902285965 244
1757432731554 35.177388089458 245
1757432731613 40.69371915690022 246
