1757603786980 14.069175593228723 0
1757603787090 4.212013675408589 1
1757603787201 0.18032151256985568 2
1757603787312 1.4401787126705006 3
1757603787418 0.030832165044939675 4
1757603787525 1.9155106847166443 5
1757603787632 7.38936359604088 6
1757603787738 3.054379412595371 7
1757603787841 7.494291076094149 8
1757603787948 0.0015969093182833433 9
1757603788057 5.408939660344792 10
1757603788165 0.8351823030361047 11
1757603788273 3.572282381995012 12
1757603788377 0.10399327475004475 13
1757603788482 0.6991367432826551 14
1757603788587 0.2712055815424557 15
1757603788694 0.24956644884683987 16
1757603788802 5.7352776094046485 17
1757603788912 0.7859672410222494 18
1757603789019 0.00023103057072128283 19
1757603789127 1.098845669231752 20
1757603789233 1.3540286535400425 21
1757603789338 2.698921300723428 22
1757603789443 1.0681919864585756 23
1757603789548 5.087523237700733 24
1757603789654 0.016746405331452833 25
1757603789759 0.19698198849791243 26
1757603789864 2.036005066349209 27
1757603789971 0.03049903571039593 28
1757603790080 10.374033014284377 29
1757603790187 3.8090406761198596 30
1757603790293 0.746907051514781 31
1757603790400 0.1642122054795384 32
1757603790505 2.8233256054506266 33
1757603790610 0.00486779840584626 34
1757603790715 1.5594082434210028 35
1757603790820 4.547498545470247 36
1757603790925 0.009622968564442221 37
1757603791031 0.6652369482592169 38
1757603791137 6.754863222551904 39
1757603791241 7.430034355177008 40
1757603791348 15.810523559369065 41
1757603791454 2.5008030312067837 42
1757603791558 0.10318135977868521 43
1757603791664 2.3221144763809383 44
1757603791770 2.623731172714142 45
1757603791874 0.5928752442671231 46
1757603791981 0.8943614587042742 47
1757603792091 0.005652901855406161 48
1757603792200 2.562195475894757 49
1757603792312 0.16996014864541942 50
1757603792422 1.5851706941550168 51
1757603792531 0.07861536759187611 52
1757603792641 2.782939695014336e-05 53
1757603792751 2.6884484587507593 54
1757603792860 1.058441646626671 55
1757603792970 0.1760144248937823 56
1757603793076 0.01936060571286748 57
1757603793183 2.1596226051529004 58
1757603793289 2.03353590207373 59
1757603793395 0.5394636748168222 60
1757603793501 0.001053733510069633 61
1757603793609 2.4265349791757904 62
1757603793715 0.5620036573721078 63
1757603793822 0.7623233464790145 64
1757603793927 3.1399671204385746 65
1757603794037 5.363578655559206 66
1757603794147 1.4807462574702649e-05 67
1757603794257 0.08233323381361703 68
1757603794366 2.161050184733313 69
1757603794474 0.4179315427261586 70
1757603794582 0.3185095223991944 71
1757603794688 2.5013027176490494 72
1757603794795 3.686149664414779 73
1757603794901 10.306551195116961 74
1757603795013 0.027776158793703137 75
1757603795126 0.5968364313867484 76
1757603795236 3.262893179447793 77
1757603795344 1.049549055542513 78
1757603795452 5.839706772991321 79
1757603795560 0.4096722432976424 80
1757603795668 0.3568625471649276 81
1757603795776 0.8612944507984855 82
1757603795886 2.101993053560717 83
1757603795994 2.3637756019750746 84
1757603796107 0.2861662488454462 85
1757603796219 1.4685228912146493 86
1757603796331 0.6815867266194106 87
1757603796442 2.763256896102675e-05 88
1757603796554 7.461563637556536 89
1757603796664 0.9570855263390321 90
1757603796774 2.111754941711523 91
1757603796881 0.7554423689135616 92
1757603796990 5.594951160686769 93
1757603797099 2.066529204878449 94
1757603797210 2.256031626904403 95
1757603797322 0.1990051758861325 96
1757603797432 3.527822281453528 97
1757603797544 4.108931860268746 98
1757603797656 1.1185021298343132 99
1757603797765 0.022576462996561655 100
1757603797872 2.633027909748005 101
1757603797978 0.0816029046929186 102
1757603798090 0.09040936833365039 103
1757603798200 2.369241213542893 104
1757603798308 0.2052588218442545 105
1757603798417 1.086419119689535 106
1757603798524 6.6111917456446 107
1757603798633 2.673526711547554 108
1757603798741 0.3222309500791691 109
1757603798847 0.2840488595421369 110
1757603798954 1.1337603318844565 111
1757603799061 4.165463773708015 112
1757603799168 2.2257137016690147 113
1757603799275 0.035815950190785366 114
1757603799381 2.248677614830155 115
1757603799488 2.4074438762051074 116
1757603799594 0.33902625841600825 117
1757603799701 0.35450901343486135 118
1757603799807 1.8877781918209082 119
1757603799915 1.91080844348198 120
1757603800022 0.5798892428098399 121
1757603800138 0.06214418501148114 122
1757603800249 15.311656336474696 123
1757603800358 0.0036397355406661775 124
1757603800466 0.09718245949980071 125
1757603800573 4.495573811655472 126
1757603800681 0.12906920681916287 127
1757603800790 2.6806615392223985 128
1757603800898 2.899471589994608 129
1757603801005 0.7778063936382265 130
1757603801111 0.48833330566733485 131
1757603801219 0.5195169362829175 132
1757603801326 0.0072623605193030405 133
1757603801433 0.04604424077549306 134
1757603801539 3.2596545104092813 135
1757603801646 2.243323433499793 136
1757603801754 6.39243496137033 137
1757603801860 1.1001924642378536 138
1757603801967 0.11732504636190744 139
1757603802076 2.598066550192427 140
1757603802186 2.5198709945840805 141
1757603802297 1.7968728638392688 142
1757603802406 1.7538594845056636 143
1757603802516 2.102324951997853 144
1757603802643 0.6790668369108355 145
1757603802757 0.3953096673923604 146
1757603802870 2.1375096023337643 147
1757603802983 13.035633455935264 148
1757603803096 0.5502678534563372 149
1757603803207 2.483540451729154 150
1757603803317 3.2026798657500546 151
1757603803425 1.355662790526506 152
