1757672521177 1.5317312397732792 0
1757672521297 0.0028816207902404908 1
1757672521411 0.11581523963592819 2
1757672521525 1.7782994698655248 3
1757672521639 0.16867682576001367 4
1757672521754 0.3944854716246982 5
1757672521868 0.049545157831586834 6
1757672521984 10.08592919105703 7
1757672522096 0.7012908142785975 8
1757672522213 1.3885395283398234 9
1757672522343 1.733876715790611 10
1757672522461 2.949893575649028 11
1757672522577 1.1817011701905573 12
1757672522693 0.06226786269510238 13
1757672522809 2.5725381900852455 14
1757672522923 1.0149064458481647 15
1757672523037 0.8808349246046361 16
1757672523151 0.6797803365145944 17
1757672523264 14.361657891645727 18
1757672523379 0.03736756655549852 19
1757672523513 2.5517939009928297 20
1757672523630 0.15992183615568564 21
1757672523745 0.33707657666454427 22
1757672523863 1.3139818967791455 23
1757672523989 18.539543845834586 24
1757672524104 0.03784848560908327 25
1757672524220 0.17333387401863234 26
1757672524336 0.6346372121135951 27
1757672524451 1.8429140814558433 28
1757672524567 0.20230181271035363 29
1757672524684 0.28234226020901465 30
1757672524801 0.004128129386508628 31
1757672524915 0.09985365568453032 32
1757672525032 1.9125254537901262 33
1757672525147 0.2845797569918664 34
1757672525275 0.3283853809278861 35
1757672525395 0.24925030943912485 36
1757672525514 1.0230648368313042 37
1757672525631 0.015434851360714028 38
1757672525751 0.9704164156661915 39
1757672525866 1.4301942918039263 40
1757672525981 0.2672447315138049 41
1757672526104 0.8615267996398643 42
1757672526223 1.7971101971487702 43
1757672526343 0.13123142108161737 44
1757672526461 0.4949538313467878 45
1757672526577 9.866921957146978 46
1757672526692 0.0550989458435697 47
1757672526807 2.7585251182551973 48
1757672526922 0.17094772884243337 49
1757672527038 0.3734045008540457 50
1757672527156 0.03717043727268401 51
1757672527273 0.04918587517469272 52
1757672527388 2.479445135807301 53
1757672527505 0.3647264236618081 54
1757672527622 0.029363676486220666 55
1757672527736 3.2197045785205143 56
1757672527852 0.10336563323299527 57
1757672527967 0.10256631993954095 58
1757672528084 1.5326284220853608 59
1757672528200 1.6872740302474485 60
1757672528314 0.018478754619856777 61
1757672528431 0.24350772152490294 62
1757672528546 0.6244860449602689 63
1757672528662 0.10573748223031207 64
1757672528778 1.5053730024831726 65
1757672528893 5.880009232908665 66
1757672529016 27.017300701088796 67
1757672529132 0.19712824167672235 68
1757672529249 0.012237652813449218 69
1757672529363 0.6799429126561047 70
1757672529479 1.957104334314966 71
1757672529594 0.06198390361914221 72
1757672529711 1.075000741479385 73
1757672529847 0.8021386371544093 74
1757672529970 0.004638957268288571 75
1757672530088 4.842371367086035 76
1757672530204 0.3910236159942495 77
1757672530342 3.808312496092351 78
1757672530464 0.7375601937491176 79
1757672530580 0.4551512311556357 80
1757672530696 1.766597509392298 81
1757672530813 0.005322630748105181 82
1757672530930 0.15497511067783754 83
1757672531047 0.8256662611450376 84
1757672531168 0.4795393950272767 85
1757672531292 0.20650531309318773 86
1757672531418 0.35962116161788693 87
1757672531538 0.01885102610853828 88
1757672531656 2.253066868868977 89
1757672531774 0.9079676991148089 90
1757672531890 6.023358010327719 91
1757672532007 0.26331535245077914 92
1757672532126 1.0721033020243116 93
1757672532243 0.14030023721341614 94
1757672532359 0.8602322512010776 95
1757672532476 0.30161375543953833 96
1757672532594 0.060647445635851234 97
1757672532710 1.5500579218310269 98
1757672532827 0.4457571800981316 99
1757672532940 0.8264643102609358 100
1757672533056 0.37031322736232924 101
1757672533180 0.15009017208031078 102
1757672533305 0.35596271792947265 103
1757672533430 1.9621161907704368 104
1757672533550 0.351264358100823 105
1757672533670 0.33270259658509665 106
1757672533787 0.01185087363905398 107
1757672533904 0.00155545132414545 108
1757672534022 0.12419933907476129 109
1757672534137 0.4225549433971282 110
1757672534254 3.5813511066116224 111
1757672534371 1.1142897061780679 112
