1757452094865 169.08078366698393 0
1757452094938 169.06808432717145 1
1757452095008 169.05538602300834 2
1757452095085 169.04268875441016 3
1757452095157 169.0299925212925 4
1757452095230 169.0172973235709 5
1757452095303 169.00460316116082 6
1757452095375 168.99191003397794 7
1757452095446 168.9792179419378 8
1757452095518 168.966526884956 9
1757452095591 168.95383686294815 10
1757452095669 168.94114787582976 11
1757452095742 168.92845992351647 12
1757452095815 168.9157730059239 13
1757452095883 168.9030871229677 14
1757452095955 168.89040227456346 15
1757452096027 168.87771846062682 16
1757452096097 168.8650356810734 17
1757452096158 168.85235393581883 18
1757452096228 168.83967322477883 19
1757452096298 168.82699354786897 20
1757452096366 168.814314905005 21
1757452096434 168.8016372961025 22
1757452096505 168.78896072107727 23
1757452096576 168.77628517984488 24
1757452096647 168.76361067232105 25
1757452096723 168.75093719842155 26
1757452096795 168.73826475806197 27
1757452096865 168.72559335115812 28
1757452096938 168.7129229776257 29
1757452097010 168.7002536373804 30
1757452097087 168.68758533033798 31
1757452097165 168.67491805641416 32
1757452097246 168.6622518155247 33
1757452097319 168.6495866075854 34
1757452097394 168.63692243251197 35
1757452097466 168.62425929022015 36
1757452097544 168.61159718062575 37
1757452097623 168.59893610364458 38
1757452097700 168.58627605919241 39
1757452097778 168.573617047185 40
1757452097856 168.5609590675382 41
1757452097930 168.54830212016776 42
1757452098007 168.53564620498955 43
1757452098083 168.5229913219194 44
1757452098159 168.5103374708731 45
1757452098231 168.49768465176652 46
1757452098309 168.48503286451543 47
1757452098385 168.47238210903583 48
1757452098460 168.4597323852434 49
1757452098537 168.44708369305414 50
1757452098618 168.43443603238381 51
1757452098694 168.4217894031484 52
1757452098768 168.40914380526374 53
1757452098844 168.39649923864567 54
1757452098915 168.3838557032102 55
1757452098990 168.37121319887316 56
1757452099064 168.35857172555046 57
1757452099142 168.34593128315808 58
1757452099217 168.33329187161186 59
1757452099295 168.3206534908278 60
1757452099370 168.3080161407218 61
1757452099448 168.29537982120985 62
1757452099519 168.28274453220783 63
1757452099595 168.2701102736318 64
1757452099668 168.2574770453976 65
1757452099746 168.24484484742132 66
1757452099829 168.2322136796189 67
1757452099899 168.21958354190633 68
1757452099966 168.2069544341996 69
1757452100030 168.19432635641468 70
1757452100098 168.1816993084676 71
1757452100165 168.1690732902744 72
1757452100232 168.1564483017511 73
1757452100299 168.14382434281367 74
1757452100371 168.13120141337825 75
1757452100446 168.11857951336077 76
1757452100522 168.10595864267736 77
1757452100603 168.09333880124402 78
1757452100680 168.08071998897685 79
1757452100757 168.0681022057919 80
1757452100832 168.05548545160525 81
1757452100909 168.042869726333 82
1757452100984 168.03025502989124 83
1757452101061 168.01764136219606 84
1757452101138 168.00502872316352 85
1757452101211 167.9924171127098 86
1757452101288 167.97980653075095 87
1757452101364 167.96719697720314 88
1757452101438 167.95458845198252 89
1757452101511 167.9419809550052 90
1757452101590 167.9293744861873 91
1757452101668 167.91676904544502 92
1757452101745 167.90416463269446 93
1757452101820 167.89156124785185 94
1757452101894 167.87895889083336 95
1757452101970 167.8663575615551 96
1757452102050 167.8537572599333 97
1757452102126 167.84115798588414 98
1757452102203 167.82855973932388 99
1757452102281 167.81596252016863 100
1757452102358 167.8033663283347 101
1757452102436 167.7907711637382 102
1757452102511 167.77817702629545 103
1757452102584 167.76558391592263 104
1757452102658 167.75299183253605 105
1757452102735 167.74040077605187 106
1757452102814 167.72781074638638 107
1757452102893 167.71522174345586 108
1757452102966 167.70263376717656 109
1757452103071 167.6900468174648 110
1757452103151 167.67746089423676 111
1757452103234 167.66487599740876 112
1757452103311 167.65229212689718 113
1757452103383 167.63970928261824 114
1757452103455 167.6271274644883 115
1757452103510 167.61454667242361 116
1757452103573 167.60196690634058 117
1757452103641 167.58938816615546 118
1757452103709 167.5768104517846 119
1757452103785 167.56423376314441 120
1757452103871 167.55165810015114 121
1757452103936 167.5390834627212 122
1757452104005 167.526509850771 123
1757452104071 167.51393726421682 124
1757452104139 167.5013657029751 125
1757452104210 167.48879516696218 126
1757452104281 167.47622565609447 127
1757452104350 167.46365717028837 128
1757452104424 167.4510897094603 129
1757452104499 167.43852327352664 130
1757452104576 167.42595786240383 131
1757452104653 167.41339347600828 132
1757452104731 167.40083011425648 133
1757452104804 167.38826777706475 134
1757452104883 167.37570646434963 135
1757452104962 167.36314617602756 136
1757452105038 167.35058691201496 137
1757452105120 167.33802867222835 138
1757452105194 167.32547145658413 139
1757452105269 167.31291526499885 140
1757452105347 167.30036009738896 141
1757452105423 167.28780595367095 142
1757452105500 167.27525283376136 143
1757452105577 167.26270073757664 144
1757452105657 167.25014966503338 145
1757452105735 167.23759961604802 146
1757452105811 167.22505059053708 147
1757452105889 167.21250258841718 148
1757452105957 167.19995560960479 149
1757452106031 167.1874096540165 150
1757452106100 167.17486472156884 151
1757452106176 167.16232081217836 152
1757452106253 167.14977792576164 153
1757452106326 167.13723606223527 154
1757452106404 167.12469522151582 155
1757452106482 167.1121554035199 156
1757452106560 167.099616608164 157
1757452106640 167.08707883536488 158
1757452106715 167.07454208503907 159
1757452106787 167.06200635710317 160
1757452106867 167.04947165147382 161
1757452106945 167.03693796806763 162
1757452107026 167.0244053068013 163
1757452107106 167.0118736675914 164
1757452107184 166.99934305035464 165
1757452107262 166.98681345500762 166
1757452107341 166.974284881467 167
1757452107417 166.96175732964952 168
1757452107494 166.94923079947176 169
1757452107567 166.9367052908505 170
1757452107643 166.9241808037024 171
1757452107726 166.91165733794412 172
1757452107804 166.89913489349243 173
1757452107880 166.88661347026397 174
1757452107956 166.87409306817545 175
1757452108028 166.86157368714368 176
1757452108103 166.8490553270853 177
1757452108174 166.8365379879171 178
1757452108248 166.82402166955583 179
1757452108326 166.81150637191823 180
1757452108409 166.798992094921 181
1757452108486 166.78647883848103 182
1757452108564 166.773966602515 183
1757452108645 166.76145538693967 184
1757452108725 166.74894519167188 185
1757452108800 166.73643601662843 186
1757452108877 166.72392786172605 187
1757452108955 166.71142072688164 188
1757452109035 166.69891461201198 189
1757452109111 166.68640951703384 190
1757452109195 166.67390544186406 191
1757452109271 166.6614023864195 192
1757452109352 166.64890035061697 193
1757452109432 166.63639933437338 194
1757452109511 166.6238993376055 195
1757452109589 166.61140036023025 196
1757452109662 166.5989024021645 197
1757452109737 166.58640546332506 198
1757452109813 166.57390954362887 199
1757452109891 166.5614146429928 200
1757452109967 166.54892076133373 201
1757452110044 166.5364278985686 202
1757452110118 166.52393605461427 203
1757452110192 166.51144522938762 204
1757452110270 166.4989554228057 205
1757452110347 166.48646663478536 206
1757452110425 166.47397886524348 207
1757452110502 166.46149211409707 208
1757452110581 166.4490063812631 209
1757452110660 166.43652166665848 210
1757452110739 166.42403797020017 211
1757452110814 166.41155529180514 212
1757452110892 166.3990736313904 213
1757452110969 166.38659298887288 214
1757452111049 166.37411336416963 215
1757452111126 166.36163475719758 216
1757452111207 166.34915716787378 217
1757452111285 166.33668059611523 218
1757452111371 166.32420504183892 219
1757452111449 166.3117305049619 220
1757452111527 166.2992569854012 221
1757452111608 166.28678448307383 222
1757452111691 166.27431299789686 223
1757452111766 166.26184252978732 224
1757452111843 166.24937307866227 225
1757452111919 166.23690464443877 226
1757452111993 166.22443722703392 227
1757452112065 166.21197082636476 228
1757452112135 166.1995054423484 229
1757452112212 166.1870410749019 230
1757452112287 166.1745777239424 231
1757452112368 166.16211538938694 232
1757452112443 166.14965407115267 233
1757452112523 166.13719376915674 234
1757452112603 166.12473448331625 235
1757452112685 166.11227621354828 236
1757452112762 166.09981895977003 237
1757452112840 166.08736272189861 238
1757452112918 166.07490749985118 239
1757452112995 166.0624532935449 240
1757452113071 166.05000010289695 241
1757452113146 166.03754792782445 242
1757452113222 166.02509676824468 243
1757452113297 166.0126466240747 244
1757452113371 166.00019749523182 245
1757452113445 165.9877493816331 246
1757452113520 165.9753022831959 247
1757452113595 165.96285619983732 248
1757452113673 165.95041113147462 249
1757452113757 165.937967078025 250
1757452113834 165.92552403940573 251
1757452113912 165.91308201553403 252
1757452113990 165.90064100632713 253
1757452114058 165.88820101170234 254
1757452114120 165.8757620315768 255
1757452114198 165.8633240658679 256
1757452114271 165.85088711449285 257
1757452114344 165.838451177369 258
1757452114419 165.82601625441353 259
1757452114499 165.81358234554378 260
1757452114578 165.8011494506771 261
1757452114657 165.7887175697307 262
1757452114740 165.77628670262195 263
1757452114817 165.76385684926817 264
1757452114895 165.75142800958668 265
1757452114974 165.7390001834948 266
1757452115055 165.72657337090988 267
1757452115135 165.7141475717493 268
1757452115211 165.70172278593034 269
1757452115286 165.68929901337043 270
1757452115363 165.67687625398688 271
1757452115443 165.66445450769712 272
1757452115522 165.65203377441847 273
1757452115601 165.63961405406837 274
1757452115680 165.6271953465642 275
1757452115758 165.61477765182332 276
1757452115838 165.60236096976323 277
1757452115914 165.58994530030125 278
1757452115994 165.57753064335483 279
1757452116068 165.56511699884143 280
1757452116142 165.55270436667843 281
1757452116212 165.54029274678334 282
1757452116283 165.52788213907348 283
1757452116355 165.51547254346647 284
1757452116430 165.50306395987968 285
1757452116507 165.4906563882306 286
1757452116583 165.47824982843667 287
1757452116659 165.46584428041538 288
1757452116736 165.45343974408425 289
1757452116810 165.44103621936077 290
1757452116884 165.42863370616243 291
1757452116962 165.41623220440673 292
1757452117041 165.40383171401123 293
1757452117116 165.39143223489333 294
1757452117193 165.37903376697074 295
1757452117273 165.36663631016086 296
1757452117354 165.35423986438124 297
1757452117434 165.3418444295495 298
1757452117510 165.32945000558317 299
1757452117584 165.31705659239975 300
1757452117658 165.30466418991688 301
1757452117734 165.29227279805212 302
1757452117811 165.27988241672307 303
1757452117893 165.26749304584723 304
1757452117975 165.2551046853423 305
1757452118060 165.24271733512583 306
1757452118137 165.23033099511542 307
1757452118213 165.2179456652287 308
1757452118294 165.2055613453834 309
1757452118368 165.1931780354969 310
1757452118452 165.1807957354871 311
1757452118529 165.16841444527145 312
1757452118606 165.15603416476773 313
1757452118682 165.14365489389354 314
1757452118759 165.13127663256654 315
1757452118833 165.1188993807044 316
1757452118912 165.1065231382248 317
1757452118988 165.09414790504542 318
1757452119064 165.08177368108397 319
1757452119143 165.0694004662581 320
1757452119219 165.05702826048557 321
1757452119295 165.04465706368407 322
1757452119374 165.0322868757713 323
1757452119451 165.01991769666498 324
1757452119530 165.00754952628284 325
1757452119608 164.99518236454267 326
1757452119689 164.98281621136218 327
1757452119774 164.97045106665908 328
1757452119853 164.95808693035116 329
1757452119933 164.94572380235624 330
1757452120011 164.93336168259196 331
1757452120088 164.92100057097622 332
1757452120160 164.90864046742672 333
1757452120233 164.89628137186133 334
1757452120305 164.88392328419778 335
1757452120378 164.8715662043539 336
1757452120454 164.8592101322475 337
1757452120533 164.84685506779638 338
1757452120616 164.8345010109184 339
1757452120696 164.82214796153133 340
1757452120774 164.80979591955307 341
1757452120855 164.79744488490144 342
1757452120935 164.7850948574943 343
1757452121013 164.7727458372495 344
1757452121095 164.76039782408492 345
1757452121176 164.74805081791837 346
1757452121255 164.73570481866778 347
1757452121335 164.72335982625103 348
1757452121415 164.71101584058601 349
1757452121491 164.6986728615906 350
1757452121571 164.68633088918273 351
1757452121650 164.67398992328035 352
1757452121730 164.66164996380127 353
1757452121808 164.64931101066344 354
1757452121886 164.63697306378484 355
1757452121966 164.62463612308343 356
1757452122043 164.6123001884771 357
1757452122116 164.59996525988382 358
1757452122190 164.58763133722152 359
1757452122262 164.5752984204082 360
1757452122341 164.5629665093618 361
1757452122416 164.55063560400035 362
1757452122492 164.53830570424176 363
1757452122568 164.5259768100041 364
1757452122645 164.51364892120532 365
1757452122724 164.50132203776343 366
1757452122800 164.48899615959644 367
1757452122879 164.4766712866224 368
1757452122955 164.46434741875927 369
1757452123034 164.45202455592514 370
1757452123119 164.43970269803805 371
1757452123201 164.427381845016 372
1757452123279 164.41506199677704 373
1757452123355 164.4027431532393 374
1757452123432 164.39042531432077 375
1757452123509 164.37810847993956 376
1757452123590 164.36579265001373 377
1757452123668 164.35347782446135 378
1757452123745 164.3411640032006 379
1757452123826 164.32885118614945 380
1757452123904 164.3165393732261 381
1757452123986 164.30422856434862 382
1757452124067 164.29191875943513 383
1757452124143 164.27960995840377 384
1757452124216 164.26730216117267 385
1757452124289 164.25499536765994 386
1757452124362 164.24268957778378 387
1757452124448 164.23038479146228 388
1757452124527 164.2180810086136 389
1757452124606 164.20577822915598 390
1757452124685 164.19347645300752 391
1757452124750 164.18117568008643 392
1757452124826 164.16887591031087 393
1757452124900 164.1565771435991 394
1757452124978 164.14427937986918 395
1757452125059 164.1319826190395 396
1757452125136 164.1196868610281 397
1757452125251 164.1073921057533 398
1757452125329 164.09509835313327 399
1757452125406 164.0828056030863 400
1757452125484 164.07051385553058 401
1757452125563 164.05822311038438 402
1757452125639 164.04593336756594 403
1757452125721 164.03364462699352 404
1757452125799 164.0213568885854 405
1757452125880 164.0090701522598 406
1757452125959 163.9967844179351 407
1757452126037 163.98449968552947 408
1757452126115 163.97221595496126 409
1757452126185 163.95993322614876 410
1757452126278 163.9476514990103 411
1757452126355 163.93537077346414 412
1757452126432 163.92309104942865 413
1757452126514 163.91081232682214 414
1757452126597 163.8985346055629 415
1757452126689 163.8862578855693 416
1757452126772 163.87398216675973 417
1757452126854 163.8617074490525 418
1757452126933 163.84943373236592 419
1757452127014 163.83716101661844 420
1757452127094 163.82488930172838 421
1757452127174 163.8126185876141 422
1757452127254 163.80034887419407 423
1757452127334 163.7880801613866 424
1757452127424 163.7758124491101 425
1757452127503 163.763545737283 426
1757452127599 163.75128002582375 427
1757452127684 163.73901531465066 428
1757452127770 163.72675160368223 429
1757452127855 163.7144888928369 430
1757452127943 163.70222718203308 431
1757452128030 163.6899664711892 432
1757452128115 163.67770676022377 433
1757452128196 163.6654480490552 434
1757452128273 163.65319033760193 435
1757452128346 163.64093362578248 436
1757452128422 163.6286779135153 437
1757452128516 163.61642320071894 438
1757452128609 163.60416948731176 439
1757452128690 163.5919167732124 440
1757452128769 163.5796650583393 441
1757452128853 163.567414342611 442
1757452128942 163.55516462594593 443
1757452129031 163.5429159082627 444
1757452129125 163.53066818947983 445
1757452129212 163.51842146951583 446
1757452129297 163.50617574828928 447
1757452129383 163.49393102571867 448
1757452129487 163.48168730172264 449
1757452129576 163.4694445762197 450
1757452129670 163.4572028491284 451
1757452129767 163.44496212036742 452
1757452129862 163.43272238985526 453
1757452129952 163.42048365751052 454
1757452130038 163.4082459232518 455
1757452130122 163.39600918699773 456
1757452130203 163.3837734486669 457
1757452130281 163.3715387081779 458
1757452130357 163.35930496544938 459
1757452130443 163.34707222039998 460
1757452130523 163.33484047294834 461
1757452130598 163.32260972301307 462
1757452130676 163.31037997051288 463
1757452130751 163.29815121536637 464
1757452130833 163.28592345749223 465
1757452130912 163.27369669680917 466
1757452130997 163.26147093323578 467
1757452131083 163.24924616669082 468
1757452131192 163.23702239709291 469
1757452131287 163.2247996243608 470
1757452131378 163.2125778484132 471
1757452131474 163.20035706916877 472
1757452131561 163.18813728654627 473
1757452131681 163.17591850046443 474
1757452131769 163.16370071084197 475
1757452131861 163.1514839175976 476
1757452131966 163.13926812065006 477
1757452132053 163.12705331991813 478
1757452132138 163.1148395153206 479
1757452132221 163.10262670677616 480
1757452132297 163.0904148942036 481
1757452132379 163.07820407752175 482
1757452132462 163.06599425664936 483
1757452132549 163.05378543150516 484
1757452132632 163.04157760200803 485
1757452132726 163.02937076807675 486
1757452132818 163.0171649296301 487
1757452132908 163.00496008658692 488
1757452133001 162.99275623886606 489
1757452133086 162.9805533863863 490
1757452133167 162.9683515290665 491
1757452133248 162.9561506668255 492
1757452133328 162.94395079958213 493
1757452133407 162.9317519272553 494
1757452133487 162.91955404976383 495
1757452133567 162.9073571670266 496
1757452133643 162.89516127896252 497
1757452133733 162.88296638549036 498
1757452133816 162.87077248652915 499
