1757520044297 40506.88670374168 0
1757520044467 314604109099901.2 1
1757520044583 2.4547296143631274e+24 2
1757520044656 1.9153270109903262e+34 3
1757520044732 1.494452805540846e+44 4
1757520044798 1.166061552504357e+54 5
1757520044863 9.098310359401303e+63 6
1757520044924 7.099046462702029e+73 7
1757520044986 5.539101073588659e+83 8
1757520045050 4.321938286307941e+93 9
1757520045114 3.3722350075393145e+103 10
1757520045173 2.6312196502436504e+113 11
1757520045230 2.053035103529197e+123 12
1757520045289 1.601900903990612e+133 13
1757520045353 1.2498989918851306e+143 14
1757520045418 9.752460255335651e+152 15
1757520045485 7.609453375784631e+162 16
1757520045542 5.9373511054875184e+172 17
1757520045611 4.632676804619881e+182 18
1757520045678 3.6146918035936053e+192 19
1757520045742 2.820398958532311e+202 20
1757520045807 2.200644126113827e+212 21
1757520045871 1.7170743008356086e+222 22
1757520045936 1.3397641715912693e+232 23
1757520046001 1.0453642190126063e+242 24
1757520046079 8.156557501413966e+251 25
1757520046163 6.364234499695473e+261 26
1757520046237 4.9657567864987225e+271 27
1757520046315 3.874580747117094e+281 28
1757520046381 3.02317987194769e+291 29
1757520046447 2.3588659353531396e+301 30
1757520046510 inf 31
