1757650705128 0.01335179190543977 0
1757650705303 0.13642528554261973 1
1757650705410 0.003201617609039651 2
1757650705516 0.12342690083081205 3
1757650705621 0.09466809014496674 4
1757650705731 0.05558547018934388 5
1757650705852 0.11259585895117344 6
1757650705959 0.038063342717966346 7
1757650706067 0.31354333684411856 8
1757650706173 0.007162904499061775 9
1757650706289 1.7452370188613309 10
1757650706415 0.45955082254343343 11
1757650706521 0.904027698653301 12
1757650706626 0.007040919985779924 13
1757650706731 0.04766627828118468 14
1757650706835 0.06467309276801123 15
1757650706941 0.24544725455640268 16
1757650707045 0.03811471436839504 17
1757650707150 0.0011297175294662277 18
1757650707255 0.03636693065996109 19
1757650707359 0.5801221057336863 20
1757650707464 0.02972945932620346 21
1757650707567 0.004091122198383987 22
1757650707671 0.06003512908212551 23
1757650707777 0.0654185684446929 24
1757650707878 0.4006498233729605 25
1757650707981 0.8160226778789308 26
1757650708089 1.0084646561853818 27
1757650708198 0.45014766521955085 28
1757650708303 0.05883248410038041 29
1757650708407 1.1505674683891005 30
1757650708511 0.0721817279266413 31
1757650708616 0.29161855728970565 32
1757650708720 0.0008512665396471635 33
1757650708825 0.22286152207199214 34
1757650708928 1.3627715440366184 35
1757650709032 0.9802054673642078 36
1757650709136 0.29940064098072555 37
1757650709241 0.039755014762676885 38
1757650709347 0.05022487931784497 39
1757650709457 0.0003772360858455041 40
1757650709565 0.6287341439205508 41
1757650709670 0.2473337137418147 42
1757650709775 0.03067705174599128 43
1757650709881 0.06227897043216205 44
1757650709989 0.1650138295897574 45
1757650710095 0.04355105210036558 46
1757650710201 0.041978463341297276 47
1757650710306 0.04026374737237052 48
1757650710411 0.14522156642246842 49
1757650710516 1.9657266706453107 50
1757650710621 1.9477313116609618 51
1757650710726 0.16788730132746238 52
1757650710832 0.08186257933647949 53
1757650710934 0.00015727949233877164 54
1757650711039 2.2522583412034773 55
1757650711142 0.016936062864533055 56
1757650711247 0.14547219077092216 57
1757650711351 0.26577982241589 58
1757650711455 0.05688764258909015 59
1757650711563 0.21198408702453422 60
1757650711671 0.004105008048563958 61
1757650711775 0.28007549865791054 62
1757650711881 0.04854165751982599 63
1757650711986 1.664570852110999 64
1757650712091 0.01931612127301419 65
1757650712197 0.3497902882784564 66
1757650712303 1.6479394027587169 67
1757650712408 0.2954783164435804 68
1757650712513 0.6836637352810404 69
1757650712618 0.35699988502535956 70
1757650712722 0.031138272301639926 71
1757650712825 0.0020326372730568726 72
1757650712929 0.42676380213839527 73
1757650713036 0.0012671254307945311 74
1757650713141 4.2914184840505065 75
1757650713244 0.006407274111725486 76
1757650713348 0.1887438846858312 77
1757650713451 1.0638237313500227 78
1757650713554 0.00051914868166342 79
1757650713659 0.0037923802242701664 80
1757650713764 0.11565409310745838 81
1757650713903 0.07620308485409057 82
1757650714024 0.3304176748591261 83
1757650714131 0.009087152563721465 84
1757650714238 0.3164066678827565 85
1757650714352 0.5144658612386308 86
1757650714483 0.05437430310669993 87
1757650714617 0.10606652200658309 88
1757650714730 0.819059377357443 89
1757650714842 4.294322689694763 90
1757650714954 0.2638437398524311 91
1757650715070 0.23542828311240202 92
1757650715178 0.32341877166905664 93
1757650715288 0.02026194830683543 94
1757650715397 0.06828805834303045 95
1757650715505 0.11233437780465669 96
1757650715613 0.042289550055118405 97
1757650715731 0.001012639675657826 98
1757650715840 0.040196977507348325 99
1757650715951 0.06256267154683899 100
1757650716064 0.35766547727719794 101
1757650716174 0.0399783882610202 102
1757650716286 0.7763295167652986 103
1757650716398 0.11650195380123672 104
1757650716509 4.7850610791150325 105
1757650716624 0.27977722466944965 106
1757650716735 0.2321392682673571 107
1757650716841 0.057891314552692585 108
1757650716948 0.1613633645737688 109
1757650717058 0.1880963139122011 110
1757650717166 0.029039164564275848 111
1757650717274 0.3059966684220842 112
1757650717380 4.261766399754439 113
1757650717488 0.012400959451897089 114
1757650717600 0.9294722479128784 115
1757650717710 0.021580883939976182 116
1757650717821 0.0044188202351314225 117
1757650717932 0.026485634749467822 118
1757650718043 0.1809521028753528 119
1757650718160 0.0011735276149857777 120
1757650718268 0.19570683253383298 121
1757650718376 0.3233019466745794 122
1757650718483 0.24873906358106362 123
1757650718591 0.007013512530936015 124
1757650718699 0.5222488131771243 125
1757650718806 0.00028253035304220633 126
1757650718915 0.08497805923941382 127
1757650719025 0.00019464297761732878 128
1757650719135 0.015674212872904825 129
1757650719247 0.07659442291874716 130
1757650719355 0.9024351598906899 131
1757650719466 0.030070471726828977 132
1757650719576 2.138644739919299 133
1757650719685 0.0002142247347053013 134
1757650719793 0.08165013506150827 135
1757650719916 0.47940980573113984 136
1757650720046 0.10054514857138533 137
1757650720157 0.024957565965433758 138
1757650720264 2.283533637059707 139
1757650720370 0.06628756608526502 140
1757650720478 0.008673101210863031 141
1757650720585 1.072116858100681 142
1757650720691 0.29149028577743075 143
1757650720800 0.04624612187778848 144
1757650720905 0.19885272010154487 145
1757650721012 0.16651331932039815 146
1757650721119 0.05118125884129084 147
1757650721224 0.05341760070008714 148
1757650721332 0.01938118643427507 149
1757650721438 0.0010121193473791677 150
1757650721544 0.2402831896238021 151
1757650721650 0.00568704325224059 152
1757650721756 0.03722339038592999 153
1757650721863 2.2568610122413357 154
1757650721969 0.08160179040615911 155
1757650722077 0.10184422253041285 156
1757650722185 0.13499359886690385 157
1757650722294 0.0056893893872556655 158
1757650722402 0.7113949798290594 159
1757650722513 0.34061899827626896 160
1757650722621 0.41113919737715254 161
1757650722727 0.033447993255205456 162
1757650722834 0.03397748248299876 163
1757650722941 0.02805864964722065 164
1757650723047 0.6121826278268983 165
1757650723155 4.087790554691668 166
1757650723263 0.007231212797154529 167
1757650723370 0.09737474755330902 168
1757650723477 0.6983361541022275 169
1757650723583 0.01754935541166186 170
1757650723689 0.03529172566337513 171
1757650723795 0.0409609703360242 172
1757650723901 0.10216277720550222 173
1757650724009 1.1365087028936718 174
1757650724116 0.011255886263372507 175
1757650724223 1.1758797116523272 176
1757650724329 0.01031448909063879 177
1757650724436 0.25584502107005624 178
1757650724542 0.6490142424259063 179
1757650724649 0.16711940787159965 180
1757650724756 0.02484735136329197 181
1757650724863 0.8713456172164472 182
1757650724970 0.4578205214678003 183
1757650725077 0.0004688179939792905 184
1757650725185 0.446519787128583 185
1757650725294 0.0729397646230647 186
1757650725404 0.022095645893634233 187
1757650725513 0.49959105260468667 188
1757650725622 0.5410464455373528 189
1757650725728 0.0779809685288385 190
1757650725836 0.005826696544386487 191
1757650725944 3.278984631888374 192
1757650726051 0.47580902474312187 193
1757650726159 0.022011548813956328 194
1757650726268 0.022986808215351075 195
1757650726373 1.7184867638609687 196
1757650726481 0.8536954099170333 197
1757650726589 0.03586648983141212 198
1757650726699 0.13120306801821446 199
1757650726807 0.16085171761754805 200
1757650726915 0.013669555405460505 201
1757650727022 1.4227220417743955 202
1757650727134 0.1347508488776011 203
1757650727240 0.1919468649862857 204
1757650727346 0.00017974273276332768 205
1757650727453 0.0009450929790153946 206
1757650727559 0.004044584918114211 207
1757650727666 0.565290465237193 208
1757650727774 0.3181430629134716 209
1757650727886 0.010111906547602509 210
1757650727996 0.23432682149261588 211
1757650728108 0.1090293954913254 212
1757650728221 2.185950278349692 213
1757650728329 0.5208291894097934 214
1757650728438 0.32148501783014005 215
1757650728546 0.6370079915106857 216
1757650728655 0.058377209075888746 217
1757650728767 0.5968793473734356 218
1757650728876 0.19610062067918577 219
1757650728984 0.05902395874580529 220
1757650729094 0.587501759384325 221
1757650729205 1.0180278709857207 222
1757650729315 0.04881263954946531 223
1757650729430 0.2449548658793034 224
1757650729543 0.02252299784148183 225
1757650729653 0.058223981258979415 226
1757650729764 0.3311389899220404 227
1757650729874 0.09040765225235137 228
1757650729982 0.1373061567705127 229
1757650730086 0.09224437114976296 230
1757650730205 0.02284812899487231 231
1757650730318 0.2134439548906434 232
1757650730427 0.47989911770671656 233
1757650730536 0.22948514168730524 234
1757650730645 1.1038242058732215 235
1757650730755 0.2062454340443369 236
1757650730866 0.499604235980059 237
1757650730980 0.02763873705077448 238
1757650731096 0.01951259422720349 239
1757650731207 1.8497269593885093 240
1757650731318 0.004848221271124841 241
1757650731430 0.0004393486789588456 242
1757650731540 0.7477856208624128 243
1757650731649 0.003262859886929696 244
1757650731761 0.037904068297217916 245
1757650731875 0.11147028659654341 246
1757650731994 0.1063328541315343 247
1757650732106 0.49874329090807035 248
1757650732218 0.03355975382668778 249
1757650732330 0.02622197823791446 250
1757650732452 0.00010644367818793406 251
1757650732566 0.12423571048137758 252
1757650732679 0.04598429084066032 253
1757650732789 0.007789726735234266 254
1757650732903 0.3116913612245451 255
1757650733011 0.36793238616068097 256
1757650733122 0.007961175411119964 257
1757650733231 0.5209086525464375 258
1757650733341 0.5464216047432384 259
1757650733458 0.17904314014672995 260
1757650733570 0.00614563010045008 261
1757650733694 0.18589675670715355 262
1757650733806 2.730653723849282e-05 263
1757650733917 0.34325252201954487 264
1757650734025 0.32237422319006326 265
1757650734135 0.2783432423402363 266
1757650734245 0.26212865629703347 267
1757650734356 0.07140498480280141 268
1757650734467 0.06238722946512638 269
1757650734581 1.0165061922527714 270
1757650734694 0.41746415442896406 271
1757650734804 0.5173770326026027 272
1757650734914 0.004177884837717086 273
1757650735024 0.0012427335355186956 274
1757650735140 0.04372396716667485 275
1757650735262 0.4020183791068815 276
1757650735374 0.030098142363607885 277
1757650735488 0.2896319901919973 278
1757650735599 0.7050750630734403 279
1757650735710 0.010585703310130624 280
1757650735821 0.05273352050393836 281
1757650735932 0.008369440164839004 282
1757650736042 0.2842690811884464 283
1757650736157 0.12045231866753753 284
1757650736269 0.4004562505082422 285
1757650736382 0.050161300723515455 286
1757650736492 0.7087015576597097 287
1757650736602 0.043367806406388744 288
1757650736718 0.1419917897651452 289
1757650736833 0.14430115826595113 290
1757650736948 0.008909096198031818 291
1757650737059 2.1015315979017477 292
1757650737171 0.18716057992368448 293
1757650737281 0.03578200970790927 294
1757650737389 0.08764094902143674 295
1757650737501 0.733901153706476 296
1757650737613 1.1633791905057949 297
1757650737725 0.1963564151680596 298
1757650737836 0.013698259066452445 299
1757650737989 0.3661330212437487 300
1757650738108 0.07942937007912666 301
1757650738224 0.3081813668178193 302
1757650738345 0.06065252344820558 303
1757650738461 0.164415603473069 304
1757650738577 0.12533827963306876 305
1757650738687 0.03304448224454494 306
1757650738804 0.003786566656891178 307
1757650738916 0.012614588622596835 308
1757650739026 0.030614453127280686 309
1757650739138 0.841907134610591 310
1757650739255 0.03433630484377341 311
1757650739369 0.0688060534874868 312
1757650739480 0.0033555091109956563 313
1757650739591 0.1250843319489373 314
1757650739704 0.1390791382526118 315
1757650739816 0.08263338267267092 316
1757650739927 0.04166696940807962 317
1757650740039 0.05583303194399566 318
1757650740147 0.23612916417032914 319
1757650740258 0.16726149122361533 320
1757650740370 0.13646855702654767 321
1757650740480 0.1552083710702326 322
1757650740590 0.362404422033728 323
1757650740703 0.06569439203992297 324
1757650740812 0.02354496907480355 325
1757650740924 0.7373369021167432 326
1757650741035 0.06363900713660246 327
1757650741147 0.029122094725671604 328
1757650741262 0.006886165188186044 329
1757650741373 0.159413031592631 330
1757650741487 4.142840708106278 331
1757650741597 0.013427426326300835 332
1757650741706 0.072334626416283 333
1757650741818 6.982383107040814e-05 334
1757650741928 0.09696486524909495 335
1757650742037 0.144050819136271 336
1757650742148 0.13657791356143884 337
1757650742257 0.004217986726796062 338
1757650742368 0.055099328636843796 339
1757650742480 0.0930339740757638 340
1757650742593 0.2181763990317509 341
1757650742704 1.0753912743731309 342
1757650742817 0.0008317761982571572 343
1757650742930 1.961775186260879 344
1757650743046 0.0728065212620793 345
1757650743165 2.3514329852209306 346
1757650743283 0.01265645390362846 347
1757650743397 0.00770361121612046 348
1757650743512 0.1546176241701769 349
1757650743626 0.05776427644623855 350
1757650743738 0.021229845435023403 351
1757650743850 0.16626518465348447 352
1757650743962 0.5081254159887505 353
1757650744074 0.08789942767747759 354
1757650744184 0.814021561986932 355
1757650744297 0.00526800198484904 356
1757650744408 0.05599136401711809 357
1757650744520 0.0006360777327318151 358
1757650744633 0.007363433823965583 359
1757650744743 0.02672304570079027 360
1757650744854 0.0954656543870527 361
1757650744989 0.13029389682792936 362
1757650745112 0.0048885009427900175 363
1757650745228 0.26447001141344334 364
1757650745348 0.1415050699956089 365
1757650745463 0.2356822635277223 366
1757650745575 0.023326237434786977 367
1757650745687 0.41485663608874285 368
1757650745799 0.05220837313601506 369
1757650745915 0.10548308326116876 370
1757650746028 0.6975612494766998 371
1757650746138 0.014948629456362357 372
1757650746249 0.01713481096488261 373
1757650746361 0.09373659468990132 374
1757650746503 0.07230654617665923 375
1757650746619 1.3625132628659988 376
1757650746733 0.6939350335418287 377
1757650746857 0.005870526853969707 378
1757650746979 1.3805239391296151 379
1757650747099 0.0706519644115141 380
1757650747215 0.0009460330793391897 381
1757650747330 0.07064214010502631 382
1757650747493 0.012808284120815078 383
1757650747610 0.002654909123052882 384
1757650747725 0.31515806424223713 385
1757650747837 0.032414138224545294 386
1757650747955 0.42419199469279156 387
1757650748070 0.035029559011965694 388
1757650748187 0.13732002991512132 389
1757650748301 0.18791099974079561 390
1757650748414 0.0442028499229549 391
1757650748527 0.06076706904041421 392
1757650748641 0.005222573854598617 393
1757650748755 0.0008287535416144856 394
1757650748869 0.014474483721207715 395
1757650748984 0.08013565439758372 396
1757650749098 1.8726517753390004 397
1757650749213 0.009147586148670745 398
1757650749326 0.02299894435112363 399
1757650749440 0.005047679357024614 400
1757650749552 0.021852779661355657 401
1757650749667 0.16820778755986987 402
1757650749780 0.029965518341544664 403
1757650749892 2.142212723893758 404
1757650750004 0.016424860216818396 405
1757650750117 1.4925336646283793 406
1757650750231 0.3129585947868296 407
1757650750345 0.07366372334098342 408
1757650750457 3.441147825511359e-06 409
1757650750568 1.0383608457606452 410
1757650750683 0.0005566091749127062 411
1757650750795 0.2561391976212406 412
1757650750909 1.03701962239094 413
1757650751025 0.008989075078580985 414
1757650751139 0.0862503941666918 415
1757650751254 1.4119722965480939 416
1757650751371 0.013851202871395135 417
1757650751486 0.0030835045501276105 418
1757650751600 1.1092089682442603 419
1757650751714 0.48851535099159515 420
1757650751828 0.008153717886373325 421
1757650751941 0.7335938548748051 422
1757650752055 0.0022277482403403213 423
1757650752167 0.10910111354038683 424
1757650752282 0.16052561776141092 425
1757650752396 0.33212574464257905 426
1757650752511 0.4561282565263502 427
1757650752626 2.8098704457327432 428
1757650752743 0.17151575361203655 429
1757650752861 0.8384970161444433 430
1757650753003 0.05868157520305964 431
1757650753119 0.006124287011642126 432
1757650753238 0.0045298968953972184 433
1757650753355 0.006049361400552601 434
1757650753468 0.3847180710295669 435
1757650753587 0.03553934954079917 436
1757650753703 0.81311534532195 437
1757650753820 0.21487077247128855 438
1757650753941 0.8531835607503455 439
1757650754066 0.19631450704231002 440
1757650754186 3.1637560729652456 441
1757650754301 0.34155864298811234 442
1757650754420 0.01598983791098417 443
1757650754538 0.35449221601801845 444
1757650754657 0.0013050170879459326 445
1757650754775 1.6255816754338472 446
1757650754889 0.9589893233531361 447
1757650755005 0.4544199995936931 448
1757650755118 0.13593464845495312 449
1757650755232 0.056578927834295224 450
1757650755348 0.8412467129817298 451
1757650755459 0.1348740512474416 452
1757650755574 0.09483996044799636 453
1757650755688 0.017973736042637786 454
1757650755802 0.15320956312793368 455
1757650755921 1.940266844569509 456
1757650756035 0.6857586832231274 457
1757650756149 7.234958940218572e-05 458
1757650756263 0.4584848056833315 459
1757650756378 0.00013944147369294608 460
1757650756497 0.17927303266568825 461
1757650756621 0.03358949460750401 462
1757650756738 0.3113138671198035 463
1757650756855 0.20737641681937513 464
1757650756970 0.02610828350076885 465
1757650757085 0.7936816990901483 466
1757650757205 0.04086671885613981 467
1757650757322 0.17592120184174706 468
1757650757438 0.18387340392611976 469
1757650757556 0.14639124629410055 470
1757650757677 0.006443058976774278 471
1757650757792 0.7750533665530304 472
1757650757908 1.807806156643098 473
1757650758022 0.011173569738449124 474
1757650758135 0.011409637404564386 475
1757650758251 0.004512745487629433 476
1757650758365 0.04193851447832109 477
1757650758479 0.04508160645066657 478
1757650758595 0.4789164300094742 479
1757650758711 0.0021282114127645683 480
1757650758831 0.019017301211346174 481
1757650758945 0.728553701264089 482
1757650759085 0.37141065346864977 483
1757650759206 2.1518184484787635 484
1757650759323 0.21778902095252267 485
1757650759440 0.04675982457500954 486
1757650759556 0.238422701135151 487
1757650759685 0.03879475733080736 488
1757650759800 0.05828618051983088 489
1757650759917 0.17091036137901316 490
1757650760032 0.10950018241830652 491
1757650760147 0.023973714021819158 492
1757650760263 0.12450836334059948 493
1757650760376 1.2469625965740585 494
1757650760491 0.022809203690997277 495
1757650760606 0.03209834024806727 496
1757650760727 0.30259626347854984 497
1757650760849 0.9194320569928193 498
1757650760968 0.01338029065141071 499
