1757450225762 78.66545826858736 0
1757450225841 38.077154378851006 1
1757450225911 18.851013130070466 2
1757450225986 13.022975466562993 3
1757450226060 5.172250915148511 4
1757450226135 1.9146949373325346 5
1757450226209 1.470758877198896 6
1757450226274 2.661392973916782 7
1757450226335 0.9722332644960823 8
1757450226399 0.5714244044303554 9
1757450226463 0.3330541400408511 10
1757450226527 1.729770142497996 11
1757450226615 1.4736679985927772 12
1757450226683 0.7676444966679421 13
1757450226756 1.1195347158495725 14
1757450226829 2.1197911576005253 15
1757450226903 0.9145545259090492 16
1757450226980 0.75103526517061 17
1757450227047 1.0262781189680226 18
1757450227119 2.768206458794418 19
1757450227177 1.2811395964366128 20
1757450227245 1.1810512088668745 21
1757450227312 0.8163046051392879 22
1757450227370 0.6721294865029047 23
1757450227430 0.6257066075204138 24
1757450227503 3.2993161842155088 25
1757450227573 1.3398433086056192 26
1757450227644 0.6261164819372184 27
1757450227716 3.3238038947947373 28
1757450227786 1.7128446905492813 29
1757450227858 0.569433860480105 30
1757450227928 1.049679891845111 31
1757450227995 0.8381259400936634 32
1757450228111 0.36787559803206243 33
1757450228184 0.9218024789553825 34
1757450228241 0.7273932146357396 35
1757450228315 1.6205655882157426 36
1757450228383 2.058315196246813 37
1757450228447 0.3839400266033244 38
1757450228515 0.6576574937013783 39
1757450228588 0.449274243687057 40
1757450228653 0.7134409636525213 41
1757450228724 1.0290728833539848 42
1757450228788 0.9434505578545388 43
1757450228861 1.1321828829275606 44
1757450228935 4.915563246035815 45
1757450229015 1.136874363608183 46
1757450229089 1.3960202702867222 47
1757450229157 1.2634466694507394 48
1757450229226 1.64366196572293 49
1757450229300 1.1413125995671916 50
1757450229369 0.6891891106325119 51
1757450229436 1.5929090288675831 52
1757450229506 0.7334452057442616 53
1757450229572 1.2834792881482375 54
1757450229644 1.8572640721832978 55
1757450229718 0.727783694838114 56
1757450229794 0.9215617717710122 57
1757450229870 0.7164801423534317 58
1757450229943 0.9377619705927924 59
1757450230014 0.5442197927765057 60
1757450230086 1.2750433416971778 61
1757450230159 1.0080720582075455 62
1757450230236 0.854297052386971 63
1757450230310 1.2659406836424345 64
1757450230370 0.7114791262817504 65
1757450230438 2.1746046933538246 66
1757450230505 0.7933832008335315 67
1757450230573 1.0140472007234436 68
1757450230644 1.2276149072160234 69
1757450230726 0.77675336853546 70
1757450230821 0.9000998586309638 71
1757450230893 0.8112455110400099 72
1757450230974 1.367816887014962 73
1757450231051 0.759738991076191 74
1757450231119 0.5731089398043603 75
1757450231187 0.9260861309754026 76
1757450231260 0.25505838571506173 77
1757450231324 1.2276281307423722 78
1757450231396 0.7178070263513909 79
1757450231465 1.2664828289668497 80
1757450231536 0.2964088148546565 81
1757450231603 2.2304042713986125 82
1757450231673 1.7008701234498955 83
1757450231738 1.187752854695916 84
1757450231818 2.8732703889824966 85
1757450231886 0.8853477428820421 86
1757450231951 0.6904042256645773 87
1757450232023 1.1914156211580367 88
1757450232089 0.8489258868962404 89
1757450232160 1.3448757356578265 90
1757450232226 0.7037316796930174 91
1757450232300 0.616708668708926 92
1757450232359 1.202961763641287 93
1757450232421 0.874856513740329 94
1757450232490 0.6206050767597171 95
1757450232571 0.901538139069646 96
1757450232646 0.9342217402809445 97
1757450232721 0.6646960258391044 98
1757450232797 1.3012120472665225 99
1757450232874 0.696166392381039 100
1757450232953 0.36873711177330826 101
1757450233029 0.6222907494625616 102
1757450233106 2.5658340080870494 103
1757450233182 1.0229819001569451 104
1757450233258 1.1612055407321684 105
1757450233336 0.7336016272394924 106
1757450233412 1.6719131068472688 107
1757450233488 0.48166484374220225 108
1757450233564 2.3680321535139512 109
1757450233643 1.3196470392377093 110
1757450233725 1.099938550591296 111
1757450233809 1.0372389466358813 112
1757450233889 0.8688258944260112 113
1757450233964 0.7166223962829621 114
1757450234041 1.4440213612354444 115
1757450234116 2.207555559411807 116
1757450234190 0.566346832259988 117
1757450234265 0.6954637056513908 118
1757450234340 1.404010780523212 119
1757450234406 1.5976501989254348 120
1757450234470 1.8128659088742005 121
1757450234539 0.8671046867727794 122
1757450234606 1.377958261749436 123
1757450234672 0.7670608909193097 124
1757450234744 1.0134436857476312 125
1757450234814 1.034853292870503 126
1757450234887 0.8677770740989734 127
1757450234962 0.8430000343949362 128
1757450235037 0.4865906743977734 129
1757450235113 1.395646055790242 130
1757450235186 1.5203097212729277 131
1757450235268 0.5779950508901358 132
1757450235344 2.371005224665924 133
1757450235419 1.0007536242431376 134
1757450235494 1.4740421884853598 135
1757450235568 1.269624797093096 136
1757450235642 0.8058902564807155 137
1757450235716 0.731423234319502 138
1757450235792 1.686736738428163 139
1757450235869 0.9659834804788981 140
1757450235946 1.11157103745017 141
1757450236025 1.0080412277681408 142
1757450236104 0.6333159205085261 143
1757450236185 1.6763342305806108 144
1757450236260 1.1548669843117478 145
1757450236336 1.1142994773337889 146
1757450236402 1.1791118724230636 147
1757450236467 0.8395951438182823 148
1757450236536 0.43823462493151455 149
1757450236607 2.275292870398711 150
1757450236676 2.6197042514914965 151
1757450236749 0.8038903771847483 152
1757450236831 0.6588978282227655 153
1757450236910 3.8485034090896892 154
1757450236978 0.8337488793770916 155
1757450237048 0.9191645048895992 156
1757450237123 1.0047000432168602 157
1757450237201 0.7690021053730118 158
1757450237278 0.547521907162197 159
1757450237358 1.2717306382139895 160
1757450237433 3.1526591324180977 161
1757450237510 0.515807974052857 162
1757450237587 0.78712007133267 163
1757450237663 0.784841029707759 164
1757450237745 2.171886388073922 165
1757450237823 1.4341672346675909 166
1757450237901 0.8557640500057387 167
1757450237978 0.37556202743046596 168
1757450238059 0.9233549011301523 169
1757450238136 0.38322354158728433 170
1757450238210 0.6225714945118869 171
1757450238285 1.1376003629383005 172
1757450238348 0.8891029020574734 173
1757450238411 0.6702550776829134 174
1757450238479 1.3995863151222872 175
1757450238548 1.7500665685461976 176
1757450238616 3.0268300639880565 177
1757450238690 0.5924261156119011 178
1757450238775 0.6162661077794302 179
1757450238864 0.7500932816008291 180
1757450238950 0.8087228381965684 181
1757450239030 2.5912526637166895 182
1757450239124 0.640578622882632 183
1757450239229 0.7109423766437342 184
1757450239324 0.33134077018517144 185
1757450239409 1.0255061252621573 186
1757450239486 0.38500330543799494 187
1757450239568 1.0175700336068034 188
1757450239644 0.6327116233610471 189
1757450239723 1.1282129887817842 190
1757450239800 1.193272746433342 191
1757450239875 0.8516545897068819 192
1757450239966 0.5664885726503689 193
1757450240038 1.268745635071263 194
1757450240116 1.250038986285431 195
1757450240196 0.5461669238068337 196
1757450240275 1.1913796901958502 197
1757450240353 1.432238532425284 198
1757450240428 2.609279965550186 199
1757450240503 2.87747131536871 200
1757450240585 0.6226002961742753 201
1757450240668 1.069815342869651 202
1757450240770 1.084394829466794 203
1757450240858 1.0365727308339427 204
1757450240937 1.8241080828168887 205
1757450241012 0.6575079164761712 206
1757450241093 0.2300426252922728 207
1757450241173 2.4058813918056146 208
1757450241250 0.9199602196176061 209
1757450241329 0.4809311335814062 210
1757450241406 1.166713896741245 211
1757450241486 1.9847468217004423 212
1757450241564 1.667323102011963 213
1757450241642 0.8879979257449747 214
1757450241722 0.8163487220718815 215
1757450241801 1.11526279060873 216
1757450241878 0.6435083200156287 217
1757450241957 0.8280501866864851 218
1757450242039 2.017839008475769 219
1757450242118 2.8979174657228453 220
1757450242196 1.2164616677873825 221
1757450242273 0.47672573010944225 222
1757450242352 1.1998001696652316 223
1757450242425 1.5889531580832104 224
1757450242492 1.1295133866269658 225
1757450242560 0.48303892837075113 226
1757450242634 0.9017307755248256 227
1757450242712 1.2663113325556887 228
1757450242789 2.303680824416019 229
1757450242863 0.5601543413331713 230
1757450242938 0.743760430539877 231
1757450243017 1.234304301065043 232
1757450243122 1.8522821725892011 233
1757450243205 0.3720728325550298 234
1757450243289 0.6147527203035589 235
1757450243370 0.6052329467057838 236
1757450243453 0.9162015485422655 237
1757450243531 1.205916397884685 238
1757450243612 0.8730145246725397 239
1757450243692 0.8882390413844605 240
1757450243774 1.5399867639853348 241
1757450243855 0.7073764014883379 242
1757450243935 1.372837405504663 243
1757450244020 0.49964911719922206 244
1757450244103 2.0839319982943536 245
1757450244182 0.796871487867864 246
1757450244266 0.9076285239245055 247
1757450244343 0.4898715396560141 248
1757450244423 1.9083444010489197 249
1757450244498 1.197324160378404 250
1757450244574 1.3376527750157183 251
1757450244648 0.8171237083113202 252
1757450244728 0.7657970489134514 253
1757450244804 1.0982329217055808 254
1757450244886 0.649581187052348 255
1757450244964 0.7224036157172432 256
1757450245045 1.0414945656666346 257
1757450245125 0.7691868009653028 258
1757450245206 1.0941883529584735 259
1757450245286 0.934578844133287 260
1757450245369 0.8570195819744351 261
1757450245447 0.9088846976887529 262
1757450245527 0.8733059346222888 263
1757450245611 0.9551970750444712 264
1757450245690 0.6256437651303288 265
1757450245771 1.4973136501305828 266
1757450245851 1.0475915108266631 267
1757450245932 1.2303257133251018 268
1757450246018 0.7767572106958632 269
1757450246102 0.8613309631448506 270
1757450246180 2.1518373128939334 271
1757450246258 1.1387890570265198 272
1757450246337 1.2957683509052367 273
1757450246417 2.0277543553827932 274
1757450246493 1.9130786022090451 275
1757450246567 1.0021325909575571 276
1757450246640 3.1528316052843204 277
1757450246731 1.4747914732326977 278
1757450246808 1.2607622947159158 279
1757450246887 1.244636213776861 280
1757450246963 1.003753448849634 281
1757450247038 1.790222773324554 282
1757450247118 1.0498943154155607 283
1757450247193 0.5625339085705638 284
1757450247270 0.9957814681214269 285
1757450247350 1.1617116454990613 286
1757450247437 0.6812253594266363 287
1757450247525 0.7790823657711154 288
1757450247606 1.228639975182214 289
1757450247687 2.9746402948720103 290
1757450247771 0.794765957731701 291
1757450247852 1.814147624150995 292
1757450247933 0.5635402123065469 293
1757450248012 0.5722122022417634 294
1757450248091 0.8650868627714874 295
1757450248170 2.5956135869960106 296
1757450248253 1.0226636146672932 297
1757450248333 1.2080817200252596 298
1757450248411 0.6207653010190195 299
1757450248487 0.7245037245916592 300
1757450248557 0.5182888897558112 301
1757450248631 0.6953317698956686 302
1757450248706 0.43672886967992663 303
1757450248786 1.5881541119990363 304
1757450248866 0.7803932734167275 305
1757450248942 0.8943329497952625 306
1757450249024 0.9429346052248507 307
1757450249087 1.0484065064051773 308
1757450249155 0.5173372279722834 309
1757450249230 1.2268440020158828 310
1757450249305 1.3339297547390208 311
1757450249381 1.5558073714439313 312
1757450249462 0.7905675662420908 313
1757450249547 1.3369964940132633 314
1757450249626 1.9676279791894917 315
1757450249704 0.9047017406457317 316
1757450249786 0.5764637170313088 317
1757450249868 2.4376439193861756 318
1757450249952 0.6795330106813836 319
1757450250033 1.6623986375941948 320
1757450250116 0.8883512897623178 321
1757450250195 1.1148613094005084 322
1757450250277 1.2202164080917495 323
1757450250360 0.6453880108020532 324
1757450250441 0.7035677047979984 325
1757450250521 0.5033649946082881 326
1757450250597 1.0776890452798933 327
1757450250673 1.4968849674170652 328
1757450250748 1.7638605621659733 329
1757450250823 0.9198196501543388 330
1757450250902 1.1460276549462238 331
1757450250981 0.8268488922899243 332
1757450251063 0.7180456652113959 333
1757450251141 0.7039284383341822 334
1757450251221 1.3280341813775773 335
1757450251305 0.6793922222160483 336
1757450251396 0.9295761215267258 337
1757450251476 0.8165045729559687 338
1757450251556 0.9270094381356506 339
1757450251635 0.9903321066186266 340
1757450251714 0.5169393013885071 341
1757450251792 1.6448490751509044 342
1757450251870 1.0169974942669688 343
1757450251950 0.7352315783800583 344
1757450252031 1.9114165971326178 345
1757450252106 0.5175719460048357 346
1757450252181 1.1131025313062086 347
1757450252258 0.6537409660567852 348
1757450252337 0.6656803101326564 349
1757450252418 0.9130507662058296 350
1757450252498 0.7171489897144747 351
1757450252565 1.757386634239853 352
1757450252638 1.100943047597205 353
1757450252712 0.6116949335146987 354
1757450252785 1.5573955759799385 355
1757450252856 1.2758340523713354 356
1757450252931 0.5980990796565062 357
1757450253004 1.4926699400609615 358
1757450253078 0.8092093023053943 359
1757450253152 1.043784353507889 360
1757450253226 0.252476896659052 361
1757450253300 1.657873987468182 362
1757450253375 2.499307650431574 363
1757450253456 0.6158032942273144 364
1757450253535 1.0983305702901816 365
1757450253615 0.8308302920371191 366
1757450253693 0.5297335401005142 367
1757450253772 0.8184492266339022 368
1757450253853 0.9345595413925334 369
1757450253932 1.7453142301148084 370
1757450254014 1.94936539429136 371
1757450254098 0.819992792997463 372
1757450254180 1.2452436866997973 373
1757450254259 1.0030317702490252 374
1757450254337 1.3470140947076072 375
1757450254423 0.9209793562425682 376
1757450254503 0.7169853363377792 377
1757450254576 0.9622099314097285 378
1757450254648 0.4889115988011139 379
1757450254725 0.8482349199554724 380
1757450254806 1.7231253551904513 381
1757450254892 0.9078100230904266 382
1757450254972 0.9940739982021252 383
1757450255052 0.6273930134441551 384
1757450255135 0.9132840072548746 385
1757450255219 1.0866228515823417 386
1757450255299 0.6614175743202885 387
1757450255388 0.981643507069798 388
1757450255467 0.7290115650719002 389
1757450255548 0.8976077938721255 390
1757450255634 1.5056784243481902 391
1757450255711 0.24974991490053147 392
1757450255793 0.7854810019488445 393
1757450255881 0.7529834970131954 394
1757450255959 0.44371527891299517 395
1757450256040 2.8567336932580125 396
1757450256127 0.6180611508454031 397
1757450256210 1.5654061230381582 398
1757450256292 1.253132801923803 399
1757450256370 0.7665724963732581 400
1757450256446 2.038822638627162 401
1757450256522 2.722295769065916 402
1757450256594 0.5755401570260769 403
1757450256669 1.5826895366189722 404
1757450256749 1.0199692786410355 405
1757450256827 1.534747954050533 406
1757450256904 1.7960350527994466 407
1757450257019 1.0562374966294947 408
1757450257129 0.7416136972214052 409
1757450257209 0.3193382193202819 410
1757450257291 1.4417640746880822 411
1757450257376 0.6777704733638134 412
1757450257456 0.6896265863070903 413
1757450257536 1.552762707657906 414
1757450257614 0.34053033569345714 415
1757450257696 2.117179620514918 416
1757450257778 0.7805851464758045 417
1757450257857 0.7362578094029162 418
1757450257934 1.0340877562568758 419
1757450258015 1.0473781810172658 420
1757450258096 2.219448305799947 421
1757450258180 1.9129184006258857 422
1757450258259 1.6573503148633035 423
1757450258339 1.7910510117472018 424
1757450258426 0.7346442216383048 425
1757450258508 0.690099231062329 426
1757450258586 0.786349217441888 427
1757450258661 0.49677538119571585 428
1757450258737 0.7808544127345418 429
1757450258815 0.7753002461561429 430
1757450258895 0.9924275057767974 431
1757450258973 1.8394918600599246 432
1757450259056 0.5373407053890976 433
1757450259139 1.0836602266771067 434
1757450259223 1.3937501247483959 435
1757450259303 0.7796506884337241 436
1757450259383 0.8337846244274145 437
1757450259463 0.5960441113227072 438
1757450259551 0.9803155120007963 439
1757450259634 0.21855543867071853 440
1757450259710 0.9977518570039756 441
1757450259791 1.4528951972308306 442
1757450259852 1.3773824075558303 443
1757450259926 0.5779533812667291 444
1757450260004 0.7372435016691085 445
1757450260085 0.9733082018217504 446
1757450260158 0.9506855657045754 447
1757450260233 1.4444568666585442 448
1757450260311 0.5060470536003511 449
1757450260390 1.036015592900039 450
1757450260469 2.142753044584954 451
1757450260548 1.262896517184655 452
1757450260625 0.5061979679549156 453
1757450260702 0.7455157481828159 454
1757450260779 0.5814035487790463 455
1757450260860 0.6864770088456255 456
1757450260941 2.4493094369856117 457
1757450261024 0.27644370024736054 458
1757450261111 0.9659216457393477 459
1757450261193 0.35873459723039136 460
1757450261274 1.4563509327358723 461
1757450261352 0.973709901092104 462
1757450261433 0.5607285283388047 463
1757450261518 0.6655154896689591 464
1757450261602 0.6752048276229533 465
1757450261682 0.710104631883047 466
1757450261762 0.7809930445451899 467
1757450261841 1.246885486736629 468
1757450261923 1.4024741457537635 469
1757450262007 0.4031525340991542 470
1757450262090 1.9081764539299746 471
1757450262174 1.0772700148681886 472
1757450262261 1.6377364987410234 473
1757450262345 0.5499071511957813 474
1757450262425 1.1501594119103173 475
1757450262505 0.9819695133472839 476
1757450262582 1.104069521823299 477
1757450262653 0.9880295457002456 478
1757450262726 1.389680346645164 479
1757450262805 0.9160006519685959 480
1757450262884 0.5247583011965258 481
1757450262962 1.1322755277010597 482
1757450263044 0.5673670272136992 483
1757450263129 1.303865184252213 484
1757450263212 2.096073423230973 485
1757450263291 1.2531552834108548 486
1757450263376 2.2833416714787185 487
1757450263459 1.3920943976666005 488
1757450263540 0.6716658376704858 489
1757450263620 0.450932278155763 490
1757450263700 0.5705360173201701 491
1757450263814 0.7126569504046026 492
1757450263894 0.9532736716748064 493
1757450263976 0.8826649365207182 494
1757450264061 0.46319344669881135 495
1757450264146 1.2394362703973836 496
1757450264227 0.6746745325288691 497
1757450264309 0.9772105279603629 498
1757450264395 0.718536575699321 499
