1757431838002 3.8737146430806164 0
1757431838092 6.644919327287812 1
1757431838185 3.319374401485182 2
1757431838271 13.20016049064115 3
1757431838356 8.66698252291069 4
1757431838444 10.506223937632123 5
1757431838529 17.698461827818516 6
1757431838619 3.0641147383669742 7
1757431838706 16.122833825566364 8
1757431838790 7.213109570748922 9
1757431838876 12.11181251870845 10
1757431838965 8.800641823463753 11
1757431839053 6.6647318632283055 12
1757431839178 8.782456848170353 13
1757431839268 3.7570456014254523 14
1757431839357 2.8273526730714797 15
1757431839443 18.22053923641595 16
1757431839531 7.7492621692452595 17
1757431839621 6.608608643005526 18
1757431839710 12.621748661988576 19
1757431839798 10.666111833071206 20
1757431839885 21.897501249993645 21
1757431839973 3.337821893505158 22
1757431840062 3.1140879794681573 23
1757431840153 6.739463838469428 24
1757431840242 15.886298071704573 25
1757431840332 8.570393632094238 26
1757431840421 6.115798261825629 27
1757431840514 6.208272805467349 28
1757431840602 24.048867904685594 29
1757431840691 8.396685663216974 30
1757431840776 6.719011844275163 31
1757431840863 9.60261911629466 32
1757431840949 6.3771588016564555 33
1757431841038 7.143549601349465 34
1757431841130 3.416672354538732 35
1757431841218 3.090319035423933 36
1757431841309 14.064626469369633 37
1757431841399 6.38657172035115 38
1757431841490 11.506736010022326 39
1757431841579 2.9516795872441053 40
1757431841666 8.695225644788506 41
1757431841755 7.27189688496872 42
1757431841844 12.44436478121806 43
1757431841933 9.407377752619928 44
1757431842022 5.815753802864072 45
1757431842111 4.230683573965647 46
1757431842201 8.150700004427847 47
1757431842289 14.591453239935154 48
1757431842379 6.0567462863710295 49
1757431842467 6.950915746180283 50
1757431842552 5.886143102245275 51
1757431842642 8.294090082487884 52
1757431842728 9.271936518435677 53
1757431842815 12.988816123327188 54
1757431842903 5.553841703242424 55
1757431842990 11.258467049734541 56
1757431843075 5.065718443449065 57
1757431843161 11.157357087495912 58
1757431843249 13.217101821604814 59
1757431843339 4.57213905047749 60
1757431843428 12.923519912274704 61
1757431843514 4.697604257164907 62
1757431843605 1.6239251715021163 63
1757431843696 10.981765020844009 64
1757431843784 6.32991182222248 65
1757431843873 7.76281423782845 66
1757431843962 2.750425908781119 67
1757431844052 3.987582841453803 68
1757431844140 10.96929020743728 69
1757431844228 13.230496638784174 70
1757431844314 6.369932586211145 71
1757431844402 3.0863703065116694 72
1757431844488 5.477162526734602 73
1757431844578 3.316915509050671 74
1757431844669 3.3033414658181557 75
1757431844758 45.682937828204125 76
1757431844850 6.939657966449666 77
1757431844941 4.484262520441028 78
1757431845033 3.520648927111053 79
1757431845125 4.090995737761039 80
1757431845216 6.812962106198873 81
1757431845304 4.024611008878518 82
1757431845393 7.40465134564008 83
1757431845481 16.36055742282687 84
1757431845577 9.435010275543961 85
1757431845665 5.437546222652921 86
1757431845751 11.033585283134439 87
1757431845839 5.025864727924794 88
1757431845928 10.227718280805385 89
1757431846016 10.156639001669612 90
1757431846108 2.7409070477013273 91
1757431846196 24.116432179458943 92
1757431846285 17.58276754549647 93
1757431846374 4.964476423715017 94
1757431846464 1.104534070071802 95
1757431846554 5.0494437970993005 96
1757431846642 13.794205561856463 97
1757431846729 5.051950043579615 98
1757431846817 1.883045774181365 99
1757431846907 7.358705986716896 100
1757431846995 7.3033133337403235 101
1757431847084 8.778625076908838 102
1757431847175 9.27090418743007 103
1757431847267 7.889490004249567 104
1757431847358 6.42538329087337 105
1757431847447 3.14128413515909 106
1757431847536 10.304790502285327 107
1757431847626 6.003265277958368 108
1757431847717 6.832825687716135 109
1757431847807 13.462446557501991 110
1757431847899 3.8426008173880164 111
1757431847988 6.633895909191562 112
1757431848079 8.30490013206298 113
1757431848168 8.885839543124325 114
1757431848261 5.092245875353503 115
1757431848352 7.348557135668486 116
1757431848443 9.536610344939303 117
1757431848535 32.771765594337595 118
1757431848626 7.195061638125985 119
1757431848716 4.446657062746884 120
1757431848806 7.446750157298639 121
1757431848896 11.610214241333523 122
1757431848988 6.943355863000936 123
