1757672336609 12.033620997785693 0
1757672336756 2.856275184997043 1
1757672336903 0.1657155440586517 2
1757672337039 1.6201033597568606 3
1757672337186 0.9836733118822193 4
1757672337334 0.3587734673058502 5
1757672337484 0.38714982902929823 6
1757672337633 0.3207332483047709 7
1757672337787 3.8456502044137677 8
1757672337938 0.8484245334197289 9
1757672338082 0.4953475443885031 10
1757672338219 1.9151544808292704 11
1757672338363 0.09312649700120067 12
1757672338498 0.11774134050791929 13
1757672338635 0.469094874663103 14
1757672338774 0.44874924092093277 15
1757672338909 0.2382729581755183 16
1757672339041 1.8156501400488625 17
1757672339208 0.21752990822264306 18
1757672339356 0.10795664439266717 19
1757672339494 0.05281374102404587 20
1757672339633 2.3697188556643813 21
1757672339763 0.07733451072584138 22
1757672339905 0.5272659670120823 23
1757672340051 0.47834319625437244 24
1757672340195 5.642433983686857 25
1757672340345 0.01602484275877737 26
1757672340480 0.14262286309505257 27
1757672340626 0.025523467378701304 28
1757672340775 0.09344311940336242 29
1757672340922 0.06829481340960676 30
1757672341067 1.1244601802776983 31
1757672341213 0.3902160744479463 32
1757672341362 0.06397920309444748 33
1757672341497 0.0036704782656794303 34
1757672341611 0.0022085038308960383 35
1757672341721 0.24230303605205192 36
1757672341830 0.09672083117544075 37
1757672341939 0.0434338969635407 38
1757672342049 0.31118247478927624 39
1757672342158 0.2481108239394053 40
1757672342266 0.18663540920665755 41
1757672342374 0.09161030821054983 42
1757672342482 0.14778180901477436 43
1757672342588 0.0089840124783866 44
1757672342696 0.15804531006729608 45
1757672342805 0.5167476456723623 46
1757672342912 0.6798120480907388 47
1757672343020 0.2764456345019552 48
1757672343128 0.08674701180385823 49
1757672343234 0.16247494596825748 50
1757672343346 0.1284460029571732 51
1757672343460 0.04934085542719403 52
1757672343567 0.44524560851570094 53
1757672343674 0.2612695836230098 54
1757672343781 0.06147083952198559 55
1757672343888 0.6259627910941664 56
1757672343996 0.011201384981409613 57
1757672344106 0.17513341973939567 58
1757672344215 0.0644864450450304 59
1757672344321 0.4505081095748879 60
1757672344429 0.055297123694302175 61
1757672344539 0.25839662517388834 62
1757672344646 0.5372857104662645 63
1757672344757 0.22431718139270607 64
1757672344863 0.05116724646462473 65
1757672344971 0.14991394061771451 66
1757672345078 0.0007339973232490326 67
1757672345187 0.6095705930194342 68
1757672345293 0.01771220014337021 69
1757672345400 0.6621973324134323 70
1757672345512 0.07872560668103054 71
1757672345619 0.02353207308957361 72
1757672345727 0.0011668528523752157 73
1757672345834 0.7715791280689844 74
1757672345952 0.01400671094914096 75
1757672346062 0.0438631490889623 76
1757672346175 0.6163784109330124 77
1757672346286 0.18009680944982578 78
1757672346394 0.009130634603970329 79
1757672346504 0.486632814399305 80
1757672346613 0.0030589036172137987 81
1757672346721 0.5744502136353584 82
1757672346829 0.059466109786198276 83
1757672346937 0.13932544676623948 84
1757672347046 0.02076729706245795 85
1757672347155 0.013192369654323908 86
1757672347262 0.002919865764345859 87
1757672347371 0.5878923194080684 88
1757672347479 0.31756014275340017 89
1757672347586 0.001976894989399029 90
1757672347700 0.004850523959513069 91
1757672347811 0.017465923275604048 92
1757672347919 0.0272978150893359 93
1757672348025 0.18846181267587503 94
1757672348156 0.917108628100323 95
1757672348264 0.006073263665087041 96
1757672348372 0.176797102720035 97
1757672348482 0.04019947511730045 98
1757672348591 0.011979678683063037 99
1757672348698 0.501081862869075 100
1757672348806 0.028413827038742633 101
1757672348915 0.5749482585064563 102
1757672349021 0.1570237278130397 103
1757672349130 0.17529748427498143 104
1757672349241 0.1134584932260305 105
1757672349351 0.4366445182627502 106
1757672349459 0.08541986694008392 107
1757672349566 0.11878657272404877 108
1757672349674 0.004568573909781971 109
1757672349783 0.053239756996053225 110
1757672349890 0.853276717916903 111
1757672350000 0.0053018084677460015 112
1757672350107 0.8354072557971396 113
1757672350217 0.15339426700107509 114
1757672350325 0.009074108491179757 115
1757672350433 0.09563279373950856 116
1757672350541 0.1121473664805087 117
1757672350651 0.11265687284803383 118
1757672350761 0.34343504416197845 119
1757672350870 0.10381458124108293 120
1757672350977 0.5537459272968582 121
1757672351086 0.19019906436247142 122
1757672351195 0.08042678400342117 123
1757672351304 0.10397161665412404 124
1757672351411 0.032023627682722225 125
1757672351514 0.0010084121454289523 126
1757672351623 0.3349901435617325 127
1757672351732 0.3759098323013323 128
1757672351839 0.02169784327642737 129
1757672351949 0.08597229390062923 130
1757672352059 0.12098603556689501 131
1757672352171 0.00846942507630855 132
1757672352282 0.007637084288478603 133
1757672352391 0.24243744342945028 134
1757672352500 0.0045631052292240655 135
1757672352609 0.22576612947189004 136
1757672352719 0.031360476983572666 137
1757672352828 0.13724702490513707 138
1757672352937 0.03621905996200265 139
1757672353047 0.3286918837803433 140
1757672353154 0.10044453216639097 141
1757672353263 0.008019547066875835 142
1757672353371 0.05080147657741139 143
1757672353481 0.0878605667617421 144
1757672353591 2.001955342709776e-05 145
1757672353701 0.0002598526717986172 146
1757672353811 0.2774792598974255 147
1757672353919 0.006163059666679467 148
1757672354029 0.8383411848522089 149
1757672354137 0.03784851341254365 150
1757672354250 0.03707910119125847 151
1757672354362 0.011710390541327956 152
1757672354473 0.15349252865924737 153
1757672354584 0.37434601211400015 154
1757672354694 0.08050073862497628 155
1757672354804 0.08042453052551596 156
1757672354912 0.25456416935523457 157
1757672355024 1.9315455481186382e-05 158
1757672355134 0.02462740008751042 159
1757672355244 0.1571607651171365 160
1757672355354 0.2898866696288119 161
1757672355467 0.018444554862250915 162
1757672355578 0.036057731706920886 163
1757672355688 0.0330925288012418 164
1757672355798 0.008558423981665087 165
1757672355910 0.6187547587730519 166
1757672356025 0.371389039113308 167
1757672356136 0.0052977243459921405 168
1757672356247 0.028122328532038783 169
1757672356355 0.005168079769348075 170
1757672356468 0.4284248704599766 171
1757672356577 0.18490544012603405 172
1757672356688 0.1679599462497403 173
1757672356799 0.04678016999300844 174
1757672356907 0.023930791588288466 175
1757672357016 0.01363455093978803 176
1757672357125 0.028347809607714616 177
1757672357235 0.0001138566184072387 178
1757672357347 0.07680681143112329 179
1757672357456 0.006805549684272261 180
1757672357566 0.006265521864086868 181
1757672357677 0.7149700419949079 182
1757672357788 0.04881326340008478 183
1757672357898 0.037141996626081954 184
1757672358011 0.7823503367748744 185
1757672358123 0.008838717589053122 186
1757672358234 0.001100059928451325 187
1757672358344 0.16181385885574506 188
1757672358455 0.27314385291601617 189
1757672358567 0.3803740035919743 190
1757672358679 0.13485340832712495 191
1757672358791 0.12145116465029647 192
1757672358901 0.019718019792890347 193
1757672359011 0.16066475489356416 194
1757672359126 0.022911752041002893 195
1757672359236 0.004876297311212375 196
1757672359350 0.0021487801478920964 197
1757672359461 0.6699649655541118 198
1757672359572 0.0023889523060881377 199
1757672359684 0.02104360499054833 200
1757672359800 0.004758229115858732 201
1757672359921 0.42452417002489373 202
1757672360040 0.06605113221741446 203
1757672360158 0.011186130699963251 204
1757672360273 0.1208051218765086 205
1757672360387 0.04284096852097088 206
1757672360500 0.2550055946857721 207
1757672360611 0.04540851370003464 208
1757672360724 0.039728353855408176 209
1757672360839 0.01744373266352294 210
1757672360960 1.0338889495551205 211
1757672361071 0.1970008316451116 212
1757672361183 0.035264282490005114 213
1757672361298 4.071759007757422e-05 214
1757672361409 0.06852024449455077 215
1757672361522 0.3195853385929765 216
1757672361637 0.0011300729030255042 217
1757672361749 0.00028451663920673383 218
1757672361862 0.1264436058433148 219
1757672361976 0.2926203657047944 220
1757672362089 0.4510999727266938 221
1757672362203 0.1789873729132638 222
1757672362319 0.2832922336341081 223
1757672362430 8.990347706467494e-05 224
1757672362542 0.0002102870838554016 225
1757672362655 0.019015252563699115 226
1757672362769 0.1635051398080694 227
1757672362880 0.003252088384193132 228
1757672362991 0.00030910835819693305 229
1757672363103 0.05695819893859554 230
1757672363212 0.16122852960990286 231
1757672363322 0.46245743036648707 232
1757672363459 0.0018873727002551564 233
1757672363570 0.8010512206917515 234
1757672363683 8.61200871752497e-05 235
1757672363796 0.1020328442491839 236
1757672363908 0.12570188125045065 237
1757672364019 0.038707791211979356 238
1757672364132 0.0017989369194730193 239
1757672364244 0.0032614997798614404 240
1757672364357 0.32505212571982695 241
1757672364471 0.09770010453112178 242
1757672364582 0.0001461331875853596 243
1757672364697 0.19642937203696362 244
1757672364809 0.1018846688216999 245
1757672364921 0.07762905517988 246
1757672365034 0.005718350424089625 247
1757672365143 0.0005075581958118251 248
1757672365257 0.021296627454527154 249
1757672365368 0.08370459690765067 250
1757672365486 1.0920151629686834 251
1757672365599 0.00624165155740438 252
1757672365711 0.008219272749231883 253
1757672365822 0.6793398859055523 254
1757672365935 0.16668806029656222 255
1757672366058 0.15664881553892168 256
1757672366170 0.021455098737159478 257
1757672366286 0.017959591457108213 258
1757672366400 0.035350293209952435 259
1757672366512 0.05281557432192971 260
1757672366622 0.13148872611959925 261
1757672366734 1.14252313010523 262
1757672366846 0.04699991862111656 263
1757672366961 0.07693472010982805 264
1757672367073 0.006874533206688862 265
1757672367186 0.028367222187819438 266
1757672367298 0.0022337049129352747 267
1757672367411 0.19195585802429538 268
1757672367523 0.007255739221106958 269
1757672367636 0.07671425914032441 270
1757672367749 0.02449346349831168 271
1757672367861 0.19109209067558988 272
1757672367973 0.026492959613198565 273
1757672368086 0.07738590579391756 274
1757672368199 0.3347534257388984 275
1757672368313 0.004686806900908316 276
1757672368426 0.1217231606107076 277
1757672368541 0.007296662909124058 278
1757672368653 0.03712919653891303 279
1757672368766 0.009173178062983508 280
1757672368880 0.09070726412061039 281
1757672368995 0.11790128310948758 282
1757672369108 0.2229896730550435 283
1757672369222 0.014581378256086781 284
1757672369337 0.12945773568135138 285
1757672369449 2.1559613176394457e-05 286
1757672369565 0.25377375296900645 287
1757672369676 0.051325113161853515 288
1757672369790 0.06725152685055244 289
1757672369904 0.008807577269032285 290
1757672370018 0.001132268778100567 291
1757672370134 0.04258988316813312 292
1757672370249 0.06451803759843057 293
1757672370363 0.18632129456357602 294
1757672370477 0.007730109776028423 295
