1757669794130 170.6876142501193 0
1757669794222 168.13599246184313 1
1757669794312 165.62410378692934 2
1757669794399 163.1513196024011 3
1757669794487 160.7170213133963 4
1757669794578 158.32060019251603 5
1757669794669 155.96145722175154 6
1757669794759 153.6390029369496 7
1757669794852 151.3526572747741 8
1757669794943 149.10184942212516 9
1757669795035 146.88601766797515 10
1757669795126 144.70460925758334 11
1757669795222 142.5570802490509 12
1757669795312 140.4428953721782 13
1757669795398 138.3615278895884 14
1757669795483 136.31245946007945 15
1757669795574 134.2951800041704 16
1757669795679 132.31452454210694 17
1757669795766 130.36454061481686 18
1757669795862 128.44474439144108 19
1757669795958 126.554659747707 20
1757669796053 124.69381814256337 21
1757669796146 122.86175849679499 22
1757669796233 121.05802707358532 23
1757669796324 119.28217736099602 24
1757669796417 117.53376995633188 25
1757669796512 115.81237245236203 26
1757669796604 114.11755932536622 27
1757669796701 112.44891182497791 28
1757669796792 110.80601786579496 29
1757669796886 109.18847192072927 30
1757669796979 107.59587491606773 31
1757669797073 106.027834128217 32
1757669797166 104.48396308210474 33
1757669797259 102.96388145121122 34
1757669797350 101.46721495920434 35
1757669797437 99.99417609947079 36
1757669797525 98.54380902094124 37
1757669797616 97.115757255042 38
1757669797711 95.70967000148934 39
1757669797802 94.32520203763164 40
1757669797898 92.9620136292456 41
1757669797989 91.61977044276352 42
1757669798078 90.29814345890846 43
1757669798170 88.99680888771461 44
1757669798274 87.71544808491088 45
1757669798366 86.45374746964536 46
1757669798458 85.2113984435297 47
1757669798552 83.98809731098167 48
1757669798640 82.78354520084525 49
1757669798732 81.59744798926799 50
1757669798825 80.42951622381487 51
1757669798919 79.27946504879942 52
1757669799011 78.147014131812 53
1757669799101 77.03188759142652 54
1757669799235 75.9338139260662 55
1757669799354 74.85252594400998 56
1757669799457 73.78776069452152 57
1757669799561 72.73925940008213 58
1757669799659 71.70676738971041 59
1757669799753 70.69003403335107 60
1757669799859 69.68881267731558 61
1757669799963 68.70286058075779 62
1757669800057 67.73193885316819 63
1757669800152 66.77581239287 64
1757669800283 65.83424982650126 65
1757669800378 64.90702344946726 66
1757669800475 63.9939091673472 67
1757669800580 63.09468643824029 68
1757669800685 62.209138216035875 69
1757669800783 61.33705089459294 70
1757669800878 60.47821425281432 71
1757669800976 59.63242140060104 72
1757669801081 58.799468725673066 73
1757669801178 57.97915584124227 74
1757669801282 57.171285534523946 75
1757669801378 56.37566371607346 76
1757669801491 55.59209936993488 77
1757669801580 54.8204045045882 78
1757669801682 54.06039410468294 79
1757669801782 53.31188608354487 80
1757669801888 52.57470123644373 81
1757669801986 51.848663194609806 82
1757669802085 51.13359837998726 83
1757669802185 50.429335960712265 84
1757669802294 49.735707807304394 85
1757669802403 49.052548449560035 86
1757669802498 48.37969503413608 87
1757669802593 47.716987282813285 88
1757669802694 47.06426745142808 89
1757669802789 46.4213802894623 90
1757669802887 45.78817300027998 91
1757669803002 45.16449520200134 92
1757669803102 44.550198889003084 93
1757669803205 43.94513839403554 94
1757669803308 43.349170350946345 95
1757669803411 42.762153658001175 96
1757669803511 42.18394944179177 97
1757669803608 41.61442102172196 98
1757669803707 41.05343387506237 99
1757669803810 40.50085560256457 100
1757669803924 39.956555894625915 101
1757669804026 39.42040649799597 102
1757669804125 38.89228118301609 103
1757669804232 38.37205571138342 104
1757669804328 37.85960780443089 105
1757669804432 37.35481711191512 106
1757669804537 36.85756518130379 107
1757669804638 36.3677354275548 108
1757669804744 35.885213103378916 109
1757669804848 35.40988526997864 110
1757669804956 34.94164076825515 111
1757669805066 34.48037019047621 112
1757669805173 34.02596585239742 113
1757669805279 33.578321765829635 114
1757669805383 33.137333611645275 115
1757669805486 32.702898713216655 116
1757669805574 32.274916010279306 117
1757669805702 31.85328603321345 118
1757669805797 31.437910877736904 119
1757669805905 31.02869418000301 120
1757669806004 30.625541092096718 121
1757669806109 30.22835825792286 122
1757669806212 29.837053789479977 123
1757669806314 29.451537243513755 124
1757669806413 29.071719598543787 125
1757669806507 28.697513232257855 126
1757669806604 28.328831899267655 127
1757669806704 27.96559070922037 128
1757669806802 27.607706105260153 129
1757669806898 27.25509584283414 130
1757669806996 26.907678968837267 131
1757669807097 26.565375801090532 132
1757669807191 26.228107908147514 133
1757669807291 25.895798089423543 134
1757669807387 25.56837035564264 135
1757669807484 25.245749909597077 136
1757669807573 24.92786312721435 137
1757669807665 24.61463753892691 138
1757669807761 24.30600181133964 139
1757669807860 24.00188572919029 140
1757669807954 23.702220177598218 141
1757669808049 23.40693712459691 142
1757669808144 23.115969603945484 143
1757669808249 22.829251698214907 144
1757669808346 22.546718522144552 145
1757669808447 22.26830620626451 146
1757669808544 21.993951880779658 147
1757669808636 21.723593659711213 148
1757669808733 21.457170625291504 149
1757669808829 21.194622812608117 150
1757669808926 20.935891194493298 151
1757669809022 20.680917666654636 152
1757669809118 20.429645033043307 153
1757669809213 20.18201699145588 154
1757669809310 19.937978119366203 155
1757669809403 19.69747385998333 156
1757669809498 19.460450508532226 157
1757669809586 19.22685519875341 158
1757669809676 18.9966358896182 159
1757669809772 18.769741352255956 160
1757669809869 18.54612115709008 161
1757669809965 18.32572566117933 162
1757669810063 18.108505995761135 163
1757669810161 17.89441405399375 164
1757669810257 17.683402478894088 165
1757669810352 17.475424651467886 166
1757669810449 17.270434679029457 167
1757669810546 17.068387383707666 168
1757669810640 16.869238291135385 169
1757669810780 16.672943619319298 170
1757669810876 16.479460267687365 171
1757669810984 16.288745806310896 172
1757669811086 16.100758465298608 173
1757669811181 15.915457124359794 174
1757669811280 15.732801302533964 175
1757669811376 15.552751148084248 176
1757669811472 15.375267428551952 177
1757669811572 15.200311520969729 178
1757669811660 15.027845402230737 179
1757669811757 14.857831639611357 180
1757669811856 14.690233381444973 181
1757669811954 14.525014347944477 182
1757669812052 14.362138822170929 183
1757669812147 14.201571641146266 184
1757669812244 14.043278187107605 185
1757669812339 13.88722437890086 186
1757669812435 13.733376663511589 187
1757669812528 13.581702007730668 188
1757669812628 13.432167889952831 189
1757669812724 13.284742292105824 190
1757669812824 13.1393936917081 191
1757669812923 12.996091054053045 192
1757669813018 12.854803824517663 193
1757669813114 12.715501920993747 194
1757669813207 12.57815572643958 195
1757669813301 12.442736081550201 196
1757669813396 12.309214277544452 197
1757669813495 12.177562049066717 198
1757669813593 12.04775156720177 199
1757669813682 11.919755432600756 200
1757669813778 11.793546668716568 201
1757669813877 11.669098715146903 202
1757669813975 11.54638542108322 203
1757669814072 11.425381038863984 204
1757669814171 11.30606021763039 205
1757669814268 11.188397997083094 206
1757669814367 11.07236980133824 207
1757669814465 10.957951432881181 208
1757669814564 10.84511906661637 209
1757669814662 10.733849244011894 210
1757669814760 10.624118867337117 211
1757669814856 10.515905193991893 212
1757669814952 10.409185830926004 213
1757669815049 10.303938729147264 214
1757669815143 10.200142178316916 215
1757669815246 10.097774801430965 216
1757669815340 9.996815549586001 217
1757669815438 9.897243696828182 218
1757669815532 9.79903883508412 219
1757669815635 9.70218086917224 220
1757669815730 9.606650011893427 221
1757669815823 9.51242677919962 222
1757669815926 9.419491985439171 223
1757669816035 9.327826738677691 224
1757669816132 9.237412436093203 225
1757669816229 9.148230759444406 226
1757669816327 9.060263670610912 227
1757669816423 8.97349340720421 228
1757669816522 8.887902478248368 229
1757669816616 8.803473659929235 230
1757669816716 8.720189991411129 231
1757669816822 8.638034770719868 232
1757669816922 8.556991550691162 233
1757669817032 8.477044134983254 234
1757669817133 8.398176574152782 235
1757669817235 8.320373161792944 236
1757669817338 8.24361843073284 237
1757669817436 8.167897149297106 238
1757669817535 8.09319431762486 239
1757669817640 8.019495164046974 240
1757669817737 7.9467851415208095 241
1757669817836 7.8750499241214 242
1757669817937 7.8042754035883055 243
1757669818039 7.73444768592714 244
1757669818141 7.665553088064937 245
1757669818253 7.597578134558518 246
1757669818353 7.530509554355002 247
1757669818535 7.464334277603605 248
1757669818704 7.399039432517932 249
1757669818878 7.334612342287927 250
1757669819040 7.27104052204076 251
1757669819193 7.20831167584978 252
1757669819367 7.146413693790813 253
1757669819521 7.085334649045059 254
1757669819646 7.025062795047828 255
1757669819773 6.96558656268237 256
1757669819910 6.906894557518095 257
1757669820047 6.848975557092521 258
1757669820179 6.791818508236131 259
1757669820313 6.735412524439598 260
1757669820443 6.679746883262593 261
1757669820575 6.62481102378357 262
1757669820705 6.570594544089877 263
1757669820838 6.517087198807487 264
1757669820965 6.464278896669803 265
1757669821112 6.412159698124859 266
1757669821242 6.360719812980308 267
1757669821370 6.309949598085642 268
1757669821498 6.259839555050972 269
1757669821700 6.210380328001854 270
1757669821823 6.1615627013695535 271
1757669821948 6.1133775977161955 272
1757669822086 6.0658160755942285 273
1757669822221 6.018869327439672 274
1757669822359 5.972528677498625 275
1757669822490 5.9267855797864275 276
1757669822615 5.881631616079102 277
1757669822748 5.8370584939363805 278
1757669822872 5.793058044755963 279
1757669823001 5.749622221858419 280
1757669823131 5.706743098602313 281
1757669823269 5.664412866528987 282
1757669823400 5.622623833536621 283
1757669823532 5.581368422083037 284
1757669823656 5.540639167416834 285
1757669823773 5.500428715836353 286
1757669823895 5.460729822976094 287
1757669824019 5.421535352120084 288
1757669824147 5.382838272541817 289
1757669824279 5.344631657870298 290
1757669824404 5.306908684481827 291
1757669824533 5.2696626299170735 292
1757669824657 5.2328868713230525 293
1757669824784 5.196574883919603 294
1757669824918 5.160720239489984 295
1757669825047 5.12531660489522 296
1757669825193 5.090357740611755 297
1757669825432 5.055837499292145 298
1757669825541 5.021749824348334 299
1757669825658 4.9880887485572005 300
1757669825780 4.954848392687998 301
1757669825882 4.922022964151368 302
1757669825989 4.889606755669546 303
1757669826098 4.857594143967468 304
1757669826200 4.825979588484408 305
1757669826303 4.794757630105831 306
1757669826405 4.763922889915152 307
1757669826508 4.733470067965072 308
1757669826612 4.7033939420681845 309
1757669826719 4.673689366606551 310
1757669826817 4.644351271359934 311
1757669826918 4.615374660352385 312
1757669827020 4.5867546107169535 313
1757669827124 4.558486271578118 314
1757669827229 4.530564862951774 315
1757669827331 4.502985674662444 316
1757669827431 4.475744065277402 317
1757669827532 4.448835461057547 318
1757669827630 4.422255354924639 319
1757669827732 4.395999305444739 320
1757669827826 4.370062935827514 321
1757669827924 4.34444193294124 322
1757669828025 4.319132046343159 323
1757669828126 4.2941290873250395 324
1757669828237 4.269428927973633 325
1757669828341 4.245027500245806 326
1757669828445 4.2209207950581495 327
1757669828550 4.197104861390777 328
1757669828652 4.173575805405142 329
1757669828755 4.150329789575625 330
1757669828853 4.127363031834666 331
1757669828958 4.104671804731244 332
1757669829057 4.082252434602492 333
1757669829159 4.060101300758226 334
1757669829259 4.038214834678185 335
1757669829364 4.01658951922181 336
1757669829466 3.995221887850309 337
1757669829567 3.9741085238608744 338
1757669829669 3.953246059632802 339
1757669829767 3.9326311758853842 340
1757669829864 3.9122606009473286 341
1757669829961 3.8921311100375746 342
1757669830066 3.8722395245572745 343
1757669830164 3.8525827113928317 344
1757669830263 3.833157582229743 345
1757669830364 3.8139610928771326 346
1757669830466 3.794990242602766 347
1757669830568 3.77624207347844 348
1757669830668 3.757713669735509 349
1757669830774 3.7394021571304332 350
1757669830876 3.7213047023201824 351
1757669830977 3.7034185122473398 352
1757669831080 3.685740833534748 353
1757669831178 3.668268951889545 354
1757669831281 3.6510001915164585 355
1757669831384 3.63393191454018 356
1757669831486 3.6170615204367214 357
1757669831588 3.6003864454735544 358
1757669831690 3.583904162158452 359
1757669831795 3.5676121786968498 360
1757669831892 3.551508038457635 361
1757669831992 3.5355893194471792 362
1757669832095 3.519853633791518 363
1757669832196 3.5042986272265746 364
1757669832299 3.488921978596213 365
1757669832397 3.473721399358106 366
1757669832497 3.4586946330972186 367
1757669832598 3.4438394550468012 368
1757669832702 3.4291536716168025 369
1757669832803 3.4146351199295584 370
1757669832902 3.400281667362654 371
1757669833004 3.3860912110988335 372
1757669833105 3.372061677682851 373
1757669833206 3.3581910225851836 374
1757669833312 3.3444772297724463 375
1757669833416 3.3309183112844387 376
1757669833521 3.317512306817706 377
1757669833630 3.304257283315528 378
1757669833736 3.2911513345641996 379
1757669833840 3.278192580795557 380
1757669833937 3.26537916829559 381
1757669834037 3.2527092690190957 382
1757669834145 3.2401810802102595 383
1757669834251 3.22779282402905 384
1757669834359 3.215542747183395 385
1757669834462 3.2034291205669536 386
1757669834567 3.1914502389025015 387
1757669834671 3.179604420390764 388
1757669834782 3.167890006364648 389
1757669834890 3.1563053609487857 390
1757669834994 3.1448488707242777 391
1757669835102 3.133518944398594 392
1757669835213 3.122314012480538 393
1757669835317 3.1112325269601717 394
1757669835421 3.1002729609936632 395
1757669835529 3.0894338085929385 396
1757669835637 3.0787135843200995 397
1757669835742 3.0681108229865064 398
1757669835847 3.0576240793564726 399
1757669835961 3.0472519278554664 400
1757669836064 3.0369929622828047 401
1757669836193 3.026845795528696 402
1757669836298 3.016809059295648 403
1757669836403 3.0068814038240856 404
1757669836507 2.9970614976221714 405
1757669836613 2.987348027199764 406
1757669836728 2.9777396968063927 407
1757669836838 2.968235228173269 408
1757669836945 2.958833360259187 409
1757669837051 2.9495328490003265 410
1757669837176 2.940332467063842 411
1757669837283 2.931231003605201 412
1757669837383 2.9222272640292273 413
1757669837487 2.913320069754769 414
1757669837592 2.9045082579829296 415
1757669837700 2.895790681468838 416
1757669837805 2.887166208296872 417
1757669837907 2.87863372165929 418
1757669838002 2.8701921196382365 419
1757669838103 2.8618403149910305 420
1757669838212 2.853577234938729 421
1757669838320 2.84540182095787 422
1757669838424 2.8373130285753927 423
1757669838526 2.8293098271666453 424
1757669838628 2.8213911997564507 425
1757669838729 2.8135561428231863 426
1757669838831 2.8058036661058186 427
1757669838933 2.798132792413849 428
1757669839039 2.790542557440151 429
1757669839144 2.783032009576596 430
1757669839251 2.775600209732494 431
1757669839354 2.768246231155751 432
1757669839462 2.7609691592567422 433
1757669839563 2.7537680914347953 434
1757669839669 2.7466421369073486 435
1757669839771 2.739590416541629 436
1757669839875 2.732612062688882 437
1757669839977 2.7257062190210974 438
1757669840074 2.718872040370174 439
1757669840180 2.712108692569514 440
1757669840286 2.7054153522979876 441
1757669840391 2.698791206926249 442
1757669840497 2.692235454365334 443
1757669840603 2.685747302917551 444
1757669840705 2.6793259711296 445
1757669840811 2.6729706876478807 446
1757669840912 2.6666806910759777 447
1757669841014 2.660455229834263 448
1757669841117 2.6542935620216186 449
1757669841220 2.6481949552792035 450
1757669841325 2.6421586866562707 451
1757669841430 2.6361840424779803 452
1757669841533 2.630270318215183 453
1757669841658 2.6244168183561456 454
1757669841759 2.6186228562801963 455
1757669841865 2.612887754133234 456
1757669841966 2.6072108427051153 457
1757669842061 2.6015914613088373 458
1757669842164 2.596028957661543 459
1757669842270 2.5905226877672747 460
1757669842375 2.585072015801478 461
1757669842487 2.5796763139972243 462
1757669842592 2.574334962533108 463
1757669842701 2.569047349422819 464
1757669842805 2.563812870406344 465
1757669842909 2.558630928842777 466
1757669843015 2.5535009356047267 467
1757669843120 2.5484223089742666 468
1757669843227 2.543394474540442 469
1757669843331 2.5384168650982915 470
1757669843435 2.533488920549339 471
1757669843540 2.528610087803569 472
1757669843645 2.5237798206828495 473
1757669843747 2.518997579825773 474
1757669843850 2.5142628325938947 475
1757669843954 2.509575052979361 476
1757669844054 2.504933721513885 477
1757669844157 2.500338325179071 478
1757669844260 2.4957883573180477 479
1757669844365 2.4912833175484064 480
1757669844465 2.4868227116764112 481
1757669844573 2.4824060516124664 482
1757669844680 2.4780328552878217 483
1757669844791 2.4737026465725083 484
1757669844895 2.469414955194458 485
1757669845003 2.465169316659822 486
1757669845109 2.460965272174438 487
1757669845215 2.4568023685664615 488
1757669845321 2.452680158210112 489
1757669845424 2.448598198950541 490
1757669845530 2.444556054029781 491
1757669845657 2.440553292013789 492
1757669845774 2.4365894867205506 493
1757669845883 2.4326642171492154 494
1757669845995 2.4287770674102775 495
1757669846100 2.424927626656756 496
1757669846212 2.4211154890163926 497
1757669846323 2.4173402535248134 498
1757669846454 2.413601524059678 499
