1757658176205 168.8626692863435 0
1757658176288 168.83726414177033 1
1757658176374 168.81214760549275 2
1757658176444 168.78703485419962 3
1757658176514 168.76192588731897 4
1757658176594 168.73682070427895 5
1757658176674 168.71171930450774 6
1757658176755 168.68662168743367 7
1757658176834 168.66152785248505 8
1757658176914 168.6364377990904 9
1757658176995 168.61135152667822 10
1757658177076 168.5862690346772 11
1757658177158 168.56119032251598 12
1757658177237 168.5361153896235 13
1757658177317 168.5110442354285 14
1757658177394 168.48597685936002 15
1757658177470 168.4609132608472 16
1757658177555 168.43585343931912 17
1757658177643 168.41079739420502 18
1757658177726 168.38574512493426 19
1757658177805 168.36069663093625 20
1757658177883 168.3356519116404 21
1757658177965 168.31061096647642 22
1757658178052 168.28557379487393 23
1757658178140 168.2605403962627 24
1757658178227 168.23551077007255 25
1757658178341 168.21048491573342 26
1757658178426 168.18546283267537 27
1757658178505 168.1604445203284 28
1757658178591 168.1354299781228 29
1757658178675 168.11041920548882 30
1757658178761 168.08541220185677 31
1757658178844 168.06040896665718 32
1757658178925 168.0354094993205 33
1757658179008 168.01041379927744 34
1757658179090 167.98542186595864 35
1757658179172 167.96043369879493 36
1757658179262 167.93544929721716 37
1757658179347 167.91046866065628 38
1757658179430 167.8854917885434 39
1757658179514 167.86051868030964 40
1757658179598 167.8355493353862 41
1757658179680 167.81058375320436 42
1757658179768 167.78562193319559 43
1757658179854 167.76066387479133 44
1757658179943 167.7357095774232 45
1757658180028 167.7107590405227 46
1757658180109 167.68581226352174 47
1757658180195 167.6608692458521 48
1757658180278 167.63592998694565 49
1757658180361 167.6109944862344 50
1757658180441 167.58606274315045 51
1757658180519 167.561134757126 52
1757658180602 167.53621052759323 53
1757658180688 167.5112900539845 54
1757658180773 167.4863733357323 55
1757658180861 167.4614603722691 56
1757658180948 167.43655116302747 57
1757658181030 167.41164570744016 58
1757658181120 167.3867440049399 59
1757658181201 167.36184605495956 60
1757658181288 167.33695185693202 61
1757658181375 167.3120614102904 62
1757658181472 167.28717471446777 63
1757658181561 167.26229176889734 64
1757658181645 167.23741257301236 65
1757658181741 167.2125371262463 66
1757658181838 167.1876654280325 67
1757658181926 167.1627974778046 68
1757658182016 167.1379332749961 69
1757658182102 167.11307281904087 70
1757658182190 167.08821610937255 71
1757658182279 167.06336314542517 72
1757658182387 167.03851392663262 73
1757658182476 167.013668452429 74
1757658182564 166.9888267222484 75
1757658182647 166.96398873552513 76
1757658182742 166.9391544916934 77
1757658182854 166.91432399018768 78
1757658182953 166.88949723044243 79
1757658183056 166.86467421189224 80
1757658183151 166.83985493397176 81
1757658183244 166.8150393961157 82
1757658183334 166.79022759775893 83
1757658183422 166.76541953833632 84
1757658183506 166.74061521728294 85
1757658183589 166.71581463403376 86
1757658183675 166.69101778802406 87
1757658183759 166.66622467868905 88
1757658183843 166.64143530546406 89
1757658183925 166.6166496677845 90
1757658184009 166.59186776508596 91
1757658184097 166.56708959680395 92
1757658184181 166.5423151623742 93
1757658184263 166.51754446123243 94
1757658184345 166.49277749281455 95
1757658184428 166.46801425655647 96
1757658184506 166.44325475189422 97
1757658184594 166.41849897826393 98
1757658184684 166.3937469351017 99
1757658184773 166.3689986218439 100
1757658184861 166.3442540379269 101
1757658184949 166.3195131827871 102
1757658185040 166.29477605586106 103
1757658185130 166.27004265658542 104
1757658185218 166.24531298439686 105
1757658185310 166.22058703873216 106
1757658185399 166.19586481902823 107
1757658185497 166.17114632472197 108
1757658185588 166.1464315552505 109
1757658185672 166.12172051005092 110
1757658185761 166.09701318856045 111
1757658185853 166.0723095902164 112
1757658185947 166.04760971445612 113
1757658186054 166.02291356071711 114
1757658186143 165.99822112843697 115
1757658186232 165.97353241705324 116
1757658186319 165.94884742600377 117
1757658186405 165.9241661547263 118
1757658186489 165.8994886026587 119
1757658186568 165.87481476923898 120
1757658186656 165.85014465390523 121
1757658186742 165.82547825609564 122
1757658186828 165.80081557524835 123
1757658186913 165.77615661080176 124
1757658186999 165.75150136219426 125
1757658187079 165.72684982886432 126
1757658187166 165.70220201025055 127
1757658187250 165.6775579057916 128
1757658187336 165.65291751492614 129
1757658187423 165.62828083709314 130
1757658187510 165.60364787173145 131
1757658187609 165.57901861828006 132
1757658187704 165.55439307617812 133
1757658187793 165.52977124486472 134
1757658187879 165.50515312377917 135
1757658187966 165.48053871236078 136
1757658188053 165.45592801004898 137
1757658188140 165.43132101628333 138
1757658188228 165.40671773050337 139
1757658188319 165.38211815214882 140
1757658188411 165.35752228065942 141
1757658188504 165.33293011547508 142
1757658188590 165.30834165603562 143
1757658188676 165.28375690178115 144
1757658188765 165.25917585215177 145
1757658188853 165.23459850658764 146
1757658188942 165.21002486452903 147
1757658189032 165.18545492541637 148
1757658189123 165.16088868869 149
1757658189225 165.1363261537905 150
1757658189319 165.1117673201585 151
1757658189411 165.0872121872347 152
1757658189501 165.06266075445987 153
1757658189596 165.03811302127482 154
1757658189688 165.01356898712058 155
1757658189775 164.9890286514382 156
1757658189868 164.96449201366872 157
1757658189962 164.9399590732534 158
1757658190061 164.9154298296335 159
1757658190156 164.89090428225046 160
1757658190251 164.86638243054566 161
1757658190342 164.84186427396065 162
1757658190433 164.81734981193716 163
1757658190525 164.79283904391676 164
1757658190606 164.76833196934135 165
1757658190691 164.74382858765276 166
1757658190776 164.71932889829299 167
1757658190866 164.69483290070406 168
1757658190951 164.6703405943281 169
1757658191038 164.6458519786074 170
1757658191124 164.6213670529842 171
1757658191217 164.59688581690088 172
1757658191305 164.57240826979995 173
1757658191399 164.54793441112392 174
1757658191486 164.5234642403155 175
1757658191571 164.49899775681737 176
1757658191661 164.47453496007233 177
1757658191767 164.45007584952333 178
1757658191864 164.4256204246133 179
1757658191955 164.40116868478532 180
1757658192048 164.37672062948252 181
1757658192137 164.35227625814812 182
1757658192228 164.32783557022555 183
1757658192318 164.30339856515803 184
1757658192414 164.27896524238918 185
1757658192506 164.25453560136253 186
1757658192591 164.2301096415217 187
1757658192674 164.20568736231044 188
1757658192758 164.18126876317262 189
1757658192843 164.1568538435521 190
1757658192926 164.1324426028929 191
1757658193016 164.10803504063907 192
1757658193102 164.08363115623476 193
1757658193189 164.0592309491242 194
1757658193279 164.03483441875179 195
1757658193371 164.01044156456183 196
1757658193463 163.9860523859989 197
1757658193550 163.9616668825076 198
1757658193639 163.9372850535325 199
1757658193726 163.91290689851837 200
1757658193812 163.88853241691007 201
1757658193901 163.86416160815253 202
1757658193988 163.8397944716907 203
1757658194075 163.81543100696973 204
1757658194159 163.7910712134347 205
1757658194244 163.7667150905309 206
1757658194332 163.7423626377037 207
1757658194417 163.71801385439844 208
1757658194500 163.6936687400607 209
1757658194583 163.66932729413602 210
1757658194664 163.6449895160701 211
1757658194750 163.62065540530867 212
1757658194841 163.59632496129754 213
1757658194931 163.57199818348272 214
1757658195020 163.5476750713101 215
1757658195111 163.52335562422587 216
1757658195204 163.49903984167616 217
1757658195296 163.4747277231072 218
1757658195391 163.45041926796543 219
1757658195482 163.42611447569715 220
1757658195573 163.40181334574893 221
1757658195667 163.37751587756736 222
1757658195760 163.35322207059912 223
1757658195856 163.32893192429094 224
1757658195952 163.30464543808966 225
1757658196045 163.28036261144226 226
1757658196136 163.25608344379572 227
1757658196227 163.23180793459713 228
1757658196320 163.2075360832937 229
1757658196417 163.1832678893326 230
1757658196508 163.1590033521613 231
1757658196600 163.13474247122713 232
1757658196684 163.11048524597766 233
1757658196770 163.08623167586046 234
1757658196858 163.0619817603232 235
1757658196948 163.0377354988137 236
1757658197039 163.0134928907797 237
1757658197130 162.98925393566924 238
1757658197219 162.9650186329303 239
1757658197314 162.94078698201096 240
1757658197405 162.91655898235936 241
1757658197495 162.89233463342384 242
1757658197586 162.86811393465274 243
1757658197679 162.84389688549444 244
1757658197772 162.8196834853975 245
1757658197864 162.7954737338105 246
1757658197957 162.77126763018214 247
1757658198053 162.74706517396115 248
1757658198144 162.72286636459643 249
1757658198234 162.69867120153685 250
1757658198329 162.67447968423144 251
1757658198421 162.65029181212938 252
1757658198513 162.62610758467972 253
1757658198599 162.60192700133183 254
1757658198674 162.57775006153503 255
1757658198761 162.55357676473872 256
1757658198851 162.52940711039244 257
1757658198943 162.50524109794577 258
1757658199037 162.48107872684844 259
1757658199131 162.45691999655017 260
1757658199234 162.43276490650084 261
1757658199328 162.40861345615036 262
1757658199423 162.38446564494873 263
1757658199518 162.36032147234604 264
1757658199612 162.33618093779256 265
1757658199710 162.31204404073847 266
1757658199804 162.28791078063415 267
1757658199896 162.26378115693004 268
1757658199995 162.23965516907663 269
1757658200091 162.2155328165245 270
1757658200187 162.19141409872435 271
1757658200284 162.16729901512696 272
1757658200373 162.14318756518318 273
1757658200466 162.11907974834392 274
1757658200558 162.0949755640602 275
1757658200647 162.0708750117831 276
1757658200732 162.04677809096384 277
1757658200821 162.02268480105363 278
1757658200911 161.99859514150384 279
1757658200998 161.9745091117659 280
1757658201097 161.95042671129133 281
1757658201186 161.92634793953172 282
1757658201280 161.90227279593873 283
1757658201376 161.87820127996414 284
1757658201473 161.85413339105975 285
1757658201569 161.83006912867754 286
1757658201659 161.8060084922695 287
1757658201762 161.78195148128773 288
1757658201878 161.7578980951844 289
1757658201973 161.73384833341177 290
1757658202070 161.70980219542216 291
1757658202161 161.685759680668 292
1757658202257 161.6617207886018 293
1757658202353 161.6376855186762 294
1757658202447 161.61365387034377 295
1757658202540 161.58962584305732 296
1757658202642 161.56560143626973 297
1757658202731 161.54158064943385 298
1757658202823 161.51756348200269 299
1757658202917 161.4935499334294 300
1757658203012 161.4695400031671 301
1757658203108 161.44553369066904 302
1757658203202 161.42153099538854 303
1757658203296 161.39753191677906 304
1757658203391 161.37353645429408 305
1757658203485 161.34954460738717 306
1757658203584 161.325556375512 307
1757658203677 161.30157175812235 308
1757658203770 161.277590754672 309
1757658203868 161.2536133646149 310
1757658203964 161.22963958740502 311
1757658204059 161.20566942249647 312
1757658204153 161.18170286934338 313
1757658204248 161.15773992739997 314
1757658204341 161.13378059612066 315
1757658204435 161.1098248749598 316
1757658204529 161.08587276337184 317
1757658204624 161.0619242608114 318
1757658204712 161.03797936673317 319
1757658204802 161.0140380805918 320
1757658204892 160.9901004018422 321
1757658204989 160.9661663299392 322
1757658205083 160.94223586433787 323
1757658205176 160.91830900449318 324
1757658205275 160.89438574986036 325
1757658205368 160.87046609989463 326
1757658205464 160.84655005405125 327
1757658205558 160.8226376117857 328
1757658205656 160.79872877255337 329
1757658205751 160.77482353580993 330
1757658205845 160.75092190101094 331
1757658205942 160.72702386761216 332
1757658206042 160.70312943506943 333
1757658206144 160.67923860283858 334
1757658206235 160.65535137037563 335
1757658206329 160.6314677371366 336
1757658206426 160.60758770257766 337
1757658206519 160.58371126615506 338
1757658206617 160.55983842732508 339
1757658206710 160.53596918554405 340
1757658206800 160.5121035402685 341
1757658206894 160.48824149095495 342
1757658206984 160.4643830370601 343
1757658207074 160.44052817804058 344
1757658207168 160.41667691335323 345
1757658207258 160.39282924245492 346
1757658207353 160.36898516480264 347
1757658207447 160.3451446798534 348
1757658207541 160.32130778706434 349
1757658207634 160.29747448589265 350
1757658207731 160.27364477579565 351
1757658207825 160.2498186562307 352
1757658207921 160.22599612665528 353
1757658208018 160.20217718652685 354
1757658208110 160.17836183530312 355
1757658208203 160.15455007244174 356
1757658208306 160.13074189740053 357
1757658208402 160.10693730963726 358
1757658208499 160.08313630861002 359
1757658208593 160.05933889377675 360
1757658208690 160.03554506459557 361
1757658208778 160.0117548205247 362
1757658208867 159.98796816102242 363
1757658208959 159.96418508554703 364
1757658209056 159.94040559355702 365
1757658209151 159.9166296845109 366
1757658209257 159.89285735786729 367
1757658209350 159.8690886130848 368
1757658209446 159.84532344962227 369
1757658209544 159.82156186693857 370
1757658209644 159.7978038644926 371
1757658209742 159.7740494417433 372
1757658209838 159.7502985981499 373
1757658209938 159.72655133317147 374
1757658210045 159.70280764626733 375
1757658210150 159.67906753689678 376
1757658210253 159.65533100451927 377
1757658210353 159.6315980485943 378
1757658210452 159.60786866858143 379
1757658210547 159.58414286394037 380
1757658210646 159.5604206341308 381
1757658210740 159.53670197861263 382
1757658210830 159.51298689684575 383
1757658210926 159.4892753882901 384
1757658211016 159.46556745240588 385
1757658211124 159.4418630886531 386
1757658211221 159.41816229649206 387
1757658211317 159.3944650753831 388
1757658211416 159.37077142478662 389
1757658211510 159.3470813441631 390
1757658211605 159.3233948329731 391
1757658211707 159.29971189067726 392
1757658211805 159.2760325167363 393
1757658211899 159.25235671061108 394
1757658211994 159.22868447176248 395
1757658212088 159.20501579965142 396
1757658212185 159.18135069373898 397
1757658212282 159.15768915348633 398
1757658212376 159.13403117835466 399
1757658212470 159.11037676780532 400
1757658212564 159.0867259212996 401
1757658212660 159.063078638299 402
1757658212754 159.0394349182651 403
1757658212841 159.01579476065956 404
1757658212936 158.99215816494396 405
1757658213035 158.96852513058016 406
1757658213128 158.9448956570301 407
1757658213225 158.9212697437556 408
1757658213342 158.8976473902188 409
1757658213439 158.87402859588173 410
1757658213538 158.8504133602067 411
1757658213642 158.82680168265586 412
1757658213739 158.8031935626916 413
1757658213838 158.77958899977642 414
1757658213940 158.75598799337283 415
1757658214041 158.7323905429434 416
1757658214139 158.7087966479508 417
1757658214239 158.68520630785787 418
1757658214336 158.66161952212738 419
1757658214434 158.6380362902223 420
1757658214532 158.61445661160562 421
1757658214630 158.5908804857404 422
1757658214727 158.56730791208992 423
1757658214824 158.5437388901173 424
1757658214920 158.52017341928598 425
1757658215013 158.4966114990593 426
1757658215100 158.47305312890083 427
1757658215194 158.4494983082741 428
1757658215286 158.42594703664278 429
1757658215379 158.40239931347057 430
1757658215473 158.37885513822133 431
1757658215569 158.355314510359 432
1757658215669 158.33177742934754 433
1757658215770 158.30824389465099 434
1757658215880 158.2847139057335 435
1757658215971 158.2611874620593 436
1757658216065 158.23766456309266 437
1757658216189 158.2141452082981 438
1757658216286 158.19062939713993 439
1757658216382 158.1671171290828 440
1757658216485 158.14360840359137 441
1757658216578 158.12010322013023 442
1757658216667 158.0966015781643 443
1757658216761 158.07310347715836 444
1757658216850 158.04960891657743 445
1757658216942 158.0261178958865 446
1757658217034 158.0026304145507 447
1757658217129 157.9791464720353 448
1757658217225 157.95566606780548 449
1757658217323 157.93218920132668 450
1757658217432 157.90871587206425 451
1757658217546 157.8852460794838 452
1757658217644 157.8617798230509 453
1757658217747 157.83831710223126 454
1757658217846 157.8148579164906 455
1757658217941 157.79140226529478 456
1757658218044 157.76795014810975 457
1757658218144 157.7445015644015 458
1757658218248 157.7210565136361 459
1757658218347 157.69761499527976 460
1757658218465 157.67417700879875 461
1757658218572 157.65074255365928 462
1757658218673 157.62731162932792 463
1757658218774 157.60388423527107 464
1757658218866 157.58046037095528 465
1757658218961 157.5570400358473 466
1757658219055 157.5336232294138 467
1757658219148 157.51020995112157 468
1757658219250 157.48680020043756 469
1757658219346 157.46339397682877 470
1757658219443 157.43999127976215 471
1757658219541 157.41659210870492 472
1757658219640 157.39319646312433 473
1757658219740 157.3698043424876 474
1757658219842 157.34641574626215 475
1757658219940 157.32303067391544 476
1757658220039 157.29964912491496 477
1757658220134 157.27627109872842 478
1757658220231 157.25289659482345 479
1757658220328 157.22952561266789 480
1757658220421 157.20615815172957 481
1757658220517 157.18279421147642 482
1757658220611 157.1594337913765 483
1757658220704 157.1360768908979 484
1757658220800 157.11272350950878 485
1757658220893 157.08937364667744 486
1757658220985 157.06602730187223 487
1757658221075 157.04268447456155 488
1757658221171 157.01934516421392 489
1757658221272 156.99600937029794 490
1757658221377 156.97267709228225 491
1757658221479 156.9493483296356 492
1757658221581 156.92602308182686 493
1757658221681 156.9027013483249 494
1757658221795 156.87938312859873 495
1757658221898 156.85606842211737 496
1757658221996 156.8327572283501 497
1757658222098 156.80944954676596 498
1757658222196 156.78614537683444 499
