1757424261362 169.47695929203246 0
1757424261415 156.79820876066907 1
1757424261469 151.4056082050677 2
1757424261522 146.07108651237132 3
1757424261584 141.00157479369398 4
1757424261630 136.1766764758589 5
1757424261673 131.58381324238724 6
1757424261715 127.21089073405858 7
1757424261763 123.04648478524508 8
1757424261814 119.07979688014241 9
1757424261865 115.30061899554495 10
1757424261920 111.69930025350203 11
1757424261972 108.26671549693602 12
1757424262019 104.99423566991108 13
1757424262067 101.8736998981109 14
1757424262116 98.89738917095484 15
1757424262168 96.05800153253176 16
1757424262218 93.348628693939 17
1757424262273 90.76273398470583 18
1757424262321 88.29413156577444 19
1757424262364 85.93696683102718 20
1757424262407 83.68569792859854 21
1757424262452 81.53507833721332 22
1757424262496 79.480140436561 23
1757424262537 77.51618001426553 24
1757424262593 75.63874165535086 25
1757424262646 73.84360496324922 26
1757424262698 72.12677156436177 27
1757424262748 70.48445285097218 28
1757424262790 68.91305841993893 29
1757424262832 67.40918516706823 30
1757424262878 65.96960699939675 31
1757424262954 64.59126512980907 32
1757424263016 63.27125892047854 33
1757424263062 62.00683724356681 34
1757424263108 60.79539032944855 35
1757424263151 59.634442074452664 36
1757424263202 58.521642781736176 37
1757424263256 57.45476231043649 38
1757424263303 56.431683609688356 39
1757424263350 55.45039661544837 40
1757424263397 54.50899248934797 41
1757424263443 53.60565817999862 42
1757424263497 52.73867128830596 43
1757424263550 51.90639521941765 44
1757424263595 51.10727460493352 45
1757424263637 50.33983097995433 46
1757424263682 49.60265870043587 47
1757424263734 48.89442108715571 48
1757424263780 48.21384678338994 49
1757424263827 47.55972631414224 50
1757424263874 46.930908835469374 51
1757424263920 46.326299063107484 52
1757424263969 45.74485437022603 53
1757424264015 45.185582044722544 54
1757424264057 44.6475366970231 55
1757424264106 44.129817809873906 56
1757424264157 43.63156742209876 57
1757424264200 43.15196793875893 58
1757424264250 42.6902400605865 59
1757424264300 42.245640825971655 60
1757424264348 41.8174617591701 61
1757424264396 41.405027118760195 62
1757424264439 41.00769224072147 63
1757424264484 40.624841970828804 64
1757424264532 40.25588918136049 65
1757424264579 39.90027336740394 66
1757424264626 39.55745931831342 67
1757424264671 39.22693586012711 68
1757424264719 38.90821466499114 69
1757424264765 38.600829123862944 70
1757424264809 38.30433327897929 71
1757424264855 38.01830081277432 72
1757424264902 37.742324090121436 73
1757424264949 37.476013250951034 74
1757424264998 37.21899535046305 75
1757424265047 36.970913544311664 76
1757424265096 36.73142631628781 77
1757424265145 36.50020674616552 78
1757424265194 36.27694181551033 79
1757424265240 36.06133174937227 80
1757424265285 35.85308939190342 81
1757424265333 35.65193961405053 82
1757424265381 35.457618751577705 83
1757424265426 35.269874071771966 84
1757424265475 35.08846326727759 85
1757424265520 34.91315397559207 86
1757424265565 34.74372332283914 87
1757424265612 34.57995749051165 88
1757424265659 34.421651303950455 89
1757424265707 34.26860784139413 90
1757424265751 34.12063806249993 91
1757424265802 33.977560455296846 92
1757424265845 33.839200700590496 93
1757424265893 33.70539135289304 94
1757424265943 33.575971537003575 95
1757424265994 33.450786659412415 96
1757424266044 33.32968813374856 97
1757424266092 33.212533119532914 98
1757424266139 33.099184273540324 99
1757424266185 32.989509513111784 100
1757424266234 32.88338179079476 101
1757424266280 32.78067887972316 102
1757424266327 32.68128316918125 103
1757424266379 32.58508146982576 104
1757424266427 32.49196482806943 105
1757424266477 32.401828349156055 106
1757424266528 32.31457102848288 107
1757424266570 32.23009559074995 108
1757424266613 32.14830833653912 109
1757424266658 32.0691189959468 110
1757424266711 31.992440588914516 111
1757424266763 31.9181892919208 112
1757424266814 31.846284310715973 113
1757424266861 31.77664775879824 114
1757424266908 31.709204541345702 115
1757424266953 31.643882244334183 116
1757424267005 31.58061102858499 117
1757424267053 31.519323528500486 118
1757424267103 31.459954755257783 119
1757424267156 31.402442004243436 120
1757424267212 31.346724766523167 121
1757424267264 31.292744644151306 122
1757424267317 31.240445269135375 123
1757424267368 31.189772225880283 124
1757424267419 31.140672976945964 125
1757424267470 31.093096791961113 126
1757424267522 31.04699467954338 127
1757424267573 31.002319322084592 128
1757424267625 30.95902501326619 129
1757424267674 30.91706759817775 130
1757424267726 30.876404415917243 131
1757424267776 30.83699424455832 132
1757424267828 30.798797248375436 133
1757424267874 30.76177492722342 134
1757424267925 30.72589006797299 135
1757424267976 30.691106697908936 136
1757424268029 30.65739004000213 137
1757424268083 30.624706469971162 138
1757424268138 30.59302347505329 139
1757424268191 30.56230961440873 140
1757424268245 30.532534481085708 141
1757424268303 30.503668665477516 142
1757424268358 30.475683720205858 143
1757424268413 30.448552126368497 144
1757424268465 30.422247261091552 145
1757424268522 30.396743366330206 146
1757424268575 30.372015518864057 147
1757424268628 30.348039601435943 148
1757424268677 30.32479227498544 149
1757424268731 30.302250951930812 150
1757424268782 30.28039377045496 151
1757424268836 30.259199569753434 152
1757424268894 30.238647866204207 153
1757424268944 30.218718830420993 154
1757424268997 30.199393265153496 155
1757424269048 30.180652583999898 156
1757424269099 30.162478790898234 157
1757424269150 30.144854460364968 158
1757424269202 30.12776271845055 159
1757424269256 30.111187224383027 160
1757424269307 30.09511215287208 161
1757424269359 30.079522177047192 162
1757424269411 30.064402452004735 163
1757424269461 30.049738598939914 164
1757424269509 30.03551668984063 165
1757424269556 30.021723232721204 166
1757424269600 30.008345157374904 167
1757424269650 29.995369801625408 168
1757424269704 29.982784898057638 169
1757424269751 29.970578561209823 170
1757424269803 29.958739275209023 171
1757424269858 29.94725588183341 172
1757424269912 29.936117568984965 173
1757424269968 29.925313859557217 174
1757424270021 29.914834600683427 175
1757424270067 29.904669953350517 176
1757424270116 29.894810382365765 177
1757424270175 29.885246646662637 178
1757424270224 29.875969789933816 179
1757424270272 29.866971131578918 180
1757424270324 29.85824225795578 181
1757424270371 29.849775013924145 182
1757424270421 29.84156149467113 183
1757424270474 29.83359403780834 184
1757424270524 29.825865215731028 185
1757424270570 29.81836782822953 186
1757424270621 29.811094895344574 187
1757424270669 29.804039650457227 188
1757424270717 29.797195533605645 189
1757424270768 29.79055618502026 190
1757424270817 29.784115438870174 191
1757424270870 29.777867317212916 192
1757424270919 29.771806024140876 193
1757424270970 29.76592594011731 194
1757424271018 29.760221616495553 195
1757424271070 29.75468777021506 196
1757424271126 29.74931927866812 197
1757424271178 29.744111174731614 198
1757424271234 29.739058641957946 199
1757424271289 29.734157009919933 200
1757424271342 29.729401749704298 201
1757424271392 29.724788469548898 202
1757424271441 29.720312910618613 203
1757424271489 29.715970942915582 204
1757424271539 29.711758561318895 205
1757424271593 29.70767188174975 206
1757424271648 29.703707137457737 207
1757424271698 29.699860675424247 208
1757424271756 29.696128952879164 209
1757424271812 29.692508533927057 210
1757424271869 29.688996086279335 211
1757424271928 29.68558837808882 212
1757424271983 29.682282274883367 213
1757424272045 29.67907473659544 214
1757424272098 29.675962814684308 215
1757424272156 29.672943649348024 216
1757424272211 29.67001446682216 217
1757424272267 29.667172576762532 218
1757424272323 29.664415369709275 219
1757424272381 29.66174031462951 220
1757424272433 29.6591449565361 221
1757424272487 29.65662691418025 222
1757424272542 29.654183877815257 223
1757424272591 29.651813607029442 224
1757424272636 29.64951392864584 225
1757424272681 29.647282734686637 226
1757424272727 29.645117980400265 227
1757424272777 29.64301768234922 228
1757424272829 29.640979916556507 229
1757424272881 29.63900281670909 230
1757424272932 29.637084572416363 231
1757424272983 29.635223427522067 232
1757424273034 29.633417678467787 233
1757424273089 29.631665672706557 234
1757424273135 29.629965807164993 235
1757424273190 29.62831652675228 236
1757424273245 29.62671632291478 237
1757424273301 29.625163732234626 238
1757424273354 29.62365733507108 239
1757424273415 29.622195754243204 240
1757424273474 29.620777653752718 241
1757424273531 29.619401737545534 242
1757424273586 29.618066748311104 243
1757424273646 29.61677146631809 244
1757424273703 29.615514708285502 245
1757424273759 29.61429532628792 246
1757424273815 29.61311220669408 247
1757424273870 29.61196426913746 248
1757424273931 29.61085046551821 249
1757424273987 29.609769779035126 250
1757424274040 29.608721223246988 251
1757424274095 29.607703841162323 252
1757424274150 29.606716704356568 253
1757424274203 29.60575891211601 254
1757424274263 29.604829590607466 255
1757424274314 29.60392789207312 256
1757424274377 29.60305299404966 257
1757424274433 29.60220409861078 258
1757424274490 29.601380431632776 259
1757424274551 29.600581242082082 260
1757424274602 29.599805801324305 261
1757424274652 29.59905340245414 262
1757424274707 29.598323359645317 263
1757424274762 29.597615007520265 264
1757424274816 29.596927700538583 265
1757424274871 29.59626081240401 266
1757424274928 29.595613735489117 267
1757424274987 29.594985880277406 268
1757424275039 29.594376674822076 269
1757424275091 29.593785564221044 270
1757424275142 29.593212010107763 271
1757424275192 29.592655490157338 272
1757424275245 29.592115497607356 273
1757424275296 29.591591540793257 274
1757424275346 29.591083142697432 275
1757424275398 29.590589840512067 276
1757424275452 29.590111185214862 277
1757424275506 29.589646741157644 278
1757424275560 29.589196085667194 279
1757424275619 29.588758808658117 280
1757424275681 29.588334512257198 281
1757424275737 29.587922810439114 282
1757424275795 29.58752332867296 283
1757424275856 29.587135703579442 284
1757424275916 29.58675958259821 285
1757424275970 29.586394623665274 286
1757424276022 29.586040494899994 287
1757424276077 29.585696874301433 288
1757424276136 29.585363449453794 289
1757424276194 29.585039917240692 290
1757424276250 29.584725983567896 291
