1757655474377 39.0553650754507 0
1757655474464 9.591580435701838 1
1757655474549 1.816879056737938 2
1757655474630 2.838312550470683 3
1757655474712 1.8870555234966744 4
1757655474794 0.8207668608528108 5
1757655474873 1.3733935108325876 6
1757655474956 1.5940972486721767 7
1757655475028 1.202192605423467 8
1757655475103 0.879992684875318 9
1757655475183 0.47421457169990583 10
1757655475264 1.4776016312110298 11
1757655475349 0.7523622390712363 12
1757655475438 0.5171972506970927 13
1757655475525 1.7028522083280033 14
1757655475612 3.8124391939653797 15
1757655475705 1.6320955156115318 16
1757655475790 1.903780658569883 17
1757655475875 2.3801197730725105 18
1757655475962 0.7127664501132097 19
1757655476049 0.3439964860728943 20
1757655476134 1.4708406776795455 21
1757655476218 2.3981335343807735 22
1757655476303 0.8140492937773596 23
1757655476380 0.9906479555334367 24
1757655476453 0.7544715965965649 25
1757655476533 1.2384705502457907 26
1757655476615 1.7573914441290337 27
1757655476700 1.6013765323919025 28
1757655476785 1.2870792283342465 29
1757655476869 1.8936559692061616 30
1757655476956 0.9458699737623187 31
1757655477042 0.8211272884678914 32
1757655477123 1.9025326187116514 33
1757655477205 0.4593849802384888 34
1757655477292 0.6571682043026318 35
1757655477379 0.5692258441603932 36
1757655477468 1.5029861947239846 37
1757655477555 0.8396737931096917 38
1757655477643 1.4874206644292662 39
1757655477730 1.0492638540218622 40
1757655477818 0.9534026102691132 41
1757655477907 2.0211342461540567 42
1757655478000 2.9479932314216235 43
1757655478089 1.2491137363174587 44
1757655478228 1.065767360180647 45
1757655478335 1.5543388626703727 46
1757655478425 1.5637037001364176 47
1757655478516 1.5008235204996307 48
1757655478602 0.848766615449525 49
1757655478685 1.1563887967532753 50
1757655478777 0.6787331312921168 51
1757655478862 1.056812385946042 52
1757655478950 1.9754797317655095 53
1757655479042 1.194356394840123 54
1757655479125 0.92234814136597 55
1757655479210 0.7522684018367934 56
1757655479291 2.8309309562914393 57
1757655479377 1.1540240403613633 58
1757655479462 0.6692189004442879 59
1757655479550 1.0740941177554606 60
1757655479635 0.48789033834664297 61
1757655479725 1.6659497846438018 62
1757655479812 0.7355612036296016 63
1757655479898 1.2408382009167513 64
1757655479987 1.380940226524953 65
1757655480079 1.310276720281283 66
1757655480168 0.7118517962250763 67
1757655480256 0.9602090649642929 68
1757655480343 1.5740519591180557 69
1757655480430 1.4097507350907823 70
1757655480516 0.7389580919801473 71
1757655480602 1.3169357026575355 72
1757655480689 2.019399748601872 73
1757655480777 0.6884913505726277 74
1757655480865 0.9330570298305187 75
1757655480953 3.3840362559625974 76
1757655481042 1.955179753584997 77
1757655481129 0.8232813571603257 78
1757655481209 1.9849872674397075 79
1757655481289 1.173097907397058 80
1757655481375 0.9409333160712748 81
1757655481465 2.6790139567098787 82
1757655481553 1.5792467047550385 83
1757655481645 0.6108137918830565 84
1757655481735 2.4249584187800877 85
1757655481828 1.5905528286810464 86
1757655481921 0.9754025694138039 87
1757655482013 1.6326612870459987 88
1757655482101 0.7805196025646416 89
1757655482189 0.6568779400252707 90
1757655482278 2.535571808763217 91
1757655482369 1.243343058363621 92
1757655482454 3.9093319688126975 93
1757655482538 2.2721068987395423 94
1757655482628 1.2855471086142627 95
1757655482716 0.8077092964858515 96
1757655482803 1.1267491530750184 97
1757655482893 1.1145882584462314 98
1757655482984 1.1880038703403983 99
1757655483076 1.2159413277467872 100
1757655483162 1.1271878156286825 101
1757655483243 1.062316462049216 102
1757655483334 2.2958312396148024 103
1757655483425 1.2025343269142557 104
1757655483522 1.8382180827137822 105
1757655483612 1.555857743891998 106
1757655483698 0.8010677189514565 107
1757655483787 0.8822990496197481 108
1757655483875 0.9309217695707581 109
1757655483963 1.6660389507273776 110
1757655484050 1.5939514962600445 111
1757655484136 1.4669973857331706 112
1757655484228 1.3781058732236438 113
1757655484317 0.44751405667926164 114
1757655484409 0.9048091040468279 115
1757655484500 1.949603335336503 116
1757655484589 3.1307944452632688 117
1757655484677 0.7063811084935445 118
1757655484767 1.8617899207610933 119
1757655484859 2.2539133562696665 120
1757655484950 1.1980768266963202 121
1757655485040 0.5386398435675835 122
1757655485127 1.0978095106037153 123
1757655485209 0.5684039557582089 124
1757655485296 1.9132619725857773 125
1757655485384 0.8274903142839682 126
1757655485477 2.04835805905228 127
1757655485566 1.9114822361510277 128
1757655485660 0.7460143834401154 129
1757655485748 1.8277626483666134 130
1757655485839 2.243347050936117 131
1757655485929 1.8179068623430743 132
1757655486023 2.2166330859831906 133
1757655486115 2.8752082853327483 134
1757655486209 2.6535075439390123 135
1757655486300 3.142549502895151 136
1757655486387 1.6963397521390413 137
1757655486485 1.0833032345532088 138
1757655486576 1.527836835645623 139
1757655486663 1.6054453685213748 140
1757655486751 1.5671625849826665 141
1757655486841 0.8610979515529071 142
1757655486932 1.2708560310762458 143
1757655487025 1.0517649642543851 144
1757655487115 1.4113394871118286 145
1757655487205 1.6596630212108787 146
1757655487290 1.1400555327617552 147
1757655487377 2.5454050724738875 148
1757655487467 0.9443341192398369 149
1757655487553 5.010973092762682 150
1757655487638 0.7246889327620882 151
1757655487728 3.1880511815876775 152
1757655487815 1.3446342228569916 153
1757655487901 1.2317548854969225 154
1757655487989 1.769566141426134 155
1757655488078 4.98091780576462 156
1757655488167 3.221882506986405 157
1757655488259 1.0554706125474562 158
1757655488349 0.7402302767912683 159
1757655488440 1.9589062232068002 160
1757655488531 0.7906842626905437 161
1757655488622 1.5578138400801063 162
1757655488704 0.959235852257455 163
1757655488780 1.5335220741695514 164
1757655488864 1.160036853902683 165
1757655488949 0.7823653607405089 166
1757655489033 1.260399694297481 167
1757655489125 1.0951351037206425 168
1757655489214 2.565565639959432 169
1757655489296 0.9191955431841997 170
1757655489384 1.936303553547595 171
1757655489472 1.04342205017985 172
1757655489564 2.2268225408043616 173
1757655489658 0.930088983813497 174
1757655489748 2.495172504955126 175
1757655489834 1.6602246789723338 176
1757655489927 2.135398743608075 177
1757655490015 1.9876201117404098 178
1757655490104 1.280484441555519 179
1757655490194 1.1838655217879896 180
1757655490288 1.1792719920790515 181
1757655490383 4.134184453137376 182
1757655490477 1.1922360099585194 183
1757655490566 1.600215849797548 184
1757655490656 1.1639899556188074 185
1757655490747 3.6382948596101823 186
1757655490838 0.9721918950659981 187
1757655490933 4.762819922157901 188
1757655491022 1.174161675963136 189
1757655491115 1.9573294257522051 190
1757655491207 0.7893683789366466 191
1757655491294 1.7071094799339968 192
1757655491379 2.1212657278158344 193
1757655491472 1.8331647258698753 194
1757655491563 3.0832292367404524 195
1757655491653 1.7314752828431208 196
1757655491742 1.0916259105419577 197
1757655491832 1.9804716014585637 198
1757655491928 1.9509524856578655 199
1757655492032 1.1623439864479124 200
1757655492136 1.5337586148003732 201
1757655492237 1.351315224183226 202
1757655492334 1.2267700429170376 203
1757655492426 0.9773621705436573 204
1757655492519 2.1239089380576384 205
1757655492611 0.7239816871444908 206
1757655492701 1.3128358934956448 207
1757655492797 0.6240329866009297 208
1757655492886 3.0607054802925755 209
1757655492985 1.553148985096499 210
1757655493085 1.5471713224278774 211
1757655493183 0.9245764968260312 212
1757655493282 2.1317319622844657 213
1757655493379 1.6444391757482126 214
1757655493466 3.7293607134010123 215
1757655493569 0.502199504125673 216
1757655493660 0.5889262213929695 217
1757655493755 1.184940976191869 218
1757655493846 0.6252822950048637 219
1757655493942 2.783325309393367 220
1757655494039 1.9137107611606599 221
1757655494137 1.7742443344554812 222
1757655494232 1.6963332948165355 223
1757655494326 4.325111527780365 224
1757655494416 1.1533936630300932 225
1757655494510 0.8841053662657524 226
1757655494605 1.2726097341323177 227
1757655494696 1.2253019376334449 228
1757655494786 0.6743884425284055 229
1757655494879 1.2066364503661218 230
1757655494975 1.76734384954759 231
1757655495067 4.55833779488353 232
1757655495161 1.669690473114281 233
1757655495254 2.3954354505986952 234
1757655495341 2.058748371892815 235
1757655495429 0.8940698759615335 236
1757655495518 1.3081092247662294 237
1757655495609 1.6401128669266354 238
1757655495705 1.332763070857188 239
1757655495794 1.6102972768166486 240
1757655495890 1.8091675196808514 241
1757655495987 1.899145883751018 242
1757655496082 0.6170412031313609 243
1757655496182 0.6836359128547488 244
1757655496273 1.8464644462884525 245
1757655496368 0.7012095198041924 246
1757655496465 1.5925217323496885 247
1757655496557 1.30611420189275 248
1757655496653 2.3747683273344706 249
1757655496745 2.753718999258651 250
1757655496838 4.166439501251232 251
1757655496932 3.9957723831490712 252
1757655497023 1.8199747037657537 253
1757655497114 1.6690529997413481 254
1757655497211 1.2262846399318097 255
1757655497308 1.0199165749665025 256
1757655497389 1.2471298692127402 257
1757655497480 0.8051434318251854 258
1757655497567 1.9318246799925072 259
1757655497656 1.0062933131196832 260
1757655497746 1.0582354167316301 261
1757655497843 1.4793467218196967 262
1757655497938 1.3062808926158884 263
1757655498029 2.567322417140602 264
1757655498126 2.885508184610501 265
1757655498243 2.0521978205632627 266
1757655498340 1.19736055261495 267
1757655498435 1.397192082797374 268
1757655498529 0.8975747806129323 269
1757655498623 1.4593187140831778 270
1757655498715 2.5555232025906767 271
1757655498809 1.8484409864002833 272
1757655498904 1.0579753979286814 273
1757655498998 2.7919784340604132 274
1757655499093 1.6646842398463926 275
1757655499188 0.8958403530239832 276
1757655499285 1.3938387741219418 277
1757655499379 1.3508503133900733 278
1757655499469 2.3747230620620283 279
1757655499553 1.495356942034419 280
1757655499638 2.533700724149256 281
1757655499722 2.1791841077857828 282
1757655499806 3.4940079663351855 283
1757655499890 1.0629118361688619 284
1757655499974 2.103682406028158 285
1757655500058 1.313315023079294 286
1757655500145 1.786164292767875 287
1757655500235 3.273195205380901 288
1757655500336 1.4881123840943724 289
1757655500431 1.2652516791899464 290
1757655500525 0.9891157580253936 291
1757655500620 1.7436302634341843 292
1757655500714 0.7804218571911834 293
1757655500810 1.0644074095566634 294
1757655500909 1.393556927912619 295
1757655501006 1.32987893192625 296
1757655501103 1.0680119767867742 297
1757655501198 1.187318141797751 298
1757655501290 1.2133491167504173 299
1757655501380 1.9980656226586972 300
1757655501466 1.0400185003545868 301
1757655501559 1.3967292089723216 302
1757655501652 0.9099841188907478 303
1757655501746 2.1802927233828604 304
1757655501841 1.1835735908330487 305
1757655501932 1.5809662902911068 306
1757655502031 0.9489956660513231 307
1757655502124 2.4361908129332797 308
1757655502218 1.2876286888429174 309
1757655502314 1.1890740472193746 310
1757655502412 2.003869443151933 311
1757655502508 1.949792761301707 312
1757655502607 1.179060798073296 313
1757655502703 0.665414683627664 314
1757655502800 0.9698603670287526 315
1757655502894 0.6855219637154155 316
1757655502988 2.7016806339991435 317
1757655503080 1.782333057649458 318
1757655503172 0.6796208845504554 319
1757655503262 1.926854979863551 320
1757655503354 1.55235363470147 321
1757655503441 1.6085930522002676 322
1757655503527 1.6518421923848376 323
1757655503618 1.2233806709511654 324
1757655503708 1.07364461701491 325
1757655503800 1.6756467705536182 326
1757655503889 1.0448277413690417 327
1757655503982 2.2222453794735806 328
1757655504078 1.2854251122228757 329
1757655504169 0.887482520963891 330
1757655504263 1.3791791934529112 331
1757655504359 0.735277104445145 332
1757655504450 1.2773550048115687 333
1757655504544 4.172538415894744 334
1757655504638 0.817359124627308 335
1757655504729 0.8995581477606246 336
1757655504822 3.1478198703465057 337
1757655504914 1.6306844969102754 338
1757655505007 1.1746146355372342 339
1757655505098 0.98554416358603 340
1757655505191 1.895100713255151 341
1757655505282 2.028795758383794 342
1757655505376 1.8039374192794262 343
1757655505465 1.1709524132259885 344
1757655505554 3.840522974996052 345
1757655505647 1.302744544983504 346
1757655505737 4.202157683432029 347
1757655505829 0.9867497076045135 348
1757655505927 1.3553321183100255 349
1757655506020 0.8131656628567353 350
1757655506112 1.162132377619803 351
1757655506205 1.953372257452287 352
1757655506302 2.339886224349016 353
1757655506397 1.0629251109355968 354
