1757444088477 157.85173008155687 0
1757444088546 148.75339903011826 1
1757444088613 137.56213989987293 2
1757444088675 124.42034054104052 3
1757444088744 118.36641371510112 4
1757444088808 105.74752996555095 5
1757444088874 98.3684763835007 6
1757444088935 97.4221774605133 7
1757444089003 91.77305036986806 8
1757444089065 83.98320890543555 9
1757444089128 78.55512333144776 10
1757444089194 75.00145581832598 11
1757444089260 69.61276134268994 12
1757444089316 63.168347863965195 13
1757444089380 60.25020924308885 14
1757444089449 56.62815532354659 15
1757444089512 51.21655000317851 16
1757444089577 47.857916259386926 17
1757444089643 46.0669013463804 18
1757444089705 39.84417285683904 19
1757444089776 40.669015059714894 20
1757444089838 35.373670670336715 21
1757444089902 31.40157103607428 22
1757444089965 31.378339834091264 23
1757444090030 31.109904213354916 24
1757444090095 27.614788279013883 25
1757444090154 25.475282529826615 26
1757444090219 27.06545226725312 27
1757444090282 23.024295239282445 28
1757444090345 22.107133028739618 29
1757444090412 20.788268859987575 30
1757444090480 21.628747772687845 31
1757444090551 19.358956219550798 32
1757444090625 17.446532993992918 33
1757444090696 15.35900071495263 34
1757444090767 16.693383673721268 35
1757444090840 14.22466463763259 36
1757444090910 14.23434623988414 37
1757444090979 11.850112304369533 38
1757444091047 13.254115307783444 39
1757444091116 11.785826334884584 40
1757444091188 10.746467990516233 41
1757444091260 10.95875073107906 42
1757444091326 11.352995132936805 43
1757444091386 9.988753034681906 44
1757444091448 10.583256713114814 45
1757444091513 7.938446680426106 46
1757444091578 8.341079127049102 47
1757444091643 6.968120717670383 48
1757444091712 9.383916235944533 49
1757444091784 7.392681487584777 50
1757444091853 5.282693209443662 51
1757444091925 6.619236557120831 52
1757444091998 5.084254005860345 53
1757444092073 4.670398367550667 54
1757444092144 5.036498885638043 55
1757444092208 9.69300031147398 56
1757444092271 6.430518656094232 57
1757444092336 6.270782641259947 58
1757444092403 8.601520637527663 59
1757444092472 4.7015062234557 60
1757444092535 4.734811161707352 61
1757444092597 5.233441889400675 62
1757444092666 3.563552336545682 63
1757444092735 6.480273130241223 64
1757444092805 4.514926369299469 65
1757444092876 3.770098529875638 66
1757444092948 3.443118897683683 67
1757444093019 3.171753234138505 68
1757444093087 2.78053330684992 69
1757444093154 4.854329156040677 70
1757444093220 3.637160857010177 71
1757444093289 4.826598579861011 72
1757444093351 2.6270630516433227 73
1757444093412 3.8827626513399798 74
1757444093478 2.577990133533066 75
1757444093543 2.2835530834193367 76
1757444093610 3.6665680788089507 77
1757444093675 1.2726288808871096 78
1757444093740 1.8654970360232668 79
1757444093809 0.945339228697137 80
1757444093874 3.0187577161196604 81
1757444093943 2.7910008784614053 82
1757444094011 2.4353463988519892 83
1757444094079 2.54386243554202 84
1757444094147 2.797898484245409 85
1757444094216 3.6564657998354013 86
1757444094284 2.81127623645957 87
1757444094355 2.1206610811601294 88
1757444094418 2.1214758043288664 89
1757444094488 1.6129294352233408 90
1757444094557 1.9340352770501101 91
1757444094618 4.117845443067054 92
1757444094684 1.88324446699686 93
1757444094747 2.073640879621946 94
1757444094815 1.2928385952530546 95
1757444094880 4.96179780925863 96
1757444094945 1.7294901510484433 97
1757444095015 2.0418562571131478 98
1757444095083 2.970242958979571 99
1757444095146 2.6867271868322313 100
1757444095213 1.3582143244390659 101
1757444095278 3.019267766781441 102
1757444095343 3.785667224786937 103
1757444095401 0.8787906337923921 104
1757444095465 1.1215145719489739 105
1757444095533 2.378284008082245 106
1757444095602 2.863028033119726 107
1757444095669 3.336283657934807 108
1757444095736 0.9187697780784162 109
1757444095804 1.7595468247886998 110
1757444095871 2.0383614025572614 111
1757444095935 1.649821257117153 112
1757444096000 0.8909707557856573 113
1757444096069 3.131534449475736 114
1757444096136 1.6180424391790318 115
1757444096200 1.1763676334087096 116
1757444096269 2.1743124686101223 117
1757444096337 1.392432838822864 118
1757444096402 2.1500879599844867 119
1757444096457 1.7025724812223966 120
1757444096511 2.2775056178790685 121
1757444096575 2.4168976730371066 122
1757444096643 2.183673851484431 123
1757444096708 1.7946362012476798 124
1757444096781 1.685541131197944 125
1757444096858 1.2060522841452412 126
1757444096938 1.7157249869980833 127
1757444097011 1.792953265244089 128
1757444097082 2.8583231988422018 129
1757444097156 1.8605347764905629 130
1757444097228 1.7773531353182905 131
1757444097298 2.1334796953722246 132
1757444097368 2.0192409406548495 133
1757444097435 2.1619124934407727 134
1757444097498 2.209685636128338 135
1757444097565 1.6407450097151894 136
1757444097633 2.9774113866288587 137
1757444097699 1.4495462970258157 138
1757444097764 2.2540033629084073 139
1757444097828 1.6231794502170853 140
1757444097896 1.0198605319665863 141
1757444097960 2.8289467001759023 142
1757444098026 1.3632689056108465 143
1757444098094 1.0685091485423073 144
1757444098165 0.8842940518822208 145
1757444098235 2.373438864633071 146
1757444098303 2.539781811074765 147
1757444098376 1.835269544670386 148
1757444098448 2.451435550473376 149
1757444098521 2.1230541620136147 150
1757444098593 1.7565433719862065 151
1757444098684 2.841070567560462 152
1757444098773 2.676528927540333 153
1757444098848 1.5134867254535571 154
1757444098920 1.2739163240293265 155
1757444098996 1.1313947383423704 156
1757444099075 2.7352913325366917 157
1757444099147 2.9297914787860346 158
1757444099220 4.328121373929319 159
1757444099291 1.9980460829192366 160
1757444099364 1.0339975207903702 161
1757444099426 1.8229311048620147 162
1757444099497 2.284996477462527 163
1757444099565 2.792224732206071 164
1757444099633 0.9845095162233038 165
1757444099701 2.7371979127037083 166
1757444099770 2.935622639501884 167
1757444099833 2.2483296869405627 168
1757444099901 0.9965053172671985 169
1757444099970 1.749859287784803 170
1757444100033 2.593193050415233 171
1757444100096 2.180625790925995 172
1757444100164 3.265063951069079 173
1757444100231 2.6062155362697146 174
1757444100298 2.932279128622796 175
1757444100364 1.4105066190605495 176
1757444100426 1.0281629605553366 177
1757444100496 3.5745435364732536 178
1757444100567 1.9673731273147295 179
1757444100633 2.086461518134166 180
1757444100721 2.0894799068760816 181
1757444100789 1.631592080100173 182
1757444100854 1.407756214269048 183
1757444100922 3.6160677422328336 184
1757444100992 3.4714637243937707 185
1757444101063 1.265114316613312 186
1757444101132 3.022860157254842 187
1757444101206 1.592172567752066 188
1757444101275 1.8485357634713666 189
1757444101344 2.691684872841268 190
1757444101412 1.882480238919638 191
1757444101471 1.3880044869187347 192
1757444101541 1.2519423037267807 193
1757444101607 1.5045191015777581 194
1757444101678 1.9139111593237512 195
1757444101752 4.486646311324585 196
1757444101825 1.347504536606798 197
