1757424347458 169.23267688455206 0
1757424347515 156.6507216712438 1
1757424347559 151.12184783996918 2
1757424347614 145.67340994328492 3
1757424347662 140.45777362854162 4
1757424347707 135.46103032535788 5
1757424347755 130.6740393963773 6
1757424347797 126.08748099632272 7
1757424347839 121.69293812434387 8
1757424347889 117.48187733966336 9
1757424347933 113.44662181879522 10
1757424347980 109.57935467905601 11
1757424348030 105.87307494034599 12
1757424348075 102.3206203542752 13
1757424348126 98.91560701978875 14
1757424348173 95.65147078429789 15
1757424348224 92.52239118732459 16
1757424348274 89.52235054814591 17
1757424348326 86.64604288643247 18
1757424348375 83.88794985532581 19
1757424348420 81.24323526355971 20
1757424348467 78.70683705489725 21
1757424348512 76.27434803243402 22
1757424348562 73.94112312506604 23
1757424348609 71.70314689158585 24
1757424348666 69.55615535246886 25
1757424348718 67.49649082898608 26
1757424348768 65.52023765421245 27
1757424348819 63.62406488069061 28
1757424348870 61.80437521829641 29
1757424348919 60.058136122993886 30
1757424349061 58.38204134114992 31
1757424349107 56.773330871612814 32
1757424349154 55.22896452635377 33
1757424349200 53.746431238472326 34
1757424349245 52.322934077751874 35
1757424349287 50.956189358234404 36
1757424349334 49.64362257450061 37
1757424349380 48.38315774415302 38
1757424349431 47.17242375645228 39
1757424349486 46.00953436738805 40
1757424349540 44.892304476801954 41
1757424349591 43.819021176696225 42
1757424349643 42.787669496222875 43
1757424349699 41.796694887468014 44
1757424349754 40.844299766707444 45
1757424349808 39.928857155652985 46
1757424349857 39.048991992091935 47
1757424349909 38.20305414491345 48
1757424349962 37.38982774050329 49
1757424350013 36.60778692428017 50
1757424350070 35.855831305316705 51
1757424350124 35.132549041935626 52
1757424350179 34.43694527142394 53
1757424350230 33.76771249656837 54
1757424350288 33.12395229823548 55
1757424350339 32.50445268744363 56
1757424350394 31.908403392333526 57
1757424350448 31.334679856043728 58
1757424350507 30.782552377316946 59
1757424350559 30.25097644948655 60
1757424350609 29.73929602216373 61
1757424350652 29.246539890946508 62
1757424350704 28.772119336299724 63
1757424350756 28.315187087654433 64
1757424350813 27.87501641887528 65
1757424350872 27.451079066838595 66
1757424350926 27.04256145411716 67
1757424350980 26.649019042943102 68
1757424351033 26.269691933051618 69
1757424351081 25.90418481087432 70
1757424351133 25.551787192661543 71
1757424351180 25.212148779120938 72
1757424351229 24.884604378886067 73
1757424351283 24.56884486515252 74
1757424351341 24.264246566683575 75
1757424351398 23.970538019227437 76
1757424351451 23.6871336210035 77
1757424351510 23.413796363379646 78
1757424351565 23.149975557175992 79
1757424351622 22.895465719117666 80
1757424351675 22.649748184239247 81
1757424351729 22.41264631699567 82
1757424351780 22.183724420448083 83
1757424351836 21.962644051710658 84
1757424351884 21.7492393386016 85
1757424351937 21.543060770542 86
1757424351991 21.34399361089112 87
1757424352048 21.151611856550346 88
1757424352105 20.965821939981783 89
1757424352158 20.786219631483327 90
1757424352213 20.61273074281812 91
1757424352266 20.444971042167666 92
1757424352321 20.28288408781199 93
1757424352375 20.12610401981211 94
1757424352423 19.974590650244473 95
1757424352476 19.827995001804783 96
1757424352529 19.686291775575846 97
1757424352582 19.549147512681465 98
1757424352633 19.416550555275926 99
1757424352683 19.288181713036472 100
1757424352735 19.16404182799782 101
1757424352789 19.043876340859374 102
1757424352838 18.927516689243014 103
1757424352889 18.814953770694213 104
1757424352940 18.70589940629126 105
1757424352990 18.600381344239096 106
1757424353044 18.498121889456794 107
1757424353104 18.3991580131037 108
1757424353159 18.303221835952773 109
1757424353207 18.21035878499781 110
1757424353258 18.120310022093136 111
1757424353310 18.03312873090904 112
1757424353361 17.948564403593842 113
1757424353413 17.86667734068944 114
1757424353469 17.78722471246608 115
1757424353526 17.710273350771775 116
1757424353579 17.63558750547252 117
1757424353629 17.56324000372787 118
1757424353684 17.49300162557786 119
1757424353776 17.424950702806456 120
1757424353833 17.358864041159407 121
1757424353882 17.294825027771942 122
1757424353928 17.232666082195383 123
1757424353975 17.172299521760237 124
1757424354022 17.113789646049806 125
1757424354069 17.056926503752294 126
1757424354121 17.001804425635317 127
1757424354171 16.948217865621004 128
1757424354222 16.89626491727051 129
1757424354358 16.845744252100857 130
1757424354462 16.796757421209612 131
1757424354513 16.749106996819606 132
1757424354567 16.70289771016306 133
1757424354615 16.657935742635107 134
1757424354672 16.614328751343493 135
1757424354727 16.571886258614914 136
1757424354778 16.530718614340277 137
1757424354830 16.490638434890695 138
1757424354890 16.451758549210783 139
1757424354950 16.413894440408583 140
1757424355010 16.377161220467702 141
1757424355065 16.341377029882384 142
1757424355121 16.3066590838692 143
1757424355184 16.272877138933172 144
1757424355240 16.23997781510276 145
1757424355295 16.208055795922995 146
1757424355354 16.1769351660606 147
1757424355410 16.146737737040915 148
1757424355463 16.117289494600527 149
1757424355519 16.08871383510314 150
1757424355575 16.060838644943555 151
1757424355631 16.03378878077785 152
1757424355689 16.007393895713577 153
1757424355749 15.98178019438832 154
1757424355809 15.956778972914663 155
1757424355863 15.932517680728752 156
1757424355916 15.908829142692856 157
1757424355970 15.885841958218144 158
1757424356063 15.86339037534771 159
1757424356118 15.841604056302101 160
1757424356174 15.82031857472146 161
1757424356230 15.799664575486483 162
1757424356287 15.779478867592813 163
1757424356341 15.759893004861784 164
1757424356394 15.740793543769385 165
1757424356448 15.722142310351416 166
1757424356508 15.704047041468925 167
1757424356555 15.686347386965359 168
1757424356606 15.669176918762693 169
1757424356658 15.65237611887266 170
1757424356712 15.636079255363834 171
1757424356766 15.620127715809172 172
1757424356819 15.604656411531066 173
1757424356876 15.589507576545358 174
1757424356923 15.574816718620552 175
1757424356972 15.560426863338403 176
1757424357030 15.546474071769406 177
1757424357084 15.532802110136696 178
1757424357135 15.519547553030069 179
1757424357189 15.506554860034102 180
1757424357240 15.493961082561022 181
1757424357297 15.481611329638831 182
1757424357356 15.469643095638775 183
1757424357415 15.457902098216673 184
1757424357472 15.44652624344193 185
1757424357528 15.435361819646495 186
1757424357581 15.42454711572799 187
1757424357637 15.413977181898629 188
1757424357696 15.403621398724292 189
1757424357757 15.393593741871978 190
1757424357815 15.383741876436362 191
1757424357873 15.37420496698393 192
1757424357925 15.364831003937363 193
1757424357989 15.355759451636654 194
1757424358050 15.34683873048942 195
1757424358106 15.33820858234554 196
1757424358167 15.329717831968608 197
1757424358222 15.321506479939472 198
1757424358278 15.313423731425527 199
1757424358337 15.30560982834827 200
1757424358393 15.297914333920287 201
1757424358454 15.290477715291047 202
1757424358506 15.283149872836285 203
1757424358556 15.27607148399753 204
1757424358611 15.269092766800455 205
1757424358668 15.262354595126984 206
1757424358724 15.255707486408998 207
1757424358784 15.249292498116628 208
1757424358844 15.243008454340702 209
1757424358903 15.23682803430373 210
1757424358960 15.230867829504195 211
1757424359021 15.224979130078458 212
1757424359079 15.219303433098487 213
1757424359139 15.21369214369242 214
1757424359197 15.208286906091098 215
1757424359261 15.202939356271647 216
1757424359319 15.197791274478986 217
1757424359371 15.192694514861234 218
1757424359426 15.18779098508842 219
1757424359483 15.182932745546763 220
1757424359543 15.178261823337355 221
1757424359599 15.173630473884677 222
1757424359651 15.16918083627579 223
1757424359702 15.164765350456468 224
1757424359758 15.160526260562396 225
1757424359811 15.156316181179967 226
1757424359869 15.152277455025956 227
1757424359929 15.14826286204005 228
1757424359981 15.144414837487357 229
1757424360038 15.14058631792705 230
1757424360091 15.136919825542618 231
1757424360149 15.133316335003785 232
1757424360203 15.129750375969568 233
1757424360259 15.12633995108131 234
1757424360312 15.122938448191316 235
1757424360370 15.119688615562048 236
1757424360424 15.11644384348169 237
1757424360480 15.113346951899585 238
1757424360534 15.110251454466896 239
1757424360594 15.107300236796966 240
1757424360646 15.104346929663517 241
1757424360704 15.101534480457959 242
1757424360757 15.098716631151667 243
1757424360815 15.096036387276484 244
1757424360871 15.0933475964107 245
1757424360925 15.090793318818877 246
1757424360980 15.088227502408657 247
1757424361032 15.085793258983337 248
1757424361088 15.083344631796049 249
1757424361141 15.081024781193669 250
1757424361197 15.078687841066346 251
1757424361253 15.076477017494554 252
1757424361316 15.074294347165763 253
1757424361373 15.072115263433282 254
1757424361432 15.07005843893478 255
1757424361490 15.067978308850906 256
1757424361544 15.066018213462433 257
1757424361595 15.064032537585147 258
1757424361656 15.062164660366502 259
1757424361716 15.060269039175376 260
1757424361772 15.058489088057325 261
1757424361836 15.056679333506832 262
1757424361896 15.054983222472307 263
1757424361959 15.053255347289264 264
1757424362026 15.051639185932377 265
1757424362079 15.04998939346671 266
1757424362131 15.048449477126567 267
1757424362190 15.046874151758033 268
1757424362253 15.045406952191296 269
1757424362314 15.043902650258481 270
1757424362375 15.04250480681806 271
1757424362429 15.041068248038039 272
1757424362479 15.039736559327604 273
1757424362531 15.03836461867695 274
1757424362587 15.037096034652755 275
1757424362645 15.035833502250503 276
1757424362702 15.034553009378293 277
1757424362756 15.033373628569102 278
1757424362856 15.032150450169857 279
1757424362916 15.031027166125451 280
1757424362968 15.029858784988193 281
1757424363023 15.028789019244144 282
1757424363074 15.027672919574266 283
1757424363124 15.026654216099262 284
1757424363175 15.025587999779857 285
1757424363226 15.024618017355971 286
1757424363287 15.023599398272822 287
1757424363345 15.022675904930797 288
1757424363398 15.0217027035534 289
1757424363449 15.02082357129508 290
1757424363498 15.019893709535703 291
1757424363552 15.01905690932657 292
1757424363608 15.01816840566173 293
1757424363668 15.017372002678496 294
1757424363728 15.016522967518437 295
1757424363790 15.015765116637594 296
1757424363852 15.015001489491679 297
1757424363914 15.014208363566743 298
1757424363970 15.013505019479414 299
1757424364027 15.012746891387629 300
1757424364093 15.012077854533638 301
1757424364155 15.011353245209428 302
1757424364215 15.010716950259477 303
1757424364274 15.010024332480942 304
1757424364331 15.009419287896764 305
1757424364391 15.00875720473198 306
1757424364447 15.008181987618999 307
1757424364506 15.007549049146437 308
1757424364562 15.007002302017836 309
1757424364624 15.006397182171723 310
1757424364682 15.005877609872522 311
1757424364737 15.005299043442996 312
1757424364797 15.004805410224664 313
1757424364856 15.004252190004522 314
1757424364915 15.003783316742462 315
1757424364973 15.003254290812963 316
1757424365035 15.002809052359243 317
1757424365124 15.0023031215077 318
1757424365182 15.001880444172198 319
1757424365240 15.001444283151592 320
1757424365299 15.000971102243495 321
1757424365357 15.000580312813163 322
1757424365421 15.000127573322596 323
1757424365481 14.999756873531775 324
1757424365541 14.999323763850512 325
1757424365605 14.9989722401798 326
1757424365664 14.998557869502763 327
1757424365724 14.998224651717688 328
1757424365779 14.997828169777167 329
1757424365835 14.997512427267276 330
1757424365894 14.997133022495674 331
1757424365956 14.996833962443311 332
1757424366018 14.996470860186633 333
1757424366088 14.996187725823436 334
1757424366146 14.995840186639484 335
1757424366207 14.995572255585511 336
1757424366268 14.995239573622618 337
1757424366325 14.994986156303886 338
1757424366386 14.994667657756107 339
1757424366445 14.99442809589679 340
1757424366504 14.994170852398014 341
1757424366563 14.993872491131063 342
1757424366624 14.99365249594399 343
1757424366687 14.993366644023382 344
1757424366747 14.993158989326597 345
1757424366804 14.992885195555305 346
1757424366862 14.992689319941622 347
1757424366918 14.992427037454803 348
1757424366974 14.99224240659869 349
1757424367039 14.99199111325391 350
1757424367097 14.991817217017003 351
1757424367154 14.99157641430135 352
1757424367213 14.991412765627178 353
1757424367271 14.991181977578812 354
1757424367327 14.99102811143974 355
1757424367390 14.990806883619456 356
1757424367446 14.990662356012473 357
1757424367503 14.990450254522985 358
1757424367558 14.990314641512034 359
1757424367618 14.99011125206265 360
