1757444424942 84.7562906492118 0
1757444425019 43.317546479349275 1
1757444425088 22.121504698306747 2
1757444425155 11.929438933525537 3
1757444425215 7.649576992621203 4
1757444425270 4.965069999869383 5
1757444425332 4.473258311114492 6
1757444425397 2.9914736339399504 7
1757444425459 2.0265534202726796 8
1757444425519 2.79706788539512 9
1757444425574 4.185906896335365 10
1757444425638 2.743053747202924 11
1757444425703 1.3163052368494779 12
1757444425764 1.8105475538375142 13
1757444425829 0.8956915567434903 14
1757444425888 2.268293103958836 15
1757444425949 1.240879670795974 16
1757444426018 2.639439677040267 17
1757444426084 2.0998009125616592 18
1757444426158 1.8721505864215529 19
1757444426224 2.0744806816841113 20
1757444426283 2.8948581970552523 21
1757444426347 1.264325869294234 22
1757444426411 1.2472757324234582 23
1757444426475 2.1149861208799803 24
1757444426540 1.6540988250669648 25
1757444426610 0.5907168502819861 26
1757444426674 1.473101595509168 27
1757444426740 3.8672091655477203 28
1757444426797 1.9273328891905388 29
1757444426860 1.1601471656687161 30
1757444426923 2.22156272027431 31
1757444426988 1.3813707231895587 32
1757444427056 2.643113723588322 33
1757444427123 1.3433071825967104 34
1757444427175 2.5039588132441244 35
1757444427239 2.1463358452457126 36
1757444427304 3.019805032989323 37
1757444427370 2.018739262295514 38
1757444427432 1.7228379197290309 39
1757444427496 1.9415192965737806 40
1757444427563 3.1517465095009722 41
1757444427633 2.1762487330114446 42
1757444427697 2.118763310532329 43
1757444427759 1.1954680583044537 44
1757444427823 1.9325263898434997 45
1757444427892 2.496956059695758 46
1757444427962 1.616378920357321 47
1757444428033 1.0348483006337394 48
1757444428101 1.9778966303654049 49
1757444428165 1.7471193431693677 50
1757444428232 0.8565929549714544 51
1757444428297 1.2453916598950487 52
1757444428362 2.1218771408804007 53
1757444428431 1.6514087804019315 54
1757444428501 0.794164110871553 55
1757444428571 3.0937215853811204 56
1757444428639 1.649616790581332 57
1757444428708 1.4958694244103807 58
1757444428773 1.5968961133400175 59
1757444428829 1.6106836720219948 60
1757444428892 1.278624060712543 61
1757444428955 2.0876950030795416 62
1757444429024 0.8710182512549481 63
1757444429096 1.0220902556872336 64
1757444429161 1.352839107440834 65
1757444429229 1.346939735850211 66
1757444429293 0.9947982603243039 67
1757444429360 1.4522345999282908 68
1757444429425 1.4902585679685498 69
1757444429486 1.1267674275213466 70
1757444429554 1.6580086149220743 71
1757444429623 2.3186548130230182 72
1757444429695 1.5791940082528872 73
1757444429760 3.1991934289043344 74
1757444429821 1.6046640658088318 75
1757444429879 0.8621575576443732 76
1757444429940 1.5825901015873103 77
1757444430000 1.2411024452222994 78
1757444430064 1.117210167176113 79
1757444430130 1.7259364541385456 80
1757444430194 0.7637994059967139 81
1757444430266 3.0309789209810236 82
1757444430332 1.7485121466732294 83
1757444430394 1.6640704097760124 84
1757444430457 1.9919986693440543 85
1757444430526 1.683939911218052 86
1757444430596 1.5060928810720065 87
1757444430666 1.9813328164601889 88
1757444430729 3.5469410065086455 89
1757444430800 1.6509581443305603 90
1757444430864 2.7998658449844633 91
1757444430930 1.0590913604039456 92
1757444430999 0.7032259459831769 93
1757444431063 1.5615115837141604 94
1757444431132 1.2318145278950805 95
1757444431199 1.417417967034243 96
1757444431270 2.048464572104339 97
1757444431340 1.8147454387156663 98
1757444431405 1.4645000908904722 99
1757444431465 1.9479130311590818 100
1757444431534 1.217313794850446 101
1757444431606 2.323036873788615 102
1757444431679 1.6753346047195925 103
1757444431747 1.6746596618064669 104
1757444431815 2.050208494728736 105
1757444431886 2.079516719805783 106
1757444431951 2.082810819856068 107
1757444432016 1.0579731820759908 108
1757444432086 2.6687940906977397 109
1757444432158 1.6116200636615252 110
1757444432230 1.7814964044694295 111
1757444432304 2.896001721584717 112
1757444432381 1.2416195412834024 113
1757444432453 2.085400848279253 114
1757444432526 1.1697248333436534 115
1757444432603 3.117974368415897 116
1757444432675 2.75360865867505 117
1757444432746 1.2666309259362618 118
1757444432819 1.357768746395814 119
1757444432884 1.2829745350610662 120
1757444432952 2.9341293035048635 121
1757444433019 2.2389597087600848 122
1757444433089 2.29996164565102 123
1757444433153 0.5445779583164252 124
1757444433224 0.8764922075692595 125
1757444433291 2.271185640911697 126
1757444433356 2.8019502897830555 127
1757444433421 2.2929061421896324 128
1757444433484 2.2665965420709786 129
1757444433549 1.5981524358086967 130
1757444433615 1.1964642053761212 131
1757444433678 2.871454382460994 132
1757444433742 1.2897424714388561 133
1757444433811 1.5318374461577546 134
1757444433877 1.1090556759710783 135
1757444433944 2.171211220832166 136
1757444434015 2.5970362216183176 137
1757444434086 1.1424807849153527 138
1757444434149 2.6176265844543116 139
1757444434215 1.0364510184793374 140
1757444434285 2.406945544247577 141
1757444434356 0.9934635017523301 142
1757444434426 1.4290623355540146 143
1757444434483 2.680706118138308 144
1757444434534 1.5075742550927438 145
1757444434599 2.454110056293982 146
1757444434665 4.857303549696546 147
1757444434728 1.4495786769831944 148
1757444434795 1.6512843696589938 149
1757444434870 3.8742454529183976 150
1757444434925 2.6249871197406502 151
1757444434993 2.4110153373460617 152
1757444435059 2.267336228982341 153
1757444435125 1.931994391281037 154
1757444435197 1.6446139601028358 155
1757444435263 2.1725955356098696 156
1757444435328 1.1090401345386736 157
1757444435398 2.5298752634918684 158
1757444435466 0.9493656633878566 159
1757444435535 1.4852480769731466 160
1757444435605 1.2912910491095082 161
1757444435671 1.1093394972661497 162
1757444435741 1.6618594325817018 163
1757444435811 1.1304185402878908 164
1757444435881 1.4715535574524115 165
1757444435951 1.578328344392406 166
1757444436024 1.4325797804592177 167
1757444436095 0.7430373271649164 168
1757444436169 1.0685946359198495 169
1757444436246 3.059290224741107 170
1757444436319 2.0832970810216556 171
1757444436391 2.5710897845579312 172
1757444436465 2.8866927499602033 173
1757444436537 1.489262275913526 174
1757444436610 2.080798852662421 175
1757444436686 0.7301205275389687 176
1757444436758 2.0850291689027856 177
1757444436830 2.2341946385980727 178
1757444436897 1.7194447433999396 179
1757444436966 2.3962807094558296 180
1757444437034 3.326524210464235 181
1757444437097 2.6526831277524057 182
1757444437163 1.8393374533615274 183
1757444437232 0.9270399333519359 184
1757444437298 1.999524815288827 185
1757444437367 1.9836049167452543 186
1757444437438 1.6880433662989507 187
1757444437503 2.712086958159156 188
1757444437571 3.453145282998688 189
1757444437637 1.648434221911729 190
1757444437703 0.6367133673770331 191
1757444437766 1.4300602292142148 192
1757444437837 1.1822799720553163 193
1757444437908 1.9606706753083913 194
1757444437981 1.23657524765311 195
1757444438055 2.291563475018326 196
1757444438129 2.3117668645781686 197
1757444438205 1.9361331496103968 198
1757444438283 2.666069657654784 199
1757444438356 1.9969153209937256 200
1757444438429 2.0912143975522643 201
1757444438504 1.2087758888611302 202
1757444438578 2.653950671483011 203
1757444438652 4.296099250540293 204
1757444438728 1.238320837071135 205
1757444438803 1.6739544038728336 206
1757444438878 1.2619852346546576 207
1757444438953 2.957938243974236 208
1757444439024 3.7445774227208926 209
1757444439096 2.090447332166806 210
1757444439170 2.069647863617109 211
1757444439245 1.1388207263125052 212
1757444439317 1.8632857045004483 213
1757444439401 2.6393725659655574 214
1757444439477 3.3970675484405572 215
1757444439555 0.889375849458041 216
1757444439626 2.1069269456327753 217
1757444439700 1.5463036262053707 218
1757444439776 2.465084041354732 219
1757444439855 1.975566726781284 220
