1757444206504 163.9594757433204 0
1757444206584 172.3355018373711 1
1757444206639 171.78500824016456 2
1757444206697 162.79184826208163 3
1757444206760 170.72814908418877 4
1757444206816 166.61681489468378 5
1757444206875 166.3593549602269 6
1757444206935 162.52660637591467 7
1757444206995 162.99532868622734 8
1757444207059 158.85486635242913 9
1757444207127 158.83896249653765 10
1757444207192 159.35811750384374 11
1757444207260 153.13584770875164 12
1757444207321 146.91450610708398 13
1757444207381 152.79945655972224 14
1757444207451 152.00579038950565 15
1757444207519 152.71125631620933 16
1757444207587 146.63318545691376 17
1757444207650 149.94246293711038 18
1757444207714 140.6961793116394 19
1757444207799 148.64038919037773 20
1757444207862 145.08527304603902 21
1757444207935 143.03817488330216 22
1757444207999 145.07393960148912 23
1757444208067 137.43841343388678 24
1757444208128 148.64653326425582 25
1757444208178 140.00554321499345 26
1757444208239 138.6145721964242 27
1757444208301 138.28694702441103 28
1757444208364 137.67113227852187 29
1757444208431 133.45831149252885 30
1757444208497 133.1908806894896 31
1757444208565 136.18321125345443 32
1757444208622 132.27602205213387 33
1757444208674 127.21564706450302 34
1757444208735 129.76753224713616 35
1757444208797 126.97736104795682 36
1757444208864 125.25228517404585 37
1757444208930 126.39765346763652 38
1757444208992 125.57253045937689 39
1757444209058 126.9040431642659 40
1757444209122 116.65882592734266 41
1757444209189 124.22212813458657 42
1757444209251 119.24407678669454 43
1757444209317 122.10381032031188 44
1757444209383 121.52771741692989 45
1757444209444 121.0489817616913 46
1757444209510 118.47597023099185 47
1757444209578 122.4239042575562 48
1757444209645 115.81423808305405 49
1757444209711 117.65056537492801 50
1757444209776 108.20800849269281 51
1757444209839 114.35856967218962 52
1757444209901 116.21579449298014 53
1757444209967 113.68310694801265 54
1757444210038 120.64385062606847 55
1757444210103 108.900384094614 56
1757444210170 115.09974056433684 57
1757444210235 108.79195532081863 58
1757444210303 110.84954974856221 59
1757444210371 108.4962504874053 60
1757444210433 109.78587201094905 61
1757444210498 112.74049970375826 62
1757444210566 102.1621516733573 63
1757444210627 105.69552933165262 64
1757444210684 110.81528105292037 65
1757444210746 99.9909354049271 66
1757444210815 101.24019761508764 67
1757444210877 104.43707201190969 68
1757444210942 100.74383179711351 69
1757444211005 103.78981671348966 70
1757444211069 102.4191520008652 71
1757444211135 101.1782728102827 72
1757444211202 95.77793193299061 73
1757444211271 99.44473036037368 74
1757444211334 93.6006188802034 75
1757444211401 99.01263680117893 76
1757444211469 94.92054079152294 77
1757444211537 97.03683032995599 78
1757444211601 96.12912811386536 79
1757444211664 92.62778387605034 80
1757444211728 93.80638241956015 81
1757444211793 91.60654588646467 82
1757444211860 93.85802963374492 83
1757444211924 95.02786590748289 84
1757444211992 88.80349491556255 85
1757444212061 96.45730448210136 86
1757444212128 92.14237628696654 87
1757444212196 88.95039900524328 88
1757444212259 87.86447597102106 89
1757444212319 86.91116412993173 90
1757444212378 88.19720922558561 91
1757444212439 87.6565439644124 92
1757444212503 87.41751403729693 93
1757444212568 88.34807100457274 94
1757444212624 81.12657877018081 95
1757444212677 85.73506149336858 96
1757444212729 86.27294194772296 97
1757444212792 84.75180351460622 98
1757444212860 85.32909537209105 99
1757444212930 84.05428274274234 100
1757444212999 81.63850369590271 101
1757444213068 80.28929039160658 102
1757444213138 79.36188975514867 103
1757444213205 81.292043576641 104
1757444213273 82.5512072112934 105
1757444213343 76.7476703708618 106
1757444213409 76.62601307719548 107
1757444213475 75.66963418623196 108
1757444213544 76.9357615916661 109
1757444213612 75.1459142266484 110
1757444213677 77.8912941932658 111
1757444213741 72.75463835258516 112
1757444213801 77.41395656705218 113
1757444213866 74.92632702090417 114
1757444213932 72.08657016646222 115
1757444214002 77.6770903791059 116
1757444214067 77.1523333111155 117
1757444214135 72.98114174567918 118
1757444214202 71.28973889393221 119
1757444214270 70.45452139205089 120
1757444214336 71.00679486523019 121
1757444214400 74.20941345924273 122
1757444214464 71.60732160507227 123
1757444214527 67.35724518742157 124
1757444214592 67.19472350266642 125
1757444214656 70.15207954860986 126
1757444214713 67.31992789571429 127
1757444214783 67.06516761810614 128
1757444214845 70.11952584490929 129
1757444214911 68.50980048885374 130
1757444214978 66.67143075617848 131
1757444215044 64.65313144163012 132
1757444215108 66.71817966756603 133
1757444215178 61.93505549888716 134
1757444215252 65.55473315802116 135
1757444215324 64.63749524365157 136
1757444215396 60.86523568336912 137
1757444215469 61.11077417434586 138
1757444215542 64.62613135622374 139
1757444215617 62.97569172348076 140
1757444215691 61.76684025298493 141
1757444215764 63.28301220304716 142
1757444215842 62.04005846788679 143
1757444215917 63.06300555761305 144
1757444215993 58.32954294650901 145
1757444216069 63.6238779940399 146
1757444216144 58.231771588087966 147
1757444216222 61.10161525379797 148
1757444216294 61.69351134244336 149
1757444216367 60.42645544478454 150
1757444216438 58.02350899765409 151
1757444216511 57.4155213092804 152
1757444216584 56.47862223403769 153
1757444216661 59.040370187514256 154
1757444216724 54.45733586519915 155
1757444216795 55.2252300538668 156
1757444216867 53.77698399208703 157
1757444216937 56.86742540003871 158
1757444217006 54.90104473571042 159
1757444217075 55.544840375523954 160
1757444217147 55.77909030943846 161
1757444217214 55.69844149079552 162
1757444217281 55.81995555675742 163
1757444217348 55.59362061596043 164
1757444217412 52.309238044981825 165
1757444217485 55.019837056598114 166
1757444217555 50.984692324771494 167
1757444217625 48.92567687117003 168
1757444217685 49.33754539295748 169
1757444217750 51.80013204542333 170
1757444217820 51.28809999980971 171
1757444217886 50.74285949606635 172
1757444217953 48.405872501539335 173
1757444218025 50.54225749757758 174
1757444218098 49.645420435174685 175
1757444218168 47.4496595937454 176
1757444218241 47.07688724894146 177
1757444218314 51.28221948122078 178
1757444218388 45.730358954543085 179
1757444218464 50.7135821566258 180
1757444218538 46.71088274490951 181
1757444218611 49.779503869870496 182
1757444218694 45.3431410479536 183
1757444218771 47.784708681870164 184
1757444218840 45.429877669882885 185
1757444218905 48.74075582562079 186
1757444218970 47.60492753161077 187
1757444219040 43.23553138029939 188
1757444219112 46.55910121188175 189
1757444219185 42.829369301264684 190
1757444219267 44.1299216422488 191
1757444219337 49.70187557196936 192
1757444219411 43.79128552111035 193
1757444219484 43.7093147945488 194
1757444219553 44.09797437601989 195
1757444219627 43.430147682571686 196
1757444219698 41.40652948308407 197
1757444219773 44.6805427107085 198
1757444219846 40.321582492459164 199
1757444219918 40.71807975845198 200
1757444219992 39.42866275751439 201
1757444220068 42.341868550651306 202
1757444220141 40.90770429902231 203
1757444220214 41.30726871173411 204
1757444220285 41.10995678646214 205
1757444220357 38.792623166518176 206
1757444220441 40.3101404708177 207
1757444220517 39.04502800184474 208
1757444220591 39.74052318847797 209
1757444220676 40.30483929745377 210
1757444220742 39.60952532316422 211
1757444220811 37.943278360702465 212
1757444220880 40.042580681493625 213
1757444220952 35.463350628143935 214
1757444221017 35.72310357705891 215
1757444221085 35.624336025197834 216
1757444221157 39.5751668540622 217
1757444221226 35.5772785186934 218
1757444221305 35.98224398517918 219
1757444221378 36.281481368970375 220
1757444221444 35.41613859275283 221
1757444221506 36.0381892334732 222
1757444221578 35.6660233867586 223
1757444221651 37.67545333205198 224
1757444221720 36.78129815009128 225
1757444221792 37.474421906274834 226
1757444221864 36.552044708481674 227
1757444221936 32.72897416270977 228
1757444222009 36.763807012479504 229
1757444222084 31.885071156020704 230
1757444222160 34.692170138707255 231
1757444222235 34.8602994009582 232
1757444222308 35.448097264777765 233
1757444222391 34.63609434874864 234
1757444222463 32.883200772131175 235
1757444222533 33.824917857548456 236
1757444222604 35.23909827192696 237
1757444222677 30.4642761591232 238
1757444222738 30.590913545400127 239
1757444222794 29.86246219296648 240
1757444222884 30.165284098590867 241
1757444222960 31.08852943607215 242
1757444223033 32.52171559881168 243
1757444223107 28.798442151538655 244
1757444223180 31.25904657488608 245
1757444223257 31.74041050017386 246
1757444223333 30.78497505294741 247
1757444223406 32.3727915763631 248
1757444223480 31.151803756685293 249
1757444223552 29.11846332259989 250
1757444223630 33.33272523634539 251
1757444223704 30.164637250897293 252
1757444223778 29.615442473763004 253
1757444223850 28.366027111468842 254
1757444223922 29.198826535737272 255
1757444223997 27.97469749972469 256
1757444224075 28.41659485838956 257
1757444224147 28.08507692524676 258
1757444224220 28.82028797531348 259
1757444224295 30.06228007232571 260
1757444224367 27.263187210103805 261
1757444224440 30.54883094607171 262
1757444224521 27.490829241546443 263
1757444224600 27.316298680188925 264
1757444224675 28.74973048146972 265
1757444224752 26.75142858212324 266
1757444224825 26.811713820575925 267
1757444224895 25.356666384023093 268
1757444224963 26.448516219821155 269
1757444225031 26.419586103889426 270
1757444225096 27.9117861840326 271
1757444225165 26.782997095221884 272
1757444225236 25.75102428769689 273
1757444225310 25.812211755210612 274
1757444225383 26.8044476121332 275
1757444225457 26.77905176963292 276
1757444225532 27.24716961455167 277
1757444225611 25.958696075373926 278
1757444225688 25.69311982146885 279
1757444225763 25.52792210555147 280
1757444225840 25.95005134279081 281
1757444225916 24.95518438845434 282
1757444225992 24.245519907551003 283
1757444226066 23.638297205266152 284
1757444226140 27.734150046809564 285
1757444226214 23.926677749220584 286
1757444226288 23.015636667556496 287
1757444226361 24.928476097902916 288
1757444226438 25.67939315151487 289
1757444226514 24.86469083152579 290
1757444226590 22.426130175675944 291
1757444226661 19.21929755856183 292
1757444226733 22.74697655858384 293
1757444226802 22.23370754843014 294
1757444226869 25.18031821482393 295
1757444226940 24.19384111619135 296
1757444227005 20.985786659624438 297
1757444227075 23.74967373944687 298
1757444227145 20.545005358903413 299
1757444227212 24.08413101270334 300
1757444227280 21.721026173788314 301
1757444227351 21.806669625651583 302
1757444227426 20.140711299692697 303
1757444227501 22.50049865634125 304
1757444227576 20.397498093206067 305
1757444227653 19.887189053914 306
1757444227730 22.311388079117588 307
1757444227805 19.331206707151484 308
1757444227880 21.750780774943287 309
1757444227956 23.082582932203174 310
1757444228030 21.09395370033949 311
1757444228107 20.661929868220824 312
1757444228181 18.5149195641645 313
1757444228255 19.6296256296606 314
1757444228329 20.66120676516693 315
1757444228404 21.593113821741856 316
1757444228479 21.022795441633466 317
1757444228551 19.949873416167183 318
1757444228627 17.05620586102752 319
1757444228703 22.20369834599959 320
1757444228776 19.988992961573967 321
1757444228845 19.066889076369787 322
1757444228918 17.93719072013223 323
1757444228989 18.375633988793105 324
1757444229053 17.348601322071687 325
1757444229123 18.585913456456883 326
1757444229195 18.150050590732015 327
1757444229269 18.527966573145854 328
1757444229344 18.690934939042677 329
1757444229419 18.821022103381726 330
1757444229494 19.455025414496255 331
1757444229569 18.038421775031676 332
1757444229644 18.55435934242276 333
1757444229724 18.57132248071727 334
1757444229808 19.337631712728196 335
1757444229887 19.0560222662095 336
1757444229963 19.339884902975836 337
1757444230041 16.634375152021143 338
1757444230124 18.72730794168349 339
1757444230199 18.313240159490356 340
1757444230277 15.1477234229232 341
1757444230352 21.36399760792028 342
1757444230430 15.668658852080322 343
1757444230505 19.369293165429717 344
1757444230583 15.439720551355757 345
1757444230659 16.70275496788601 346
1757444230737 17.163712353290826 347
1757444230811 14.133380251186864 348
1757444230872 16.562599005940196 349
1757444230938 15.921070436137795 350
1757444231003 16.999014375604485 351
1757444231074 18.1539658380799 352
1757444231144 13.850170520667616 353
1757444231214 17.006076571865 354
1757444231284 15.43596937378754 355
1757444231352 19.36923896613837 356
1757444231417 15.360483478605033 357
1757444231488 13.757407809942377 358
1757444231558 15.24343100209589 359
1757444231625 16.548836195276152 360
1757444231691 15.335218893262379 361
1757444231757 14.815872194136297 362
1757444231830 16.183513806156746 363
1757444231900 13.757557977780799 364
1757444231969 14.423133211732356 365
1757444232041 16.82792818878343 366
1757444232109 15.053300550161673 367
1757444232184 13.885923838804795 368
1757444232251 15.645572757558355 369
1757444232337 14.503954459475176 370
1757444232412 15.131770496725679 371
1757444232489 14.028796593264104 372
1757444232571 13.7546351975187 373
1757444232650 16.624992260688813 374
1757444232733 12.91252469241492 375
1757444232810 14.176544219293216 376
1757444232877 13.210884237847019 377
1757444232951 17.322496096469788 378
1757444233026 12.652079978407668 379
1757444233104 12.546561167425729 380
1757444233178 13.821535148943374 381
1757444233251 14.797495589078263 382
1757444233336 15.370117222215015 383
1757444233394 13.041292985570166 384
1757444233459 13.218699160313744 385
1757444233525 10.973921203474735 386
1757444233597 13.428472996834081 387
1757444233665 11.693064387661492 388
1757444233739 15.337415044488212 389
1757444233817 12.736534873849001 390
1757444233894 14.77814762937996 391
1757444233972 12.194588967695726 392
1757444234051 18.293484353694435 393
1757444234128 12.416823535998784 394
1757444234202 13.569630415605365 395
1757444234278 11.374635942370258 396
1757444234356 12.837488595414783 397
1757444234436 13.483680441768657 398
1757444234517 13.581039016559902 399
1757444234596 14.634387200527419 400
1757444234674 11.719859816365258 401
1757444234754 12.30559655190319 402
1757444234837 11.125782705747223 403
1757444234903 13.61545696838634 404
1757444234975 11.993410465463112 405
1757444235041 12.2633624226601 406
1757444235115 11.517339466432679 407
1757444235189 10.384065057994308 408
1757444235263 17.54154202831131 409
1757444235337 12.024880088342154 410
1757444235413 11.515362566532303 411
1757444235490 13.485138446643328 412
1757444235566 11.678556822850153 413
1757444235646 11.947747388816085 414
1757444235724 8.577116791493578 415
1757444235801 11.285043517932133 416
1757444235879 12.61375265716775 417
1757444235955 11.078738259184856 418
1757444236034 10.584762710562924 419
1757444236114 11.333958016017785 420
1757444236192 11.395136822096331 421
1757444236270 10.506141074981914 422
1757444236347 11.61435855631938 423
1757444236429 12.667939828713116 424
1757444236504 10.63052306436292 425
1757444236582 10.439613234588945 426
1757444236662 10.040002776040513 427
1757444236739 10.668321039263466 428
1757444236818 8.092044600120287 429
1757444236894 10.892437091108302 430
1757444236966 9.812835308084338 431
1757444237030 9.538774860925841 432
1757444237097 11.533869799693413 433
1757444237167 9.004730474145894 434
1757444237240 10.881142789147173 435
1757444237316 11.923296103685814 436
1757444237397 11.983085350728668 437
1757444237474 10.283496860464997 438
1757444237557 12.202894939886972 439
1757444237637 8.232131576137151 440
1757444237717 10.873895071407619 441
1757444237796 9.073077469058383 442
1757444237877 9.214244041302875 443
1757444237959 11.107577716756639 444
1757444238037 10.405639339052897 445
1757444238119 11.430728004134966 446
1757444238197 12.267165370686097 447
1757444238276 10.333273252895882 448
1757444238353 10.555413316250045 449
1757444238434 11.86699547246425 450
1757444238514 9.595778381059995 451
1757444238593 10.332721559856378 452
1757444238673 9.917861730379656 453
1757444238753 13.685145065634194 454
1757444238834 8.395063066455156 455
1757444238908 9.445583837332693 456
1757444238980 8.163637189317173 457
1757444239052 9.02829136777536 458
1757444239129 9.95706321491375 459
1757444239211 9.093898737662757 460
1757444239290 8.488406853254318 461
1757444239373 11.398000292297775 462
1757444239453 9.145095778754209 463
1757444239529 8.708517878162368 464
1757444239608 8.605414962944835 465
1757444239690 8.641849924436478 466
1757444239768 9.376399266182803 467
1757444239846 14.946826238379415 468
1757444239924 8.10094015890998 469
1757444240003 9.365643122296712 470
1757444240080 9.991568095912472 471
1757444240159 8.258550202844459 472
1757444240235 7.8819687234128235 473
1757444240318 5.698312354387082 474
1757444240397 10.042761459557214 475
1757444240478 12.457911447830183 476
1757444240556 9.865759586650123 477
1757444240634 7.655743269026916 478
1757444240710 8.526997531629977 479
1757444240784 7.830116921316155 480
1757444240863 9.439124826077776 481
1757444240940 8.296909251949097 482
1757444241008 9.58601753916117 483
1757444241081 7.981334633888197 484
1757444241154 9.698847484717824 485
1757444241230 7.568274878210777 486
1757444241303 10.82625742242995 487
1757444241383 7.725289903498204 488
1757444241494 8.20085105094066 489
1757444241570 8.623335110237894 490
1757444241647 8.722471845305328 491
1757444241755 9.490360924572986 492
1757444241834 7.152751272779198 493
1757444241912 8.105436935056828 494
1757444241989 8.274854183181265 495
1757444242069 10.15023165027045 496
1757444242148 6.565509225927402 497
1757444242230 7.50576377945747 498
1757444242342 8.895614555443348 499
