1757661686820 4.259882562261908 0
1757661686950 1.625181479421525 1
1757661687078 3.040181043890785 2
1757661687203 0.31961529853107595 3
1757661687333 0.20024508700025898 4
1757661687457 0.5337671331481771 5
1757661687588 0.12930419110979713 6
1757661687711 0.08344027375958246 7
1757661687840 1.357380596854982 8
1757661687964 0.2252751142316392 9
1757661688095 0.6976732886983701 10
1757661688219 1.402784126304673 11
1757661688349 1.9407154308623635 12
1757661688475 0.06597476155191265 13
1757661688603 0.6998664704095079 14
1757661688730 1.5740604899931923 15
1757661688854 0.1742009765352066 16
1757661688980 0.8315099100955639 17
1757661689107 0.2827100964973517 18
1757661689234 0.0007289671656171364 19
1757661689360 0.5932458091582141 20
1757661689486 2.486679652495383 21
1757661689616 0.028977783295164372 22
1757661689745 0.13437246676001963 23
1757661689870 0.810254662621575 24
1757661689997 0.07029049809534352 25
1757661690122 0.1473414819211447 26
1757661690248 0.12242464211908685 27
1757661690372 0.5435173486895111 28
1757661690498 0.00225298566151501 29
1757661690624 0.043926235859813714 30
1757661690754 0.44793202082554623 31
1757661690882 0.2146646526010178 32
1757661691010 0.4778212256162429 33
1757661691136 0.7864464792672078 34
1757661691264 0.0008281125082399163 35
1757661691388 0.0009677956276757784 36
1757661691514 2.850492005521203 37
1757661691639 0.07023734426937897 38
1757661691765 0.4318229747473962 39
1757661691891 0.22116844356560578 40
1757661692019 1.438378936007512 41
1757661692143 0.011489439492900657 42
1757661692272 0.15593334825203173 43
1757661692399 0.09885301350189435 44
1757661692527 0.09770550469031569 45
1757661692651 0.2930925399570006 46
1757661692779 0.15085451046803539 47
1757661692903 0.092042181051999 48
1757661693031 0.6131976660799153 49
1757661693155 0.002186886263710291 50
1757661693281 3.9285704460720297 51
1757661693416 2.7254015240214433 52
1757661693546 0.35343597135970456 53
1757661693672 0.4373482928411488 54
1757661693807 1.417156074488096 55
1757661693932 0.6388777794308519 56
1757661694065 0.0520975515002945 57
1757661694191 0.11494085780086741 58
1757661694324 0.027419958780222787 59
1757661694452 0.6390757295498372 60
1757661694586 0.18438710688872542 61
1757661694722 0.06977560999420682 62
1757661694863 0.9909129467367745 63
1757661694989 0.1605601967505451 64
1757661695123 1.2678338467444945 65
1757661695250 0.05969662181373757 66
1757661695381 0.17913830319146062 67
1757661695508 0.07681787192585542 68
1757661695639 1.964690416012255 69
1757661695771 2.3056266423150085 70
1757661695897 1.0701868890434239 71
1757661696029 1.281241492536698 72
1757661696157 0.7158585304513015 73
1757661696285 0.09644727342313696 74
1757661696413 0.2733293813155418 75
1757661696543 0.25465445441327844 76
1757661696669 1.8244578653532397 77
1757661696800 0.0009177067384939654 78
1757661696927 0.15952804538791565 79
1757661697056 0.2701804192441376 80
1757661697185 0.7433679300460704 81
1757661697319 0.004115779826808851 82
1757661697445 0.7718178795151185 83
1757661697576 0.24825915958059033 84
1757661697702 0.7119678911132565 85
1757661697833 0.326691901198374 86
1757661697959 0.009111201023908007 87
1757661698093 1.0673338225487816 88
1757661698219 1.091520932685948 89
1757661698353 0.0004538141692020957 90
1757661698477 0.5435252951310252 91
1757661698612 0.38697733175238097 92
1757661698747 0.27475650538929935 93
1757661698883 0.3997203258263529 94
1757661699010 0.6272807764761292 95
1757661699144 0.995887513650903 96
1757661699274 0.001393542158416358 97
1757661699405 0.5762988404164555 98
1757661699537 0.006826566009665544 99
1757661699665 0.5837273337651071 100
1757661699795 0.23131540097823391 101
1757661699924 0.02503636903113166 102
1757661700052 0.025461862995908104 103
1757661700182 2.262108599397839 104
1757661700311 0.38986825326319613 105
1757661700439 1.062154333503717 106
1757661700570 0.030266746959327708 107
1757661700697 1.091379387606229 108
1757661700832 0.6377219481200194 109
1757661700959 0.0023986631246029856 110
1757661701091 0.4705959967769098 111
1757661701219 0.8667107110021052 112
1757661701355 0.40127382605914735 113
1757661701483 1.040194728269488 114
1757661701616 0.0008972198275550798 115
1757661701743 0.6048909792000803 116
1757661701882 0.3827108944133476 117
1757661702007 0.9557523443238578 118
1757661702144 0.6398490622973834 119
1757661702270 1.1541442165087439 120
1757661702403 0.262204576412317 121
1757661702533 3.1279655348698543 122
1757661702666 0.026860636266233008 123
1757661702795 0.418669747507905 124
1757661702927 0.5935595943624727 125
1757661703058 0.6987937456429393 126
1757661703188 1.3375810086233122 127
1757661703327 0.10619742711283746 128
1757661703462 0.41782359695097665 129
1757661703595 0.22816330831600334 130
1757661703729 1.0252014038322241 131
1757661703866 0.21054860851991727 132
1757661703991 0.8545300914751129 133
1757661704127 4.486118565477436 134
1757661704255 0.028697946656662737 135
1757661704391 0.009755886833455666 136
1757661704518 0.19740456096139036 137
1757661704656 0.5025598043553537 138
1757661704786 0.23936930526514114 139
1757661704919 1.2441930216386485 140
1757661705048 0.007083816855246996 141
1757661705183 0.05068951500011275 142
1757661705315 0.18828548598542882 143
1757661705447 0.04252240047623545 144
1757661705577 0.5190195661215404 145
1757661705708 0.6958283478087931 146
1757661705838 0.09949710125426717 147
1757661705977 0.01235879614591149 148
1757661706112 0.03128048613665291 149
1757661706240 0.6919900721312294 150
1757661706373 0.66931244148882 151
1757661706500 0.27189744879291505 152
1757661706632 1.211356251286706 153
1757661706763 4.6573305875337985 154
1757661706897 0.018593261790354938 155
1757661707024 0.24813535564582218 156
1757661707161 0.19495329881493823 157
1757661707286 1.27435539230144 158
1757661707421 0.08209482091688455 159
1757661707552 0.10805478595990194 160
1757661707688 0.24286432445681985 161
1757661707818 0.21458836013538424 162
1757661707950 0.01508236901272326 163
1757661708082 0.09704924547858004 164
1757661708213 0.003950610258152138 165
1757661708346 0.11933502717512791 166
1757661708475 0.01967541580889821 167
1757661708606 0.13039282276026687 168
1757661708735 0.7588078215881481 169
1757661708868 1.4698344112205397 170
1757661708994 0.011131667725358575 171
1757661709128 0.19490252547285133 172
1757661709257 0.8245466199445137 173
1757661709388 0.28613565077600883 174
1757661709518 0.6075725846275621 175
1757661709653 0.3777644837738009 176
1757661709792 1.2723644057607733 177
1757661709930 0.40368293049946247 178
1757661710062 0.005708297384283758 179
1757661710197 0.7042713092539596 180
1757661710330 0.17367133323043163 181
1757661710465 0.1251281501860915 182
1757661710597 0.5061855593715857 183
1757661710728 0.24883877532230508 184
1757661710863 0.9911473981949366 185
1757661710991 1.1463163249937254 186
1757661711123 0.24767536616987354 187
1757661711252 0.8172768339420489 188
1757661711386 3.779061483810631e-05 189
1757661711515 0.5887227576425316 190
1757661711647 0.5475027593048739 191
1757661711774 0.0826172397477798 192
1757661711910 0.048513827218276184 193
1757661712038 1.8615226620033285 194
1757661712177 0.26081686726374126 195
1757661712305 1.7510653290883202 196
1757661712443 0.06329634922259138 197
1757661712574 1.422878744033303 198
1757661712710 0.09531304488332237 199
1757661712841 0.49102206973378 200
1757661712975 0.03107204777380008 201
1757661713108 0.323948242083372 202
1757661713240 0.7941257244924883 203
1757661713377 1.4138072749104595 204
1757661713506 1.1337099185698425 205
1757661713639 2.6209259380326158 206
1757661713768 1.0114561870246608 207
1757661713901 0.011001846399786108 208
1757661714031 0.17092554712520197 209
1757661714166 0.99122346129749 210
1757661714294 0.09944374879373698 211
1757661714431 0.04560131833189356 212
1757661714560 1.6688395371851488 213
1757661714698 0.892093203862657 214
1757661714833 0.24634211336208742 215
1757661714970 0.020530870248530928 216
1757661715102 0.12164435018893335 217
1757661715238 0.5105862329414154 218
1757661715373 0.028346667231814983 219
1757661715503 3.1905070759325915 220
1757661715635 0.3548544905469576 221
1757661715768 0.009688252098760994 222
1757661715905 0.18178649075870373 223
1757661716039 0.8949361901728362 224
1757661716174 0.2148854036548734 225
1757661716302 0.25703111168026505 226
1757661716437 0.71945570179833 227
1757661716567 0.061346996885993446 228
1757661716706 0.7132940634500408 229
1757661716837 0.008696105571841325 230
1757661716975 0.5770988316411217 231
1757661717108 0.32982462032237914 232
1757661717244 1.0597076590974952 233
1757661717379 0.01620511994578669 234
1757661717512 0.11935051720102267 235
1757661717645 0.33602532112851896 236
1757661717776 1.764395866129616 237
1757661717912 0.7380390009603374 238
1757661718043 0.023118344087020227 239
1757661718178 0.5118023446926683 240
1757661718310 1.4183552193869708 241
1757661718450 6.153067025142582 242
1757661718581 0.8786691542956225 243
1757661718722 4.7855537860821265e-05 244
1757661718856 1.2821282727617114 245
1757661718993 0.09669039115324432 246
1757661719125 0.3306199791452245 247
1757661719262 0.10525477829769785 248
1757661719394 0.34513548300709446 249
1757661719526 1.4043751351541836 250
1757661719658 0.23518107013289738 251
1757661719790 0.33459310875163617 252
1757661719928 0.4285742246003043 253
1757661720060 4.698470768611979 254
1757661720197 0.02388638115161675 255
1757661720330 0.00038333122580417 256
1757661720468 0.19559920186539279 257
1757661720599 0.02276529602810233 258
1757661720740 0.46806463936465326 259
1757661720873 1.274785722992856 260
1757661721008 3.063867248577585 261
1757661721146 0.1208773392822195 262
1757661721280 0.1569711262026983 263
1757661721414 0.7424176252211439 264
1757661721546 0.6049707501040605 265
1757661721680 0.9862152235337522 266
1757661721818 0.19272827577798882 267
1757661721957 0.7985907334862494 268
1757661722089 0.01987241086370778 269
1757661722231 0.1669177788271849 270
1757661722363 0.11275890059311987 271
1757661722501 0.6711343047390775 272
1757661722637 0.8282998574292499 273
1757661722774 0.04787786960955592 274
1757661722911 0.1872024962480989 275
1757661723044 2.2230769920695006 276
1757661723179 0.8668241350495939 277
1757661723311 1.2175617989876957 278
1757661723459 0.6728095084069383 279
1757661723593 0.00466740324760275 280
1757661723735 0.16898475333550053 281
1757661723867 2.219742359884413 282
1757661724008 0.07623858654018625 283
1757661724142 0.6845053976273765 284
1757661724279 0.00014288206432619058 285
1757661724413 2.1730748628558674 286
1757661724549 0.11440102778684706 287
1757661724685 0.2040100374754172 288
1757661724818 0.503975481727247 289
1757661724955 0.05998139135942092 290
1757661725086 4.662174463690788 291
1757661725222 0.006461559101838029 292
1757661725356 0.3030000905177662 293
1757661725499 1.1677027386140666 294
1757661725630 0.2792588021755189 295
1757661725772 0.9767079221177011 296
1757661725910 0.07975833303603623 297
1757661726049 0.005361095417233624 298
1757661726183 1.7455701564241553 299
1757661726314 0.6548079524001796 300
1757661726449 0.008311538937833554 301
1757661726583 0.15414369601144487 302
1757661726718 1.0978290414849081 303
1757661726850 0.14349323682259899 304
1757661726991 1.1227141642214267 305
1757661727122 0.12045405478706586 306
1757661727263 1.333755637396915 307
1757661727433 0.26577776248486323 308
1757661727567 0.4080681380061616 309
1757661727702 1.0437337416729513 310
1757661727836 0.016367704674316117 311
1757661727973 0.026172779620995193 312
1757661728104 0.006948786447053202 313
1757661728245 0.06863636919480909 314
1757661728376 1.0217899298680126 315
1757661728519 0.7635247510284998 316
1757661728651 3.633296399531259 317
1757661728791 1.489283962453793 318
1757661728929 0.30003308924715333 319
1757661729064 0.13052186214258663 320
1757661729200 0.2802474564525708 321
1757661729334 0.3013665071520282 322
1757661729473 0.017592616521978133 323
1757661729609 1.4279281376268338 324
1757661729751 0.969312475884214 325
1757661729888 0.027165563668966698 326
1757661730028 0.486980599469809 327
1757661730165 1.5167114818652288 328
1757661730303 0.2992761717737703 329
1757661730442 2.325259109181716 330
1757661730577 0.24157452272468782 331
1757661730712 0.40579747177421005 332
1757661730849 0.3258885387358888 333
1757661730988 0.028200449404220437 334
1757661731124 0.09468497884640316 335
1757661731271 0.20349321826304567 336
1757661731408 0.640679911999138 337
1757661731558 0.6895367304740297 338
1757661731700 0.3172622508307061 339
1757661731834 0.6672791765639546 340
1757661731969 0.423428295186729 341
1757661732102 0.7104908096203424 342
1757661732239 0.8998098675714473 343
1757661732373 1.5850727435833414 344
1757661732510 2.987403806046738 345
1757661732643 1.1466143498569812 346
1757661732787 0.017741273826709838 347
1757661732929 0.1624697239334601 348
1757661733068 0.003005856389039975 349
1757661733204 0.03264692182825884 350
1757661733342 3.4613743458746384 351
1757661733485 0.024010852264618916 352
1757661733618 0.23008312162290165 353
1757661733753 0.17774065415571857 354
1757661733883 0.03655447860223044 355
1757661734022 0.9699600166941525 356
1757661734156 0.35793473255172426 357
1757661734298 0.7673526843403309 358
1757661734434 1.5441409886711388 359
1757661734575 1.5744466466629632 360
1757661734711 0.09513257206036031 361
1757661734849 0.0016408364670329305 362
1757661734987 0.24276460464693952 363
1757661735124 0.006030066322405222 364
1757661735262 0.027141433303110658 365
1757661735397 0.48491167621721565 366
1757661735538 0.007745741512202351 367
1757661735669 0.1439829735206085 368
1757661735812 0.9747477254422847 369
1757661735953 0.016017666381858843 370
1757661736092 0.9228260118899279 371
1757661736229 0.25706038416619964 372
1757661736364 0.01588495186615867 373
1757661736504 0.41200834916042745 374
1757661736637 1.885749705399178 375
1757661736776 1.2975202845233489 376
1757661736912 0.054578925412826766 377
1757661737056 0.9423113506228917 378
1757661737202 1.3088704062244143 379
1757661737340 0.019947553538502173 380
1757661737478 0.6497981265837345 381
1757661737614 0.3470667131329366 382
1757661737753 0.04991584415028872 383
1757661737888 0.09796762374089212 384
1757661738047 0.7248357985904617 385
1757661738180 0.2001776115966643 386
1757661738322 1.4149890503587594 387
1757661738459 0.7419159332815256 388
1757661738599 0.19061521540087395 389
1757661738737 0.4080150207864012 390
1757661738875 0.24450635208102905 391
1757661739015 0.69797821405611 392
1757661739148 0.4023511172260846 393
1757661739290 0.014076895763183193 394
1757661739425 0.12400661974762739 395
1757661739574 0.9097122307306653 396
1757661739711 0.25042119178326966 397
1757661739859 0.17058859195256323 398
1757661740005 0.8549830482521497 399
1757661740144 0.06364814806476593 400
1757661740284 1.149378167887446 401
1757661740418 0.21014855351155254 402
1757661740558 0.04880604310716179 403
1757661740694 0.26735035361705967 404
1757661740839 1.3851309333476751 405
1757661740976 1.0388396503624566 406
1757661741121 2.4464223570574903 407
1757661741258 1.571603218716138 408
1757661741396 0.1929359238130992 409
1757661741536 1.5366402676164248 410
1757661741671 0.43675881113856946 411
1757661741811 0.007992807863927814 412
1757661741948 0.7405255253751588 413
1757661742091 1.2365970905984627 414
1757661742254 0.008948052443106603 415
1757661742393 0.8586625701622187 416
1757661742532 0.050931301804743874 417
1757661742666 0.27823142033389264 418
1757661742805 0.057468050436460624 419
1757661742939 1.285376152862787 420
1757661743082 0.8794106051743313 421
1757661743217 0.054806484766564446 422
1757661743365 0.021020993765644404 423
1757661743503 0.3898902244369201 424
1757661743641 2.1494913271224836 425
1757661743780 2.159107296398572 426
1757661743916 0.27178138936738355 427
1757661744058 0.045611271872313605 428
1757661744193 0.0001265883801909935 429
1757661744341 1.077263792744186 430
1757661744479 3.3149883139008893 431
1757661744627 0.27899310256483145 432
1757661744767 0.09764765387038986 433
1757661744912 0.741544334533466 434
1757661745054 1.0094671208901478 435
1757661745206 0.009587331180827673 436
1757661745353 0.27098090979473827 437
1757661745493 0.11472009259967883 438
1757661745635 0.05261066261544784 439
1757661745775 2.935585777583169 440
1757661745913 0.4029194000303726 441
1757661746057 0.8901231902682735 442
1757661746192 0.2736673619053907 443
1757661746334 1.1704002537989207 444
1757661746471 0.15739674335524628 445
1757661746614 0.31823809003100223 446
1757661746749 0.18804373599014879 447
1757661746892 6.595134692199919 448
1757661747030 0.3581705592497603 449
1757661747168 4.638009764688082 450
1757661747306 0.032175890870399834 451
1757661747442 0.032759759594779024 452
1757661747585 2.6730629721255617 453
1757661747721 0.41025500431647033 454
1757661747867 1.6343218503228298 455
1757661748003 1.0560840778879217 456
1757661748145 0.5973364974425548 457
1757661748286 0.6717182857189941 458
1757661748422 0.001323795841431582 459
1757661748579 0.005978695098325284 460
1757661748718 0.18412059131994105 461
1757661748863 1.2327094673719123 462
1757661749002 0.15974401826044687 463
1757661749147 0.67189794047054 464
1757661749287 0.010663304978400769 465
1757661749428 0.10620486085604705 466
1757661749569 0.3029409258331337 467
1757661749705 1.3229773583279494 468
1757661749848 0.5146638576592292 469
1757661749989 0.4763777683865431 470
1757661750137 0.003250880702628205 471
1757661750280 1.2495769544835296 472
1757661750421 0.09998888895334367 473
1757661750561 0.526083621880717 474
1757661750699 0.946429300473587 475
1757661750842 1.3580875191151236 476
1757661750978 0.03302677714612002 477
1757661751123 0.00537291356635704 478
1757661751260 1.556326074279338 479
1757661751407 1.0354302611741635 480
1757661751546 0.7012891962954094 481
1757661751686 0.15582822956505452 482
1757661751825 0.37416311040317957 483
1757661751960 0.16542657180658002 484
1757661752102 0.4590642057143826 485
1757661752239 0.23606020183673798 486
1757661752385 0.1700964780774995 487
1757661752523 1.0382510073889188 488
1757661752669 1.412017421943548 489
1757661752812 3.0319891493886963 490
1757661752952 0.28675902390771474 491
1757661753094 0.6926451630827465 492
1757661753231 0.9642075672902006 493
1757661753373 0.03490891978601293 494
1757661753511 0.6659198288200664 495
1757661753654 0.9000470883074001 496
1757661753794 0.7837673511084898 497
1757661753936 0.44091796972411634 498
1757661754077 0.1324818914365335 499
