1757600843170 0.6833446215800645 0
1757600843233 0.6704554046213755 1
1757600843290 0.6059867989764776 2
1757600843354 0.4356645261356786 3
1757600843417 0.1790488525462458 4
1757600843480 0.13793133772998312 5
1757600843543 0.2643133264538915 6
1757600843601 0.27198385173712564 7
1757600843658 0.1701309556147214 8
1757600843727 0.16618919998316328 9
1757600843790 0.1584929763209365 10
1757600843851 0.32103083090674167 11
1757600843918 0.10690727692051262 12
1757600843984 0.10652280909234046 13
1757600844049 0.06497989038371149 14
1757600844114 0.17135806102550014 15
1757600844186 0.05925789090884471 16
1757600844251 0.07669092202109981 17
1757600844311 0.19761038052805546 18
1757600844371 0.19002861054361053 19
1757600844428 0.13404482107061935 20
1757600844489 0.28816613312400763 21
1757600844554 0.1254226217272222 22
1757600844612 0.14369026923508274 23
1757600844678 0.14011193654421347 24
1757600844744 0.0964189563945177 25
1757600844808 0.08149103920979957 26
1757600844877 0.09654410378651812 27
1757600844940 0.09246333825772377 28
1757600845005 0.12482920424784914 29
1757600845062 0.18735627640354324 30
1757600845119 0.17863351316366594 31
1757600845178 0.13694212446300383 32
1757600845247 0.29263211439338177 33
1757600845313 0.10853924463258444 34
1757600845376 0.11685020746598321 35
1757600845443 0.07936323125965972 36
1757600845507 0.14305707216482585 37
1757600845571 0.1258744915934956 38
1757600845637 0.16422625202457602 39
1757600845700 0.08204843368927578 40
1757600845764 0.0803502519557856 41
1757600845828 0.1395637497781294 42
1757600845890 0.08986052075175327 43
1757600845952 0.11242045605215237 44
1757600846022 0.0896499995242602 45
1757600846087 0.1540264474124738 46
1757600846152 0.15634995750854436 47
1757600846218 0.08450051100472811 48
1757600846285 0.06238426855636374 49
1757600846354 0.12290796062313633 50
1757600846421 0.13086968329314885 51
1757600846487 0.13338837461385677 52
1757600846549 0.7481367960745581 53
1757600846612 0.08528995517810053 54
1757600846683 0.12053962997499305 55
1757600846750 0.07809380185394665 56
1757600846815 0.06150335559028348 57
1757600846882 0.10700174635166634 58
1757600846947 0.11187358821835372 59
1757600847015 0.12100300548699242 60
1757600847076 0.09967199951249217 61
1757600847143 0.08974545571598604 62
1757600847212 0.11912525408124842 63
1757600847273 0.11998040147219996 64
1757600847338 0.0831793347371758 65
1757600847403 0.054375694596614926 66
1757600847468 0.13159285760781103 67
1757600847533 0.09638370476013587 68
1757600847602 0.08053312285738493 69
1757600847670 0.1642972722033621 70
1757600847737 0.12439906558062486 71
1757600847802 0.1398866004260935 72
1757600847866 0.08642677910816457 73
1757600847927 0.07104857596072178 74
1757600847992 0.2180734206540374 75
1757600848058 0.08932597761171032 76
1757600848118 0.08719191033737775 77
1757600848179 0.07075855949082355 78
1757600848242 0.13079339275915977 79
1757600848305 0.1451104681180736 80
1757600848367 0.11661423428172267 81
1757600848428 0.0897224765090591 82
1757600848494 0.07230960791673009 83
1757600848554 0.09221515142699029 84
1757600848625 0.1661122249932012 85
1757600848690 0.06485559201912705 86
1757600848753 0.06781295215128674 87
1757600848823 0.15628400192788544 88
1757600848887 0.10251482393144834 89
1757600848948 0.14329785324827743 90
1757600849014 0.2743049858189163 91
1757600849077 0.0829651544739883 92
1757600849141 0.1384422304138624 93
1757600849214 0.11485986196811965 94
1757600849282 0.10886155634057137 95
1757600849347 0.19257709338120138 96
1757600849415 0.08501252738516907 97
1757600849477 0.1580217213318123 98
1757600849548 0.11534638384931531 99
1757600849613 0.07430442213464965 100
1757600849689 0.18465686750239538 101
1757600849811 0.1380083518182164 102
1757600849909 0.11330347425805638 103
1757600849999 0.09845444098597553 104
1757600850074 0.07383515115319485 105
1757600850135 0.11190193028792045 106
1757600850195 0.08696263722916509 107
1757600850258 0.09390042404704205 108
