1757603923532 0.00045120992990813324 0
1757603923643 1.4687662840904157 1
1757603923757 3.548681840960959 2
1757603923867 0.0031262502380514433 3
1757603923976 0.01946950485118692 4
1757603924087 1.2855549636364698 5
1757603924196 0.6984774314849339 6
1757603924305 1.9558645979890037 7
1757603924414 0.7611441760472367 8
1757603924524 3.2712336101533688 9
1757603924635 1.0127738304671157 10
1757603924745 0.3762260932427358 11
1757603924859 2.951723894380914 12
1757603924969 0.08264951639273445 13
1757603925094 0.7340529447692344 14
1757603925204 4.837301636054469 15
1757603925314 5.542274059512077 16
1757603925427 0.32298952314211976 17
1757603925540 3.7495407097545623 18
1757603925660 0.6562172273931907 19
1757603925776 0.6868798528484313 20
1757603925892 0.0017468892418559144 21
1757603926007 2.3876359249298758 22
1757603926123 3.026564891383059 23
1757603926237 0.37233600717437815 24
1757603926353 7.132291116238783 25
1757603926467 2.6821727646897813 26
1757603926581 1.6434528334314038 27
1757603926694 3.3865209016685283 28
1757603926809 2.534257369269443 29
1757603926924 6.819018585019932 30
1757603927038 0.1450531246898276 31
1757603927155 0.15490565820283728 32
1757603927273 5.865181000679473 33
1757603927389 3.0147166646150283 34
1757603927505 0.692296054864744 35
1757603927622 0.3373062309338196 36
1757603927737 1.0319571821378324 37
1757603927854 0.45162157757995486 38
1757603927968 0.0983186499747163 39
1757603928082 0.19128030874732885 40
1757603928197 0.0709057037774304 41
1757603928310 0.33948364142049103 42
1757603928425 5.47302903032846 43
1757603928540 0.38796088156889513 44
1757603928655 0.007772891065585751 45
1757603928770 0.0037366518456402507 46
1757603928885 0.00015520857441219448 47
1757603929000 0.3493770987105765 48
1757603929119 0.01419241192618579 49
1757603929236 0.1935627240700961 50
1757603929351 0.01899702823575715 51
1757603929466 1.5846985145265529 52
1757603929580 1.2490546810500698 53
1757603929695 1.921911713064938 54
1757603929809 0.03221186993207585 55
1757603929924 0.13885362146764163 56
1757603930039 0.07535067494345084 57
1757603930154 3.1207046366675684 58
1757603930269 0.013791158607634389 59
1757603930380 0.34058159569086677 60
1757603930491 0.9419580533400946 61
1757603930605 3.2647213690838495 62
1757603930727 2.6958307853244836 63
1757603930844 3.3044911416507707 64
1757603930960 3.2823891752498224 65
1757603931077 1.2836010719409596 66
1757603931195 0.26654192204062116 67
1757603931310 2.480279750463336 68
1757603931426 10.09961977640196 69
1757603931543 4.2325624791916345 70
1757603931659 5.701330101496762 71
1757603931773 0.19509102469151413 72
1757603931889 0.02514718477124853 73
1757603932004 0.021394628312930517 74
1757603932120 2.125101283116792 75
1757603932236 3.278344398572454 76
1757603932355 0.2564261575445606 77
1757603932470 0.04751699023377592 78
1757603932584 0.006065220351398818 79
1757603932698 0.13883357887105766 80
1757603932811 0.16040036834437962 81
1757603932925 0.12799081720064456 82
1757603933039 2.062085281814972 83
1757603933157 0.011780991773549875 84
1757603933273 0.16769308652116655 85
1757603933389 0.06561033131318285 86
1757603933502 0.5369079820937552 87
1757603933615 0.05020774101393741 88
1757603933726 0.42464068818046224 89
1757603933840 2.6131804576087174 90
1757603933953 0.9603037047108629 91
1757603934065 0.0058806629544339165 92
1757603934178 1.0887949314339171 93
1757603934290 3.1155753238125574 94
1757603934403 17.651971215071246 95
1757603934516 1.3688607987690156 96
1757603934630 2.8016940465959577 97
1757603934742 2.1629120583077756e-05 98
1757603934855 5.075805646045184 99
1757603934968 0.5335602623171687 100
1757603935106 0.197652076732084 101
1757603935222 2.3900199414183976 102
1757603935339 1.4915280834214273 103
1757603935455 4.645823925066196 104
1757603935571 5.664555166545935 105
1757603935687 2.0059458204450276 106
1757603935804 8.223795665275214 107
1757603935920 0.9466886454706791 108
1757603936037 6.500808110939537 109
1757603936155 3.2278970061807906 110
1757603936272 0.02044408959222942 111
1757603936389 13.120856538566233 112
1757603936507 3.308336475102632 113
1757603936623 0.6756175353763967 114
1757603936742 1.9355365300424932 115
1757603936858 0.1581292884140665 116
1757603936974 0.6753304324348567 117
1757603937092 0.893502697446824 118
1757603937212 1.1318879396504884 119
1757603937332 1.7840848868437411 120
1757603937450 8.341404794675832 121
1757603937571 6.786688344350458 122
1757603937699 7.3575253698426355 123
1757603937822 0.1829793687026156 124
1757603937941 3.0956712097819046 125
1757603938058 0.023439717714594896 126
1757603938175 1.4489624601455404 127
1757603938290 1.4469801953441157 128
1757603938408 1.2477902314211942 129
1757603938524 2.0096545010782063 130
1757603938641 2.2909990348166653 131
1757603938758 0.0004290644198197239 132
1757603938874 3.149077663664094 133
1757603938990 0.6126706950053872 134
1757603939107 0.02675988268143177 135
1757603939229 2.017370154359944 136
1757603939348 2.508944591896782 137
1757603939464 0.05484333353485865 138
1757603939581 0.13247723012388216 139
1757603939698 0.003824232013941324 140
1757603939814 1.0086558181347782 141
1757603939932 1.5926668667091441 142
1757603940048 2.211837925758337 143
1757603940167 2.931238757973459 144
1757603940284 19.4717646067029 145
1757603940401 0.6676653622099756 146
1757603940518 0.12097089885197072 147
1757603940639 0.005289481796592458 148
1757603940759 1.417005927943188 149
1757603940876 0.22332847205909265 150
1757603940995 0.909023298864998 151
1757603941114 0.03042078483392721 152
1757603941239 2.1093481393257445 153
1757603941357 1.84917256336968 154
1757603941474 11.611986942339673 155
1757603941591 2.3315027949700147 156
1757603941709 1.3718952054251388 157
1757603941830 2.01042613483761 158
1757603941948 1.7340358323323992 159
1757603942066 2.7218938167281816 160
1757603942185 3.584027689903441 161
1757603942305 1.478013556765557 162
1757603942426 0.19359387151860485 163
1757603942544 3.060257340726758 164
1757603942662 0.013255648224135781 165
1757603942784 0.12129009914467272 166
1757603942906 4.437972653675999 167
1757603943025 0.05483366456289143 168
1757603943148 0.7912316932761456 169
1757603943276 0.126947113979019 170
1757603943402 2.245864254324719 171
1757603943528 0.30690423103198455 172
1757603943648 2.8686335764556303 173
1757603943767 5.402571104605988 174
1757603943888 2.9482162085895474 175
1757603944006 0.9378492197487125 176
1757603944125 0.019058248658394984 177
1757603944246 2.057093587161014 178
1757603944370 0.12478725330837598 179
1757603944492 2.3029144765971075 180
1757603944613 0.07866117224155511 181
1757603944731 4.961899930692928 182
1757603944851 2.315429352608286 183
1757603944969 0.007109414760986577 184
1757603945102 1.2055089363514635 185
1757603945229 2.0837257707087558 186
1757603945355 0.00434746844792589 187
1757603945479 0.7580999695654574 188
1757603945602 0.7630109310005234 189
1757603945724 4.493995792095755 190
1757603945846 6.004849084928533 191
1757603945967 0.05867101806607466 192
1757603946093 0.9412053844208834 193
1757603946214 7.1378446506432836 194
1757603946340 1.4957614733853435 195
1757603946470 2.241457594122271 196
1757603946597 1.374273372787806 197
1757603946724 6.902443058015949 198
1757603946849 0.03784179013284815 199
1757603946974 0.018901377985038114 200
1757603947097 6.279764426043401 201
1757603947223 2.306086524575587 202
1757603947355 9.566642284408882 203
1757603947478 0.3428467647773621 204
1757603947605 0.20503650111925212 205
1757603947726 0.7831817324719562 206
1757603947849 2.0149931356814714 207
1757603947970 0.000274453939341291 208
1757603948091 1.1776357791971954 209
1757603948211 3.139871583647755 210
1757603948331 0.5026952532065193 211
1757603948451 5.215000352097905 212
1757603948571 0.08115460159023277 213
1757603948691 0.09893415661202162 214
1757603948812 1.5314540489703443 215
1757603948934 0.0688652022746183 216
1757603949056 1.8177443286174377 217
1757603949177 0.37386437107141557 218
1757603949303 0.36500649103635696 219
1757603949427 4.565302377071133 220
1757603949548 0.5514171668852614 221
1757603949668 2.170186928164775 222
1757603949828 0.05401100795908507 223
1757603949960 0.395209494959253 224
1757603950088 0.5546462970286716 225
1757603950216 5.780532083293452 226
1757603950343 0.7590255467272975 227
1757603950471 1.6479097237340758 228
1757603950594 0.13773834377682476 229
1757603950716 0.03368971101872575 230
1757603950839 2.2998718702644996 231
1757603950960 0.33369297999096226 232
1757603951080 0.36121102194571447 233
1757603951201 0.9407840945500614 234
1757603951329 3.24814971484507 235
1757603951459 0.20544219582092285 236
1757603951588 0.04142387241545024 237
1757603951715 0.12026126679070888 238
1757603951838 1.4954193830139413 239
1757603951966 4.298612872930538 240
1757603952100 0.18257103152379836 241
1757603952228 0.15894637909068196 242
1757603952356 0.15157829195447095 243
1757603952484 4.0158588088827125 244
1757603952610 7.186381439962473 245
1757603952731 0.40373708383299145 246
1757603952853 2.609760339072204 247
1757603952977 1.2427149081450968 248
1757603953104 1.5538258473985076 249
1757603953226 1.1243476374621386 250
1757603953353 0.000649696110881788 251
1757603953476 2.6837282706617716 252
1757603953597 12.871420405321285 253
1757603953718 0.0016848758556518347 254
1757603953839 2.3672554085644433 255
1757603953960 9.322362510138708 256
1757603954083 0.2082365764176984 257
1757603954204 1.3423753409377288 258
1757603954325 4.204093915288857 259
1757603954446 0.01643793635624094 260
1757603954568 0.32754603542853905 261
1757603954689 0.21844097150135275 262
1757603954811 5.6790805519820795 263
1757603954931 1.1194370000108644 264
1757603955057 8.485078929919718 265
1757603955184 0.02901632512823808 266
1757603955314 2.775150412245642 267
1757603955441 0.12396898018767073 268
1757603955568 0.2389566233574222 269
1757603955694 0.1095922110318246 270
1757603955818 1.7809287861964203 271
1757603955940 0.03884033460464363 272
1757603956064 0.31676667401564595 273
1757603956187 2.154491868135784 274
1757603956309 0.048706846876892786 275
1757603956431 0.3034034171058278 276
1757603956553 0.01849654729347253 277
1757603956675 0.03227585559639969 278
1757603956797 0.13958223887866641 279
1757603956918 5.037546043371609 280
1757603957040 0.026347572220649863 281
1757603957164 7.457699626642292 282
1757603957295 0.03313039864991638 283
1757603957423 0.8246475225866949 284
1757603957549 3.403918162599217 285
1757603957674 0.0013923343535359668 286
1757603957797 2.9856377984484572 287
1757603957919 13.028148808801506 288
1757603958042 0.33313009229416746 289
1757603958166 0.02633578855546961 290
1757603958290 0.4720473337605651 291
1757603958413 3.6813585768992487 292
1757603958537 2.470571998026318 293
1757603958658 1.9280795283529149 294
1757603958782 1.5010332206420562 295
1757603958906 0.6483589762012549 296
1757603959027 1.470659616759313 297
1757603959150 3.112150227919356 298
1757603959273 1.2507113296754657 299
1757603959401 4.12740621104149 300
1757603959525 4.114431191633402 301
1757603959648 1.547223236819111 302
1757603959771 0.05680045346463674 303
1757603959894 7.577470678707661 304
1757603960019 0.7106845501322726 305
1757603960143 11.034805985351158 306
1757603960264 1.637411443340088 307
1757603960387 0.00011719999079524987 308
1757603960510 2.359507725937057 309
1757603960633 3.3812221310278026 310
1757603960756 0.3566218599989867 311
1757603960880 0.1084722827913884 312
1757603961006 0.0022576571548897245 313
1757603961128 0.0019229858509868093 314
1757603961252 0.0025340576282423173 315
1757603961378 2.6216031043114763 316
1757603961508 0.12188580273153161 317
1757603961632 0.5734579501171256 318
1757603961756 5.1609862931012955 319
1757603961881 0.23011425482523878 320
1757603962007 2.0429405392568274 321
1757603962131 0.09672300276145993 322
1757603962279 0.998656421296462 323
1757603962443 0.7086833712592215 324
1757603962580 4.161079835255628 325
1757603962715 0.21352673477369274 326
1757603962848 0.27221202437205094 327
1757603962982 0.11763963290841596 328
1757603963111 0.0020405967739129064 329
1757603963239 3.8391008039447807 330
1757603963370 1.1280847057510965 331
1757603963499 0.06803997850858576 332
1757603963628 0.2575886244349736 333
1757603963757 0.20949382005697822 334
1757603963884 3.262019066255124 335
1757603964013 3.6594483643954288 336
1757603964143 0.5550885648743902 337
1757603964273 3.602787650321118 338
1757603964401 4.311405945053346 339
1757603964526 0.8535813035118649 340
1757603964651 3.0521974166325108 341
1757603964776 0.02075995547798457 342
1757603964899 0.510630050313321 343
1757603965025 2.33909299106831 344
1757603965154 0.008196901062644958 345
1757603965285 0.33005688782241505 346
1757603965413 0.49392774087500474 347
1757603965541 0.970147730456556 348
1757603965665 1.469037937750321 349
1757603965790 3.005895754304819 350
1757603965915 6.64257583250218 351
1757603966064 6.7132573003298095 352
1757603966191 2.1348048251336564 353
1757603966315 1.8120940566677524 354
1757603966451 1.1898208389607454 355
1757603966580 1.4412639769095708 356
1757603966708 1.8001091158646103 357
1757603966837 1.2629704790536913 358
1757603966967 0.05083069752263062 359
1757603967098 2.6639237059954493 360
1757603967228 0.329131757372262 361
1757603967360 1.0500843311708605 362
1757603967494 3.1497545620876606 363
1757603967625 0.18498322295285402 364
1757603967753 0.9130757886689522 365
1757603967880 3.9431360042852512 366
1757603968008 2.385905749327855 367
1757603968136 1.1030536635854673 368
1757603968264 1.4539520301464633e-05 369
1757603968390 3.107239442710723 370
1757603968517 0.009029143673501168 371
1757603968644 3.2543286774673312 372
1757603968770 0.02078005187245444 373
1757603968897 0.0629349221028177 374
1757603969024 3.5862541464959152 375
1757603969150 0.0024121590528374446 376
1757603969276 0.07942369022582103 377
1757603969402 0.057933199367545894 378
1757603969536 0.2701267568120264 379
1757603969666 0.019148700893667058 380
1757603969797 5.368032066425177 381
1757603969928 0.017694970930097108 382
1757603970056 0.05198689486784255 383
1757603970184 1.3134203990466742 384
1757603970311 1.9074819903121583 385
1757603970435 1.458823879244479 386
1757603970559 1.8705840724778646 387
1757603970685 0.693535338241646 388
1757603970813 3.259323207464269 389
1757603970941 4.686372420613692 390
1757603971070 0.9245125687038507 391
1757603971196 0.9494334668301964 392
1757603971322 3.0707667578906963 393
1757603971451 0.022196818839202725 394
1757603971580 5.388323560486876 395
1757603971707 0.41396546875390144 396
1757603971833 0.21075222719201958 397
1757603971959 0.04299682661755008 398
1757603972087 0.0012319117491404205 399
1757603972216 0.8456360892206903 400
1757603972349 1.966832362895166 401
1757603972478 1.7329871723436059 402
1757603972606 0.36077191921482793 403
1757603972734 0.18363475964239429 404
1757603972864 0.4920763292427939 405
1757603972993 0.14441688194962604 406
1757603973122 0.1345864851659962 407
1757603973250 6.783873399236501 408
1757603973379 4.4472041366757376 409
1757603973513 0.6475234556882825 410
1757603973644 3.241335066616557 411
1757603973773 0.00013280131951044403 412
1757603973903 1.464410488401842 413
1757603974032 1.5377967830935373 414
1757603974162 1.3388028287620117 415
1757603974291 2.198229389207016 416
1757603974420 1.0535631274030934 417
1757603974550 2.634974906971698 418
1757603974678 0.0012807188131036186 419
1757603974806 3.5353796643082367 420
1757603974933 0.21206539092651877 421
1757603975066 2.3953666522523336 422
1757603975226 0.7491977397587845 423
1757603975360 0.3454995839850023 424
1757603975490 2.411677420514477 425
1757603975621 3.9097671860501824 426
1757603975753 0.49113903980424917 427
1757603975885 0.010455162946429465 428
1757603976015 5.658456366756872 429
1757603976147 3.4532031426384804 430
1757603976278 5.226262187447157 431
1757603976409 0.29414461885801285 432
1757603976539 2.7135610369704586 433
1757603976668 0.12723661394749142 434
1757603976799 8.025723108872691 435
1757603976928 4.1775993316030515 436
1757603977059 0.015356947050157733 437
1757603977191 1.0795985103864474 438
1757603977327 0.05671035773583337 439
1757603977462 2.2041752405591386 440
1757603977601 2.5835105575477377 441
1757603977735 0.12063985568708055 442
1757603977868 0.40392285537570405 443
1757603977999 0.9184721748133919 444
1757603978142 1.5732201938986712 445
1757603978284 6.234770941422711 446
1757603978424 0.2031307380181801 447
1757603978559 2.349641236640099 448
1757603978695 3.708338767373798 449
1757603978838 1.1042928429002208 450
1757603978978 1.7920765990444452 451
1757603979113 0.400935423345418 452
1757603979248 7.04479696494134 453
1757603979381 0.2874824145433061 454
1757603979516 2.9346797364957258 455
1757603979651 0.6983908584661277 456
1757603979782 0.8907063011444868 457
1757603979914 0.2529319523829164 458
1757603980046 0.17860691345846144 459
1757603980178 2.484702936395286 460
1757603980308 1.6792149680077348 461
1757603980441 3.378031826340378 462
1757603980574 0.3244610581252776 463
1757603980706 0.15786312120914442 464
1757603980840 0.026922967739669713 465
1757603980973 2.0309695791994162 466
1757603981106 0.09684132979843288 467
1757603981238 0.3155442497691013 468
1757603981371 0.30144519216826465 469
1757603981504 4.10155577523688 470
1757603981636 3.560522231946265 471
1757603981769 0.29980573315230685 472
1757603981901 0.03198396870649394 473
1757603982034 0.04906210814683408 474
1757603982195 3.1207078009378026 475
1757603982330 1.4443578447271814 476
1757603982464 2.439175665322978 477
1757603982596 1.5544627218046871 478
1757603982726 3.579453704962822 479
1757603982853 0.2864135385245039 480
1757603982982 2.5953112363714004 481
1757603983113 0.12820463234278331 482
1757603983244 0.1747416419029813 483
1757603983373 0.14712903297339222 484
1757603983508 3.0632353171217424 485
1757603983660 2.591016835434697 486
1757603983813 0.03412132876841326 487
1757603983961 0.20545377836518827 488
1757603984119 0.27506605463408246 489
1757603984280 0.04994813196854994 490
1757603984440 0.06267660814474249 491
1757603984596 1.182976304836989 492
1757603984757 0.0048600916838476725 493
1757603984913 18.45946506796077 494
1757603985082 0.040146459661554314 495
1757603985256 2.638108064774617 496
1757603985418 0.06596785081613779 497
1757603985582 0.8955088321789177 498
1757603985745 2.497193051591267 499
