1757442231127 3.8547255511119545 0
1757442231232 4.5570555794705465e-05 1
1757442231335 0.9892681519703254 2
1757442231441 1.338620733727008 3
1757442231543 0.029491155541857578 4
1757442231648 0.13647351953020254 5
1757442231755 0.20077762231378166 6
1757442231860 10.230572291040188 7
1757442231964 0.14161936201681252 8
1757442232083 3.706761814101103 9
1757442232208 0.8390888546547155 10
1757442232318 0.8011796835331476 11
1757442232428 19.947658289191445 12
1757442232534 0.04499595654506144 13
1757442232638 4.214464081670378 14
1757442232741 6.019025844655813 15
1757442232845 0.2884102118109636 16
1757442232949 0.15370456223294027 17
1757442233055 0.006175510067165759 18
1757442233176 0.6946623182532392 19
1757442233283 0.39231646297832923 20
1757442233391 1.034921829388428 21
1757442233498 0.8818969021647723 22
1757442233606 0.23587030472389653 23
1757442233717 0.00042038091674049074 24
1757442233824 1.3266433716594388 25
1757442233930 5.305206492168878 26
1757442234039 1.1142435654207148 27
1757442234146 0.264788511179214 28
1757442234254 0.2106887184726394 29
1757442234358 3.2653041973837533 30
1757442234465 0.4684090586587613 31
1757442234573 3.8688992541154064 32
1757442234681 0.018621156175294275 33
1757442234787 0.6932101560367225 34
1757442234891 0.519837517825946 35
1757442234996 1.0313586124411949 36
1757442235101 0.0009033829262913718 37
1757442235207 10.057352281293628 38
1757442235313 1.2028986534016766 39
1757442235417 0.7140081478233005 40
1757442235521 1.3277823148541044 41
1757442235628 0.03875947438198158 42
1757442235734 0.16083330421467462 43
1757442235841 0.2864698012886939 44
1757442235947 0.009782441004895254 45
1757442236056 6.794377473669878 46
1757442236164 3.716599381358776 47
1757442236270 0.08803570562331726 48
1757442236376 0.537289574389697 49
1757442236483 1.0558854721797692 50
1757442236591 3.428003286638738 51
1757442236697 0.0016491343276073527 52
1757442236802 0.00011896187000088333 53
1757442236908 3.0052061612456473 54
1757442237014 5.652651060995222 55
1757442237120 2.3850921283159754 56
1757442237228 0.21135970080737343 57
1757442237334 1.4492055685903666 58
1757442237440 0.1782709163629134 59
1757442237545 0.01054709369603224 60
1757442237651 0.14649571215049956 61
1757442237756 0.01646359070017189 62
1757442237862 4.798450303975833 63
1757442237969 4.709353497351151 64
1757442238076 0.002843568138468839 65
1757442238182 0.2697937568705535 66
1757442238291 1.7105515103342448 67
1757442238400 0.2781038034640494 68
1757442238513 0.9894570571712028 69
1757442238633 0.24120086123885415 70
1757442238735 0.044846845458118345 71
1757442238838 2.3808621890503283 72
1757442238942 0.01633947360787709 73
1757442239047 1.0965028468657232 74
1757442239151 0.591143681340442 75
1757442239255 0.757720302576799 76
1757442239361 0.48193410772897016 77
1757442239470 0.03337372822256188 78
1757442239577 2.166270736705174 79
1757442239687 4.6922699451069105 80
1757442239795 7.130420888377551 81
1757442239900 0.8241509400361648 82
1757442240011 3.8726176473653795 83
1757442240117 0.7169761858020834 84
1757442240224 1.1303337571633338 85
1757442240325 4.454360367382144 86
1757442240433 0.018594621830793124 87
1757442240541 0.9638441312389 88
1757442240648 0.09898466458459096 89
1757442240759 0.03454484571227491 90
1757442240867 0.6227162119722768 91
1757442240976 0.0005404208436277695 92
1757442241088 8.178995970775768 93
1757442241194 0.03946867507114205 94
1757442241303 0.2645141915324608 95
1757442241410 6.2013684266348355 96
1757442241516 10.7817442699876 97
1757442241623 0.06197082207428947 98
1757442241731 1.1348288906191855 99
1757442241835 1.2457650242363076 100
1757442241944 1.853702199408952 101
1757442242053 0.45784104396492226 102
1757442242161 0.0775810282628317 103
1757442242266 4.224962546995424 104
1757442242374 0.0120382535564389 105
1757442242482 0.5095952097837455 106
1757442242587 0.012662104290823978 107
1757442242696 0.31009587329664307 108
1757442242802 2.0849619937921946 109
1757442242910 6.285819219166312 110
1757442243017 1.940670441005818 111
1757442243121 1.0274580417595203 112
1757442243227 2.2195886886475034 113
1757442243334 6.420470521597209 114
1757442243442 0.7897436355886984 115
1757442243552 4.079670622719287 116
1757442243660 0.11732661046506143 117
1757442243772 3.8607599544375684 118
1757442243878 0.012045072150222854 119
1757442243986 0.15256076537715882 120
1757442244095 4.689571587188912 121
1757442244199 2.9081184133418096 122
1757442244307 0.4071326927698658 123
1757442244413 0.08768905041580546 124
1757442244520 0.010643517015952071 125
1757442244628 0.14414658918729673 126
1757442244735 0.4148375498024726 127
1757442244833 0.010868999931789618 128
1757442244935 0.8038128851143125 129
1757442245039 0.2690804473179282 130
1757442245144 1.1398287334411048 131
1757442245251 0.14345794846591278 132
1757442245358 3.1289360924562994 133
1757442245463 1.3465444829663131 134
1757442245569 0.18824208025999858 135
1757442245678 3.240118779969196 136
1757442245787 2.1415600312001537 137
1757442245897 0.2774425634676437 138
1757442246008 0.449826685666833 139
1757442246116 0.1809090015296838 140
1757442246224 3.8920373496791285 141
1757442246330 0.5359346072690184 142
1757442246435 1.3058110289706224 143
1757442246541 7.277026004214953e-05 144
1757442246649 4.588919468567861 145
1757442246755 0.4821644615385205 146
1757442246865 1.9843770457952223 147
1757442246973 3.06552732521057 148
1757442247082 5.182514787671529 149
1757442247190 1.409136181598729 150
1757442247297 1.2250855350028858 151
1757442247405 2.3483340773127717 152
1757442247513 0.9284769063315877 153
1757442247623 0.7569900856205106 154
1757442247729 0.01378207141683074 155
1757442247836 0.04430212521093195 156
1757442247945 0.2694324352934178 157
1757442248052 4.132049449821585 158
1757442248159 0.11496619391810933 159
1757442248269 3.6521134129158144 160
1757442248379 0.13112127087872186 161
1757442248489 0.6528610171707251 162
1757442248599 0.12029610896859824 163
1757442248708 0.0028385765457085168 164
1757442248818 0.13982379773811732 165
1757442248928 0.05040979762033197 166
1757442249037 0.1710801769447086 167
1757442249143 1.1998517702612226 168
1757442249251 0.806401412560144 169
1757442249358 1.077530079757526 170
1757442249467 0.09961761207145278 171
1757442249577 3.2653406063531554 172
1757442249686 0.2049769699940097 173
1757442249794 0.11106980355082538 174
1757442249905 0.6151269166479352 175
1757442250013 1.701632840672472 176
1757442250121 0.1619381143808246 177
1757442250228 3.161174060420735 178
1757442250336 23.763389462242852 179
1757442250438 0.1649561939295989 180
1757442250544 10.054390401250012 181
1757442250653 0.02504696735778421 182
1757442250759 3.15694238791637 183
1757442250865 6.136623836352305 184
1757442250973 12.788577383878689 185
1757442251081 0.2887097227553012 186
1757442251189 1.9812144349554293 187
1757442251296 0.5796734256214999 188
1757442251404 0.5658420068500394 189
1757442251512 1.193806279969239 190
1757442251623 1.2936586776982812 191
1757442251732 2.432034161691815 192
1757442251842 14.029673597578533 193
1757442251948 0.9397068786816846 194
1757442252058 7.5501019639836935 195
1757442252171 4.582924809961149 196
1757442252279 0.44742841455171817 197
1757442252389 0.00036251001373087784 198
1757442252500 0.031524794059134505 199
1757442252609 0.023649370776714272 200
1757442252718 29.303533226851265 201
1757442252828 0.6094351402325393 202
1757442252940 6.585384581548248 203
1757442253050 0.048821492334535456 204
1757442253159 0.19704219639706969 205
1757442253267 1.304753492963783 206
1757442253379 2.1462773860034594 207
1757442253488 5.6751416431468655 208
1757442253598 1.2825494284184609 209
1757442253708 2.6053013610959503 210
1757442253815 0.4125804771605208 211
1757442253919 0.12903893468043165 212
1757442254026 0.0011293819860826544 213
1757442254139 0.6558463875943931 214
1757442254247 5.272139272790694 215
1757442254355 0.7048401784676354 216
1757442254465 0.27881775467215236 217
1757442254574 1.1725376424126797 218
1757442254685 0.013661007543343056 219
1757442254795 0.006549103585982332 220
1757442254904 0.5072055273277097 221
1757442255014 0.1895896267030122 222
1757442255123 0.2530863639774614 223
1757442255232 0.13150878625175808 224
1757442255341 3.3813450116672175 225
1757442255453 6.511057746830509 226
1757442255563 0.17613108257990684 227
1757442255674 22.614521372168145 228
1757442255782 7.3019690845313905 229
1757442255891 1.31149287807088 230
1757442256001 3.4312611379551012 231
1757442256110 10.32629807999803 232
1757442256219 0.5933117122766919 233
1757442256330 2.228438522746263 234
1757442256441 0.03741495934168145 235
1757442256552 1.741921051813526 236
1757442256664 2.3086716867409676 237
1757442256773 1.2041950117396676 238
1757442256885 0.03569403662554633 239
1757442256997 1.453345944319661 240
1757442257108 0.8430072501515492 241
1757442257219 2.6721257272862857 242
1757442257331 0.023480280515183208 243
1757442257442 1.618876422784931 244
1757442257553 4.602813000683603 245
1757442257662 0.7713099868571959 246
1757442257771 1.6563933080323525 247
1757442257882 1.8215146587775237 248
1757442257991 0.18701857580362521 249
1757442258101 0.8981056917156977 250
1757442258208 0.29682140714095495 251
1757442258318 3.7572548534911063 252
1757442258431 0.7360186656247119 253
1757442258543 2.740648631516221 254
1757442258656 2.2012341814074525 255
1757442258766 0.04971270771533892 256
1757442258879 0.1251117265341319 257
1757442258991 0.021748175814446463 258
1757442259103 0.09929729709133425 259
1757442259214 1.36861381501998 260
1757442259324 0.6107387770332225 261
1757442259435 2.0869711886317224 262
1757442259549 6.295977260204773 263
1757442259662 6.057743613619271 264
1757442259771 1.4933054594602424 265
1757442259882 0.5479008406218143 266
1757442259992 4.439478118932553 267
1757442260099 0.4748819522907587 268
1757442260207 2.610610914301634 269
1757442260318 0.07735377023513716 270
1757442260429 3.852552775838995 271
1757442260541 0.6066492281529463 272
1757442260651 0.19949908583660578 273
1757442260761 0.27995933428125935 274
1757442260873 0.09450835472780543 275
1757442260988 4.615233308272234 276
1757442261098 0.02734965709117698 277
1757442261210 2.4558708074596245 278
1757442261321 0.420950407848717 279
1757442261430 0.32936141130434327 280
1757442261543 0.6647096489298624 281
1757442261653 1.7132588874614447 282
1757442261761 3.0477647405426525 283
1757442261870 1.045068458969024 284
1757442261978 2.890734286479934 285
1757442262091 9.932392854218879 286
1757442262199 1.2469307399592677 287
1757442262309 0.28598420489618437 288
1757442262419 0.2868910574881114 289
1757442262530 0.10636730013810851 290
1757442262641 0.016608456691303643 291
1757442262754 0.7043331895608463 292
1757442262867 0.8848788304372043 293
1757442262978 6.08671139539377 294
1757442263093 10.571546585486951 295
1757442263208 0.2310729625599361 296
1757442263316 0.22018289095334884 297
1757442263427 0.26913637484565117 298
1757442263540 8.794190960037966 299
1757442263651 0.038202698809326426 300
1757442263763 0.6684945372655243 301
1757442263874 7.559659243901367 302
1757442263983 0.3623260783379559 303
1757442264093 1.636826133290041 304
1757442264201 0.0006504459941979075 305
1757442264309 0.7896853280660968 306
1757442264419 2.3425146236906653 307
1757442264527 11.129947842287187 308
1757442264636 0.00819363593709375 309
1757442264746 0.7462153082821549 310
1757442264856 0.7256609694211945 311
1757442264968 2.216860885012979 312
1757442265079 1.7782159939885311 313
1757442265190 1.42243606781776 314
1757442265302 3.046136316781324 315
1757442265415 0.5299103570056546 316
1757442265526 0.24773317484756363 317
1757442265639 2.4917384343288154 318
1757442265749 0.15106541793364184 319
1757442265860 0.6413396628400737 320
1757442265973 1.465991872140712 321
1757442266085 1.6928346979532138 322
1757442266197 0.1020602097146554 323
1757442266311 1.0399437167880898 324
1757442266421 3.4398522941801293 325
1757442266534 0.1070827521697487 326
1757442266646 0.4218795147152092 327
1757442266759 0.029377576218827417 328
1757442266872 3.0910857083670096 329
1757442266985 1.6360559067419218 330
1757442267100 0.6731744075981507 331
1757442267211 0.09153052252684292 332
1757442267322 2.5881301912866106 333
1757442267433 0.5904016589929696 334
1757442267545 0.8191908542084151 335
1757442267658 0.6367065193810391 336
1757442267768 1.6049910746976321 337
1757442267880 0.9478743189200166 338
1757442267994 6.83731423274214e-05 339
1757442268108 0.010677769713385417 340
1757442268220 1.4030602921106412 341
1757442268333 0.021725354836921763 342
1757442268443 1.2437018731099667 343
1757442268554 0.09219649554305318 344
1757442268664 0.2250584130498786 345
1757442268777 0.4908134167080343 346
1757442268890 0.4948873096941947 347
1757442269001 9.089378818440354 348
1757442269113 1.1167462098327827 349
1757442269225 2.030327217695359 350
1757442269338 0.011069034826649102 351
1757442269450 0.21025515754390475 352
1757442269562 0.004692002843519157 353
1757442269673 0.2525118768546632 354
1757442269783 0.26670831446322935 355
1757442269892 0.27832924528099495 356
1757442270010 0.6609501348620012 357
1757442270121 0.03444206159674512 358
1757442270233 0.9418883154194364 359
1757442270344 0.038812618803833146 360
1757442270458 2.8055153865562423 361
1757442270570 3.2574922683378524 362
1757442270681 0.0314781771130759 363
1757442270792 0.6727970211993956 364
1757442270903 0.00030009431280031017 365
1757442271016 0.1883227108897189 366
1757442271137 0.028965734162851302 367
1757442271249 0.7439515348834193 368
1757442271363 5.721492340537148e-06 369
1757442271474 0.5236204981010157 370
1757442271586 0.0022969539212878694 371
1757442271698 0.03707830254444625 372
1757442271810 1.2865833626257 373
1757442271923 0.4924808553071965 374
1757442272036 2.6016422774052095 375
1757442272150 0.996191422437119 376
1757442272259 2.0903687246257094 377
1757442272371 0.7486376579157705 378
1757442272484 7.068182013453142 379
1757442272596 0.6483228150667344 380
1757442272709 1.8960118395679875 381
1757442272820 0.02440919964656837 382
1757442272929 3.031895097017201 383
1757442273042 3.7534559079931435 384
1757442273155 0.8572307969172035 385
1757442273270 0.13172296056109453 386
1757442273381 0.9128675375212212 387
1757442273493 0.6734314912175472 388
1757442273604 0.07179193419436265 389
1757442273716 0.4645310614681759 390
1757442273831 0.14720711422332775 391
1757442273944 2.1410216199029137 392
1757442274056 1.0425813484779587 393
1757442274166 0.9141934754156041 394
1757442274277 1.0023279436198507 395
1757442274388 12.772577306661715 396
1757442274499 3.080934482742485 397
1757442274610 0.6394249760516325 398
1757442274720 1.10482561583571 399
1757442274831 4.283087408133331 400
1757442274944 0.03649542612423781 401
1757442275058 0.4318443796294612 402
1757442275173 1.7506338434887847 403
1757442275288 2.937979075924506 404
1757442275399 1.5015108120734026 405
1757442275514 1.6577103880422732 406
1757442275625 2.726320121978306 407
1757442275739 0.505872731352182 408
1757442275853 0.09106756222461711 409
1757442275965 1.5235303653492334 410
1757442276076 2.9827773428762434 411
1757442276188 12.794564248137489 412
1757442276300 3.77622667584996 413
1757442276415 3.7196050186276857 414
1757442276528 1.1619682511524925 415
1757442276640 1.485819694821717 416
1757442276751 0.7513734456033427 417
1757442276865 0.5733920580323708 418
1757442276987 2.846272358191459 419
1757442277099 0.06947299697530251 420
1757442277212 1.1326865969032673 421
1757442277324 2.1482567630382254 422
1757442277435 0.008059995659936498 423
1757442277547 1.8805907783528066 424
1757442277660 0.5488580137362935 425
1757442277774 0.20759898220438983 426
1757442277888 9.331887140447485 427
1757442278001 0.0075599056111589485 428
1757442278115 0.2873929909539707 429
