1757641806371 168.86266928634348 0
1757641806452 168.77378009689048 1
1757641806537 168.68493987055007 2
1757641806611 168.59614857987734 3
1757641806686 168.50740619744298 4
1757641806764 168.41871269583308 5
1757641806841 168.33006804764932 6
1757641806921 168.2414722255089 7
1757641806993 168.15292520204434 8
1757641807066 168.06442694990383 9
1757641807146 167.975977441751 10
1757641807228 167.88757665026486 11
1757641807307 167.79922454813988 12
1757641807388 167.710921108086 13
1757641807465 167.62266630282872 14
1757641807543 167.53446010510874 15
1757641807624 167.4463024876823 16
1757641807701 167.35819342332104 17
1757641807778 167.27013288481203 18
1757641807856 167.18212084495764 19
1757641807935 167.09415727657571 20
1757641808008 167.00624215249942 21
1757641808086 166.91837544557734 22
1757641808166 166.83055712867332 23
1757641808245 166.74278717466666 24
1757641808325 166.65506555645192 25
1757641808402 166.56739224693902 26
1757641808481 166.47976721905323 27
1757641808561 166.39219044573508 28
1757641808639 166.30466189994047 29
1757641808720 166.2171815546405 30
1757641808799 166.1297493828216 31
1757641808878 166.04236535748555 32
1757641808957 165.9550294516493 33
1757641809032 165.8677416383451 34
1757641809109 165.78050189062046 35
1757641809189 165.69331018153815 36
1757641809269 165.6061664841761 37
1757641809347 165.51907077162753 38
1757641809426 165.4320230170009 39
1757641809507 165.34502319341976 40
1757641809599 165.258071274023 41
1757641809681 165.17116723196463 42
1757641809760 165.08431104041387 43
1757641809839 164.99750267255507 44
1757641809920 164.91074210158783 45
1757641810004 164.82402930072675 46
1757641810085 164.73736424320182 47
1757641810168 164.65074690225788 48
1757641810251 164.56417725115514 49
1757641810331 164.47765526316883 50
1757641810412 164.3911809115893 51
1757641810493 164.304754169722 52
1757641810574 164.2183750108875 53
1757641810653 164.1320434084215 54
1757641810734 164.04575933567463 55
1757641810810 163.95952276601275 56
1757641810889 163.8733336728167 57
1757641810969 163.78719202948238 58
1757641811045 163.70109780942082 59
1757641811129 163.61505098605792 60
1757641811214 163.52905153283476 61
1757642765414 163.44309942320737 62
1757642765615 163.3571946306468 63
1757642765689 163.27133712863915 64
1757642765794 163.18552689068542 65
1757642765878 163.09976389030166 66
1757642765962 163.01404810101886 67
1757642766053 162.9283794963831 68
1757642766142 162.84275804995522 69
1757642766230 162.75718373531117 70
1757642766323 162.67165652604177 71
1757642766452 162.58617639575277 72
1757642766553 162.50074331806493 73
1757642766669 162.4153572666138 74
1757642766787 162.33001821504996 75
1757642766912 162.2447261370388 76
1757642767027 162.15948100626068 77
1757642767136 162.07428279641076 78
1757642767269 161.98913148119908 79
1757642767392 161.9040270343507 80
1757642767512 161.81896942960532 81
1757642767628 161.73395864071765 82
1757642767736 161.6489946414571 83
1757642767845 161.56407740560815 84
1757642767952 161.47920690696984 85
1757642768059 161.39438311935615 86
1757642768179 161.30960601659586 87
1757642768289 161.22487557253254 88
1757642768398 161.1401917610246 89
1757642768506 161.05555455594515 90
1757642768609 160.9709639311821 91
1757642768713 160.8864198606382 92
1757642768810 160.80192231823085 93
1757642768911 160.71747127789223 94
1757642769009 160.6330667135693 95
1757642769110 160.54870859922377 96
1757642769212 160.46439690883196 97
1757642769317 160.38013161638497 98
1757642769412 160.29591269588872 99
1757642769488 160.21174012136365 100
1757642769572 160.1276138668449 101
1757642769660 160.0435339063825 102
1757642769744 159.9595002140409 103
1757642769846 159.8755127638994 104
1757642769938 159.7915715300518 105
1757642770029 159.7076764866067 106
1757642770117 159.62382760768722 107
1757642770227 159.54002486743124 108
1757642770323 159.4562682399911 109
1757642770417 159.3725576995339 110
1757642770534 159.28889322024128 111
1757642770636 159.20527477630947 112
1757642770734 159.12170234194932 113
1757642770841 159.03817589138626 114
1757642770935 158.95469539886028 115
1757642771037 158.87126083862597 116
1757642771137 158.7878721849524 117
1757642771228 158.70452941212326 118
1757642771315 158.6212324944368 119
1757642771397 158.5379814062057 120
1757642771483 158.45477612175725 121
1757642771570 158.37161661543323 122
1757642771656 158.28850286158996 123
1757642771732 158.20543483459818 124
1757642771811 158.12241250884324 125
1757642771893 158.03943585872483 126
1757642771976 157.95650485865724 127
1757642772060 157.87361948306915 128
1757642772148 157.79077970640375 129
1757642772229 157.70798550311864 130
1757642772312 157.62523684768587 131
1757642772390 157.54253371459203 132
1757642772475 157.45987607833786 133
1757642772553 157.3772639134388 134
1757642772632 157.29469719442463 135
1757642772716 157.21217589583944 136
1757642772802 157.12969999224177 137
1757642772890 157.04726945820454 138
1757642772973 156.96488426831507 139
1757642773064 156.88254439717505 140
1757642773148 156.80024981940048 141
1757642773234 156.7180005096217 142
1757642773319 156.63579644248347 143
1757642773411 156.5536375926449 144
1757642773502 156.47152393477933 145
1757642773604 156.38945544357446 146
1757642773693 156.3074320937324 147
1757642773777 156.2254538599693 148
1757642773870 156.14352071701592 149
1757642773965 156.0616326396171 150
1757642774059 155.9797896025321 151
1757642774149 155.8979915805343 152
1757642774237 155.8162385484114 153
1757642774327 155.73453048096545 154
1757642774415 155.6528673530126 155
1757642774501 155.57124913938335 156
1757642774591 155.48967581492235 157
1757642774685 155.4081473544886 158
1757642774781 155.3266637329551 159
1757642774866 155.24522492520924 160
1757642774950 155.16383090615255 161
1757642775036 155.08248165070074 162
1757642775116 155.00117713378376 163
1757642775199 154.91991733034558 164
1757642775285 154.83870221534448 165
1757642775367 154.75753176375292 166
1757642775469 154.67640595055738 167
1757642775562 154.59532475075858 168
1757642775652 154.5142881393713 169
1757642775735 154.43329609142452 170
1757642775813 154.35234858196134 171
1757642775900 154.27144558603888 172
1757642775990 154.19058707872838 173
1757642776074 154.1097730351153 174
1757642776170 154.02900343029907 175
1757642776259 153.94827823939318 176
1757642776345 153.8675974375253 177
1757642776431 153.786960999837 178
1757642776517 153.70636890148407 179
1757642776598 153.62582111763624 180
1757642776680 153.54531762347736 181
1757642776767 153.4648583942052 182
1757642776851 153.38444340503162 183
1757642776938 153.30407263118255 184
1757642777021 153.22374604789775 185
1757642777107 153.14346363043117 186
1757642777189 153.06322535405062 187
1757642777268 152.983031194038 188
1757642777365 152.9028811256891 189
1757642777448 152.82277512431367 190
1757642777529 152.74271316523544 191
1757642777663 152.66269522379216 192
1757642777758 152.58272127533544 193
1757642777848 152.5027912952308 194
1757642777928 152.42290525885775 195
1757642778016 152.34306314160975 196
1757642778102 152.263264918894 197
1757642778189 152.18351056613187 198
1757642778271 152.10380005875842 199
1757642778358 152.0241333722226 200
1757642778442 151.94451048198735 201
1757642778523 151.86493136352937 202
1757642778699 151.78539599233935 203
1757642778785 151.7059043439217 204
1757642778870 151.6264563937948 205
1757642778956 151.54705211749078 206
1757642779039 151.46769149055558 207
1757642779122 151.38837448854912 208
1757642779204 151.3091010870449 209
1757642779287 151.22987126163048 210
1757642779375 151.150684987907 211
1757642779462 151.07154224148957 212
1757642779548 150.99244299800694 213
1757642779632 150.9133872331018 214
1757642779723 150.83437492243036 215
1757642779808 150.7554060416629 216
1757642779886 150.6764805664832 217
1757642779973 150.59759847258894 218
1757642780058 150.51875973569142 219
1757642780144 150.43996433151574 220
1757642780226 150.36121223580076 221
1757642780310 150.28250342429897 222
1757642780402 150.2038378727766 223
1757642780492 150.12521555701358 224
1757642780574 150.04663645280354 225
1757642780670 149.96810053595377 226
1757642780747 149.88960778228528 227
1757642780835 149.81115816763273 228
1757642780923 149.73275166784435 229
1757642781024 149.65438825878218 230
1757642781110 149.5760679163218 231
1757642781196 149.4977906163524 232
1757642781279 149.4195563347769 233
1757642781374 149.3413650475118 234
1757642781449 149.2632167304872 235
1757642781537 149.18511135964675 236
1757642781621 149.10704891094787 237
1757642781707 149.02902936036133 238
1757642781798 148.95105268387172 239
1757642781880 148.873118857477 240
1757642781970 148.7952278571889 241
1757642782052 148.7173796590325 242
1757642782160 148.63957423904657 243
1757642782239 148.56181157328342 244
1757642782321 148.48409163780883 245
1757642782406 148.40641440870215 246
1757642782489 148.3287798620562 247
1757642782576 148.25118797397744 248
1757642782659 148.17363872058567 249
1757642782742 148.0961320780143 250
1757642782829 148.01866802241022 251
1757642782919 147.94124652993375 252
1757642783007 147.86386757675876 253
1757642783096 147.78653113907248 254
1757642783189 147.70923719307572 255
1757642783296 147.63198571498265 256
1757642783389 147.55477668102094 257
1757642783470 147.47761006743164 258
1757642783548 147.40048585046932 259
1757642783627 147.32340400640192 260
1757642783706 147.2463645115107 261
1757642783789 147.1693673420905 262
1757642783869 147.09241247444945 263
1757642783949 147.0154998849091 264
1757642784029 146.93862954980438 265
1757642784114 146.8618014454836 266
1757642784196 146.78501554830837 267
1757642784282 146.70827183465377 268
1757642784368 146.63157028090825 269
1757642784448 146.55491086347345 270
1757642784528 146.47829355876448 271
1757642784614 146.4017183432097 272
1757642784703 146.3251851932509 273
1757642784786 146.24869408534303 274
1757642784872 146.17224499595454 275
1757642784964 146.095837901567 276
1757642785045 146.0194727786753 277
1757642785132 145.94314960378776 278
1757642785219 145.8668683534259 279
1757642785305 145.79062900412436 280
1757642785392 145.71443153243126 281
1757642785481 145.63827591490787 282
1757642785570 145.56216212812873 283
1757642785657 145.48609014868157 284
1757642785745 145.41005995316743 285
1757642785831 145.33407151820055 286
1757642785915 145.2581248204083 287
1757642785998 145.18221983643147 288
1757642786090 145.1063565429238 289
1757642786177 145.0305349165524 290
1757642786268 144.95475493399744 291
1757642786357 144.87901657195243 292
1757642786447 144.80331980712387 293
1757642786535 144.72766461623158 294
1757642786620 144.65205097600847 295
1757642786711 144.57647886320058 296
1757642786801 144.5009482545671 297
1757642786888 144.42545912688038 298
1757642786975 144.3500114569259 299
1757642787057 144.2746052215022 300
1757642787144 144.19924039742108 301
1757642787234 144.12391696150723 302
1757642787321 144.0486348905986 303
1757642787409 143.97339416154614 304
1757642787496 143.89819475121402 305
1757642787584 143.8230366364793 306
1757642787671 143.7479197942322 307
1757642787752 143.672844201376 308
1757642787842 143.59780983482705 309
1757642787923 143.52281667151473 310
1757642788009 143.44786468838143 311
1757642788093 143.3729538623826 312
1757642788183 143.2980841704867 313
1757642788279 143.22325558967518 314
1757642788370 143.14846809694262 315
1757642788456 143.07372166929645 316
1757642788548 142.9990162837571 317
1757642788634 142.92435191735817 318
1757642788721 142.84972854714601 319
1757642788806 142.7751461501801 320
1757642788891 142.70060470353275 321
1757642788977 142.62610418428937 322
1757642789075 142.55164456954824 323
1757642789165 142.4772258364206 324
1757642789282 142.40284796203053 325
1757642789377 142.32851092351527 326
1757642789478 142.25421469802473 327
1757642789581 142.1799592627219 328
1757642789684 142.10574459478255 329
1757642789784 142.03157067139549 330
1757642789887 141.95743746976228 331
1757642789982 141.88334496709743 332
1757642790073 141.80929314062834 333
1757642790174 141.7352819675953 334
1757642790269 141.66131142525134 335
1757642790371 141.5873814908625 336
1757642790481 141.51349214170756 337
1757642790576 141.43964335507815 338
1757642790670 141.3658351082788 339
1757642790763 141.29206737862683 340
1757642790855 141.21834014345228 341
1757642790953 141.1446533800982 342
1757642791046 141.07100706592024 343
1757642791171 140.997401178287 344
1757642791265 140.92383569457976 345
1757642791357 140.85031059219267 346
1757642791451 140.77682584853258 347
1757642791543 140.7033814410192 348
1757642791635 140.62997734708483 349
1757642791724 140.5566135441747 350
1757642791813 140.4832900097467 351
1757642791900 140.41000672127146 352
1757642791981 140.33676365623242 353
1757642792066 140.26356079212556 354
1757642792156 140.1903981064598 355
1757642792244 140.1172755767566 356
1757642792335 140.04419318055022 357
1757642792424 139.97115089538758 358
1757642792510 139.89814869882824 359
1757642792597 139.8251865684445 360
1757642792679 139.75226448182138 361
1757642792768 139.67938241655642 362
1757642792855 139.60654035026 363
1757642792941 139.53373826055494 364
1757642793028 139.46097612507688 365
1757642793111 139.38825392147402 366
1757642793201 139.31557162740722 367
1757642793288 139.24292922054994 368
1757642793378 139.17032667858828 369
1757642793465 139.0977639792209 370
1757642793557 139.0252411001591 371
1757642793643 138.9527580191268 372
1757642793730 138.8803147138604 373
1757642793816 138.807911162109 374
1757642793899 138.73554734163426 375
1757642793979 138.66322323021032 376
1757642794061 138.59093880562392 377
1757642794146 138.5186940456744 378
1757642794232 138.44648892817358 379
1757642794317 138.37432343094588 380
1757642794403 138.3021975318281 381
1757642794488 138.23011120866983 382
1757642794573 138.15806443933286 383
1757642794660 138.08605720169177 384
1757642794741 138.01408947363345 385
1757642794831 137.9421612330574 386
1757642794921 137.8702724578755 387
1757642795009 137.7984231260122 388
1757642795094 137.7266132154044 389
1757642795185 137.65484270400148 390
1757642795270 137.5831115697652 391
1757642795358 137.51141979066986 392
1757642795451 137.43976734470218 393
1757642795544 137.36815420986127 394
1757642795634 137.29658036415879 395
1757642795722 137.22504578561862 396
1757642795810 137.15355045227733 397
1757642795900 137.0820943421836 398
1757642795987 137.0106774333988 399
1757642796075 136.93929970399648 400
1757642796174 136.86796113206265 401
1757642796268 136.79666169569572 402
1757642796356 136.7254013730065 403
1757642796448 136.65418014211807 404
1757642796542 136.58299798116593 405
1757642796631 136.511854868298 406
1757642796718 136.44075078167438 407
1757642796807 136.3696856994677 408
1757642796898 136.29865959986273 409
1757642796986 136.22767246105676 410
1757642797077 136.15672426125923 411
1757642797166 136.08581497869199 412
1757642797256 136.01494459158917 413
1757642797344 135.94411307819718 414
1757642797436 135.87332041677473 415
1757642797528 135.80256658559284 416
1757642797616 135.73185156293476 417
1757642797707 135.66117532709603 418
1757642797815 135.59053785638446 419
1757642797903 135.5199391291201 420
1757642797990 135.4493791236353 421
1757642798075 135.37885781827453 422
1757642798165 135.30837519139462 423
1757642798258 135.23793122136456 424
1757642798350 135.16752588656567 425
1757642798440 135.09715916539122 426
1757642798531 135.02683103624702 427
1757642798618 134.95654147755084 428
1757642798706 134.8862904677327 429
1757642798798 134.8160779852349 430
1757642798887 134.74590400851181 431
1757642798980 134.67576851603002 432
1757642799072 134.60567148626825 433
1757642799161 134.5356128977174 434
1757642799253 134.46559272888055 435
1757642799345 134.39561095827287 436
1757642799438 134.32566756442176 437
1757642799524 134.25576252586657 438
1757642799605 134.185895821159 439
1757642799693 134.1160674288627 440
1757642799781 134.04627732755347 441
1757642799871 133.97652549581926 442
1757642799961 133.9068119122601 443
1757642800048 133.83713655548803 444
1757642800134 133.7674994041273 445
1757642800224 133.69790043681417 446
1757642800315 133.6283396321969 447
1757642800409 133.55881696893593 448
1757642800497 133.48933242570374 449
1757642800591 133.4198859811848 450
1757642800683 133.3504776140756 451
1757642800774 133.28110730308475 452
1757642800860 133.21177502693283 453
1757642800951 133.1424807643525 454
1757642801041 133.07322449408838 455
1757642801136 133.00400619489704 456
1757642801228 132.93482584554724 457
1757642801320 132.86568342481954 458
1757642801416 132.79657891150654 459
1757642801508 132.7275122844129 460
1757642801599 132.65848352235514 461
1757642801690 132.58949260416185 462
1757642801779 132.52053950867347 463
1757642801872 132.45162421474248 464
1757642801980 132.38274670123332 465
1757642802067 132.31390694702225 466
1757642802160 132.2451049309976 467
1757642802251 132.1763406320595 468
1757642802343 132.10761402912016 469
1757642802432 132.03892510110353 470
1757642802519 131.97027382694552 471
1757642802612 131.90166018559404 472
1757642802705 131.83308415600877 473
1757642802795 131.7645457171613 474
1757642802884 131.69604484803514 475
1757642802974 131.6275815276256 476
1757642803066 131.55915573493996 477
1757642803157 131.49076744899725 478
1757642803246 131.4224166488285 479
1757642803336 131.35410331347632 480
1757642803425 131.28582742199544 481
1757642803518 131.21758895345224 482
1757642803608 131.14938788692504 483
1757642803699 131.08122420150391 484
1757642803789 131.0130978762907 485
1757642803880 130.94500889039918 486
1757642803972 130.87695722295476 487
1757642804066 130.80894285309483 488
1757642804150 130.7409657599684 489
1757642804242 130.67302592273634 490
1757642804333 130.60512332057127 491
1757642804427 130.53725793265752 492
1757642804520 130.46942973819134 493
1757642804610 130.40163871638055 494
1757642804703 130.3338848464448 495
1757642804793 130.26616810761544 496
1757642804884 130.1984884791356 497
1757642804977 130.1308459402601 498
1757642805071 130.06324047025552 499
