1757666300576 41.623483244447144 0
1757666300681 14.977702145559476 1
1757666300776 4.991250615792722 2
1757666300872 1.6977813388389191 3
1757666300964 2.659387280961138 4
1757666301061 2.116497451685162 5
1757666301154 1.2449013516663503 6
1757666301245 1.9679527034898197 7
1757666301331 1.7559561232702086 8
1757666301423 4.481810248608959 9
1757666301515 3.4436778608513823 10
1757666301609 2.5057299031716807 11
1757666301702 1.2948798915470068 12
1757666301798 1.337833616137336 13
1757666301897 2.2346819919218275 14
1757666301993 0.8091944125242256 15
1757666302088 2.943455790833602 16
1757666302183 3.1185018507140967 17
1757666302278 2.834258381320131 18
1757666302375 1.63921262079992 19
1757666302471 1.9277863967317916 20
1757666302568 2.3265075049049666 21
1757666302656 2.710532064162221 22
1757666302746 1.9764354578689842 23
1757666302832 1.3834691366677703 24
1757666302921 1.5034509641727336 25
1757666303013 2.2015792711571445 26
1757666303098 1.3178848361057338 27
1757666303191 3.0293382933630095 28
1757666303280 2.3644275036973545 29
1757666303368 2.205417247437361 30
1757666303442 1.5026959487562817 31
1757666303529 2.27157240748057 32
1757666303622 0.686694232832127 33
1757666303714 2.4404575756950506 34
1757666303804 2.322322099291127 35
1757666303902 1.3751995494110005 36
1757666303989 1.4686820161609566 37
1757666304077 0.9238879389476454 38
1757666304168 1.7836833395570202 39
1757666304261 2.764827312120648 40
1757666304347 2.7116566427874327 41
1757666304438 1.720283874977656 42
1757666304531 1.665296663043338 43
1757666304630 0.8696262223859789 44
1757666304739 1.164795183017339 45
1757666304837 1.80423825124526 46
1757666304937 1.018188586920614 47
1757666305033 1.1291538266138048 48
1757666305133 1.1507643136666788 49
1757666305230 1.6248655004391868 50
1757666305320 1.2997661908015357 51
1757666305416 1.5741884433162379 52
1757666305528 3.3698833591237385 53
1757666305626 0.9626480676665551 54
1757666305752 1.3330135249217387 55
1757666305851 2.2385450694269693 56
