1757522237451 140024.55524639375 0
1757522237531 1090889175831927.5 1
1757522237622 8.511767580254716e+24 2
1757522237697 6.641388414216097e+34 3
1757522237762 5.182007104000777e+44 4
1757522237823 4.043310818628625e+54 5
1757522237894 3.1548321042279934e+64 6
1757522237967 2.4615880530410227e+74 7
1757522238040 1.920677723151619e+84 8
1757522238114 1.4986272425451289e+94 9
1757522238187 1.169318301049049e+104 10
1757522238250 9.123718362720671e+113 11
1757522238312 7.11886889032379e+123 12
1757522238374 5.554565831919166e+133 13
1757522238442 4.334003344697129e+143 14
1757522238514 3.381647739937922e+153 15
1757522238584 2.638563131479636e+163 16
1757522238657 2.0587642280361816e+173 17
1757522238730 1.6063705643702276e+183 18
1757522238802 1.2533860628307854e+193 19
1757522238877 9.779665149145378e+202 20
1757522238948 7.63067767112401e+212 21
1757522239021 5.953909549314072e+222 22
1757522239095 4.6455951160877034e+232 23
1757522239167 3.62477021255795e+242 24
1757522239243 2.828261776052575e+252 25
1757522239312 2.2067784176131862e+262 26
1757522239377 1.7218600575369207e+272 27
1757522239440 1.343497849207585e+282 28
1757522239501 1.0482771018031557e+292 29
1757522239575 8.179282779000841e+301 30
1757522239646 inf 31
