1757649776662 166.98065241284698 0
1757649776731 166.95540656866564 1
1757649776802 166.9427867981766 2
1757649776874 166.93016750786134 3
1757649776946 166.9175493054686 4
1757649777015 166.9049321908706 5
1757649777083 166.89231616396864 6
1757649777158 166.87970122466422 7
1757649777235 166.86708737285863 8
1757649777311 166.8544746084534 9
1757649777385 166.84186293134982 10
1757649777460 166.8292523414494 11
1757649777534 166.81664283865356 12
1757649777607 166.80403442286377 13
1757649777682 166.79142709398144 14
1757649777748 166.77882085190805 15
1757649777814 166.7662156965451 16
1757649777927 166.75361162779404 17
1757649777998 166.7410086455564 18
1757649778071 166.72840674973367 19
1757649778139 166.71580594022728 20
1757649778209 166.70320621693887 21
1757649778313 166.69060757976993 22
1757649778384 166.67801002862203 23
1757649778451 166.66541356339664 24
1757649778521 166.65281818399532 25
1757649778589 166.64022389031973 26
1757649778660 166.62763068227136 27
1757649778735 166.6150385597518 28
1757649778804 166.60244752266274 29
1757649778880 166.58985757090568 30
1757649778949 166.57726870438225 31
1757649779022 166.56468092299409 32
1757649779090 166.55209422664282 33
1757649779164 166.5395086152301 34
1757649779238 166.52692408865755 35
1757649779308 166.51434064682687 36
1757649779382 166.50175828963967 37
1757649779457 166.4891770169977 38
1757649779533 166.47659682880254 39
1757649779604 166.464017724956 40
1757649779672 166.4514397053597 41
1757649779748 166.4388627699154 42
1757649779818 166.42628691852482 43
1757649779885 166.41371215108964 44
1757649779956 166.40113846751171 45
1757649780028 166.38856586769265 46
1757649780100 166.3759943515343 47
1757649780167 166.36342391893842 48
1757649780242 166.35085456980676 49
1757649780317 166.33828630404113 50
1757649780392 166.3257191215433 51
1757649780469 166.31315302221512 52
1757649780544 166.3005880059584 53
1757649780619 166.2880240726749 54
1757649780691 166.2754612222665 55
1757649780762 166.262899454635 56
1757649780833 166.25033876968234 57
1757649780901 166.2377791673103 58
1757649780973 166.2252206474208 59
1757649781050 166.21266320991566 60
1757649781127 166.2001068546968 61
1757649781201 166.18755158166613 62
1757649781279 166.1749973907256 63
1757649781355 166.16244428177697 64
1757649781431 166.1498922547223 65
1757649781506 166.13734130946347 66
1757649781582 166.12479144590247 67
1757649781658 166.1122426639412 68
1757649781732 166.09969496348162 69
1757649781807 166.08714834442574 70
1757649781882 166.0746028066755 71
1757649781959 166.06205835013293 72
1757649782032 166.0495149747 73
1757649782105 166.03697268027872 74
1757649782179 166.0244314667711 75
1757649782261 166.01189133407914 76
1757649782341 165.99935228210495 77
1757649782417 165.98681431075047 78
1757649782491 165.97427741991785 79
1757649782565 165.9617416095091 80
1757649782637 165.94920687942627 81
1757649782708 165.93667322957148 82
1757649782779 165.92414065984684 83
1757649782850 165.91160917015438 84
1757649782922 165.89907876039626 85
1757649782997 165.88654943047456 86
1757649783080 165.87402118029144 87
1757649783156 165.861494009749 88
1757649783231 165.84896791874942 89
1757649783301 165.83644290719482 90
1757649783379 165.82391897498738 91
1757649783449 165.81139612202927 92
1757649783523 165.79887434822263 93
1757649783598 165.78635365346972 94
1757649783674 165.77383403767269 95
1757649783751 165.76131550073376 96
1757649783826 165.7487980425551 97
1757649783899 165.73628166303905 98
1757649783980 165.72376636208773 99
1757649784052 165.71125213960346 100
1757649784126 165.69873899548847 101
1757649784199 165.686226929645 102
1757649784283 165.67371594197527 103
1757649784362 165.6612060323817 104
1757649784440 165.64869720076652 105
1757649784514 165.63618944703194 106
1757649784590 165.6236827710804 107
1757649784670 165.6111771728141 108
1757649784751 165.5986726521355 109
1757649784832 165.58616920894679 110
1757649784915 165.5736668431504 111
1757649784994 165.56116555464865 112
1757649785070 165.54866534334394 113
1757649785150 165.53616620913863 114
1757649785226 165.52366815193506 115
1757649785303 165.51117117163562 116
1757649785384 165.4986752681428 117
1757649785463 165.4861804413589 118
1757649785540 165.47368669118643 119
1757649785617 165.46119401752773 120
1757649785696 165.44870242028526 121
1757649785770 165.4362118993615 122
1757649785854 165.42372245465887 123
1757649785941 165.41123408607984 124
1757649786022 165.3987467935269 125
1757649786103 165.38626057690246 126
1757649786178 165.37377543610913 127
1757649786260 165.3612913710493 128
1757649786339 165.34880838162553 129
1757649786420 165.33632646774032 130
1757649786499 165.3238456292962 131
1757649786583 165.31136586619573 132
1757649786670 165.2988871783414 133
1757649786761 165.28640956563584 134
1757649786841 165.27393302798154 135
1757649786922 165.2614575652811 136
1757649786990 165.24898317743708 137
1757649787066 165.23650986435212 138
1757649787148 165.2240376259288 139
1757649787232 165.21156646206964 140
1757649787312 165.19909637267742 141
1757649787396 165.18662735765463 142
1757649787474 165.17415941690393 143
1757649787555 165.161692550328 144
1757649787639 165.14922675782955 145
1757649787726 165.1367620393111 146
1757649787805 165.1242983946754 147
1757649787891 165.11183582382517 148
1757649787973 165.09937432666302 149
1757649788055 165.0869139030917 150
1757649788135 165.0744545530139 151
1757649788212 165.0619962763323 152
1757649788308 165.0495390729497 153
1757649788384 165.0370829427688 154
1757649788457 165.02462788569233 155
1757649788532 165.01217390162304 156
1757649788611 164.9997209904637 157
1757649788688 164.98726915211714 158
1757649788767 164.97481838648602 159
1757649788846 164.96236869347325 160
1757649788925 164.94992007298157 161
1757649789001 164.93747252491377 162
1757649789079 164.92502604917271 163
1757649789158 164.9125806456612 164
1757649789234 164.90013631428207 165
1757649789316 164.88769305493813 166
1757649789396 164.8752508675323 167
1757649789475 164.8628097519674 168
1757649789555 164.8503697081463 169
1757649789633 164.8379307359719 170
1757649789715 164.8254928353471 171
1757649789794 164.81305600617472 172
1757649789877 164.80062024835777 173
1757649789959 164.7881855617991 174
1757649790042 164.77575194640167 175
1757649790123 164.76331940206836 176
1757649790212 164.7508879287022 177
1757649790288 164.73845752620608 178
1757649790374 164.72602819448298 179
1757649790458 164.71359993343586 180
1757649790529 164.7011727429677 181
1757649790600 164.6887466229815 182
1757649790669 164.67632157338028 183
1757649790739 164.66389759406698 184
1757649790816 164.6514746849447 185
1757649790893 164.63905284591638 186
1757649790968 164.62663207688513 187
1757649791041 164.6142123777539 188
1757649791117 164.60179374842585 189
1757649791191 164.58937618880395 190
1757649791269 164.57695969879134 191
1757649791349 164.56454427829107 192
1757649791427 164.5521299272062 193
1757649791501 164.53971664543988 194
1757649791579 164.52730443289516 195
1757649791659 164.51489328947522 196
1757649791739 164.50248321508315 197
1757649791822 164.49007420962207 198
1757649791908 164.47766627299512 199
1757649791993 164.46525940510548 200
1757649792078 164.4528536058563 201
1757649792171 164.44044887515074 202
1757649792242 164.42804521289202 203
1757649792315 164.41564261898327 204
1757649792395 164.40324109332767 205
1757649792475 164.3908406358285 206
1757649792554 164.37844124638895 207
1757649792631 164.36604292491222 208
1757649792706 164.35364567130156 209
1757649792785 164.34124948546017 210
1757649792865 164.3288543672914 211
1757649792940 164.3164603166984 212
1757649793020 164.30406733358453 213
1757649793107 164.29167541785296 214
1757649793336 164.27928456940708 215
1757649793426 164.26689478815013 216
1757649793495 164.25450607398545 217
1757649793569 164.24211842681632 218
1757649793646 164.2297318465461 219
1757649793723 164.2173463330781 220
1757649793796 164.2049618863156 221
1757649793866 164.19257850616205 222
1757649793949 164.18019619252078 223
1757649794031 164.16781494529513 224
1757649794114 164.1554347643885 225
1757649794193 164.14305564970428 226
1757649794273 164.13067760114583 227
1757649794353 164.11830061861664 228
1757649794433 164.10592470202 229
1757649794510 164.0935498512594 230
1757649794587 164.0811760662383 231
1757649794663 164.06880334686005 232
1757649794778 164.0564316930282 233
1757649794855 164.04406110464615 234
1757649794932 164.03169158161737 235
1757649795009 164.01932312384534 236
1757649795084 164.00695573123357 237
1757649795157 163.99458940368552 238
1757649795236 163.98222414110472 239
1757649795317 163.96985994339462 240
1757649795394 163.95749681045882 241
1757649795470 163.94513474220085 242
1757649795546 163.9327737385242 243
1757649795620 163.9204137993324 244
1757649795697 163.90805492452907 245
1757649795774 163.89569711401776 246
1757649795850 163.88334036770203 247
1757649795926 163.87098468548547 248
1757649796001 163.8586300672717 249
1757649796085 163.84627651296424 250
1757649796164 163.83392402246676 251
1757649796250 163.8215725956829 252
1757649796338 163.80922223251625 253
1757649796421 163.79687293287046 254
1757649796505 163.7845246966492 255
1757649796589 163.77217752375606 256
1757649796669 163.7598314140948 257
1757649796749 163.74748636756902 258
1757649796828 163.7351423840824 259
1757649796909 163.7227994635387 260
1757649796991 163.71045760584155 261
1757649797074 163.6981168108947 262
1757649797155 163.68577707860186 263
1757649797238 163.67343840886673 264
1757649797324 163.66110080159308 265
1757649797404 163.6487642566847 266
1757649797482 163.6364287740452 267
1757649797557 163.6240943535785 268
1757649797631 163.6117609951883 269
1757649797705 163.59942869877838 270
1757649797780 163.5870974642525 271
1757649797854 163.57476729151458 272
1757649797934 163.5624381804683 273
1757649798007 163.5501101310175 274
1757649798080 163.53778314306606 275
1757649798154 163.52545721651782 276
1757649798231 163.51313235127654 277
1757649798307 163.50080854724615 278
1757649798392 163.48848580433048 279
1757649798475 163.47616412243346 280
1757649798556 163.46384350145883 281
1757649798639 163.4515239413106 282
1757649798723 163.43920544189265 283
1757649798807 163.42688800310887 284
1757649798888 163.4145716248632 285
1757649798971 163.40225630705953 286
1757649799052 163.3899420496018 287
1757649799132 163.37762885239397 288
1757649799218 163.36531671533996 289
1757649799301 163.35300563834377 290
1757649799373 163.34069562130938 291
1757649799449 163.3283866641407 292
1757649799521 163.3160787667418 293
1757649799591 163.3037719290166 294
1757649799674 163.29146615086918 295
1757649799755 163.2791614322035 296
1757649799835 163.2668577729236 297
1757649799917 163.2545551729335 298
1757649800002 163.2422536321373 299
1757649800082 163.22995315043897 300
1757649800167 163.21765372774263 301
1757649800244 163.2053553639523 302
1757649800322 163.19305805897207 303
1757649800404 163.1807618127061 304
1757649800487 163.16846662505836 305
1757649800567 163.15617249593302 306
1757649800647 163.14387942523422 307
1757649800728 163.13158741286603 308
1757649800805 163.1192964587326 309
1757649800880 163.10700656273812 310
1757649800962 163.09471772478662 311
1757649801046 163.08242994478235 312
1757649801126 163.0701432226295 313
1757649801206 163.05785755823217 314
1757649801288 163.04557295149456 315
1757649801370 163.03328940232092 316
1757649801519 163.02100691061537 317
1757649801611 163.0087254762822 318
1757649801687 162.99644509922555 319
1757649801757 162.98416577934975 320
1757649801830 162.97188751655892 321
1757649801907 162.9596103107574 322
1757649801985 162.9473341618494 323
1757649802060 162.93505906973922 324
1757649802134 162.9227850343311 325
1757649802208 162.91051205552932 326
1757649802286 162.89824013323823 327
1757649802369 162.88596926736207 328
1757649802451 162.87369945780515 329
1757649802535 162.86143070447181 330
1757649802619 162.84916300726638 331
1757649802703 162.83689636609319 332
1757649802786 162.8246307808566 333
1757649802869 162.81236625146093 334
1757649802953 162.80010277781057 335
1757649803039 162.7878403598099 336
1757649803127 162.77557899736323 337
1757649803214 162.76331869037506 338
1757649803305 162.75105943874973 339
1757649803394 162.73880124239165 340
1757649803482 162.7265441012052 341
1757649803568 162.7142880150949 342
1757649803654 162.70203298396507 343
1757649803737 162.68977900772026 344
1757649803824 162.67752608626483 345
1757649803910 162.66527421950332 346
1757649803994 162.65302340734013 347
1757649804081 162.64077364967983 348
1757649804167 162.6285249464268 349
1757649804252 162.61627729748562 350
1757649804330 162.60403070276072 351
1757649804408 162.59178516215673 352
1757649804485 162.57954067557807 353
1757649804561 162.5672972429293 354
1757649804640 162.55505486411496 355
1757649804720 162.54281353903963 356
1757649804805 162.53057326760782 357
1757649804888 162.51833404972413 358
1757649804971 162.50609588529315 359
1757649805053 162.4938587742194 360
1757649805136 162.48162271640754 361
1757649805220 162.46938771176218 362
1757649805308 162.4571537601879 363
1757649805397 162.44492086158934 364
1757649805480 162.4326890158711 365
1757649805560 162.42045822293784 366
1757649805637 162.4082284826942 367
1757649805715 162.39599979504484 368
1757649805800 162.38377215989445 369
1757649805885 162.37154557714766 370
1757649805976 162.3593200467092 371
1757649806054 162.3470955684837 372
1757649806130 162.33487214237596 373
1757649806213 162.3226497682906 374
1757649806295 162.31042844613233 375
1757649806371 162.29820817580597 376
1757649806450 162.2859889572162 377
1757649806525 162.2737707902678 378
1757649806600 162.26155367486544 379
1757649806676 162.24933761091398 380
1757649806755 162.23712259831814 381
1757649806836 162.22490863698272 382
1757649806917 162.21269572681248 383
1757649807000 162.20048386771225 384
1757649807082 162.18827305958686 385
1757649807159 162.17606330234105 386
1757649807240 162.16385459587974 387
1757649807320 162.1516469401077 388
1757649807406 162.1394403349298 389
1757649807493 162.12723478025086 390
1757649807584 162.11503027597578 391
1757649807672 162.1028268220094 392
1757649807761 162.09062441825665 393
1757649807845 162.07842306462234 394
1757649807935 162.06622276101143 395
1757649808014 162.05402350732882 396
1757649808094 162.04182530347938 397
1757649808171 162.0296281493681 398
1757649808247 162.01743204489983 399
1757649808327 162.00523698997958 400
1757649808405 161.99304298451227 401
1757649808486 161.98085002840287 402
1757649808587 161.96865812155633 403
1757649808671 161.95646726387767 404
1757649808764 161.94427745527182 405
1757649808852 161.9320886956438 406
1757649808927 161.9199009848986 407
1757649809003 161.90771432294125 408
1757649809079 161.89552870967677 409
1757649809152 161.88334414501017 410
1757649809235 161.87116062884652 411
1757649809317 161.85897816109085 412
1757649809403 161.8467967416482 413
1757649809492 161.83461637042367 414
1757649809582 161.8224370473223 415
1757649809669 161.81025877224917 416
1757649809748 161.79808154510943 417
1757649809827 161.78590536580813 418
1757649809907 161.77373023425034 419
1757649809983 161.76155615034128 420
1757649810063 161.749383113986 421
1757649810147 161.73721112508963 422
1757649810229 161.7250401835574 423
1757649810313 161.71287028929441 424
1757649810389 161.70070144220577 425
1757649810474 161.68853364219672 426
1757649810559 161.67636688917244 427
1757649810642 161.6642011830381 428
1757649810729 161.6520365236989 429
1757649810822 161.63987291106002 430
1757649810906 161.6277103450267 431
1757649810984 161.61554882550416 432
1757649811068 161.60338835239767 433
1757649811152 161.5912289256124 434
1757649811237 161.5790705450537 435
1757649811324 161.56691321062672 436
1757649811412 161.5547569222368 437
1757649811504 161.5426016797892 438
1757649811594 161.5304474831892 439
1757649811685 161.51829433234207 440
1757649811776 161.5061422271532 441
1757649811864 161.49399116752775 442
1757649811954 161.4818411533712 443
1757649812044 161.46969218458878 444
1757649812134 161.4575442610859 445
1757649812223 161.44539738276782 446
1757649812315 161.43325154954 447
1757649812421 161.42110676130775 448
1757649812508 161.40896301797642 449
1757649812600 161.39682031945145 450
1757649812689 161.38467866563815 451
1757649812780 161.37253805644204 452
1757649812870 161.36039849176845 453
1757649812960 161.34825997152276 454
1757649813050 161.33612249561048 455
1757649813141 161.32398606393704 456
1757649813234 161.31185067640786 457
1757649813326 161.29971633292837 458
1757649813414 161.28758303340405 459
1757649813502 161.2754507777404 460
1757649813592 161.26331956584286 461
1757649813686 161.25118939761697 462
1757649813778 161.23906027296817 463
1757649813869 161.22693219180198 464
1757649813958 161.21480515402396 465
1757649814049 161.2026791595396 466
1757649814139 161.1905542082544 467
1757649814229 161.17843030007396 468
1757649814316 161.16630743490379 469
1757649814401 161.1541856126495 470
1757649814487 161.1420648332166 471
1757649814575 161.1299450965107 472
1757649814666 161.11782640243737 473
1757649814756 161.1057087509022 474
1757649814846 161.09359214181083 475
1757649814937 161.08147657506885 476
1757649815027 161.06936205058187 477
1757649815115 161.05724856825555 478
1757649815205 161.04513612799548 479
1757649815293 161.03302472970736 480
1757649815382 161.0209143732968 481
1757649815473 161.00880505866948 482
1757649815560 160.9966967857311 483
1757649815655 160.98458955438733 484
1757649815745 160.97248336454382 485
1757649815835 160.96037821610636 486
1757649815927 160.94827410898057 487
1757649816017 160.9361710430722 488
1757649816107 160.92406901828699 489
1757649816203 160.91196803453064 490
1757649816289 160.89986809170892 491
1757649816378 160.88776918972763 492
1757649816487 160.87567132849242 493
1757649816577 160.86357450790916 494
1757649816664 160.85147872788357 495
1757649816751 160.8393839883215 496
1757649816842 160.82729028912868 497
1757649816934 160.81519763021095 498
1757649817021 160.8031060114741 499
