1757449364575 157.7679249357067 0
1757449364649 149.2120935541987 1
1757449364721 157.91345423899884 2
1757449364796 146.90735063130555 3
1757449364874 142.29499351893224 4
1757449364951 133.51515773778902 5
1757449365024 133.91086022792612 6
1757449365093 121.08526546605465 7
1757449365165 124.05264024992132 8
1757449365230 118.98135279059566 9
1757449365300 113.99432192911623 10
1757449365370 108.90098923389583 11
1757449365432 106.40550427091695 12
1757449365496 104.057294726896 13
1757449365562 96.83978575601014 14
1757449365634 100.67211527275217 15
1757449365699 95.38562629462118 16
1757449365765 89.1739257648476 17
1757449365829 83.87533443410835 18
1757449365898 80.77682426537854 19
1757449365961 82.78250252614106 20
1757449366024 84.21397115817868 21
1757449366090 73.7072835511897 22
1757449366147 72.07811981294256 23
1757449366213 76.47891349451231 24
1757449366280 69.23875589808762 25
1757449366354 69.54728289313405 26
1757449366418 65.26154041807743 27
1757449366485 61.002792654799926 28
1757449366548 63.052512049989325 29
1757449366617 65.36302750262719 30
1757449366678 72.98369452726581 31
1757449366747 71.86638729227049 32
1757449366818 54.23809176363507 33
1757449366892 52.116285279165986 34
1757449366963 45.5174139410539 35
1757449367037 51.37796673898308 36
1757449367101 50.554633894109784 37
1757449367168 42.29559088861135 38
1757449367234 40.428696796436334 39
1757449367295 41.754856376037466 40
1757449367361 54.54110578931046 41
1757449367427 48.12812005149233 42
1757449367492 30.763900836738365 43
1757449367561 35.14710279902805 44
1757449367629 37.11925610309646 45
1757449367702 34.69886789127893 46
1757449367773 31.553346708292914 47
1757449367839 36.75685539002091 48
1757449367904 35.70079640027255 49
1757449367975 30.537006408054907 50
1757449368048 38.72824011613506 51
1757449368122 29.140969281038167 52
1757449368197 34.681020679748855 53
1757449368274 32.6050677291187 54
1757449368347 25.524762551137652 55
1757449368410 35.00121198231061 56
1757449368478 33.78077992426113 57
1757449368543 37.592139453896166 58
1757449368612 34.886875837951266 59
1757449368683 27.066040774086336 60
1757449368756 31.549399568056884 61
1757449368826 28.75687042986621 62
1757449368897 24.63996361930169 63
1757449368968 27.90702229774099 64
1757449369043 37.242600476331454 65
1757449369116 26.461856792066634 66
1757449369191 33.16860729307237 67
1757449369262 18.338384422587627 68
1757449369335 29.41676182248196 69
1757449369411 23.066999134339767 70
1757449369485 19.772140633875406 71
1757449369562 24.635814467742218 72
1757449369641 29.792650019312713 73
1757449369716 29.686292093670904 74
1757449369797 18.427537104028254 75
1757449369869 17.91337352126567 76
1757449369943 23.345228195100756 77
1757449370015 22.835109694897657 78
1757449370088 17.796369853570415 79
1757449370164 15.703383206485057 80
1757449370239 23.15747019894036 81
1757449370311 15.491631582240469 82
1757449370387 19.740582778196845 83
1757449370452 21.144634913129142 84
1757449370521 17.54919860736436 85
1757449370586 15.834677656514176 86
1757449370659 17.65258187567805 87
1757449370725 17.415275946902256 88
1757449370798 10.193434599638369 89
1757449370865 21.833446734181305 90
1757449370929 13.939630847000066 91
1757449370995 11.001113778269058 92
1757449371060 15.606005813069698 93
1757449371132 15.896866730115892 94
1757449371203 27.250306905883253 95
1757449371276 23.307226582912254 96
1757449371352 26.448717128760446 97
1757449371427 20.01088508832855 98
1757449371504 7.346074054816476 99
1757449371580 12.00180510458921 100
1757449371656 19.115650809816024 101
1757449371731 8.85261968968342 102
1757449371804 5.78119171917174 103
1757449371880 17.041415605566073 104
1757449371957 11.998054671643366 105
1757449372034 16.205953286658076 106
1757449372113 15.061406132490507 107
1757449372189 16.64943950900974 108
1757449372263 17.86387929150294 109
1757449372337 8.116276084788582 110
1757449372417 13.17619980765513 111
1757449372484 12.461422986282075 112
1757449372555 23.28215024976967 113
1757449372629 18.38073798302961 114
1757449372706 10.210863566577437 115
1757449372783 18.87879929205857 116
1757449372861 26.168638951757366 117
1757449372940 12.636439126690517 118
1757449373018 13.808898869917268 119
1757449373096 16.545954133598308 120
1757449373173 12.441245999504062 121
1757449373248 11.901652327476468 122
1757449373326 18.75623030617452 123
1757449373401 13.120171285619067 124
1757449373476 23.32340841674055 125
1757449373550 10.578012707219434 126
1757449373625 11.944600534670862 127
1757449373700 12.672679531339018 128
1757449373781 12.001366664956086 129
1757449373867 21.53262088958448 130
1757449373944 16.69632361113454 131
1757449374029 14.03772436727259 132
1757449374107 13.1186747684594 133
1757449374186 10.866536033505941 134
1757449374263 14.98108513383178 135
1757449374342 12.719705055242903 136
1757449374417 14.900973195594574 137
1757449374482 21.25557219780601 138
1757449374553 17.970306023596383 139
1757449374626 8.771270498436072 140
1757449374701 6.4946803416733445 141
1757449374774 15.717804151160816 142
1757449374850 21.13321894895104 143
1757449374924 15.658145018772162 144
1757449374980 16.818787152246546 145
1757449375044 15.367694348931302 146
1757449375109 15.53464493573515 147
1757449375178 18.41241611949314 148
1757449375247 20.435511965597797 149
1757449375318 21.504252068407258 150
1757449375394 8.498304442643347 151
1757449375469 11.5855156068712 152
1757449375547 16.407049509275087 153
1757449375626 11.77766920232871 154
1757449375702 15.311919269348905 155
1757449375777 4.727433569553801 156
1757449375851 10.529474172083415 157
1757449375923 15.852329103805168 158
1757449376001 18.693114800203432 159
1757449376078 12.923293449858898 160
1757449376156 15.77736067512147 161
1757449376233 17.347279891856136 162
1757449376309 12.906292018343137 163
1757449376385 5.687718266765912 164
1757449376466 15.318296358251901 165
1757449376530 11.514620267542728 166
1757449376594 13.75833032793327 167
1757449376666 11.889648954655929 168
1757449376738 15.600686731858582 169
1757449376810 16.503259843360812 170
1757449376884 18.728363925423732 171
1757449376957 18.837544168595976 172
1757449377032 10.726453241879042 173
1757449377105 10.389585498236803 174
1757449377176 8.327704705584326 175
1757449377253 8.000318895778811 176
1757449377331 16.48736865323604 177
1757449377410 11.645253839330199 178
1757449377488 12.333753330865378 179
1757449377562 17.302828490743547 180
1757449377643 7.827824771907222 181
1757449377729 7.711757795192718 182
1757449377808 18.81943831021147 183
1757449377887 12.556792582903816 184
1757449377964 14.524254189512105 185
1757449378040 13.021597988251447 186
1757449378120 7.582117351481982 187
1757449378199 12.836050475289149 188
1757449378278 14.51616329580676 189
1757449378355 14.370766679262957 190
1757449378435 22.044210467669192 191
1757449378509 10.727832276109805 192
1757449378580 10.071835109275048 193
1757449378653 16.50118062803005 194
1757449378728 17.062986559309824 195
1757449378806 16.90239904885653 196
1757449378881 12.303334386378893 197
1757449378956 16.390969305862214 198
1757449379042 9.55512915012217 199
1757449379119 6.997123213760905 200
1757449379195 7.8881386422324 201
1757449379272 16.162949958033234 202
1757449379349 5.923589107698806 203
1757449379424 15.234432960283524 204
1757449379502 14.346486597677014 205
1757449379582 9.607075086287901 206
1757449379660 15.03022801872693 207
1757449379741 14.369004771055373 208
1757449379820 5.378899696919943 209
1757449379898 11.037303537520431 210
1757449379974 14.092984325078131 211
1757449380053 15.129228818222362 212
1757449380129 16.028042400892915 213
1757449380208 12.072379040780902 214
1757449380285 9.66737462029827 215
1757449380363 16.07822896933494 216
1757449380439 9.611861787796693 217
1757449380519 17.455285028023145 218
1757449380589 11.980529821403058 219
1757449380657 11.9130223392834 220
1757449380726 19.641943478533648 221
1757449380797 19.873782214682063 222
1757449380867 9.71107350993525 223
1757449380936 10.986995566309007 224
1757449381005 14.088280875940306 225
1757449381079 19.96481215880432 226
1757449381152 14.712745114261182 227
1757449381224 18.01617067282905 228
1757449381306 8.58758445588507 229
1757449381388 9.95915653501592 230
1757449381466 14.191035011523219 231
1757449381556 9.643849342046396 232
1757449381631 9.505532153357581 233
1757449381706 20.573233696768497 234
1757449381782 23.12234361585437 235
1757449381864 12.53294348162576 236
1757449381943 16.403345472647256 237
1757449382024 12.329825113224658 238
1757449382101 17.423823452555958 239
1757449382177 15.43887095175434 240
1757449382256 15.773044472738745 241
1757449382335 8.114797061300479 242
1757449382413 9.306659981386296 243
1757449382492 19.3104474463166 244
1757449382563 13.548556118134629 245
1757449382635 11.898561732564962 246
1757449382710 16.169829483372325 247
1757449382787 15.134060750689898 248
1757449382864 11.968083179916759 249
1757449382943 16.586421768494333 250
1757449383031 9.139414368459365 251
1757449383109 8.908443184871478 252
1757449383186 17.887722952012375 253
1757449383265 7.229294845300892 254
