1757437365670 77.18131380716562 0
1757437365739 46.89549031646223 1
1757437365797 23.96565486040367 2
1757437365856 19.839668861347413 3
1757437365915 16.540625297001753 4
1757437365972 12.539625888894083 5
1757437366022 16.143101197212452 6
1757437366082 18.82398037842862 7
1757437366144 9.679757760198296 8
1757437366207 11.575468425791593 9
1757437366263 13.749410343776386 10
1757437366320 15.817419747843395 11
1757437366379 15.74052455263883 12
1757437366440 14.339385780507335 13
1757437366493 7.22487774350671 14
1757437366548 9.475931875032707 15
1757437366608 17.959375756665878 16
1757437366663 9.19215727310717 17
1757437366724 9.352215035925003 18
1757437366782 14.56450296040881 19
1757437366836 7.159338730070017 20
