1757604659752 12.682735353670228 0
1757604659850 3.020358865128965e-05 1
1757604659952 0.668594380068498 2
1757604660051 1.6741830329227712 3
1757604660150 0.3691975317171068 4
1757604660250 4.667708284287079 5
1757604660348 0.0034067819072600126 6
1757604660447 1.7313318764353527 7
1757604660545 0.28699005997398536 8
1757604660643 3.873944473484272 9
1757604660742 10.02839372210116 10
1757604660840 0.2753383305501908 11
1757604660941 0.1325609291077006 12
1757604661038 2.3249424976898316 13
1757604661136 2.2561125892798968 14
1757604661235 0.7713931379445742 15
1757604661335 0.0193288642612434 16
1757604661433 0.029399569909820924 17
1757604661533 4.419050633636714 18
1757604661633 2.494455326219064 19
1757604661733 0.25393254493328093 20
1757604661832 0.0956699421402649 21
1757604661932 0.31424891617481004 22
1757604662033 0.04652303140682464 23
1757604662130 3.5126153332599275 24
1757604662229 0.00016256019710630699 25
1757604662331 0.7485085492549635 26
1757604662430 1.7617514808561907 27
1757604662531 0.5631125487848119 28
1757604662630 8.84003170542584 29
1757604662729 1.3494289675388895 30
1757604662830 7.371915261537227 31
1757604662929 0.29630255002913214 32
1757604663028 2.569671274358801 33
1757604663128 8.515705151134924 34
1757604663228 0.8565971573531345 35
1757604663327 3.5394467730201473 36
1757604663428 1.1951040269561752 37
1757604663528 1.3889856690671485 38
1757604663628 2.0696150425039015 39
1757604663729 3.3496458802988003 40
1757604663829 3.9088499508502643 41
1757604663929 4.353371534759384 42
1757604664029 1.5820405537643163 43
1757604664129 2.312575357412541 44
1757604664229 4.339524177597777 45
1757604664330 0.10621985383874132 46
1757604664429 1.0609140457644737 47
1757604664534 0.10698578023471042 48
1757604664633 0.9578552999357797 49
1757604664733 6.534766597472983 50
1757604664834 0.3228758134873673 51
1757604664934 0.00018966687286633434 52
1757604665036 0.016355357665323866 53
1757604665136 0.04555919359467504 54
1757604665237 4.098188785584537 55
1757604665341 0.8726148060593186 56
1757604665443 5.991246304408552 57
1757604665545 2.87294357775256 58
1757604665646 0.00438573151595897 59
1757604665747 1.637084380711006 60
1757604665847 0.013344244693026187 61
1757604665948 2.060232858278464 62
1757604666047 0.6718804531245528 63
1757604666148 1.5872100622867555 64
1757604666251 2.4220971166993333 65
1757604666353 0.28479107795311903 66
1757604666454 5.0422632059925725 67
1757604666555 1.1738830869640395 68
1757604666653 0.010374436603588548 69
1757604666752 4.062611905122501 70
1757604666853 0.07455968330821254 71
1757604666953 0.3844955612469254 72
1757604667054 2.0391157005695852 73
1757604667153 1.6452731540840817 74
1757604667255 7.153899321392619 75
1757604667357 2.110199810562181 76
1757604667458 2.810455424917646 77
1757604667559 0.38815513637416016 78
1757604667659 2.5147399061357887 79
1757604667762 0.012369844634084805 80
1757604667866 3.91597107916315 81
1757604667968 2.6216807959123827 82
1757604668068 0.6963436119597118 83
1757604668169 1.458307096153302 84
1757604668270 4.154129602202085 85
1757604668372 1.3096635671671628 86
1757604668475 1.3354681605028642 87
1757604668576 0.19451602190734374 88
1757604668677 8.449604477890247 89
1757604668778 2.7034934630792486 90
