1757666910938 169.17582318790858 0
1757666911026 169.12815950967095 1
1757666911116 169.08411912374496 2
1757666911206 169.0398620584562 3
1757666911292 168.99561739601938 4
1757666911381 168.95138434190395 5
1757666911469 168.9071628219041 6
1757666911552 168.8629535691322 7
1757666911696 168.8187560102547 8
1757666911789 168.77456988106087 9
1757666911879 168.73039610439952 10
1757666911967 168.6862339171674 11
1757666912059 168.64208324521337 12
1757666912153 168.59794482110863 13
1757666912245 168.553818071948 14
1757666912339 168.5097027337182 15
1757666912431 168.46559972858844 16
1757666912521 168.4215082940224 17
1757666912611 168.37742835592738 18
1757666912693 168.33336064633426 19
1757666912777 168.28930459276557 20
1757666912869 168.2452599314054 21
1757666912960 168.20122758374396 22
1757666913053 168.15720678781125 23
1757666913145 168.1131974695732 24
1757666913236 168.06920036052054 25
1757666913328 168.0252148886034 26
1757666913421 167.98124079020292 27
1757666913513 167.93727898613082 28
1757666913603 167.89332871498314 29
1757666913690 167.8493899027842 30
1757666913783 167.80546328048516 31
1757666913875 167.76154827646323 32
1757666913961 167.7176446272966 33
1757666914054 167.67375325311906 34
1757666914145 167.62987342465195 35
1757666914240 167.58600495751256 36
1757666914333 167.54214875570224 37
1757666914427 167.49830405866697 38
1757666914516 167.45447079251878 39
1757666914604 167.41064968740008 40
1757666914694 167.36684017232824 41
1757666914781 167.3230419841766 42
1757666914902 167.27925604206308 43
1757666914997 167.2354815859965 44
1757666915091 167.19171854214713 45
1757666915185 167.14796764011896 46
1757666915278 167.1042283093556 47
1757666915369 167.06050028692687 48
1757666915458 167.01678449127428 49
1757666915550 166.9730801629708 50
1757666915644 166.92938722824513 51
1757666915739 166.88570641616306 52
1757666915832 166.84203715659422 53
1757666915932 166.79837918680474 54
1757666916024 166.75473342456013 55
1757666916116 166.71109911099728 56
1757666916208 166.66747617240307 57
1757666916302 166.62386533730566 58
1757666916394 166.58026603600015 59
1757666916487 166.53667800594906 60
1757666916581 166.49310216424232 61
1757666916672 166.44953775258026 62
1757666916759 166.40598469730796 63
1757666916850 166.36244372641625 64
1757666916941 166.31891427062556 65
1757666917034 166.2753960990354 66
1757666917125 166.23189001801148 67
1757666917220 166.18839544275252 68
1757666917309 166.144912111017 69
1757666917405 166.10144093888272 70
1757666917504 166.05798116889412 71
1757666917599 166.01453272748358 72
1757666917695 165.97109634183684 73
1757666917788 165.92767144331148 74
1757666917880 165.88425776985991 75
1757666917972 165.84085623688577 76
1757666918062 165.79746608749582 77
1757666918156 165.75408724818035 78
1757666918250 165.71072044558906 79
1757666918343 165.66736511150387 80
1757666918436 165.62402098407279 81
1757666918530 165.58068897802596 82
1757666918621 165.53736833703186 83
1757666918710 165.49405898763894 84
1757666918794 165.45076165596097 85
1757666918890 165.40747577420396 86
1757666918983 165.36420108071144 87
1757666919079 165.32093848954057 88
1757666919174 165.27768724492097 89
1757666919269 165.23444727345924 90
1757666919362 165.1912193007338 91
1757666919454 165.14800275937424 92
1757666919545 165.1047973879195 93
1757666919637 165.0616040997542 94
1757666919732 165.01842213966896 95
1757666919828 164.97525143432816 96
1757666919920 164.9320927087753 97
1757666920013 164.88894539606343 98
1757666920107 164.84580926624153 99
1757666920205 164.80268512241406 100
1757666920296 164.75957238217438 101
1757666920393 164.71647078435606 102
1757666920488 164.673381241336 103
1757666920583 164.6303029987452 104
1757666920712 164.5872359833348 105
1757666920800 164.54418091934693 106
1757666920892 164.50113724046886 107
1757666920989 164.45810468572708 108
1757666921084 164.41508416682743 109
1757666921178 164.3720749299606 110
1757666921269 164.32907690193554 111
1757666921367 164.28609080646055 112
1757666921460 164.24311574950815 113
1757666921557 164.20015261884248 114
1757666921650 164.1572008486932 115
1757666921743 164.11426017834654 116
1757666921837 164.0713315186143 117
1757666921930 164.0284141164327 118
1757666922024 163.9855078986877 119
1757666922116 163.9426135883765 120
1757666922211 163.89973062017157 121
1757666922304 163.8568587335536 122
1757666922396 163.81399883866453 123
1757666922487 163.77115018299938 124
1757666922581 163.72831269350155 125
1757666922678 163.68548709263558 126
1757666922768 163.64267281549553 127
1757666922858 163.5998696017565 128
1757666922953 163.55707836089113 129
1757666923136 163.5142983721496 130
1757666923299 163.4715294533374 131
1757666923455 163.42877249798065 132
1757666923604 163.3860267544132 133
1757666923754 163.3432921496651 134
1757666923895 163.3005694054023 135
1757666924015 163.25785795735078 136
1757666924144 163.21515754547684 137
1757666924270 163.17246907825023 138
1757666924398 163.12979180456037 139
1757666924516 163.0871256514949 140
1757666924638 163.04447134018793 141
1757666924760 163.00182830678625 142
1757666924881 162.95919629145018 143
1757666924996 162.91657620198148 144
1757666925113 162.87396728782664 145
1757666925223 162.8313694761307 146
1757666925335 162.78878348749654 147
1757666925458 162.74620875849135 148
1757666925570 162.7036450294693 149
1757666925678 162.66109320756468 150
1757666925797 162.61855254278055 151
1757666925925 162.57602296231943 152
1757666926051 162.53350518625328 153
1757666926170 162.49099865156944 154
1757666926292 162.4485030988157 155
1757666926411 162.40601943445944 156
1757666926547 162.36354690905983 157
1757666926660 162.32108544987685 158
1757666926778 162.27863577645198 159
1757666926892 162.2361973261922 160
1757666927009 162.19376983983892 161
1757666927122 162.15135422319312 162
1757666927235 162.10894975844184 163
1757666927351 162.06655626414388 164
1757666927479 162.0241746302177 165
1757666927600 161.98180410805773 166
1757666927714 161.9394446250099 167
1757666927829 161.89709689982084 168
1757666927950 161.85476037052652 169
1757666928076 161.8124347781583 170
1757666928197 161.7701210275185 171
1757666928314 161.72781837055481 172
1757666928553 161.68552673467033 173
1757666928649 161.64324683808226 174
1757666928746 161.60097811924555 175
1757666928842 161.55872031938452 176
1757666928929 161.51647434263668 177
1757666929022 161.474239441504 178
1757666929116 161.432015543447 179
1757666929213 161.3898033661538 180
1757666929308 161.3476023484979 181
1757666929402 161.30541223189664 182
1757666929495 161.2632339198229 183
1757666929591 161.2210666653329 184
1757666929685 161.17891039594417 185
1757666929779 161.1367658288164 186
1757666929873 161.0946324032412 187
1757666929970 161.05250986082874 188
1757666930067 161.01039910438797 189
1757666930160 160.96829938752865 190
1757666930261 160.9262106378255 191
1757666930361 160.88413357191007 192
1757666930458 160.84206762949185 193
1757666930558 160.80001258332888 194
1757666930653 160.7579692272173 195
1757666930748 160.71593698558428 196
1757666930842 160.67391560033073 197
1757666930933 160.6319059732707 198
1757666931026 160.58990735884353 199
1757666931120 160.54791968470957 200
1757666931216 160.50594366670896 201
1757666931311 160.46397874517726 202
1757666931407 160.4220246622059 203
1757666931502 160.38008231894634 204
1757666931596 160.33815097039036 205
1757666931693 160.2962305442553 206
1757666931787 160.25432175585422 207
1757666931881 160.21242372162146 208
1757666931974 160.17053731901663 209
1757666932073 160.12866198891072 210
1757666932171 160.08679747365153 211
1757666932268 160.04494467350764 212
1757666932363 160.00310284420695 213
1757666932460 159.9612719135427 214
1757666932555 159.91945259612572 215
1757666932651 159.87764433326427 216
1757666932747 159.83584686749793 217
1757666932841 159.79406109843407 218
1757666932934 159.75228628235197 219
1757666933024 159.71052234710174 220
1757666933117 159.66877000676823 221
1757666933215 159.62702870307572 222
1757666933309 159.5852981787558 223
1757666933401 159.54357933275492 224
1757666933499 159.50187142190336 225
1757666933599 159.46017437410802 226
1757666933697 159.41848893375962 227
1757666933796 159.37681443508237 228
1757666933895 159.33515079058247 229
1757666933991 159.2934987135584 230
1757666934088 159.2518576463581 231
1757666934184 159.21022733200064 232
1757666934280 159.16860866844218 233
1757666934375 159.1270009133386 234
1757666934470 159.08540399468205 235
1757666934565 159.04381862524403 236
1757666934658 159.00224424778781 237
1757666934757 158.96068060552392 238
1757666934862 158.919128595749 239
1757666934956 158.87758747666882 240
1757666935047 158.83605717633225 241
1757666935148 158.7945384069861 242
1757666935247 158.75303061180873 243
1757666935347 158.71153353420195 244
1757666935444 158.67004807080335 245
1757666935538 158.6285734803682 246
1757666935635 158.58710969100196 247
1757666935731 158.54565741442724 248
1757666935828 158.50421609423722 249
1757666935926 158.46278547402466 250
1757666936022 158.4213664497688 251
1757666936116 158.37995828077385 252
1757666936215 158.33856089520188 253
1757666936311 158.29717500425173 254
1757666936407 158.25580005193086 255
1757666936504 158.21443578202312 256
1757666936603 158.17308308984968 257
1757666936698 158.13174123526343 258
1757666936794 158.09041014648284 259
1757666936889 158.04909056489169 260
1757666936983 158.00778182742698 261
1757666937076 157.96648384696823 262
1757666937173 157.92519733393135 263
1757666937270 157.88392173294454 264
1757666937371 157.84265678807793 265
1757666937473 157.8014033936668 266
1757666937572 157.76016081038583 267
1757666937669 157.7189289665384 268
1757666937767 157.6777085720158 269
1757666937866 157.63649907185984 270
1757666937961 157.59530021033103 271
1757666938056 157.55411288110815 272
1757666938151 157.51293602367983 273
1757666938248 157.4717706925344 274
1757666938346 157.4306161490559 275
1757666938444 157.38947232162297 276
1757666938542 157.3483399194306 277
1757666938637 157.30721838807133 278
1757666938735 157.26610747205962 279
1757666938829 157.22500806419953 280
1757666938925 157.18391942644232 281
1757666939017 157.142841487223 282
1757666939135 157.10177495521472 283
1757666939233 157.06071927642284 284
1757666939332 157.01967419555194 285
1757666939425 156.97864060475078 286
1757666939524 156.93761776651692 287
1757666939622 156.89660560934166 288
1757666939720 156.8556048413769 289
1757666939816 156.81461490904033 290
1757666939915 156.77363555722658 291
1757666940011 156.73266767742953 292
1757666940108 156.6917105632781 293
1757666940207 156.65076403626514 294
1757666940306 156.60982897225134 295
1757666940393 156.56890463455485 296
1757666940476 156.52799095175135 297
1757666940573 156.48708863121155 298
1757666940670 156.44619711997103 299
1757666940767 156.40531616320922 300
1757666940865 156.36444665143873 301
1757666940962 156.32358784852102 302
1757666941053 156.28273968308804 303
1757666941147 156.24190286199018 304
1757666941248 156.20107683267457 305
1757666941347 156.16026134051023 306
1757666941444 156.11945727535627 307
1757666941545 156.078663901619 308
1757666941646 156.03788114798647 309
1757666941744 155.99710972078918 310
1757666941845 155.95634906788544 311
1757666941942 155.91559893483384 312
1757666942042 155.87486021084044 313
1757666942139 155.8341321608559 314
1757666942233 155.79341471362426 315
1757666942327 155.75270857495684 316
1757666942423 155.71201319312254 317
1757666942519 155.6713283138694 318
1757666942616 155.63065482575095 319
1757666942713 155.5899919942618 320
1757666942813 155.5493397482021 321
1757666942915 155.50869879286398 322
1757666943010 155.46806857692692 323
1757666943099 155.4274488463282 324
1757666943192 155.38684048896937 325
1757666943293 155.34624248170908 326
1757666943396 155.30565576558655 327
1757666943497 155.26507977435813 328
1757666943597 155.22451425412035 329
1757666943707 155.18396009223196 330
1757666943810 155.14341655518356 331
1757666943908 155.10288357187792 332
1757666944008 155.0623618466567 333
1757666944109 155.02185082895116 334
1757666944208 154.98135026504488 335
1757666944305 154.9408610416456 336
1757666944409 154.90038242578652 337
1757666944509 154.85991434642636 338
1757666944606 154.8194575073889 339
1757666944706 154.779011358515 340
1757666944803 154.73857564627696 341
1757666944924 154.69815125673207 342
1757666945025 154.65773745745565 343
1757666945119 154.61733417746234 344
1757666945219 154.57694212005853 345
1757666945316 154.5365607354942 346
1757666945421 154.49618977043033 347
1757666945516 154.45583011027418 348
1757666945616 154.4154810231429 349
1757666945713 154.37514243810688 350
1757666945814 154.33481505795552 351
1757666945918 154.2944983333477 352
1757666946019 154.25419201113277 353
1757666946118 154.2138969760686 354
1757666946218 154.1736124968137 355
1757666946322 154.13333850249415 356
1757666946422 154.09307572573167 357
1757666946520 154.05282351136685 358
1757666946623 154.01258177336604 359
1757666946719 153.97235121374578 360
1757666946818 153.93213128377766 361
1757666946919 153.89192173059334 362
1757666947016 153.8517234379776 363
1757666947113 153.81153567540002 364
1757666947208 153.77135837207024 365
1757666947309 153.73119222948702 366
1757666947417 153.69103669932994 367
1757666947519 153.65089152891872 368
1757666947619 153.61075760139 369
1757666947721 153.57063418675358 370
1757666947820 153.53052121427476 371
1757666947922 153.49041938493664 372
1757666948022 153.45032783302582 373
1757666948120 153.41024741841343 374
1757666948218 153.37017759330266 375
1757666948314 153.33011810526364 376
1757666948415 153.29006983656961 377
1757666948515 153.25003205795005 378
1757666948617 153.21000469874437 379
1757666948715 153.16998845924886 380
1757666948813 153.12998279209398 381
1757666948913 153.08998744503768 382
1757666949012 153.05000329970613 383
1757666949107 153.0100296273681 384
1757666949198 152.9700663574184 385
1757666949297 152.9301141896389 386
1757666949396 152.89017257706695 387
1757666949498 152.85024126764787 388
1757666949598 152.81032114236157 389
1757666949698 152.77041150324325 390
1757666949795 152.73051217394053 391
1757666949896 152.69062401998323 392
1757666949994 152.6507463134499 393
1757666950090 152.6108789838187 394
1757666950194 152.57102273010022 395
1757666950295 152.53117700594157 396
1757666950396 152.49134155956918 397
1757666950499 152.4515172709943 398
1757666950598 152.41170341283166 399
1757666950698 152.37189991461477 400
1757666950799 152.33210747484065 401
1757666950897 152.29232554756263 402
1757666950999 152.2525538811941 403
1757666951100 152.21279335510133 404
1757666951193 152.17304324243665 405
1757666951293 152.13330347278895 406
1757666951393 152.09357474414213 407
1757666951512 152.05385651095517 408
1757666951611 152.01414852182856 409
1757666951713 151.97445165548396 410
1757666951809 151.93476518561087 411
1757666951913 151.89508904185348 412
1757666952013 151.85542392168298 413
1757666952114 151.81576896376004 414
1757666952215 151.77612502364545 415
1757666952314 151.7364915563188 416
1757666952417 151.69686831062958 417
1757666952517 151.6572561644408 418
1757666952619 151.61765439215762 419
1757666952716 151.57806292349787 420
1757666952815 151.53848245524972 421
1757666952917 151.4989124428176 422
1757666953018 151.4593526352378 423
1757666953117 151.41980390972978 424
1757666953208 151.38026557133483 425
1757666953305 151.34073744447082 426
1757666953406 151.30122039097296 427
1757666953504 151.2617136860524 428
1757666953602 151.22221725950968 429
1757666953705 151.1827318073655 430
1757666953805 151.1432567856312 431
1757666953903 151.1037919436226 432
1757666954005 151.0643381575952 433
1757666954108 151.02489470329374 434
1757666954212 150.98546151057403 435
1757666954314 150.9460392749455 436
1757666954413 150.9066274528237 437
1757666954513 150.86722579371062 438
1757666954616 150.82783517321968 439
1757666954713 150.78845486763083 440
1757666954816 150.74908480685485 441
1757666954925 150.70972568589048 442
1757666955028 150.67037696155697 443
1757666955131 150.63103838354246 444
1757666955226 150.5917108268189 445
1757666955327 150.5523935682008 446
1757666955448 150.51308653765398 447
1757666955557 150.47379042966676 448
1757666955663 150.4345043866146 449
1757666955761 150.39522926039754 450
1757666955863 150.35596450835286 451
1757666955964 150.3167098804165 452
1757666956068 150.27746625070577 453
1757666956189 150.2382328967474 454
1757666956290 150.1990097485805 455
1757666956391 150.15979750001364 456
1757666956493 150.12059560880712 457
1757666956592 150.08140385506238 458
1757666956691 150.04222300732147 459
1757666956794 150.00305250854325 460
1757666956898 149.96389210894395 461
1757666957002 149.92474268168067 462
1757666957102 149.88560350508033 463
1757666957202 149.8464745092644 464
1757666957300 149.8073563872775 465
1757666957411 149.76824859748393 466
1757666957520 149.72915089028356 467
1757666957623 149.6900641381939 468
1757666957724 149.6509876200748 469
1757666957829 149.61192126610266 470
1757666957931 149.5728657688133 471
1757666958032 149.53382058697323 472
1757666958132 149.49478547116763 473
1757666958233 149.45576129327495 474
1757666958333 149.41674733268766 475
1757666958434 149.3777435196368 476
1757666958544 149.33875054614992 477
1757666958701 149.29976787139543 478
1757666958851 149.26079524614372 479
1757666959002 149.22183354163457 480
1757666959160 149.1828820377926 481
1757666959318 149.1439406649037 482
1757666959479 149.10501011448738 483
1757666959622 149.0660895326162 484
1757666959760 149.02717976754627 485
1757666959915 148.98828027896167 486
1757666960056 148.9493908178794 487
1757666960196 148.91051225468863 488
1757666960341 148.8716438700229 489
1757666960487 148.83278559424085 490
1757666960626 148.79393814804564 491
1757666960746 148.7551008870257 492
1757666960870 148.71627372662388 493
1757666960995 148.6774573574315 494
1757666961122 148.63865123975387 495
1757666961252 148.59985512488515 496
1757666961372 148.56106988225878 497
1757666961502 148.5222947933046 498
1757666961628 148.48352978846333 499
