1757678705170 183.52769123581913 0
1757678705342 183.4762355045728 1
1757678705521 183.42792918313557 2
1757678705707 183.3796352652821 3
1757678705851 183.331354163972 4
1757678705984 183.28308587574833 5
1757678706118 183.23483039721032 6
1757678706250 183.18658772495812 7
1757678706382 183.13835785559283 8
1757678706524 183.0901407857164 9
1757678706655 183.0419365119316 10
1757678706792 182.9937450308423 11
1757678706917 182.9455663390531 12
1757678707059 182.8974004331696 13
1757678707189 182.8492473097982 14
1757678707329 182.80110696554632 15
1757678707455 182.75297939702224 16
1757678707578 182.70486460083507 17
1757678707704 182.65676257359493 18
1757678707837 182.6086733119127 19
1757678707971 182.5605968124003 20
1757678708119 182.51253307167053 21
1757678708252 182.46448208633694 22
1757678708389 182.41644385301424 23
1757678708519 182.36841836831778 24
1757678708646 182.32040562886397 25
1757678708790 182.27240563127 26
1757678708922 182.2244183721541 27
1757678709061 182.17644384813528 28
1757678709195 182.12848205583344 29
1757678709333 182.08053299186957 30
1757678709457 182.0325966528653 31
1757678709583 181.98467303544325 32
1757678709731 181.93676213622706 33
1757678709874 181.88886395184107 34
1757678710006 181.8409784789106 35
1757678710144 181.79310571406197 36
1757678710270 181.7452456539222 37
1757678710407 181.69739829511934 38
1757678710539 181.64956363428234 39
1757678710672 181.60174166804092 40
1757678710808 181.55393239302583 41
1757678710941 181.5061358058687 42
1757678711078 181.45835190320196 43
1757678711207 181.41058068165896 44
1757678711339 181.36282213787402 45
1757678711464 181.31507626848233 46
1757678711595 181.2673430701199 47
1757678711720 181.2196225394237 48
1757678711865 181.1719146730316 49
1757678712026 181.1242194675823 50
1757678712159 181.07653691971544 51
1757678712291 181.02886702607157 52
1757678712425 180.98120978329206 53
1757678712566 180.93356518801926 54
1757678712699 180.8859332368963 55
1757678712834 180.83831392656737 56
1757678712964 180.79070725367734 57
1757678713106 180.74311321487215 58
1757678713246 180.69553180679853 59
1757678713383 180.6479630261041 60
1757678713524 180.60040686943748 61
1757678713661 180.55286333344802 62
1757678713797 180.50533241478604 63
1757678713930 180.45781411010282 64
1757678714178 180.41030841605036 65
1757678714298 180.3628153292817 66
1757678714408 180.31533484645072 67
1757678714541 180.26786696421212 68
1757678714652 180.22041167922166 69
1757678714761 180.17296898813572 70
1757678714867 180.12553888761184 71
1757678714976 180.0781213743083 72
1757678715088 180.03071644488426 73
1757678715194 179.98332409599988 74
1757678715304 179.93594432431604 75
1757678715407 179.88857712649465 76
1757678715504 179.84122249919844 77
1757678715604 179.79388043909105 78
1757678715712 179.74655094283696 79
1757678715816 179.69923400710164 80
1757678715924 179.6519296285513 81
1757678716032 179.60463780385314 82
1757678716140 179.55735852967518 83
1757678716245 179.51009180268642 84
1757678716351 179.4628376195566 85
1757678716453 179.41559597695652 86
1757678716554 179.3683668715577 87
1757678716656 179.32115030003263 88
1757678716764 179.27394625905464 89
1757678716868 179.22675474529802 90
1757678716981 179.1795757554379 91
1757678717083 179.13240928615022 92
1757678717195 179.08525533411188 93
1757678717306 179.0381138960007 94
1757678717414 178.9909849684953 95
1757678717513 178.94386854827516 96
1757678717612 178.89676463202076 97
1757678717721 178.84967321641338 98
1757678717826 178.80259429813518 99
1757678717931 178.75552787386923 100
1757678718033 178.70847394029943 101
1757678718139 178.6614324941106 102
1757678718247 178.61440353198853 103
1757678718355 178.5673870506197 104
1757678718462 178.52038304669156 105
1757678718569 178.47339151689246 106
1757678718684 178.42641245791165 107
1757678718792 178.3794458664392 108
1757678718898 178.33249173916607 109
1757678719003 178.2855500727841 110
1757678719107 178.23862086398603 111
1757678719212 178.19170410946546 112
1757678719319 178.1447998059169 113
1757678719431 178.09790795003565 114
1757678719530 178.05102853851798 115
1757678719631 178.00416156806105 116
1757678719742 177.9573070353627 117
1757678719864 177.91046493712196 118
1757678719988 177.8636352700385 119
1757678720102 177.81681803081295 120
1757678720214 177.7700132161468 121
1757678720324 177.7232208227424 122
1757678720433 177.676440847303 123
1757678720545 177.62967328653278 124
1757678720654 177.58291813713666 125
1757678720762 177.53617539582052 126
1757678720869 177.48944505929114 127
1757678720977 177.44272712425607 128
1757678721088 177.3960215874239 129
1757678721200 177.3493284455039 130
1757678721314 177.30264769520633 131
1757678721423 177.25597933324235 132
1757678721528 177.20932335632392 133
1757678721633 177.16267976116387 134
1757678721744 177.11604854447594 135
1757678721856 177.06942970297473 136
1757678721966 177.0228232333758 137
1757678722079 176.9762291323953 138
1757678722187 176.92964739675062 139
1757678722296 176.88307802315975 140
1757678722408 176.83652100834172 141
1757678722514 176.7899763490163 142
1757678722622 176.74344404190427 143
1757678722729 176.6969240837271 144
1757678722838 176.6504164712073 145
1757678722951 176.60392120106818 146
1757678723063 176.55743827003386 147
1757678723176 176.51096767482943 148
1757678723286 176.46450941218083 149
1757678723394 176.41806347881484 150
1757678723500 176.37162987145908 151
1757678723600 176.32520858684208 152
1757678723700 176.27879962169328 153
1757678723805 176.2324029727429 154
1757678723912 176.18601863672208 155
1757678723998 176.13964661036283 156
1757678724095 176.093286890398 157
1757678724200 176.0469394735613 158
1757678724306 176.00060435658736 159
1757678724414 175.95428153621168 160
1757678724524 175.90797100917055 161
1757678724635 175.8616727722011 162
1757678724751 175.8153868220415 163
1757678724866 175.76911315543066 164
1757678724983 175.72285176910833 165
1757678725102 175.67660265981522 166
1757678725217 175.6303658242928 167
1757678725338 175.5841412592835 168
1757678725455 175.53792896153058 169
1757678725570 175.49172892777813 170
1757678725669 175.44554115477118 171
1757678725768 175.39936563925554 172
1757678725870 175.35320237797788 173
1757678725977 175.30705136768586 174
1757678726084 175.26091260512786 175
1757678726191 175.21478608705323 176
1757678726296 175.16867181021206 177
1757678726408 175.12256977135544 178
1757678726518 175.07647996723526 179
1757678726626 175.03040239460424 180
1757678726733 174.98433705021594 181
1757678726844 174.93828393082495 182
1757678726950 174.8922430331866 183
1757678727060 174.84621435405694 184
1757678727165 174.80019789019315 185
1757678727284 174.75419363835317 186
1757678727394 174.7082015952957 187
1757678727503 174.6622217577804 188
1757678727605 174.6162541225678 189
1757678727704 174.57029868641916 190
1757678727813 174.52435544609688 191
1757678727921 174.47842439836387 192
1757678728031 174.43250553998413 193
1757678728141 174.38659886772248 194
1757678728249 174.34070437834455 195
1757678728362 174.29482206861687 196
1757678728479 174.24895193530674 197
1757678728589 174.20309397518247 198
1757678728702 174.1572481850131 199
1757678728811 174.11141456156864 200
1757678728919 174.06559310161978 201
1757678729026 174.01978380193827 202
1757678729130 173.97398665929663 203
1757678729281 173.92820167046818 204
1757678729404 173.88242883222716 205
1757678729517 173.83666814134867 206
1757678729621 173.79091959460865 207
1757678729724 173.7451831887839 208
1757678729837 173.69945892065203 209
1757678729955 173.6537467869916 210
1757678730066 173.60804678458194 211
1757678730168 173.5623589102033 212
1757678730280 173.51668316063672 213
1757678730391 173.47101953266414 214
1757678730499 173.42536802306833 215
1757678730615 173.3797286286329 216
1757678730735 173.33410134614243 217
1757678730863 173.28848617238214 218
1757678730974 173.2428831041383 219
1757678731087 173.19729213819792 220
1757678731204 173.15171327134897 221
1757678731324 173.1061465003801 222
1757678731445 173.060591822081 223
1757678731560 173.01504923324208 224
1757678731666 172.96951873065464 225
1757678731775 172.92400031111086 226
1757678731894 172.87849397140377 227
1757678732003 172.83299970832724 228
1757678732111 172.7875175186759 229
1757678732218 172.74204739924542 230
1757678732325 172.69658934683216 231
1757678732434 172.65114335823338 232
1757678732544 172.60570943024723 233
1757678732655 172.56028755967262 234
1757678732767 172.51487774330943 235
1757678732882 172.46947997795826 236
1757678732995 172.4240942604207 237
1757678733113 172.37872058749903 238
1757678733223 172.33335895599654 239
1757678733342 172.2880093627172 240
1757678733451 172.24267180446597 241
1757678733566 172.19734627804863 242
1757678733678 172.15203278027172 243
1757678733782 172.10673130794274 244
1757678733887 172.06144185787 245
1757678734004 172.0161644268626 246
1757678734113 171.97089901173052 247
1757678734227 171.92564560928466 248
1757678734344 171.88040421633664 249
1757678734460 171.83517482969907 250
1757678734574 171.78995744618527 251
1757678734689 171.74475206260948 252
1757678734799 171.69955867578676 253
1757678734907 171.65437728253306 254
1757678735022 171.60920787966506 255
1757678735134 171.56405046400047 256
1757678735247 171.51890503235762 257
1757678735358 171.47377158155592 258
1757678735467 171.4286501084154 259
1757678735581 171.38354060975715 260
1757678735687 171.33844308240293 261
1757678735793 171.2933575231754 262
1757678735905 171.24828392889808 263
1757678736019 171.20322229639538 264
1757678736135 171.1581726224924 265
1757678736246 171.1131349040153 266
1757678736359 171.06810913779086 267
1757678736472 171.0230953206468 268
1757678736581 170.9780934494118 269
1757678736690 170.93310352091515 270
1757678736802 170.88812553198719 271
1757678736913 170.84315947945893 272
1757678737026 170.7982053601624 273
1757678737137 170.75326317093027 274
1757678737246 170.70833290859622 275
1757678737377 170.66341456999467 276
1757678737489 170.61850815196092 277
1757678737600 170.57361365133116 278
1757678737709 170.5287310649423 279
1757678737809 170.48386038963216 280
1757678737914 170.43900162223946 281
1757678738017 170.39415475960357 282
1757678738129 170.34931979856492 283
1757678738234 170.30449673596465 284
1757678738343 170.25968556864476 285
1757678738450 170.2148862934481 286
1757678738558 170.1700989072184 287
1757678738664 170.12532340680013 288
1757678738767 170.08055978903863 289
1757678738873 170.03580805078016 290
1757678738997 169.99106818887168 291
1757678739107 169.94634020016113 292
1757678739218 169.9016240814972 293
1757678739330 169.8569198297294 294
1757678739440 169.81222744170816 295
1757678739554 169.76754691428465 296
1757678739669 169.72287824431095 297
1757678739775 169.67822142863994 298
1757678739885 169.63357646412533 299
1757678739996 169.5889433476217 300
1757678740104 169.5443220759844 301
1757678740211 169.49971264606975 302
1757678740318 169.45511505473468 303
1757678740422 169.4105292988372 304
1757678740529 169.36595537523596 305
1757678740639 169.32139328079057 306
1757678740745 169.2768430123614 307
1757678740853 169.23230456680972 308
1757678740959 169.18777794099756 309
1757678741064 169.1432631317878 310
1757678741172 169.0987601360442 311
1757678741280 169.05426895063133 312
1757678741387 169.00978957241455 313
1757678741495 168.9653219982601 314
1757678741599 168.920866225035 315
1757678741706 168.87642224960723 316
1757678741804 168.83199006884544 317
1757678741909 168.78756967961917 318
1757678742022 168.74316107879883 319
1757678742135 168.69876426325567 320
1757678742242 168.65437922986166 321
1757678742350 168.61000597548968 322
1757678742457 168.5656444970135 323
1757678742566 168.52129479130758 324
1757678742672 168.47695685524732 325
1757678742779 168.43263068570892 326
1757678742886 168.38831627956938 327
1757678742993 168.3440136337065 328
1757678743099 168.29972274499906 329
1757678743207 168.25544361032655 330
1757678743316 168.21117622656922 331
1757678743423 168.16692059060827 332
1757678743531 168.12267669932575 333
1757678743640 168.07844454960437 334
1757678743746 168.03422413832791 335
1757678743847 167.99001546238074 336
1757678743950 167.9458185186482 337
1757678744061 167.9016333040164 338
1757678744170 167.8574598153723 339
1757678744320 167.81329804960367 340
1757678744492 167.76914800359913 341
1757678744675 167.7250096742481 342
1757678744863 167.68088305844086 343
1757678745056 167.63676815306843 344
1757678745247 167.59266495502277 345
1757678745398 167.5485734611966 346
1757678745535 167.5044936684835 347
1757678745674 167.4604255737778 348
1757678745815 167.41636917397477 349
1757678745949 167.37232446597037 350
1757678746098 167.32829144666147 351
1757678746232 167.2842701129458 352
1757678746380 167.24026046172176 353
1757678746510 167.19626248988877 354
1757678746636 167.15227619434694 355
1757678746764 167.10830157199726 356
1757678746891 167.06433861974145 357
1757678747026 167.02038733448222 358
1757678747163 166.97644771312292 359
1757678747317 166.93251975256788 360
1757678747453 166.88860344972215 361
1757678747592 166.84469880149163 362
1757678747748 166.800805804783 363
1757678747888 166.75692445650387 364
1757678748036 166.71305475356257 365
1757678748180 166.6691966928683 366
1757678748325 166.62535027133106 367
1757678748452 166.58151548586164 368
1757678748587 166.53769233337172 369
1757678748726 166.49388081077376 370
1757678748872 166.45008091498104 371
1757678749012 166.4062926429077 372
1757678749179 166.3625159914686 373
1757678749347 166.3187509575795 374
1757678749491 166.27499753815695 375
1757678749657 166.2312557301184 376
1757678749799 166.18752553038195 377
1757678749958 166.14380693586668 378
1757678750127 166.1000999434924 379
1757678750269 166.05640455017974 380
1757678750428 166.01272075285019 381
1757678750598 165.96904854842603 382
1757678750785 165.92538793383034 383
1757678750953 165.88173890598708 384
1757678751126 165.83810146182094 385
1757678751279 165.7944755982575 386
1757678751462 165.75086131222312 387
1757678751605 165.70725860064496 388
1757678751745 165.66366746045105 389
1757678751903 165.62008788857017 390
1757678752059 165.57651988193197 391
1757678752208 165.5329634374669 392
1757678752359 165.48941855210617 393
1757678752518 165.44588522278192 394
1757678752658 165.40236344642696 395
1757678752781 165.35885321997506 396
1757678752916 165.3153545403607 397
1757678753066 165.2718674045192 398
1757678753221 165.22839180938672 399
1757678753365 165.18492775190023 400
1757678753508 165.14147522899745 401
1757678753644 165.098034237617 402
1757678753784 165.05460477469822 403
1757678754053 165.01118683718138 404
1757678754159 164.9677804220075 405
1757678754271 164.92438552611833 406
1757678754390 164.88100214645658 407
1757678754509 164.83763027996568 408
1757678754630 164.79426992358987 409
1757678754740 164.75092107427426 410
1757678754851 164.7075837289647 411
1757678754965 164.6642578846079 412
1757678755076 164.62094353815144 413
1757678755190 164.57764068654353 414
1757678755303 164.53434932673335 415
1757678755424 164.49106945567075 416
1757678755542 164.4478010703066 417
1757678755655 164.40454416759243 418
1757678755773 164.36129874448054 419
1757678755883 164.3180647979241 420
1757678755985 164.27484232487717 421
1757678756093 164.23163132229453 422
1757678756204 164.18843178713172 423
1757678756315 164.14524371634513 424
1757678756427 164.10206710689206 425
1757678756559 164.0589019557305 426
1757678756668 164.01574825981922 427
1757678756782 163.97260601611794 428
1757678756894 163.929475221587 429
1757678757001 163.8863558731878 430
1757678757111 163.84324796788226 431
1757678757221 163.8001515026333 432
1757678757350 163.75706647440458 433
1757678757459 163.7139928801606 434
1757678757567 163.6709307168666 435
1757678757677 163.62787998148866 436
1757678757787 163.58484067099374 437
1757678757894 163.54181278234944 438
1757678757997 163.49879631252435 439
1757678758105 163.4557912584877 440
1757678758217 163.4127976172096 441
1757678758328 163.36981538566107 442
1757678758437 163.32684456081373 443
1757678758561 163.28388513964012 444
1757678758677 163.24093711911357 445
1757678758790 163.19800049620824 446
1757678758892 163.155075267899 447
1757678759008 163.1121614311616 448
1757678759112 163.06925898297263 449
1757678759224 163.02636792030935 450
1757678759339 162.98348824015 451
1757678759458 162.94061993947344 452
1757678759567 162.89776301525941 453
1757678759689 162.85491746448855 454
1757678759808 162.81208328414212 455
1757678759924 162.7692604712023 456
1757678760040 162.72644902265202 457
1757678760154 162.68364893547508 458
1757678760278 162.640860206656 459
1757678760407 162.59808283318011 460
1757678760521 162.5553168120336 461
1757678760636 162.51256214020344 462
1757678760764 162.4698188146773 463
1757678760877 162.42708683244382 464
1757678760994 162.38436619049233 465
1757678761106 162.34165688581294 466
1757678761223 162.2989589153966 467
1757678761338 162.25627227623514 468
1757678761449 162.21359696532102 469
1757678761574 162.1709329796476 470
1757678761695 162.12828031620904 471
1757678761820 162.08563897200028 472
1757678761944 162.04300894401703 473
1757678762060 162.00039022925588 474
1757678762165 161.9577828247141 475
1757678762284 161.91518672738988 476
1757678762395 161.8726019342821 477
1757678762509 161.83002844239047 478
1757678762625 161.78746624871556 479
1757678762738 161.74491535025868 480
1757678762853 161.70237574402185 481
1757678762968 161.6598474270081 482
1757678763085 161.61733039622106 483
1757678763201 161.5748246486652 484
1757678763320 161.5323301813459 485
1757678763430 161.48984699126925 486
1757678763549 161.447375075442 487
1757678763664 161.40491443087197 488
1757678763787 161.36246505456754 489
1757678763919 161.320026943538 490
1757678764033 161.27760009479346 491
1757678764142 161.23518450534468 492
1757678764261 161.19278017220333 493
1757678764374 161.15038709238192 494
1757678764486 161.10800526289358 495
1757678764608 161.0656346807524 496
1757678764722 161.02327534297316 497
1757678764841 160.9809272465715 498
1757678764947 160.93859038856382 499
