1757432839796 91.58515239692727 0
1757432839846 49.93601360281452 1
1757432839901 50.32171104560116 2
1757432839950 35.48185384202881 3
1757432839998 29.842913598649027 4
1757432840046 33.93013543742552 5
1757432840092 32.240712777130675 6
1757432840145 31.865701235075697 7
1757432840201 31.37740653882787 8
1757432840262 30.275147750303823 9
1757432840314 29.639187394133128 10
1757432840373 26.433269951383522 11
1757432840433 30.21163654129016 12
1757432840487 26.938599708784018 13
1757432840536 27.872868164743323 14
1757432840587 28.873614772488704 15
1757432840642 37.845243053388145 16
1757432840696 35.79330655866337 17
1757432840755 31.552425714981325 18
1757432840813 27.472070243784046 19
1757432840865 30.02312647303058 20
1757432840916 33.11285314756783 21
1757432840973 24.806762636404223 22
1757432841029 37.46733488542403 23
1757432841075 29.82313597421349 24
1757432841127 22.26121192650896 25
1757432841180 30.663135382643613 26
1757432841232 24.550629944331885 27
1757432841288 32.23758525392745 28
