1757621783878 166.46509536224607 0
1757621783961 159.49089904763747 1
1757621784042 140.78579100874572 2
1757621784119 138.2823833505698 3
1757621784195 120.37138623936727 4
1757621784273 114.68710620172352 5
1757621784344 108.83330727600395 6
1757621784418 102.32119386337108 7
1757621784492 99.73923498666142 8
1757621784575 90.42274406502297 9
1757621784663 81.90586871419725 10
1757621784744 76.68425963630276 11
1757621784822 74.0714516082152 12
1757621784902 70.68186124922697 13
1757621784981 66.95500843824527 14
1757621785058 62.75612150030255 15
1757621785135 57.04307337306303 16
1757621785219 52.73923397212395 17
1757621785296 49.61653438090332 18
1757621785376 53.67801599578408 19
1757621785455 44.11076759775302 20
1757621785533 44.075812021304905 21
1757621785606 40.46403776465853 22
1757621785687 44.85778508732063 23
1757621785776 37.278894939868636 24
1757621785866 37.230240376482314 25
1757621785945 34.98484057350214 26
1757621786015 32.610118261340055 27
1757621786106 33.50789404453514 28
1757621786203 29.344147254950723 29
1757621786284 28.146936876493946 30
1757621786357 23.89804533821417 31
1757621786435 26.78499699334273 32
1757621786514 26.949834400289298 33
1757621786595 24.89169708898552 34
1757621786676 21.742654695611755 35
1757621786752 22.161914017501864 36
1757621786831 20.228950258086485 37
1757621786909 22.06163425910045 38
1757621786991 20.82374021627989 39
1757621787073 21.739203907737664 40
1757621787154 20.49111629192699 41
1757621787237 16.679700117300307 42
1757621787313 18.021929670274737 43
1757621787399 16.196930977394587 44
1757621787482 17.69951894667484 45
1757622790513 13.716855680725871 46
1757622790645 16.9372174924104 47
1757622790714 18.216730745931716 48
1757622790801 15.079595379741928 49
1757622790936 14.418347216919862 50
1757622791083 15.39440554038077 51
1757622791218 13.354833794626977 52
1757622791350 11.907390576459864 53
1757622791475 13.270378232540619 54
1757622791619 13.125386136291564 55
1757622791775 12.629837751543576 56
1757622791933 13.214283873930931 57
1757622792082 10.96021601106158 58
1757622792214 12.087818939667994 59
1757622792343 10.802963144719708 60
1757622792471 11.557865459316432 61
1757622792600 10.322145561839282 62
1757622792722 11.537941146101197 63
1757622792862 11.285011502607231 64
1757622792989 11.6927597173031 65
1757622793104 12.911935244249184 66
1757622793218 9.089246238037108 67
1757622793329 9.085481995628202 68
1757622793442 10.877175114487747 69
1757622793546 7.916270840654867 70
1757622793655 12.02747271395682 71
1757622793749 10.458555904375304 72
1757622793867 10.85378132069506 73
1757622793969 11.575427415319982 74
1757622794071 7.5211732991338405 75
1757622794161 13.558812921807741 76
1757622794248 11.075248093573185 77
1757622794322 9.518689316085561 78
1757622794406 9.73212680187775 79
1757622794505 9.303843774534734 80
1757622794600 8.680499785173167 81
1757622794682 10.808422795173566 82
1757622794766 11.71833566893871 83
1757622794860 8.139970614271299 84
1757622794955 8.889071777270903 85
1757622795039 9.951844382605552 86
1757622795121 10.094838636816581 87
1757622795208 8.505059689692848 88
1757622795297 9.981588688353714 89
1757622795386 9.974551737630032 90
1757622795470 8.298861391398052 91
1757622795553 9.391314100166143 92
1757622795632 8.867479028375504 93
1757622795714 9.7946177264538 94
1757622795814 8.339332999155163 95
1757622795904 7.752710155550723 96
1757622795994 9.58843228286625 97
1757622796087 7.911299053760365 98
1757622796177 8.643097762040322 99
1757622796261 7.6945412899577414 100
1757622796350 9.272667201415688 101
1757622796438 9.825324550155035 102
1757622796530 10.221047107821468 103
1757622796622 7.833856044355915 104
1757622796724 10.555467320529747 105
1757622796818 8.515603391189332 106
1757622796900 7.867067535087082 107
1757622796993 9.663578748714015 108
1757622797084 9.88486820966914 109
1757622797166 8.851108921234758 110
1757622797254 9.27760449453668 111
1757622797338 8.769208755428666 112
1757622797420 8.107817636086068 113
1757622797506 8.682196698462185 114
1757622797592 9.794909868958795 115
1757622797679 9.075843342274045 116
1757622797762 9.140952178069268 117
1757622797855 10.363540033512491 118
1757622797949 8.306675315988663 119
1757622798040 9.123484978967188 120
1757622798129 8.62772385125832 121
1757622798213 10.601426160345179 122
1757622798305 9.281826962602084 123
1757622798405 9.370768592656642 124
1757622798501 7.489278344872095 125
1757622798598 10.436312476382048 126
1757622798690 9.83536091001801 127
1757622798768 8.072524475327548 128
1757622798851 7.975808149326156 129
1757622798941 8.290777542169767 130
1757622799030 7.132810404544365 131
1757622799120 10.08187226997797 132
1757622799200 6.823566731555363 133
1757622799278 7.129620517755875 134
1757622799366 6.949479210667611 135
1757622799448 10.074935412937437 136
1757622799534 7.816213439773234 137
1757622799616 8.830802266895697 138
1757622799696 8.799197763624935 139
1757622799783 6.668156742673242 140
1757622799869 9.768846268409138 141
1757622799948 8.709499561621964 142
1757622800030 8.064372868421625 143
1757622800109 6.167577180186202 144
1757622800192 9.812162053796955 145
1757622800276 9.319665549114523 146
1757622800359 7.769079178519746 147
1757622800442 9.656352289417377 148
1757622800525 7.138813636961437 149
1757622800604 9.854635983605617 150
1757622800689 8.37411999151513 151
1757622800769 7.934474149447796 152
1757622800848 6.533783497749866 153
1757622800936 8.135975464079548 154
1757622801025 8.659123847946933 155
1757622801114 8.797237504469502 156
1757622801200 7.834031293159783 157
1757622801288 8.520136151629348 158
1757622801375 10.240239196621355 159
1757622801467 9.418433586864662 160
1757622801549 8.987007412857272 161
1757622801636 8.114329336466364 162
1757622801722 9.304281168531167 163
1757622801806 7.757854485731917 164
1757622801891 11.642462075920045 165
1757622801976 8.18301499059605 166
1757622802061 7.161142341650136 167
1757622802147 8.942452928532308 168
1757622802234 8.980561784753704 169
1757622802319 7.960601408463547 170
1757622802399 7.7087817155450296 171
1757622802483 7.194743591911848 172
1757622802564 7.574288263426636 173
1757622802648 8.063373331807066 174
1757622802729 10.32069919840748 175
1757622802806 9.826640918948598 176
1757622802886 8.251624995640613 177
1757622802970 9.35839558256328 178
1757622803054 6.392400937240971 179
1757622803137 8.92179296509122 180
1757622803218 7.99234097866519 181
1757622803304 9.853960113069006 182
1757622803390 7.809614623362485 183
1757622803475 8.781377591595367 184
1757622803556 10.693684214635354 185
1757622803639 10.41614385438352 186
1757622803721 7.9850879344075985 187
1757622803805 8.839278866268193 188
1757622803894 9.675168582179229 189
1757622803979 7.558145083587906 190
1757622804060 7.053238407728558 191
1757622804149 7.327027110166167 192
1757622804228 10.647346762738762 193
1757622804308 6.940178426192492 194
1757622804391 7.897488269175284 195
1757622804473 7.50144589901455 196
1757622804549 7.380677225113512 197
1757622804630 10.44651911755498 198
1757622804713 9.420732682447245 199
1757622804790 10.531295354190405 200
1757622804869 9.437342444239519 201
1757622804949 7.190781497622895 202
1757622805033 7.838742613495456 203
