1757449838957 170.93966527220806 0
1757449839032 165.33441140109264 1
1757449839108 166.7368670825183 2
1757449839184 169.8558214502527 3
1757449839258 151.68171020782424 4
1757449839332 158.10828025762723 5
1757449839408 176.74013940683017 6
1757449839481 170.7159040983661 7
1757449839556 172.71073041049644 8
1757449839629 151.21713010380097 9
1757449839701 153.08488993533328 10
1757449839761 154.43288834978054 11
1757449839827 152.57544036221194 12
1757449839896 155.29021780370297 13
1757449839971 153.84608624642533 14
1757449840041 147.88548453432165 15
1757449840119 146.78448537572365 16
1757449840205 153.81436012799415 17
1757449840277 138.37098448431135 18
1757449840351 147.50788124725477 19
1757449840427 140.7145635522137 20
1757449840500 139.28670128396914 21
1757449840577 149.7002172911839 22
1757449840652 143.05791454067463 23
1757449840725 137.5337453592806 24
1757449840799 143.49775326747863 25
1757449840876 141.56055547782861 26
1757449840951 137.56286186081635 27
1757449841025 130.66800790614403 28
1757449841102 140.39572206984693 29
1757449841162 139.87587431625283 30
1757449841229 132.01597786453476 31
1757449841296 132.90539122169707 32
1757449841367 137.19387297790826 33
1757449841441 127.7577941235769 34
1757449841512 129.67683750101264 35
1757449841587 124.85543117922244 36
1757449841660 124.74800965202549 37
1757449841738 123.56714248855542 38
1757449841803 130.16066434307092 39
1757449841868 129.8257652360132 40
1757449841936 129.7869607942719 41
1757449842009 123.25327393519579 42
1757449842081 124.52135139812368 43
1757449842155 119.0402082734809 44
1757449842231 117.8989723857753 45
1757449842307 118.85921936415436 46
1757449842387 119.01546449673003 47
1757449842460 118.21647135281833 48
1757449842533 111.66778311590284 49
1757449842606 117.46794740020562 50
1757449842689 111.4979104827382 51
1757449842769 115.69044707421942 52
1757449842842 116.86160487969954 53
1757449842914 116.19192431834735 54
1757449842987 115.00026875226149 55
1757449843055 108.13266975647443 56
1757449843112 111.10701799600393 57
1757449843179 107.46954266117676 58
1757449843245 107.50449226189278 59
1757449843311 105.8691965710326 60
1757449843375 109.77823794460157 61
1757449843447 107.14162346626529 62
1757449843514 103.5418071969336 63
1757449843579 104.30312866533451 64
1757449843641 100.89212102105284 65
1757449843710 101.26301336424125 66
1757449843777 103.82809458011624 67
1757449843836 103.78773532237506 68
1757449843900 100.9333313243927 69
1757449843966 102.87344010039061 70
1757449844035 99.88005623722431 71
1757449844109 100.9220199558142 72
1757449844181 100.17250109091192 73
1757449844250 97.40388432460725 74
1757449844324 100.81315564639307 75
1757449844399 93.78970347496231 76
1757449844472 96.18257535584047 77
1757449844546 97.94230139845084 78
1757449844619 94.64695270206711 79
1757449844696 96.45053280953361 80
1757449844778 92.96392740622835 81
1757449844852 90.49942085635297 82
1757449844929 90.26813189308656 83
1757449845005 87.5088760146077 84
1757449845084 90.98254709317125 85
1757449845162 87.84091580508073 86
1757449845237 88.1305859784649 87
1757449845311 90.79176898842937 88
1757449845387 85.40355386819436 89
1757449845462 89.24215589611492 90
1757449845539 83.30424836032878 91
1757449845617 84.86341794503494 92
1757449845693 81.90219587474326 93
1757449845771 86.2946668818006 94
1757449845845 84.24015978804789 95
1757449845909 84.2757449636705 96
1757449845974 85.55003075670048 97
1757449846040 80.9221416723269 98
1757449846112 80.20670529180789 99
1757449846176 86.30301241539065 100
1757449846246 78.73274804120489 101
1757449846312 80.33714660797764 102
1757449846382 81.1276069712128 103
1757449846454 79.94451607810748 104
1757449846523 79.48408016013474 105
1757449846601 80.51418939298053 106
1757449846682 75.33751899532831 107
1757449846757 75.76676463458 108
1757449846831 74.13285298607892 109
1757449846907 76.48021649284325 110
1757449846982 74.332282912899 111
1757449847058 71.24322604383711 112
1757449847133 77.7062788322321 113
1757449847210 71.48435227331396 114
1757449847284 68.31996821147291 115
1757449847357 72.41096400078425 116
1757449847431 71.4330462510771 117
1757449847507 69.4214306913809 118
1757449847585 71.48383480385337 119
1757449847662 68.70586324623325 120
1757449847739 70.4975443859892 121
1757449847816 70.45962072453625 122
1757449847893 68.14448671056363 123
1757449847971 67.3524018029881 124
1757449848036 67.34607751462008 125
1757449848108 63.99389000265755 126
1757449848182 71.05036528635162 127
1757449848256 64.63996279349324 128
1757449848336 62.19069339501999 129
1757449848414 65.26963965461883 130
1757449848491 62.48800440953076 131
1757449848569 67.25049488379588 132
1757449848646 63.33590078586036 133
1757449848721 64.40313831609147 134
1757449848798 65.032511205842 135
1757449848876 66.68507381354596 136
1757449848952 60.802535711381246 137
1757449849031 60.53509508707102 138
1757449849106 64.80424701646783 139
1757449849183 63.6746791013471 140
1757449849260 58.0851022372408 141
1757449849338 59.43509957561406 142
1757449849418 59.74461435315519 143
1757449849496 58.30314315889323 144
1757449849572 56.88861311718705 145
1757449849649 56.610133246028404 146
1757449849724 58.02979974228518 147
1757449849806 54.608756075217904 148
1757449849875 57.81393117105486 149
1757449849939 56.71179620717419 150
1757449850010 55.490441852609464 151
1757449850086 54.82559085540202 152
1757449850164 56.735985878464696 153
1757449850241 54.36236461449283 154
1757449850323 54.31468911240804 155
1757449850399 56.79772637892421 156
1757449850480 53.208304046079725 157
1757449850561 56.17816027964789 158
1757449850638 54.12923804883667 159
1757449850718 55.52682923286428 160
1757449850793 50.77757438452205 161
1757449850870 48.837259676355735 162
1757449850949 47.73380251520607 163
1757449851032 52.97861102041175 164
1757449851113 47.32918907185914 165
1757449851192 47.55832182188418 166
1757449851270 48.02274161086214 167
1757449851348 47.0343789254278 168
1757449851427 50.85207741863376 169
1757449851504 46.006861022643484 170
1757449851585 49.685689106646024 171
1757449851665 48.59610569372017 172
1757449851744 46.71738022877001 173
1757449851820 47.878140023948255 174
1757449851888 46.83650543285392 175
1757449851956 45.05384987861755 176
1757449852026 45.702334097987354 177
1757449852102 45.776565975414435 178
1757449852181 44.218413737792055 179
1757449852262 48.09458390560776 180
1757449852341 43.28456287247197 181
1757449852419 44.104872108370145 182
1757449852498 43.765095346485204 183
1757449852573 42.44595501813391 184
1757449852649 44.32168056868282 185
1757449852729 43.47866915868793 186
1757449852808 44.1228347169644 187
1757449852889 45.41824541215687 188
1757449852968 40.7133366103845 189
1757449853045 43.065342994486464 190
1757449853123 40.11714490651377 191
1757449853184 41.60353694732213 192
1757449853249 39.36788906411775 193
1757449853315 40.82516484369543 194
1757449853391 39.0666673551169 195
1757449853460 41.076876952048835 196
1757449853533 41.03082073382633 197
1757449853604 41.736339787571275 198
1757449853676 39.58294279510259 199
1757449853749 39.91520318082523 200
1757449853826 39.68920513594532 201
1757449853898 37.62079982466022 202
1757449853968 36.90122183601654 203
1757449854041 38.62813207724886 204
1757449854122 37.53542256704394 205
1757449854199 38.87938017430848 206
1757449854274 38.181447103562164 207
1757449854350 37.679186072982326 208
1757449854426 36.68268974654057 209
1757449854503 36.96949913908656 210
1757449854581 37.36911533373348 211
1757449854659 35.13971056638692 212
1757449854740 37.341531251693254 213
1757449854819 39.689765840374 214
1757449854897 36.69478568847026 215
1757449854977 36.26158598563775 216
1757449855054 36.025014592355 217
1757449855134 35.32679357972232 218
1757449855211 34.3836443907067 219
1757449855291 34.46482080382037 220
1757449855370 35.042569309602854 221
1757449855449 36.19823545440839 222
1757449855528 34.21481621449712 223
1757449855609 35.43710758417251 224
1757449855687 33.601259193665534 225
1757449855765 30.443690555080273 226
1757449855845 33.13655383698143 227
1757449855921 32.393523580637144 228
1757449855993 32.89286090747245 229
1757449856065 33.578750232033734 230
1757449856140 29.48164773177375 231
1757449856217 32.71598896832337 232
1757449856297 30.570545225129262 233
1757449856375 33.87310201324649 234
1757449856456 30.861808717561804 235
1757449856536 30.179405550050532 236
1757449856617 30.860020721095605 237
1757449856690 28.149478068463864 238
1757449856764 29.063024751642356 239
1757449856842 32.474938483681534 240
1757449856922 28.655369585297848 241
1757449857001 27.865770121207152 242
1757449857082 29.548641628647278 243
1757449857160 30.0370040726866 244
1757449857238 27.379129904247645 245
1757449857317 27.73920069777222 246
1757449857396 27.02692312348096 247
1757449857480 27.17100667838437 248
1757449857556 27.12163001467904 249
1757449857631 30.21499186546036 250
1757449857711 30.58599750608019 251
1757449857791 25.30193457254595 252
1757449857870 28.238442733586886 253
1757449857946 28.983402734551618 254
1757449858016 24.996694276979053 255
1757449858093 26.23876175944589 256
1757449858165 26.381617759291526 257
1757449858238 25.154003976439434 258
1757449858311 21.682006135839845 259
1757449858390 27.122983231599974 260
1757449858468 24.87450847475075 261
1757449858552 24.976602058670814 262
1757449858633 28.685863007104643 263
1757449858711 24.26380710220355 264
1757449858792 25.252868772803858 265
1757449858872 26.086916332287384 266
1757449858952 23.572008592224158 267
1757449859039 22.471148309041403 268
1757449859132 23.34978279214221 269
1757449859209 26.27548228576791 270
1757449859286 23.96409755723876 271
1757449859365 25.398805180917215 272
1757449859443 24.794061398642825 273
1757449859521 22.922919294195037 274
1757449859605 26.319658109587042 275
1757449859685 25.930961245299088 276
1757449859766 24.87420119138154 277
1757449859844 22.732635145900492 278
1757449859922 24.206372754964036 279
1757449859991 23.688502966331406 280
1757449860062 19.98333418318627 281
1757449860137 24.893831148482803 282
1757449860209 24.003323958363296 283
1757449860283 19.37629102194336 284
1757449860362 20.122538875484878 285
1757449860438 21.404024848403214 286
1757449860519 19.241366190239585 287
1757449860600 20.71925351241146 288
1757449860681 19.001276475189016 289
1757449860764 22.873447850916662 290
1757449860846 24.1305009507308 291
1757449860925 22.380467556409673 292
1757449861011 21.76789534461374 293
1757449861092 21.072853446609276 294
1757449861172 20.39375009074169 295
1757449861251 19.077736800003244 296
1757449861338 21.159442112413256 297
1757449861424 20.089508194710977 298
1757449861502 20.407939719660686 299
1757449861579 19.21660692274731 300
1757449861661 19.15350459422821 301
1757449861745 19.058295806477048 302
1757449861825 20.489292865382435 303
1757449861904 19.443029230464838 304
1757449861987 17.945826081654374 305
1757449862051 17.7541350208634 306
1757449862126 16.809859901819358 307
1757449862200 18.77819125616493 308
1757449862273 19.56996280160134 309
1757449862348 18.053708191602095 310
1757449862425 20.492084631821623 311
1757449862503 17.1947753816561 312
1757449862578 17.251959158782117 313
1757449862652 18.15599061918121 314
1757449862729 21.69546020181977 315
1757449862808 17.994250792485936 316
1757449862886 16.39154383527524 317
1757449862965 17.05616869303495 318
1757449863047 14.920849289056745 319
1757449863122 16.200378566026664 320
1757449863200 16.823920443286898 321
1757449863280 17.76793598107555 322
1757449863359 15.757932732226356 323
1757449863439 15.533880212668127 324
1757449863519 15.768407437600167 325
1757449863599 15.7766727507629 326
1757449863679 16.688999455931935 327
1757449863753 14.763837996056617 328
1757449863815 14.83238459049946 329
1757449863891 15.056786056785516 330
1757449863967 13.6298882024024 331
1757449864033 15.39066945810201 332
1757449864113 13.842395344786109 333
1757449864193 14.03234885078527 334
1757449864270 14.832570590558378 335
1757449864346 16.168757585980096 336
1757449864423 14.46832258728907 337
1757449864504 13.464131935453137 338
1757449864586 13.878965441086766 339
1757449864666 15.904694085513498 340
1757449864746 13.346230523827142 341
1757449864829 13.951827596298573 342
1757449864909 14.291415836734634 343
1757449864993 18.206041617919666 344
1757449865073 17.057254463484174 345
1757449865153 12.742492902888676 346
1757449865232 13.843592682982532 347
1757449865313 12.78841527971452 348
1757449865394 15.743315068399648 349
1757449865480 14.439801059401224 350
1757449865566 13.580410721444863 351
1757449865645 17.216147712066594 352
1757449865723 13.24602764967002 353
1757449865801 12.44088444161487 354
1757449865882 10.963210770767803 355
1757449865964 18.770351257496692 356
1757449866042 12.31109595514525 357
1757449866117 14.40491686227345 358
1757449866191 13.753658615971123 359
1757449866261 12.776502173107161 360
1757449866336 14.784345611661646 361
1757449866412 12.533690508455477 362
1757449866491 11.2033086628359 363
1757449866572 14.696056401438902 364
1757449866655 11.99096923132529 365
1757449866733 12.029953430171119 366
1757449866813 12.684727717919914 367
1757449866890 12.597010900345865 368
1757449866970 10.873750130325956 369
1757449867050 15.627020259010571 370
1757449867126 12.381529559591065 371
1757449867200 12.471112518168459 372
1757449867279 12.49419979102261 373
1757449867356 10.320760804828335 374
1757449867434 11.156297716872489 375
1757449867515 11.711856839778088 376
1757449867594 11.770464611942812 377
1757449867675 11.814677246960114 378
1757449867759 10.716638700454746 379
1757449867841 10.60259486859898 380
1757449867924 9.187681311106571 381
1757449868007 13.973013202322761 382
1757449868082 11.778650428023678 383
1757449868161 9.971078612411342 384
1757449868236 11.71983006853213 385
1757449868315 10.183563331703699 386
1757449868390 10.143661799009585 387
1757449868470 9.836286177514292 388
1757449868550 9.12200924370644 389
1757449868633 11.181767892117595 390
1757449868714 9.992485653529428 391
1757449868796 10.734156368449822 392
1757449868881 9.697148002812503 393
1757449868961 10.694687533691056 394
1757449869048 9.604261337937475 395
1757449869133 8.989567052130775 396
1757449869210 12.33977577245854 397
1757449869291 9.72606632548202 398
1757449869375 9.155412627760448 399
1757449869455 9.85934051911478 400
1757449869535 8.029265753769593 401
1757449869616 8.034644923844283 402
1757449869695 11.281801843756451 403
1757449869775 7.6061411230919855 404
1757449869859 8.961533320756612 405
1757449869941 9.089358307259035 406
1757449870023 12.843111489216717 407
1757449870093 10.192072037846906 408
1757449870168 8.44419020472545 409
1757449870243 7.670525405540554 410
1757449870321 7.6548815697923445 411
1757449870396 8.699547661316009 412
1757449870474 6.852303442213036 413
1757449870553 9.315409142314746 414
1757449870634 9.35313341202436 415
1757449870715 9.302435179764487 416
1757449870797 9.425611311426144 417
1757449870875 8.760925266055692 418
1757449870960 7.308373517550002 419
1757449871043 9.07717930912983 420
1757449871127 8.633570838865822 421
1757449871219 11.780584833213375 422
1757449871301 8.59072723743968 423
1757449871380 8.148703387441383 424
1757449871461 8.920423275825916 425
1757449871544 9.117778058133144 426
1757449871626 7.867982315065594 427
1757449871705 6.993293665823287 428
1757449871783 7.092603103040141 429
1757449871861 8.724456795824333 430
1757449871939 8.80223506466766 431
1757449872021 7.9726524255069595 432
1757449872101 5.523979639000755 433
1757449872176 6.832840295551804 434
1757449872254 7.589639562008851 435
1757449872325 8.21456095579725 436
1757449872397 6.79707676219682 437
1757449872470 5.732665860327837 438
1757449872545 7.751920625724388 439
1757449872621 6.692609241096037 440
1757449872700 6.324969759607857 441
1757449872780 5.596613933103704 442
1757449872858 7.0871244384107905 443
1757449872938 8.380770739655473 444
1757449873017 6.654730411360156 445
1757449873093 9.24453531799849 446
1757449873172 6.014385665947468 447
1757449873258 6.77580940700026 448
1757449873342 8.26182630675294 449
1757449873434 6.9965319937373724 450
1757449873517 7.525209897067005 451
1757449873599 6.975172638976606 452
1757449873679 6.400814515393201 453
1757449873759 8.334159491239884 454
1757449873836 8.714908356756515 455
1757449873914 5.475091033126642 456
1757449873994 6.399509890376923 457
1757449874084 6.747303046425429 458
1757449874156 6.333613655134154 459
1757449874233 6.288690652738024 460
1757449874311 5.57992720791191 461
1757449874388 8.40416706273284 462
1757449874450 5.502832124936339 463
1757449874522 8.850249113745608 464
1757449874599 7.460611467450768 465
1757449874675 5.407327402436962 466
1757449874749 6.1273825986552675 467
1757449874822 4.729322005956398 468
1757449874898 6.6207571789201545 469
1757449874979 7.258341826739355 470
1757449875059 7.67760328684917 471
1757449875141 6.605803387219111 472
1757449875223 6.570743309014317 473
1757449875306 5.688081987284281 474
1757449875387 5.594920991629221 475
1757449875467 4.318020623764346 476
1757449875551 5.444732090938855 477
1757449875635 5.8430170778739035 478
1757449875716 7.731867203023262 479
1757449875796 5.632034761689611 480
1757449875879 6.229074665279901 481
1757449875963 5.7930972687664095 482
1757449876041 5.489805267332166 483
1757449876121 5.784588756042614 484
1757449876198 6.473436424084405 485
1757449876275 6.4850220610655 486
1757449876355 4.762803948130101 487
1757449876433 5.144296317737055 488
1757449876511 4.3086378296607135 489
1757449876589 7.482060721881238 490
1757449876673 5.427853896797879 491
1757449876759 7.500796919993756 492
1757449876860 6.884918145798023 493
1757449876941 5.790359150377937 494
1757449877024 5.501095916890961 495
1757449877104 8.911435755582222 496
1757449877189 5.101675058348286 497
1757449877273 7.015616119338806 498
1757449877354 8.468601442822816 499
