1757601554799 1.0933365236877937 0
1757601554863 0.4714364679040835 1
1757601554930 0.31019083144276494 2
1757601555001 0.31255967163529247 3
1757601555068 0.15835242711667497 4
1757601555134 0.09085109506648348 5
1757601555202 0.0714256016624041 6
1757601555272 0.12027164487146196 7
1757601555338 0.1013542626062812 8
1757601555411 0.06994768616944472 9
1757601555492 0.09228677700864005 10
1757601555562 0.12369579693209486 11
1757601555635 0.0852935343563424 12
1757601555711 0.18562217330256559 13
1757601555786 0.09110678340488058 14
1757601555858 0.7552801045658062 15
1757601555922 0.1011511292779794 16
1757601555992 0.11607411041783602 17
1757601556056 0.14639154067897595 18
1757601556127 0.13021062081359258 19
1757601556199 0.2059818655287708 20
1757601556270 0.11402161205959102 21
1757601556344 0.12468431031650334 22
1757601556414 0.1153917656489366 23
1757601556485 0.12141943297855295 24
1757601556557 0.18044627109515488 25
1757601556629 0.12485806467594396 26
1757601556697 0.09096291143288208 27
1757601556768 0.13470093863332847 28
1757601556837 0.07477667063000222 29
1757601556908 0.03995356269629437 30
1757601556981 0.0757342760393632 31
1757601557055 0.14819409404562417 32
1757601557127 0.08890537245123922 33
1757601557202 0.16199232049668771 34
1757601557275 0.09382527757060724 35
1757601557345 0.08505126612272101 36
1757601557419 0.13299594588456146 37
1757601557485 0.053065951855796226 38
1757601557555 0.1761075969956865 39
1757601557628 0.10847142763526525 40
1757601557699 0.13478823557596403 41
1757601557769 0.11982178262092692 42
1757601557839 0.07471104335581066 43
1757601557909 0.15140624524022325 44
1757601557981 0.10745818815514005 45
1757601558053 0.14147481489552907 46
1757601558123 0.04970459090738992 47
1757601558196 0.1485655823937914 48
1757601558263 0.10467662387871057 49
1757601558337 0.08119925184838725 50
1757601558409 0.12888819743586563 51
1757601558478 0.18009552361053943 52
1757601558552 0.17819828129952348 53
1757601558626 0.1354362764047926 54
1757601558703 0.1252796238502263 55
1757601558778 0.16140943473393501 56
1757601558853 0.07820388665422487 57
1757601558926 0.1549776665810691 58
1757601558996 0.10152756172427765 59
1757601559071 0.12230134835090647 60
1757601559144 0.1727045558880334 61
1757601559219 0.06469238389785371 62
1757601559296 0.13451366198221834 63
1757601559378 0.10734665556224045 64
1757601559450 0.07560758221071455 65
1757601559517 0.13433323807661415 66
1757601559584 0.1524624402551952 67
1757601559653 0.050717304854409534 68
1757601559727 0.10772705113254825 69
1757601559799 0.07768648349835108 70
1757601559873 0.15126338839593922 71
1757601559940 0.08259461406642783 72
1757601560005 0.08706547641671308 73
1757601560076 0.10651412989721998 74
1757601560146 0.06556249067650441 75
1757601560218 0.1320778130416093 76
1757601560284 0.13968825878118465 77
1757601560356 0.08058873107100897 78
1757601560426 0.08232759876807079 79
1757601560499 0.12606164782180923 80
1757601560570 0.11952752863252046 81
1757601560641 0.11358643102644883 82
1757601560713 0.05514982840279631 83
1757601560782 0.10337110379286124 84
1757601560852 0.12217760142789608 85
1757601560931 0.15132412767366019 86
1757601561007 0.10161871866517809 87
1757601561079 0.09411108511766723 88
1757601561153 0.12800699123373355 89
1757601561227 0.07046804970625772 90
1757601561304 0.1464649442306529 91
1757601561398 0.14526290916975587 92
1757601561489 0.15318394414095837 93
1757601561559 0.05720022249529024 94
1757601561638 0.1668216562318629 95
1757601561718 0.1814504203092824 96
1757601561808 0.08716934509454168 97
1757601561879 0.0974450201706333 98
1757601561965 0.12943374948805877 99
1757601562037 0.15371508956845673 100
1757601562112 0.07433101053869097 101
1757601562218 0.07450420436568057 102
1757601562295 0.07216428889839084 103
1757601562369 0.14295905365130626 104
1757601562441 0.146935376038326 105
1757601562512 0.1003485611666392 106
1757601562586 0.06150014182595099 107
1757601562662 0.07102906134532902 108
1757601562738 0.20349289289440717 109
1757601562814 0.1346599590722685 110
1757601562906 0.10500551047677237 111
1757601562983 0.12949514443174123 112
1757601563056 0.08151855826947349 113
1757601563131 0.11434531883290604 114
1757601563207 0.17551848739244408 115
1757601563284 0.12475690906116016 116
1757601563356 0.0771757913237475 117
1757601563431 0.08622824336919892 118
1757601563505 0.12456900993471572 119
1757601563569 0.06598278519506569 120
1757601563642 0.31406602397321653 121
1757601563718 0.1157086653072286 122
1757601563792 0.15271848706360797 123
1757601563866 0.2003414672019659 124
1757601563939 0.05924679824694222 125
1757601564014 0.1570104343342273 126
1757601564086 0.12887158596510942 127
1757601564161 0.26432120764423367 128
1757601564244 0.14571227284064162 129
1757601564407 0.0943394986830085 130
1757601564487 0.39104300124086294 131
1757601564563 0.1034743437596268 132
1757601564648 0.093312020979135 133
1757601564729 0.11322219364286419 134
1757601564804 0.11733730059720304 135
1757601564877 0.07844914862300296 136
1757601564948 0.06079648719016158 137
1757601565026 0.08009519705383518 138
1757601565101 0.0640660114614741 139
1757601565176 0.10018796179196181 140
1757601565268 0.13234538782151228 141
1757601565343 0.10359085158475011 142
1757601565419 0.35478541169262306 143
1757601565491 0.09767613905026977 144
1757601565560 0.05854659479642781 145
1757601565634 0.11767853550313892 146
1757601565706 0.102813947067313 147
1757601565779 0.07210187713653836 148
1757601565853 0.08106217764111791 149
1757601565927 0.17367246389062171 150
1757601566001 0.14591233956308208 151
1757601566077 0.11033665092532145 152
1757601566150 0.07919365912322397 153
1757601566224 0.10763673431999933 154
1757601566347 0.12117262142970336 155
1757601566443 0.074205759981793 156
1757601566509 0.09115277266198309 157
1757601566574 0.05699417031747675 158
1757601566637 0.09158702026158827 159
1757601566709 0.12819614140609528 160
1757601566780 0.0801886911932881 161
1757601566853 0.2394006442391585 162
1757601566927 0.13293126001632075 163
1757601567003 0.08012813360312596 164
1757601567080 0.2361360220832724 165
1757601567157 0.1416408093096458 166
1757601567229 0.13106779324497259 167
1757601567310 0.05413657650051552 168
1757601567387 0.11745331229277167 169
1757601567463 0.05886189582437112 170
1757601567539 0.11668752517223618 171
1757601567609 0.13164781555348143 172
