1757651063053 23.211626908376346 0
1757651063168 0.9022536428039982 1
1757651063278 0.3662678298775996 2
1757651063386 0.5892209714970195 3
1757651063498 3.972402875980738 4
1757651063611 0.21296227454252623 5
1757651063718 0.00537095789990372 6
1757651063823 0.8424419155956405 7
1757651063929 0.06577051624492901 8
1757651064036 0.07121768605023414 9
1757651064139 0.0010765223777733932 10
1757651064248 0.6708611742468866 11
1757651064353 0.2208115553482489 12
1757651064456 1.3430942823521759 13
1757651064568 0.014947626869085769 14
1757651064676 1.4262794158565661 15
1757651064780 2.886892368168348 16
1757651064886 0.05617785061281353 17
1757651064993 0.6462275140831754 18
1757651065102 0.5374921241295767 19
1757651065209 1.7200167123126664 20
1757651065315 0.014181210309291736 21
1757651065420 0.3833730434778877 22
1757651065525 0.03428338516700508 23
1757651065633 0.00695657250128089 24
1757651065740 0.11913669629314966 25
1757651065844 0.09962539953573228 26
1757651065949 1.2323689146179988 27
1757651066056 0.36521790921834474 28
1757651066161 0.3505446965452096 29
1757651066282 0.03784600046287424 30
1757651066391 0.010909638216694264 31
1757651066495 0.24557633529223108 32
1757651066599 0.22103786431743083 33
1757651066702 0.0901615240415604 34
1757651066807 0.02012638959650422 35
1757651066913 0.9965130227091561 36
1757651067017 0.058872630778132796 37
1757651067122 0.1132452239995206 38
1757651067224 0.04203693914682621 39
1757651067327 0.31096703454910846 40
1757651067430 1.9109087034382057 41
1757651067532 0.09929092338831817 42
1757651067639 0.35174012228597246 43
1757651067745 0.1885384862650769 44
1757651067855 0.008594703970312933 45
1757651067965 0.4957091667929648 46
1757651068073 0.4880382497191657 47
1757651068184 3.0962076316168003 48
1757651068298 0.17354670225421395 49
1757651068405 0.3323830465523013 50
1757651068511 0.06337729014569597 51
1757651068622 0.03899868232798676 52
1757651068727 0.029181623984205384 53
1757651068834 0.13154690218355253 54
1757651068940 0.20739959573734945 55
1757651069048 1.2088692351068482 56
1757651069159 0.1561909108110599 57
1757651069267 0.009530436598467596 58
1757651069372 0.01726100670846269 59
1757651069477 0.09493057549391046 60
1757651069583 0.5873062950824974 61
1757651069688 0.6472286983602743 62
1757651069793 1.047247503143448 63
1757651069898 0.018709229515155183 64
1757651070002 0.003938123536161804 65
1757651070107 0.44716896033562087 66
1757651070212 1.1087292681633008 67
1757651070318 0.12723695599229276 68
1757651070425 1.6021647772760874 69
1757651070529 0.8370523041024034 70
1757651070633 0.12200562927960365 71
1757651070742 0.41421479633662195 72
1757651070848 0.17797355919643124 73
1757651070957 0.01454007389510999 74
1757651071064 0.007024987582699715 75
1757651071169 0.037380550440948714 76
1757651071273 0.28661570734752767 77
1757651071377 0.02866658049247482 78
1757651071481 0.7058141615302701 79
1757651071586 0.1273201248385246 80
1757651071692 1.0986124656469152 81
1757651071798 3.606221969935918 82
1757651071902 0.22608666314311904 83
1757651072005 0.05133072772137646 84
1757651072110 0.02994323958668779 85
1757651072214 0.8243182276500477 86
1757651072318 0.742576588898813 87
1757651072422 1.6361538367308284 88
1757651072525 0.18223527552602198 89
1757651072630 0.18714665000982475 90
1757651072734 0.06631428497752474 91
1757651072839 0.2069818739819873 92
1757651072942 0.1877442071826504 93
1757651073044 0.0005098336536294126 94
1757651073148 0.002200251282898039 95
1757651073256 0.037962678295149814 96
1757651073361 0.059671315596603644 97
1757651073464 0.00655341932995411 98
1757651073571 0.8052824810294523 99
1757651073676 0.29302702459769564 100
1757651073780 0.12694668223152641 101
1757651073884 0.10011572407908122 102
1757651073988 0.09090385299475802 103
1757651074093 0.5453898823452712 104
1757651074197 0.062204829363410305 105
1757651074302 0.17846200465352288 106
1757651074408 0.000628574193714141 107
1757651074513 0.016274724321339976 108
1757651074617 0.1794231161653349 109
1757651074724 0.4370741385925571 110
1757651074830 0.2760977379875439 111
1757651074939 0.08935613575538522 112
1757651075045 0.07081059291361995 113
1757651075152 0.053563895433677185 114
1757651075259 0.020781398852190686 115
1757651075362 0.2529912621663303 116
1757651075467 0.00034662419646573644 117
1757651075571 0.5420950084953761 118
1757651075679 0.2776619571414808 119
1757651075785 0.07446393088709947 120
1757651075891 2.357079408385377e-05 121
1757651075997 0.11198845986102053 122
1757651076104 0.0036415796193854954 123
1757651076209 0.007756808341454394 124
1757651076315 0.007683455100282957 125
1757651076420 2.6565734543084383 126
1757651076527 0.4939275485247679 127
1757651076641 0.038955270857859256 128
1757651076754 0.12618818950745325 129
1757651076861 0.0007459977589776598 130
1757651076967 0.09676406958468531 131
1757651077075 0.06911967818475376 132
1757651077182 0.013956304473140373 133
1757651077288 0.31023431369256727 134
1757651077394 0.07499845819227767 135
1757651077502 0.038684554079676144 136
1757651077607 0.0015875291018253512 137
1757651077715 0.17315197881190314 138
1757651077820 0.0056365959578377695 139
1757651077927 0.07842764278016938 140
1757651078032 0.00017638533970676674 141
1757651078138 0.07683730503630797 142
1757651078253 0.11776541046305437 143
1757651078370 0.027077030379457523 144
1757651078477 0.11022301590461786 145
1757651078585 0.2817299616680585 146
