1757258257090 321.2159843508438 0
1757258257140 1185611839700.1628 1
1757258257184 9.250850259297582e+21 2
1757258257234 7.218064773792572e+31 3
1757258257285 5.631964372820982e+41 4
1757258257346 4.394394299686897e+51 5
1757258257399 3.428768362653564e+61 6
1757258257444 2.675329449970314e+71 7
1757258257490 2.0874515011971364e+81 8
1757258257546 1.6287540848094638e+91 9
1757258257600 1.2708510196582405e+101 10
1757258257651 9.915937152386829e+110 11
1757258257701 7.737005210612902e+120 12
1757258257750 6.0368726333286685e+130 13
1757258257853 4.710327859291399e+140 14
1757258257954 3.6752785572325446e+150 15
1757258258026 2.867671397142474e+160 16
1757258258100 2.2375281530174245e+170 17
1757258258159 1.7458528339524386e+180 18
1757258258213 1.3622184434682401e+190 19
1757258258275 1.0628840252955632e+200 20
1757258258340 8.293254702617187e+209 21
1757258258399 6.470891642515436e+219 22
1757258258456 5.048975360175849e+229 23
1757258258508 3.939511522673766e+239 24
1757258258575 3.0738417065158405e+249 25
1757258258637 2.398394517273399e+259 26
1757258258689 1.8713703598638898e+269 27
1757258258739 1.46015469871836e+279 28
1757258258796 1.1392997291804725e+289 29
1757258258853 8.889495572284342e+298 30
1757258258904 inf 31
1757258258948 inf 32
