1757672456499 0.984994896049259 0
1757672456614 2.9488860963570116 1
1757672456727 1.2235821363718689 2
1757672456842 1.4574331938323923 3
1757672456958 0.21115011908217704 4
1757672457073 0.9618178926271432 5
1757672457186 0.035246035305175956 6
1757672457300 0.3214575008209193 7
1757672457413 1.5007120892744197 8
1757672457525 0.004103929617377922 9
1757672457638 2.7121376288112065 10
1757672457750 1.1284161879627532 11
1757672457863 10.637590682084824 12
1757672457976 1.1170096176571453 13
1757672458089 0.010295701865620257 14
1757672458202 0.6292097124448849 15
1757672458316 0.6522786360671379 16
1757672458429 0.021800350349212107 17
1757672458541 0.5764346441107001 18
1757672458658 0.3676210682054599 19
1757672458771 0.05212641086860938 20
1757672458883 0.022706788727536318 21
1757672458997 0.18952616283905258 22
1757672459111 0.0009883468382660557 23
1757672459224 0.007055394794883086 24
1757672459337 0.048311354855901684 25
1757672459450 0.026148473735489453 26
1757672459563 1.2616792042566833 27
1757672459677 0.4563583452536025 28
1757672459793 0.11323680119439396 29
1757672459908 0.09306899342718089 30
1757672460023 0.1252358283392802 31
1757672460137 0.8701353021782343 32
1757672460299 0.01161046622456378 33
1757672460486 0.0011213409810026545 34
1757672460599 0.8715212148517744 35
1757672460716 0.3016117544508906 36
1757672460829 0.5084202165478486 37
1757672460951 0.658147243440528 38
1757672461068 0.1849171718127846 39
1757672461181 0.5552805737944274 40
1757672461295 18.079617796633684 41
1757672461409 0.1522166706306057 42
1757672461522 0.26756920053861094 43
1757672461635 0.49859029420568346 44
1757672461750 0.19248722555929662 45
1757672461864 0.767855580604594 46
1757672461977 0.14865142892401634 47
1757672462090 0.6365355284273835 48
1757672462206 0.7852562106660573 49
1757672462320 0.015310279587357504 50
1757672462433 0.03791299333954408 51
1757672462549 5.741094360944725 52
1757672462665 0.2097649308846561 53
1757672462779 0.11119697358832421 54
1757672462893 0.19999938133922765 55
1757672463008 0.41176592807659285 56
1757672463123 1.7736228213248777 57
1757672463235 0.07153714474004992 58
1757672463350 0.20889876334190938 59
1757672463476 0.15384929104380296 60
1757672463590 0.5382367280268218 61
1757672463706 1.8452218215046008 62
1757672463822 0.01797427547040649 63
1757672463937 0.02609172912357393 64
1757672464051 0.0009834920864729342 65
1757672464165 0.5633572060490969 66
1757672464279 0.38533532675292625 67
1757672464394 0.5396674420056738 68
1757672464511 0.22982115365133396 69
1757672464626 0.00513877816552707 70
1757672464740 0.3122694520824606 71
1757672464853 0.03549159022336307 72
1757672464967 2.5126421141783957 73
1757672465081 0.014192078049072108 74
1757672465196 1.6699196059447503 75
1757672465313 1.2378195837264152 76
1757672465426 0.8599133513349968 77
1757672465541 0.013227387823839249 78
1757672465656 0.007097245721137504 79
1757672465771 1.701460937125489 80
1757672465886 1.5969209535357576 81
1757672466010 0.1706556982879112 82
1757672466129 0.007652899787487164 83
1757672466246 0.8596646894998002 84
1757672466364 0.00879470206314235 85
1757672466482 0.23581911623085444 86
1757672466594 0.09439191479341984 87
1757672466708 3.1032265520232056 88
1757672466824 0.05753301818223118 89
1757672466939 0.19612943007614114 90
1757672467054 0.08924172108244083 91
1757672467173 0.022634351484356535 92
1757672467297 0.2932195948523561 93
1757672467419 0.2476793723186096 94
1757672467533 0.7404520858581843 95
1757672467649 1.2453016430547483 96
1757672467766 0.006793845075077185 97
1757672467882 0.30288483092889595 98
1757672467999 0.0009769087305765815 99
1757672468145 0.12716431979530082 100
1757672468264 0.025412454684198615 101
1757672468391 0.22467088414990877 102
1757672468543 1.9503458464709509 103
1757672468666 0.0824065301745452 104
1757672468783 0.13156061412558795 105
1757672468901 0.15295650357842772 106
1757672469016 0.0024393748347806793 107
1757672469131 0.799971038518385 108
1757672469246 1.3707430481411416 109
1757672469383 5.705195454373545 110
1757672469514 2.069742549694715 111
1757672469636 0.22453386090300625 112
1757672469758 0.24197258701215912 113
1757672469881 2.856824079242585 114
1757672470002 0.5848783158741027 115
1757672470119 0.02583187843890452 116
1757672470235 3.168023192356766 117
1757672470351 3.8664282457190144 118
1757672470473 16.52014048010754 119
1757672470586 0.09177789351284475 120
1757672470699 0.43366301678685837 121
1757672470812 0.3491773767608783 122
1757672470925 0.04978227435240631 123
1757672471042 1.5039761804984824 124
1757672471160 0.01626083647424752 125
1757672471278 0.5264181156793117 126
1757672471393 0.5163515578237187 127
1757672471510 0.2119651268603767 128
1757672471626 0.4889562147240979 129
1757672471741 0.04488495340120296 130
1757672471857 0.28867573072551006 131
1757672471973 0.010865243036194773 132
1757672472089 0.7885354632575088 133
1757672472207 0.3233903701146924 134
1757672472325 0.4309877576595432 135
1757672472441 0.24904430159632204 136
1757672472558 2.716411014071939 137
1757672472674 0.2931727943425597 138
1757672472790 0.03788470506348739 139
1757672472907 0.018317288026318386 140
1757672473057 2.6990859745211147 141
1757672473179 1.1428828896727796 142
1757672473296 0.15220990667767503 143
1757672473417 10.976059641402712 144
1757672473538 2.6296826949024186 145
1757672473657 0.01753257891152328 146
1757672473774 0.6228208443904909 147
1757672473893 0.618755779602275 148
1757672474013 4.720038361865931e-05 149
1757672474127 0.23624170957319945 150
1757672474245 0.5405875467639629 151
1757672474361 0.23112894684083282 152
1757672474480 0.25155501653170936 153
1757672474608 0.2279452648295871 154
1757672474764 0.006052167126629128 155
1757672474892 0.2140803271650717 156
1757672475014 1.3667369391616966 157
1757672475134 0.0003828058398413177 158
1757672475251 1.1629697386517075 159
1757672475370 0.5490501869722562 160
1757672475488 1.8563391140935914 161
1757672475603 0.41048320646362196 162
1757672475722 0.29553596505613644 163
1757672475840 0.09817041503682943 164
1757672475958 0.5023512653971289 165
1757672476085 1.2722786339084835 166
1757672476203 0.020956299850291717 167
1757672476323 0.10077742636966235 168
1757672476441 0.03153088467117135 169
1757672476559 0.14415718961103244 170
1757672476676 0.20050255941242257 171
1757672476795 0.08924810643745135 172
1757672476912 5.651634377607642 173
1757672477029 0.01772635797220579 174
1757672477148 0.044304386935522945 175
1757672477266 0.16092849989354868 176
1757672477383 0.33121758973786847 177
1757672477499 0.27098082506416543 178
1757672477619 0.0503023773490916 179
1757672477737 1.3987268000944693 180
1757672477855 0.23073905305360626 181
1757672477974 0.01954182713403098 182
1757672478091 6.527061496224392 183
1757672478207 1.4878019137437148 184
1757672478324 0.06158675007022864 185
1757672478443 0.21345968711348912 186
1757672478560 0.7479662685853659 187
1757672478676 0.050991889900882624 188
1757672478794 2.364820557362223 189
1757672478912 0.0005257963510108287 190
1757672479028 0.3630404245501717 191
1757672479146 0.004003746326498403 192
1757672479264 0.2562152129562161 193
1757672479381 0.09005267535069554 194
1757672479500 4.279406994488134 195
1757672479617 0.01372445577934764 196
1757672479735 0.09213444861440377 197
1757672479853 0.2408114018802234 198
1757672479972 0.09751560200050523 199
1757672480088 0.10924291412689134 200
1757672480206 0.008365408294471159 201
1757672480326 0.04110591080845586 202
1757672480443 2.266036418925933 203
1757672480561 0.03362694085648603 204
1757672480677 0.3136909795688566 205
1757672480793 0.18293935907232478 206
1757672480910 0.6316484900619069 207
1757672481026 0.024040022804793306 208
1757672481143 0.7674459652127107 209
1757672481261 21.007573809170843 210
1757672481379 0.15584624327924848 211
1757672481497 0.7440057331142769 212
1757672481613 0.05334697103478088 213
1757672481729 0.3422786732158453 214
1757672481847 0.23131792986256872 215
1757672481963 0.7357481191302324 216
1757672482081 1.0574257144929247 217
1757672482199 0.06241651994313446 218
1757672482317 0.3462426811063425 219
1757672482434 0.9746351860638965 220
1757672482554 1.3912703581824912 221
1757672482696 7.478783164556958e-05 222
1757672482823 20.95227262410899 223
1757672482948 0.09164546163535046 224
1757672483071 0.09129376457557564 225
1757672483192 0.2633568951371893 226
1757672483313 0.12950476140162992 227
1757672483433 1.860657666501028 228
1757672483555 5.523243993660867 229
1757672483678 0.530714167774284 230
1757672483801 0.017442871090551263 231
1757672483978 1.0649577748583956 232
1757672484353 0.08736172446847418 233
1757672484564 0.06701661986642549 234
1757672484764 2.408154043768982 235
1757672484956 0.813545152020167 236
1757672485144 0.08052164720413031 237
1757672485324 0.013611376407553643 238
1757672485506 1.2498206296406114 239
1757672485685 2.338129312427014 240
1757672485847 6.571416163561956 241
1757672486012 0.12575854361777267 242
1757672486168 2.1828143457058826 243
1757672486327 0.8784795254715467 244
1757672486492 0.15601391120655056 245
1757672486649 0.47683887149778964 246
1757672486796 0.15188773479496523 247
1757672486992 0.2843455169064698 248
1757672487173 0.1396496835951221 249
1757672487357 0.5918961444323724 250
1757672487511 0.32996293268705273 251
1757672487679 0.13626453311851816 252
1757672487854 0.09266047246100056 253
1757672488006 0.49610302984854576 254
1757672488161 0.05539130118272361 255
1757672488396 0.020756346132792286 256
1757672488571 0.16111529110394485 257
1757672488846 0.29586644412181196 258
1757672489021 0.17117567627654748 259
1757672489181 0.10674057993985461 260
1757672489350 0.05976344249555135 261
1757672489560 0.5948211935689856 262
1757672489727 0.2866563636908491 263
1757672489889 0.05315114242747026 264
1757672490053 0.07475253018210849 265
1757672490215 1.2060928198670937 266
1757672490370 0.7013535386970835 267
1757672490523 0.25620685503973184 268
1757672490677 0.5963024349524259 269
1757672490826 0.11341407843079518 270
1757672490981 0.7603224738573753 271
1757672491130 0.06261595678099847 272
1757672491281 1.8774273333773235 273
1757672491440 0.00402969591348501 274
1757672491592 0.6637281758597425 275
1757672491750 0.3451397303098969 276
1757672491911 0.14588129873621428 277
1757672492063 0.1576049067714903 278
1757672492227 7.836107254434563 279
1757672492354 0.4388971874071438 280
1757672492483 0.7015405357577148 281
1757672492627 4.1609164871186275 282
1757672492773 0.05343750600256465 283
1757672492964 0.4474204256800742 284
1757672493118 0.9442393034175165 285
1757672493265 0.07985615907777326 286
1757672493406 0.03571261199280737 287
1757672493545 0.019234908915684756 288
1757672493674 0.18021760480073534 289
1757672493800 0.3192403458870623 290
1757672493926 0.551406292011577 291
1757672494052 0.045466440389037695 292
1757672494176 0.17702257365234833 293
1757672494299 0.005403501185407504 294
1757672494441 0.1860848255993171 295
1757672494570 2.2257100600180117 296
1757672494694 0.0019449202369014656 297
1757672494818 0.09035392072145512 298
1757672494943 1.9179615832431798 299
1757672495076 0.11030132537720025 300
1757672495242 0.20801608436894 301
1757672495370 0.30371572503849276 302
1757672495495 1.4433155119948577 303
1757672495619 0.00483566745663603 304
1757672495743 0.8991225299423082 305
1757672495867 0.4950748289141607 306
1757672495989 1.3615530244634544 307
1757672496111 0.28225481714588335 308
1757672496236 0.28832211081964076 309
1757672496361 0.010984659529192841 310
1757672496483 3.4052103424008497 311
1757672496607 0.11690782851604285 312
1757672496733 0.047308633908874756 313
1757672496858 0.1867323464042051 314
1757672496983 0.4231504680809749 315
1757672497106 1.1281105821903794 316
1757672497232 8.764649138341594e-05 317
1757672497358 0.0067271263783853 318
1757672497483 0.0007166962897963749 319
1757672497607 0.39867184428568797 320
1757672497733 0.2773947163887635 321
1757672497858 0.8731193521432941 322
1757672497982 0.24056548146557086 323
1757672498108 2.3456750747583985 324
1757672498237 0.22424988030906268 325
1757672498370 0.22826025046685963 326
1757672498494 0.7379630504470888 327
1757672498619 1.099637764731151 328
1757672498754 0.2544541044619562 329
1757672498881 0.3078325294266923 330
1757672499007 0.016640894462697276 331
1757672499132 0.059602074798096684 332
1757672499258 0.2835996831951245 333
1757672499383 0.00022236701212654272 334
1757672499510 0.3686025642474402 335
1757672499635 0.03368848977760225 336
1757672499766 1.3745844016957974e-05 337
1757672499900 1.6443119707304454 338
1757672500026 0.1919162502637317 339
1757672500159 0.7579018458232388 340
1757672500286 0.001769133447564524 341
1757672500421 0.08322937584190754 342
1757672500548 0.12060639286057073 343
1757672500676 8.34896690852064 344
1757672500803 0.6076067072514932 345
1757672500927 1.5104191736839943 346
1757672501051 1.039839616090942 347
1757672501177 0.0008090485494929958 348
1757672501301 0.5461348686738074 349
1757672501426 2.239009712140623 350
1757672501551 0.4784439005756808 351
1757672501677 0.8474572936556775 352
1757672501802 0.0005728742082852012 353
1757672501929 0.03881716220767382 354
1757672502055 0.10672376898703914 355
1757672502187 0.6401357246975389 356
1757672502315 0.5596553137490167 357
1757672502441 0.025862810484169354 358
1757672502568 0.006189402925731295 359
1757672502693 0.41348960927110906 360
1757672502820 0.7903106005263418 361
1757672502946 0.5001739647002799 362
1757672503072 0.10148847402203137 363
1757672503199 0.18198474074603826 364
1757672503326 0.7867888936807579 365
1757672503463 0.30436204094502955 366
1757672503591 0.009068395638618514 367
1757672503718 0.04639368551525136 368
1757672503847 0.004162450007750404 369
1757672503980 0.009496898719370659 370
1757672504108 9.019730815738674 371
1757672504244 1.3161672642493845e-05 372
1757672504371 0.6424845374405639 373
1757672504500 0.0325829525198693 374
1757672504630 0.7173179507420167 375
1757672504760 0.0178592747485775 376
1757672504890 3.512222422119215 377
1757672505026 0.011513519043570434 378
1757672505156 1.822115214009423 379
1757672505286 0.1935171739762803 380
1757672505411 0.3634497111140936 381
1757672505541 0.5728224379239276 382
1757672505668 0.2724168873147821 383
1757672505803 0.2882096220331732 384
1757672505941 0.012820465851528686 385
1757672506070 0.18623318770178107 386
1757672506199 0.18199248051519365 387
1757672506326 0.15829439687807317 388
1757672506453 0.09328803417862523 389
1757672506580 1.4420563240956352 390
1757672506707 0.011073397007057423 391
1757672506834 2.8480216369034036e-06 392
1757672506961 0.2902783490783152 393
1757672507088 7.873514800826441 394
1757672507215 0.0005966027009411652 395
1757672507341 0.01824296401018885 396
1757672507471 0.4505040652906901 397
1757672507599 4.311288369605125 398
1757672507732 0.7327011997628913 399
1757672507870 0.2782282629360627 400
1757672508000 0.3254779379020199 401
1757672508128 2.333263238551521 402
1757672508254 0.19317722548689958 403
1757672508381 0.40665873325019675 404
1757672508518 0.6872492446986976 405
1757672508651 2.903658963441178 406
1757672508779 0.027758757610837414 407
1757672508905 0.028074180628536328 408
1757672509032 0.678554088619395 409
1757672509162 0.5878427488223368 410
1757672509311 2.5284171812817893 411
1757672509438 0.21867234508864555 412
1757672509564 0.2350611882851523 413
1757672509691 0.3008691063025932 414
1757672509816 1.0345412899842117 415
1757672509942 0.07261921685171034 416
1757672510067 0.5632066507865209 417
1757672510205 0.06783335016087697 418
1757672510337 0.4527544404609663 419
1757672510465 0.18894467249058328 420
1757672510596 0.4965389918626326 421
1757672510724 0.9212384794756044 422
1757672510848 0.8024594086820798 423
1757672510977 2.0865729746808857 424
1757672511104 0.12502648709020928 425
1757672511232 0.35929320815848675 426
1757672511360 0.24035030353938872 427
1757672511496 0.030912258095097553 428
1757672511626 0.650266184032683 429
1757672511753 0.04650331667590173 430
1757672511880 0.08012636235081914 431
1757672512006 0.027364111195124587 432
1757672512133 1.625056825309485 433
1757672512262 0.411121991299633 434
1757672512389 2.8369402845502534 435
1757672512517 7.005240665640432 436
1757672512643 0.2980064026715046 437
1757672512770 0.006232310161727424 438
1757672512898 0.013192585780116244 439
1757672513028 1.2078900690580168 440
1757672513156 0.8129576774125168 441
1757672513284 0.2306685701381558 442
1757672513425 0.00968460763745467 443
1757672513556 0.28219911432808403 444
1757672513685 0.290617495057366 445
1757672513813 0.04943404085141151 446
1757672513939 0.04145130129614999 447
1757672514066 0.18689098289992537 448
1757672514194 0.0021547107570683457 449
1757672514322 0.09742933145747543 450
1757672514449 0.02672218007381485 451
1757672514578 1.9655237111408308 452
1757672514707 0.27551839540497836 453
1757672514837 0.13416952729065143 454
1757672514964 0.3052535164085248 455
1757672515091 1.8360308827652478 456
1757672515252 0.13539625895805016 457
1757672515381 0.028164807991649686 458
1757672515514 0.11182363359675064 459
1757672515643 0.08512442939493362 460
1757672515770 0.06652356876200688 461
1757672515898 1.233383167700274 462
1757672516041 0.6356913672986886 463
1757672516178 0.08306300222486626 464
1757672516306 0.03788344497576196 465
1757672516434 2.650727473372775 466
1757672516562 0.8164448035114893 467
1757672516691 2.0207854172681725 468
1757672516818 0.04027150212030021 469
1757672516946 0.07577874743430267 470
1757672517090 0.1378574021078058 471
1757672517221 0.9694008303487475 472
1757672517349 5.005310756560546 473
1757672517477 0.09460508280796236 474
1757672517604 0.42620348171367944 475
1757672517732 0.012790311786594481 476
1757672517862 0.08787130370688088 477
1757672518002 0.3213747187211441 478
1757672518140 0.021802412785591332 479
1757672518276 0.10946821312585063 480
1757672518408 0.8068662588387003 481
1757672518540 0.04670595823272074 482
1757672518668 0.11862080177505406 483
1757672518801 0.17491452793351808 484
1757672518931 1.4993797791041128 485
1757672519059 0.3421432187628428 486
1757672519188 0.07541750528669389 487
1757672519318 2.189572585204913e-05 488
1757672519448 0.05400687825536641 489
1757672519575 1.1096518185845328 490
1757672519703 0.0020999586944062273 491
1757672519831 0.4171032188144599 492
1757672519962 0.0018740493853606544 493
1757672520092 0.34210266899013925 494
1757672520220 0.4346161095283494 495
1757672520347 0.9755858748653237 496
1757672520476 0.6881618956210114 497
1757672520635 0.6078215893570621 498
1757672520817 0.16726074724699122 499
