1757452712932 169.17582318790855 0
1757452713009 168.9214452353931 1
1757452713081 168.6674527137572 2
1757452713142 168.41384503899693 3
1757452713212 168.16062162799315 4
1757452713278 167.90778189851028 5
1757452713340 167.655325269195 6
1757452713407 167.40325115957475 7
1757452713478 167.1515589900566 8
1757452713555 166.9002481819258 9
1757452713628 166.64931815734442 10
1757452713700 166.3987683393501 11
1757452713775 166.14859815185469 12
1757452713850 165.89880701964296 13
1757452713926 165.64939436837113 14
1757452714002 165.40035962456582 15
1757452714077 165.1517022156225 16
1757452714157 164.9034215698042 17
1757452714241 164.65551711624033 18
1757452714316 164.40798828492524 19
1757452714388 164.16083450671695 20
1757452714460 163.91405521333584 21
1757452714531 163.66764983736343 22
1757452714605 163.4216178122408 23
1757452714680 163.17595857226772 24
1757452714753 162.93067155260087 25
1757452714824 162.68575618925297 26
1757452714897 162.4412119190912 27
1757452714975 162.197038179836 28
1757452715056 161.9532344100598 29
1757452715131 161.70980004918567 30
1757452715197 161.46673453748613 31
1757452715267 161.22403731608173 32
1757452715333 160.98170782693984 33
1757452715400 160.7397455128734 34
1757452715463 160.49814981753957 35
1757452715531 160.2569201854385 36
1757452715603 160.016056061912 37
1757452715676 159.7755568931423 38
1757452715747 159.53542212615085 39
1757452715819 159.29565120879684 40
1757452715889 159.05624358977616 41
1757452715961 158.81719871862 42
1757452716035 158.57851604569365 43
1757452716110 158.34019502219516 44
1757452716187 158.10223510015416 45
1757452716261 157.8646357324305 46
1757452716342 157.62739637271318 47
1757452716415 157.39051647551884 48
1757452716494 157.1539954961907 49
1757452716566 156.91783289089724 50
1757452716638 156.68202811663096 51
1757452716710 156.44658063120707 52
1757452716783 156.21148989326235 53
1757452716857 155.97675536225387 54
1757452716931 155.74237649845765 55
1757452717004 155.50835276296755 56
1757452717080 155.27468361769394 57
1757452717155 155.04136852536266 58
1757452717228 154.80840694951337 59
1757452717293 154.57579835449874 60
1757452717364 154.3435422054831 61
1757452717436 154.111637968441 62
1757452717510 153.88008511015622 63
1757452717588 153.6488830982205 64
1757452717653 153.41803140103224 65
1757452717721 153.18752948779536 66
1757452717785 152.95737682851802 67
1757452717857 152.7275728940114 68
1757452717927 152.4981171558885 69
1757452717996 152.26900908656305 70
1757452718067 152.040248159248 71
1757452718141 151.8118338479546 72
1757452718220 151.58376562749103 73
1757452718299 151.35604297346129 74
1757452718377 151.1286653622639 75
1757452718452 150.90163227109073 76
1757452718539 150.67494317792585 77
1757452718621 150.4485975615443 78
1757452718700 150.22259490151077 79
1757452718776 149.99693467817863 80
1757452718856 149.77161637268858 81
1757452718934 149.54663946696752 82
1757452719012 149.32200344372725 83
1757452719089 149.0977077864634 84
1757452719161 148.87375197945425 85
1757452719226 148.65013550775953 86
1757452719294 148.42685785721906 87
1757452719363 148.20391851445186 88
1757452719435 147.98131696685473 89
1757452719511 147.75905270260125 90
1757452719589 147.53712521064045 91
1757452719665 147.31553398069573 92
1757452719741 147.0942785032636 93
1757452719814 146.87335826961274 94
1757452719890 146.6527727717824 95
1757452719967 146.43252150258172 96
1757452720043 146.21260395558826 97
1757452720118 145.99301962514684 98
1757452720192 145.77376800636856 99
1757452720267 145.5548485951294 100
1757452720343 145.33626088806938 101
1757452720419 145.11800438259095 102
1757452720500 144.90007857685833 103
1757452720581 144.68248296979598 104
1757452720659 144.46521706108769 105
1757452720733 144.24828035117517 106
1757452720800 144.0316723412572 107
1757452720859 143.8153925332884 108
1757452720929 143.5994404299778 109
1757452721002 143.38381553478808 110
1757452721074 143.16851735193433 111
1757452721150 142.95354538638267 112
1757452721218 142.7388991438494 113
1757452721289 142.52457813079982 114
1757452721360 142.31058185444695 115
1757452721432 142.0969098227504 116
1757452721505 141.88356154441556 117
1757452721586 141.67053652889192 118
1757452721660 141.45783428637256 119
1757452721744 141.24545432779243 120
1757452721818 141.0333961648278 121
1757452721894 140.82165930989456 122
1757452721969 140.61024327614757 123
1757452722043 140.39914757747925 124
1757452722123 140.18837172851872 125
1757452722200 139.9779152446304 126
1757452722282 139.76777764191303 127
1757452722364 139.55795843719864 128
1757452722457 139.3484571480513 129
1757452722539 139.139273292766 130
1757452722618 138.93040639036784 131
1757452722698 138.72185596061036 132
1757452722772 138.51362152397505 133
1757452722845 138.30570260166982 134
1757452722922 138.09809871562808 135
1757452722997 137.8908093885076 136
1757452723078 137.6838341436895 137
1757452723153 137.47717250527688 138
1757452723221 137.27082399809413 139
1757452723291 137.0647881476855 140
1757452723361 136.85906448031415 141
1757452723430 136.65365252296107 142
1757452723504 136.44855180332397 143
1757452723582 136.24376184981614 144
1757452723657 136.03928219156552 145
1757452723735 135.83511235841334 146
1757452723814 135.63125188091348 147
1757452723893 135.42770029033085 148
1757452723971 135.22445711864071 149
1757452724051 135.0215218985275 150
1757452724129 134.8188941633837 151
1757452724207 134.61657344730875 152
1757452724283 134.4145592851081 153
1757452724357 134.21285121229204 154
1757452724436 134.01144876507462 155
1757452724514 133.8103514803726 156
1757452724602 133.60955889580447 157
1757452724689 133.40907054968932 158
1757452724767 133.20888598104568 159
1757452724846 133.00900472959069 160
1757452724926 132.80942633573878 161
1757452725004 132.61015034060085 162
1757452725080 132.4111762859831 163
1757452725162 132.21250371438583 164
1757452725239 132.01413216900275 165
1757452725306 131.81606119371966 166
1757452725375 131.61829033311338 167
1757452725446 131.42081913245082 168
1757452725522 131.223647137688 169
1757452725609 131.02677389546875 170
1757452725688 130.83019895312398 171
1757452725766 130.6339218586704 172
1757452725845 130.43794216080943 173
1757452725924 130.24225940892663 174
1757452726001 130.04687315309005 175
1757452726084 129.85178294404955 176
1757452726161 129.65698833323574 177
1757452726234 129.46248887275885 178
1757452726310 129.26828411540774 179
1757452726382 129.074373614649 180
1757452726462 128.88075692462562 181
1757452726544 128.6874336001563 182
1757452726620 128.49440319673425 183
1757452726699 128.30166527052612 184
1757452726772 128.10921937837114 185
1757452726853 127.91706507778 186
1757452726932 127.7252019269338 187
1757452727015 127.53362948468313 188
1757452727091 127.342347310547 189
1757452727169 127.15135496471184 190
1757452727246 126.96065200803045 191
1757452727318 126.7702380020211 192
1757452727391 126.58011250886632 193
1757452727468 126.39027509141219 194
1757452727550 126.20072531316701 195
1757452727624 126.01146273830051 196
1757452727698 125.82248693164283 197
1757452727776 125.63379745868342 198
1757452727854 125.4453938855701 199
1757452727932 125.25727577910811 200
1757452728010 125.06944270675909 201
1757452728088 124.8818942366399 202
1757452728166 124.69462993752197 203
1757452728247 124.50764937883001 204
1757452728327 124.32095213064123 205
1757452728408 124.13453776368416 206
1757452728488 123.94840584933786 207
1757452728568 123.76255595963076 208
1757452728646 123.57698766723976 209
1757452728724 123.39170054548927 210
1757452728801 123.20669416835024 211
1757452728879 123.02196811043896 212
1757452728959 122.83752194701648 213
1757452729037 122.6533552539873 214
1757452729110 122.4694676078985 215
1757452729185 122.28585858593881 216
1757452729261 122.10252776593762 217
1757452729336 121.91947472636389 218
1757452729409 121.73669904632546 219
1757452729482 121.55420030556772 220
1757452729563 121.37197808447294 221
1757452729636 121.19003196405919 222
1757452729714 121.00836152597931 223
1757452729798 120.82696635252009 224
1757452729876 120.6458460266012 225
1757452729959 120.46500013177432 226
1757452730040 120.28442825222204 227
1757452730120 120.10412997275708 228
1757452730199 119.92410487882117 229
1757452730278 119.7443525564843 230
1757452730356 119.56487259244352 231
1757452730437 119.38566457402217 232
1757452730512 119.20672808916895 233
1757452730593 119.02806272645674 234
1757452730667 118.84966807508192 235
1757452730747 118.6715437248633 236
1757452730824 118.49368926624119 237
1757452730900 118.31610429027648 238
1757452730973 118.13878838864969 239
1757452731073 117.96174115365991 240
1757452731150 117.7849621782242 241
1757452731227 117.60845105587622 242
1757452731298 117.4322073807656 243
1757452731366 117.25623074765693 244
1757452731435 117.08052075192877 245
1757452731509 116.90507698957276 246
1757452731577 116.72989905719275 247
1757452731636 116.55498655200374 248
1757452731711 116.38033907183109 249
1757452731783 116.2059562151095 250
1757452731860 116.03183758088211 251
1757452731935 115.8579827687996 252
1757452732016 115.68439137911932 253
1757452732094 115.51106301270421 254
1757452732173 115.33799727102203 255
1757452732258 115.16519375614442 256
1757452732338 114.99265207074589 257
1757452732412 114.82037181810304 258
1757452732490 114.64835260209358 259
1757452732569 114.47659402719536 260
1757452732651 114.30509569848563 261
1757452732731 114.13385722163993 262
1757452732812 113.96287820293131 263
1757452732898 113.79215824922946 264
1757452732979 113.6216969679996 265
1757452733065 113.45149396730183 266
1757452733141 113.28154885579008 267
1757452733224 113.1118612427113 268
1757452733302 112.94243073790437 269
1757452733374 112.77325695179954 270
1757452733442 112.60433949541715 271
1757452733514 112.43567798036702 272
1757452733590 112.26727201884741 273
1757452733667 112.09912122364427 274
1757452733746 111.93122520813009 275
1757452733824 111.76358358626337 276
1757452733902 111.5961959725874 277
1757452733983 111.42906198222956 278
1757452734059 111.26218123090035 279
1757452734137 111.09555333489263 280
1757452734216 110.9291779110806 281
1757452734296 110.76305457691896 282
1757452734375 110.59718295044203 283
1757452734454 110.43156265026299 284
1757452734534 110.2661932955727 285
1757452734612 110.10107450613921 286
1757452734691 109.93620590230661 287
1757452734767 109.77158710499428 288
1757452734846 109.60721773569593 289
1757452734921 109.44309741647882 290
1757452734996 109.27922576998284 291
1757452735074 109.11560241941963 292
1757452735152 108.95222698857184 293
1757452735231 108.78909910179203 294
1757452735308 108.62621838400202 295
1757452735383 108.46358446069192 296
1757452735458 108.30119695791933 297
1757452735531 108.1390555023084 298
1757452735616 107.97715972104903 299
1757452735700 107.81550924189605 300
1757452735779 107.65410369316827 301
1757452735855 107.49294270374764 302
1757452735937 107.33202590307852 303
1757452736017 107.17135292116663 304
1757452736094 107.01092338857838 305
1757452736177 106.8507369364399 306
1757452736257 106.69079319643629 307
1757452736335 106.53109180081064 308
1757452736424 106.37163238236334 309
1757452736501 106.21241457445113 310
1757452736583 106.0534380109863 311
1757452736662 105.89470232643578 312
1757452736739 105.73620715582042 313
1757452736822 105.57795213471408 314
1757452736901 105.41993689924278 315
1757452736981 105.26216108608386 316
1757452737060 105.10462433246518 317
1757452737136 104.9473262761643 318
1757452737218 104.7902665555076 319
1757452737298 104.63344480936946 320
1757452737373 104.47686067717146 321
1757452737445 104.32051379888146 322
1757452737521 104.16440381501293 323
1757452737605 104.00853036662399 324
1757452737680 103.8528930953166 325
1757452737762 103.69749164323582 326
1757452737846 103.54232565306893 327
1757452737931 103.38739476804453 328
1757452738011 103.23269863193188 329
1757452738089 103.07823688903999 330
1757452738165 102.92400918421674 331
1757452738244 102.77001516284825 332
1757452738324 102.6162544708579 333
1757452738406 102.4627267547055 334
1757452738484 102.30943166138665 335
1757452738562 102.15636883843173 336
1757452738638 102.00353793390526 337
1757452738714 101.85093859640496 338
1757452738789 101.69857047506102 339
1757452738867 101.54643321953525 340
1757452738947 101.3945264800203 341
1757452739030 101.24284990723883 342
1757452739109 101.09140315244278 343
1757452739189 100.94018586741244 344
1757452739285 100.78919770445576 345
1757452739362 100.6384383164075 346
1757452739432 100.48790735662848 347
1757452739504 100.33760447900467 348
1757452739579 100.18752933794657 349
1757452739652 100.03768158838822 350
1757452739727 99.88806088578659 351
1757452739805 99.73866688612061 352
1757452739881 99.58949924589055 353
1757452739956 99.44055762211713 354
1757452740037 99.29184167234071 355
1757452740119 99.14335105462058 356
1757452740195 98.99508542753414 357
1757452740274 98.84704445017613 358
1757452740357 98.69922778215776 359
1757452740439 98.55163508360606 360
1757452740525 98.40426601516303 361
1757452740611 98.25712023798481 362
1757452740687 98.11019741374103 363
1757452740790 97.96349720461392 364
1757452740874 97.81701927329756 365
1757452740949 97.67076328299713 366
1757452741027 97.52472889742813 367
1757452741107 97.37891578081557 368
1757452741187 97.23332359789326 369
1757452741271 97.08795201390298 370
1757452741362 96.94280069459371 371
1757452741429 96.79786930622097 372
1757452741502 96.65315751554589 373
1757452741572 96.50866498983454 374
1757452741649 96.36439139685717 375
1757452741724 96.22033640488743 376
1757452741801 96.07649968270155 377
1757452741887 95.93288089957767 378
1757452741960 95.78947972529505 379
1757452742038 95.64629583013327 380
1757452742108 95.50332888487148 381
1757452742177 95.36057856078774 382
1757452742251 95.21804452965814 383
1757452742326 95.07572646375608 384
1757452742403 94.93362403585158 385
1757452742481 94.79173691921038 386
1757452742558 94.65006478759344 387
1757452742641 94.5086073152559 388
1757452742718 94.36736417694655 389
1757452742794 94.22633504790693 390
1757452742874 94.08551960387076 391
1757452742952 93.94491752106293 392
1757452743029 93.8045284761991 393
1757452743107 93.6643521464846 394
1757452743184 93.52438820961395 395
1757452743262 93.38463634377004 396
1757452743341 93.2450962276233 397
1757452743425 93.10576754033112 398
1757452743498 92.96664996153696 399
1757452743571 92.82774317136973 400
1757452743649 92.68904685044302 401
1757452743726 92.55056067985429 402
1757452743805 92.41228434118423 403
1757452743886 92.27421751649607 404
1757452743969 92.13635988833462 405
1757452744046 91.99871113972587 406
1757452744127 91.86127095417596 407
1757452744209 91.72403901567068 408
1757452744289 91.58701500867456 409
1757452744366 91.45019861813024 410
1757452744442 91.31358952945779 411
1757452744523 91.1771874285539 412
1757452744603 91.04099200179118 413
1757452744682 90.90500293601742 414
1757452744761 90.76921991855497 415
1757452744838 90.63364263719993 416
1757452744919 90.49827078022136 417
1757452744996 90.36310403636078 418
1757452745077 90.22814209483126 419
1757452745155 90.09338464531677 420
1757452745233 89.9588313779715 421
1757452745310 89.82448198341912 422
1757452745389 89.69033615275202 423
1757452745471 89.5563935775307 424
1757452745548 89.42265394978294 425
1757452745624 89.28911696200326 426
1757452745699 89.15578230715202 427
1757452745789 89.02264967865486 428
1757452745867 88.8897187704019 429
1757452745947 88.7569892767471 430
1757452746025 88.62446089250754 431
1757452746101 88.4921333129627 432
1757452746181 88.36000623385377 433
1757452746262 88.22807935138295 434
1757452746341 88.09635236221278 435
1757452746420 87.9648249634654 436
1757452746498 87.83349685272185 437
1757452746577 87.70236772802144 438
1757452746657 87.57143728786097 439
1757452746741 87.44070523119406 440
1757452746819 87.31017125743054 441
1757452746909 87.17983506643564 442
1757452746987 87.0496963585294 443
1757452747064 86.91975483448589 444
1757452747142 86.79001019553255 445
1757452747222 86.66046214334959 446
1757452747303 86.53111038006917 447
1757452747380 86.40195460827482 448
1757452747457 86.2729945310007 449
1757452747530 86.14422985173094 450
1757452747610 86.01566027439891 451
1757452747692 85.88728550338665 452
1757452747771 85.75910524352403 453
1757452747852 85.63111920008826 454
1757452747935 85.50332707880304 455
1757452748014 85.37572858583799 456
1757452748109 85.2483234278079 457
1757452748190 85.12111131177217 458
1757452748268 84.994091945234 459
1757452748358 84.86726503613984 460
1757452748438 84.74063029287856 461
1757452748516 84.614187424281 462
1757452748597 84.48793613961908 463
1757452748679 84.36187614860526 464
1757452748759 84.2360071613919 465
1757452748837 84.11032888857044 466
1757452748918 83.9848410411709 467
1757452748998 83.85954333066115 468
1757452749080 83.73443546894617 469
1757452749161 83.60951716836756 470
1757452749242 83.48478814170271 471
1757452749321 83.36024810216422 472
1757452749401 83.23589676339924 473
1757452749478 83.1117338394888 474
1757452749563 82.98775904494718 475
1757452749632 82.86397209472116 476
1757452749698 82.74037270418951 477
1757452749773 82.6169605891622 478
1757452749851 82.49373546587984 479
1757452749930 82.37069705101298 480
1757452750005 82.24784506166141 481
1757452750088 82.1251792153537 482
1757452750168 82.0026992300463 483
1757452750250 81.88040482412309 484
1757452750332 81.75829571639458 485
1757452750413 81.63637162609743 486
1757452750495 81.51463227289364 487
1757452750574 81.39307737686998 488
1757452750651 81.27170665853737 489
1757452750731 81.15051983883025 490
1757452750809 81.0295166391058 491
1757452750889 80.90869678114348 492
1757452750969 80.78805998714427 493
1757452751056 80.66760597973007 494
1757452751139 80.54733448194311 495
1757452751229 80.42724521724521 496
1757452751323 80.30733790951723 497
1757452751413 80.18761228305839 498
1757452751501 80.06806806258565 499
