1757670394828 45.73078806555398 0
1757670394941 15.192698566474753 1
1757670395054 1.0059963653570279 2
1757670395167 0.39985876328124004 3
1757670395280 0.014501476439867123 4
1757670395392 1.6605229028987032 5
1757670395505 0.830931606584383 6
1757670395619 0.9481080143864004 7
1757670395733 0.07618527708601347 8
1757670395845 3.5235379960454134 9
1757670395966 7.577181062194745 10
1757670396083 0.055153105597132074 11
1757670396196 1.7484405736998436 12
1757670396310 0.016328765970071636 13
1757670396423 0.7024765547379979 14
1757670396535 0.0004421600250999437 15
1757670396648 0.7667038233290642 16
1757670396760 0.03351674333631069 17
1757670396872 5.558640133113638 18
1757670396987 0.16476589637198755 19
1757670397100 0.5386412859002676 20
1757670397213 0.45394785997253584 21
1757670397326 0.08765263715980941 22
1757670397438 1.689977817517551 23
1757670397552 0.1844228211467733 24
1757670397664 0.0002593383081384433 25
1757670397780 3.1318383268157493 26
1757670397892 0.003657892522855436 27
1757670398007 0.47904158791987417 28
1757670398119 0.20154458117311097 29
1757670398232 0.6943887067063955 30
1757670398344 2.1043492314086065 31
1757670398458 0.6743604181877185 32
1757670398578 0.25300587741824493 33
1757670398693 0.9098469061965696 34
1757670398806 0.0032883683582782307 35
1757670398918 0.48964030071174935 36
1757670399033 0.09660105202316613 37
1757670399146 0.037888828132844665 38
1757670399261 4.30465128315205 39
1757670399375 0.055326661388030905 40
1757670399491 0.26752619723109855 41
1757670399606 3.7751993617746824 42
1757670399719 0.17696029556912665 43
1757670399834 1.822362169420993 44
1757670399948 2.020516729239497e-05 45
1757670400062 0.03534286638551381 46
1757670400177 0.8157027723587551 47
1757670400292 0.16243231602532585 48
1757670400404 3.660423123220746 49
1757670400519 2.002848130635206 50
1757670400625 0.9254521555122659 51
1757670400748 0.7353634788156178 52
1757670400867 1.1482617815629697 53
1757670400985 0.08262194126142396 54
1757670401100 0.047180736557850406 55
1757670401215 0.8436616234358745 56
1757670401331 0.005232738107321199 57
1757670401446 0.17331641771405182 58
1757670401562 0.5531135937846862 59
1757670401675 0.05802176711423068 60
1757670401790 0.019664826277198084 61
1757670401905 0.5787241708051398 62
1757670402022 0.02663670746969912 63
1757670402136 1.0577363424123825 64
1757670402250 0.04721701711781301 65
1757670402386 2.6968675322779845 66
1757670402501 0.244387305192604 67
1757670402617 2.3043163022184587 68
1757670402733 0.1264313454110974 69
1757670402849 0.08545500871724056 70
1757670402963 0.10793699966610222 71
1757670403076 1.0123180935279934 72
1757670403194 0.06139256854674686 73
1757670403309 0.015186039756024025 74
1757670403423 0.22466169794594404 75
1757670403537 2.1916578156889814 76
1757670403651 0.25165087974832884 77
1757670403768 0.013615407606396795 78
1757670403884 0.7820623281680836 79
1757670403999 0.7418541914959359 80
1757670404115 2.1434101852045493 81
1757670404233 0.0957901868738738 82
1757670404349 0.052093256476065254 83
1757670404465 6.844526854224644e-05 84
1757670404583 0.22521576872745966 85
1757670404698 0.6425991873789196 86
1757670404815 0.05024272753769271 87
1757670404930 0.047429387533401764 88
1757670405044 2.571062127193062 89
1757670405160 0.012344637555908514 90
1757670405275 0.30735464828303743 91
1757670405391 0.022039204459597506 92
1757670405506 0.18400533005429737 93
1757670405621 0.3511307924133623 94
1757670405738 1.3088194113583849 95
1757670405853 0.5112235118394343 96
1757670405982 0.04991527883343237 97
1757670406100 0.06719348413809234 98
1757670406217 0.01028416449602485 99
1757670406333 0.5295302665451833 100
1757670406450 0.22115329950723406 101
1757670406567 0.3084022070041266 102
1757670406681 0.0005974365313346723 103
1757670406797 0.15666032875193675 104
1757670406914 0.09434680528063534 105
1757670407032 0.046352867846943736 106
1757670407149 0.02009823107623683 107
1757670407265 0.08249725544078673 108
1757670407384 0.0766594897833994 109
1757670407498 2.1226234771412686 110
1757670407614 0.2551058727323241 111
1757670407729 0.6884028174495319 112
1757670407844 0.10087164123729225 113
1757670407960 0.05934069399972568 114
1757670408078 0.033416151404891875 115
1757670408194 0.7795497980138413 116
1757670408310 0.03670088880940759 117
1757670408430 0.09022175791178003 118
1757670408556 0.0790170118217299 119
1757670408675 0.11033174225899778 120
1757670408790 0.615145341688251 121
1757670408905 0.44701260409485244 122
1757670409022 1.2893739302527796 123
1757670409138 0.07802328634686383 124
1757670409255 0.19129645930475264 125
1757670409371 0.825145769653964 126
1757670409487 0.06603571521447904 127
1757670409602 0.18035504849496084 128
1757670409717 0.014481772353476688 129
1757670409835 0.0008337699885411481 130
1757670409951 0.08917734735374896 131
1757670410067 0.569637977706113 132
1757670410184 0.00505818745041436 133
1757670410300 0.011673915473243287 134
1757670410416 0.05861395837125863 135
1757670410534 0.03582415117464733 136
1757670410650 0.8677095042050591 137
1757670410766 0.022059002024624 138
1757670410881 0.54184625921507 139
1757670410999 0.058618644688102746 140
1757670411119 0.023909428237745254 141
1757670411235 0.01394199698049201 142
1757670411358 0.4838824157742774 143
1757670411476 0.0754854337076269 144
1757670411595 0.8175107840004315 145
1757670411710 0.004758845907683274 146
1757670411826 0.00672942990267117 147
1757670411942 0.23622986449957617 148
1757670412058 0.7159037237661889 149
1757670412176 0.8344204514780689 150
1757670412293 0.0012426691778074988 151
1757670412411 0.003816469112032226 152
1757670412529 0.0010992138114069869 153
1757670412645 0.0024548240432923363 154
1757670412765 0.08326353385132977 155
1757670412884 0.010263248446340367 156
1757670413001 0.000610323246379553 157
1757670413117 0.18846082664694572 158
1757670413232 0.19836881365768363 159
1757670413349 0.0011316044893260734 160
1757670413466 0.1309831200223373 161
1757670413582 0.2688921270391866 162
1757670413697 0.03171466905066042 163
1757670413813 0.2560222637247297 164
1757670413930 0.4360334143867513 165
1757670414047 0.5570356915542386 166
1757670414165 0.17860590877868837 167
1757670414282 0.5991785514661114 168
1757670414400 0.2520569630190256 169
1757670414516 0.004214433396594933 170
1757670414636 0.41151544105585913 171
1757670414752 0.01201388628745159 172
1757670414871 0.1562496063376496 173
1757670414990 0.6269119165549837 174
1757670415106 0.14282522893808097 175
1757670415224 0.2451977844293373 176
1757670415343 0.027435887043914083 177
1757670415462 0.04122725228244915 178
1757670415580 0.3713817297171569 179
1757670415696 0.09922282572118866 180
1757670415814 0.2749006101508117 181
1757670415933 0.021472724359512287 182
1757670416053 0.0006458922712853294 183
1757670416172 0.35701448606068664 184
1757670416293 0.005864801803819946 185
1757670416411 0.6940641001040708 186
1757670416528 0.08134261774644098 187
1757670416646 0.2973911246098359 188
1757670416764 0.15864414323334158 189
1757670416880 0.11235160512007382 190
1757670416997 0.08688827217945617 191
1757670417114 0.16865421281387027 192
1757670417232 0.06667268332882598 193
1757670417350 0.02021128554514561 194
1757670417470 0.5104827571772895 195
1757670417589 0.07829354836092155 196
1757670417707 0.10484225509977263 197
1757670417824 0.1397355287088448 198
1757670417943 0.018211639856927333 199
1757670418061 0.19710594463869874 200
1757670418180 0.0662443141609936 201
1757670418299 0.023755127082541252 202
1757670418418 0.03247926074547726 203
1757670418550 1.0778365589576364 204
1757670418670 0.003207839080559748 205
1757670418789 0.2647044920534681 206
1757670418907 0.3662309441055676 207
1757670419026 0.11234030016140176 208
1757670419143 0.004117247586330983 209
1757670419262 0.2589947300224629 210
1757670419382 4.5292513358642616e-05 211
1757670419501 0.0018758427160452667 212
1757670419621 0.009457033167825524 213
1757670419738 0.38402074728546415 214
1757670419858 0.08138061971441343 215
1757670419976 0.041474309351344274 216
1757670420206 0.11567018110789544 217
1757670420414 0.12269053616144651 218
1757670420613 0.17124690560926825 219
1757670420815 0.11624343845637979 220
1757670421021 0.2611989728042499 221
1757670421164 0.9260097116412358 222
1757670421317 0.0015928779456218089 223
1757670421467 0.0010922467541290856 224
1757670421621 0.06647159754304308 225
1757670421769 0.5230593785014234 226
1757670421917 0.004816422739412368 227
1757670422069 1.1336816215885928e-06 228
1757670422214 0.048142357741333616 229
1757670422362 0.5128105404874376 230
1757670422508 0.49349480254098377 231
1757670422658 0.014805923052988872 232
1757670422804 0.07776769589633487 233
1757670422960 0.24839246966874864 234
1757670423118 0.011600900320166434 235
1757670423254 0.06595389428226618 236
1757670423399 0.24638908777649418 237
1757670423550 0.0003022595622604168 238
1757670423721 0.07116130030401792 239
1757670423879 0.00122026544729903 240
1757670424026 0.0007583530481399083 241
1757670424172 0.013076431424465353 242
1757670424322 0.022412012928218962 243
1757670424464 0.04963028205508252 244
1757670424608 0.5518513583312488 245
1757670424761 0.21322243748587053 246
1757670424904 0.024075137538227508 247
1757670425044 0.00337083567575775 248
1757670425186 0.09103820321896249 249
1757670425322 0.05971761453458952 250
1757670425462 0.0005387936016693407 251
1757670425614 0.008138268280550054 252
1757670425770 0.046540377130371915 253
1757670425929 0.0033167519710843893 254
1757670426078 0.8079326482458301 255
1757670426223 0.04420978556018301 256
1757670426380 0.0048810501047700915 257
1757670426532 0.33416323300395545 258
1757670426681 0.10561453746602918 259
1757670426986 0.008669785296591416 260
1757670427176 0.0696411600514884 261
1757670427299 0.055541574272967235 262
1757670427418 0.4336759982149339 263
1757670427537 0.007368879689798316 264
1757670427655 3.2203605305179545e-05 265
1757670427776 0.07760395806129022 266
1757670427895 0.3111323664618922 267
1757670428016 0.06175341839136589 268
1757670428137 1.1979849533635611 269
1757670428257 0.09846688806638622 270
1757670428376 0.005009660070907071 271
1757670428499 0.0032705766893062803 272
1757670428623 0.46396224099315453 273
1757670428744 0.011651187432116447 274
1757670428863 0.02085539951963496 275
1757670428984 0.04520521929105171 276
1757670429103 0.05330224068089231 277
1757670429223 0.05850473338356476 278
1757670429345 0.21733752745397733 279
1757670429469 0.6804241651397276 280
1757670429587 0.07033184406594606 281
1757670429708 0.05850176864330268 282
1757670429828 0.00023823340168880445 283
1757670429949 0.108249074090127 284
1757670430069 0.010685197588170712 285
1757670430189 0.33689599418748556 286
1757670430311 0.256915988258786 287
1757670430432 0.06460546450144768 288
1757670430553 0.09790622221750463 289
1757670430672 0.07891029784013064 290
1757670430793 0.0008056203760489595 291
1757670430913 0.21401215248499417 292
1757670431033 0.004099336735910065 293
1757670431153 0.012613710378752264 294
1757670431274 0.37274250354568617 295
1757670431393 0.008380704789297741 296
1757670431514 0.028142965328258756 297
1757670431634 0.08883049078247335 298
1757670431755 0.09450768320943508 299
1757670431873 0.01939307831653531 300
1757670431996 0.010604683470545188 301
1757670432116 0.14706522172137956 302
1757670432237 0.38823894203187 303
1757670432356 0.9680532261715444 304
1757670432476 0.18523443434951528 305
1757670432596 0.22505096443163933 306
1757670432714 0.004575962674597177 307
1757670432835 0.03259530718363753 308
1757670432954 0.0038845089899829663 309
1757670433074 0.3366794594309259 310
1757670433193 0.26123647829362756 311
1757670433313 0.24022355262388556 312
1757670433432 0.0017143077348810772 313
1757670433552 0.6381759850942592 314
1757670433675 0.059729712185693146 315
1757670433795 0.00020615157218745279 316
1757670433916 0.1290785551711855 317
1757670434036 0.07318895998605944 318
1757670434157 0.08297359773900394 319
1757670434278 0.029232458978869967 320
1757670434398 0.0006400652727481335 321
1757670434516 0.022671506226629858 322
1757670434638 0.3507896008744123 323
1757670434758 0.0037330799627922724 324
1757670434880 0.024453519070927954 325
1757670435001 0.031046245501183355 326
1757670435121 0.021753657341179525 327
1757670435243 0.41425858552373546 328
1757670435362 0.11152662383649706 329
1757670435483 0.06387345793132734 330
1757670435603 0.01020090318603505 331
1757670435722 0.4735809561957493 332
1757670435841 0.09245194073413864 333
1757670435976 0.13999461140657737 334
1757670436099 0.0007693395226876343 335
1757670436220 5.414408032913924e-05 336
1757670436341 0.06677276622383542 337
1757670436462 0.047758392075907756 338
1757670436582 0.014229178626556994 339
1757670436704 0.059639722541325844 340
1757670436825 0.15148639972814135 341
1757670436944 0.04602422470024165 342
1757670437067 0.01838555876105726 343
1757670437189 0.0007244239711458513 344
1757670437310 0.00010957557882090034 345
1757670437438 0.014886780844884295 346
1757670437561 0.11642504505076079 347
1757670437682 0.2630546100970731 348
1757670437806 0.03287883946054809 349
1757670437928 2.474788920851819e-06 350
1757670438051 0.011221456906623106 351
1757670438173 0.03754297178243878 352
1757670438294 0.37557552355481855 353
1757670438531 0.05282875109444729 354
1757670438718 8.627904127785268e-06 355
1757670438912 0.06470729288093825 356
1757670439060 0.004840683286351234 357
1757670439191 0.05499886534275225 358
1757670439334 0.006570181359603517 359
1757670439467 0.18763073635043392 360
1757670439611 0.002658346095590406 361
1757670439746 0.19138577096909026 362
1757670439878 0.06560250106993568 363
1757670440003 0.022453198491981637 364
1757670440126 0.28486156294488046 365
1757670440250 0.2844051091731829 366
1757670440374 0.008747205390588014 367
1757670440499 0.09498725659138194 368
1757670440622 0.016909252948104008 369
1757670440744 0.16336928607078682 370
1757670440868 0.11092202818702716 371
1757670440990 0.7174130153477669 372
1757670441114 0.032921020958820726 373
1757670441238 0.006315821065139398 374
1757670441359 9.729436529411521e-05 375
1757670441482 0.0692225886485455 376
1757670441604 0.04237552092217633 377
1757670441727 0.20032432210503812 378
1757670441851 0.07087498733283541 379
1757670441973 0.007662635141941222 380
1757670442096 0.041843439507876154 381
1757670442218 0.005749863727217976 382
1757670442340 0.00977426472285845 383
1757670442463 0.044088101982132546 384
1757670442587 0.05335586219840412 385
1757670442710 0.03971017170472355 386
1757670442833 0.03231787819688232 387
1757670442950 0.02089658469053942 388
1757670443073 0.19305932989815436 389
1757670443197 0.04914042362908798 390
1757670443318 0.28909714234403444 391
1757670443448 0.03417774230207713 392
1757670443571 0.013279696965962517 393
1757670443693 0.17423625585967653 394
1757670443813 0.04558497465484479 395
1757670443936 0.02928923403471825 396
1757670444057 0.7137890509591979 397
1757670444180 0.2543466959279031 398
1757670444351 0.015531414112810836 399
1757670444480 0.006510826042961685 400
1757670444603 0.03322644877024578 401
1757670444737 0.32433147089449577 402
1757670444861 0.05785178704884247 403
1757670444985 0.017001357227906494 404
1757670445108 0.023934110140919184 405
1757670445233 0.009454284250140214 406
1757670445358 0.03722866409011581 407
1757670445552 0.40164476526154314 408
1757670445782 0.09750160640661382 409
1757670445915 0.10641852577365729 410
1757670446044 0.0343720065597162 411
1757670446169 0.3457576717356594 412
1757670446296 0.0038433503758311203 413
1757670446421 0.06187878937977852 414
1757670446546 0.016044687681872002 415
1757670446672 0.016641024546250584 416
1757670446797 0.3973778326728875 417
1757670446919 0.025537183088864702 418
1757670447043 0.006559139682028279 419
1757670447176 0.00027734274287417177 420
1757670447302 0.1464894987607122 421
1757670447430 0.043968321875656614 422
1757670447554 0.5248804368621534 423
1757670447679 0.051734256577767666 424
1757670447802 0.08839910632194437 425
1757670447925 0.01339138146671498 426
1757670448053 0.024246879303006914 427
1757670448222 0.061514673937289314 428
1757670448350 0.07889293669272873 429
1757670448477 0.06434477614812717 430
1757670448604 0.6870932580328868 431
1757670448729 0.013072613301246896 432
1757670448852 0.11150453103504454 433
1757670448973 0.11465674071771294 434
1757670449099 0.01628777282053147 435
1757670449225 0.18494887799945126 436
1757670449350 0.018460964081468658 437
1757670449471 0.14257733534760755 438
1757670449594 0.021825932280094523 439
1757670449718 0.04056567828936801 440
1757670449842 0.021606472078522333 441
1757670449964 0.2211053898735339 442
1757670450087 0.02903679434767415 443
1757670450212 0.0004828212709287531 444
1757670450334 8.448176830153582e-05 445
1757670450459 0.06167263166382765 446
1757670450583 0.00041027057433544207 447
1757670450706 0.6694094769797378 448
1757670450832 0.03467589607053447 449
1757670450954 0.12803527335964723 450
1757670451076 0.0014342935948381077 451
1757670451200 0.0041311495808773 452
1757670451323 0.05322566236968348 453
1757670451468 0.6408839909036889 454
1757670451593 0.0014148357112865777 455
1757670451718 0.2572512634859702 456
1757670451845 0.14432158768421652 457
1757670451969 0.1881167373708724 458
1757670452093 0.43969768536160353 459
1757670452216 0.025954929744880225 460
1757670452341 0.040627640199307646 461
1757670452464 0.10520769398775022 462
1757670452591 0.22908812535912795 463
1757670452717 0.07256517404055594 464
1757670452843 0.009295323270592485 465
1757670452967 0.5916930379286788 466
1757670453091 0.00010505296997463292 467
1757670453215 0.034036899920760276 468
1757670453338 0.013300129762433322 469
1757670453462 0.06673125300332647 470
1757670453586 0.009171903304973084 471
1757670453709 0.13535245707982685 472
1757670453834 0.15904524320359825 473
1757670453959 0.034726792389987084 474
1757670454083 0.009267124936633706 475
1757670454209 0.008181143913961107 476
1757670454332 0.021948269654479068 477
1757670454457 0.11267398878066238 478
1757670454583 5.9554960022522523e-05 479
1757670454707 0.035927706278918406 480
1757670454831 0.022158633150051246 481
1757670454955 0.000211991245604125 482
1757670455083 0.22602306083394513 483
1757670455209 0.07052298669219827 484
1757670455335 0.04135575983155865 485
1757670455462 0.06762965756927532 486
1757670455589 0.6359942858012602 487
1757670455713 0.07983761642676128 488
1757670455837 0.02090472113430202 489
1757670455966 0.3045489869358348 490
1757670456093 0.1917774358160042 491
1757670456220 0.06659361477057658 492
1757670456345 0.721748945901059 493
1757670456470 0.0706577341000047 494
1757670456595 0.0014829251605317378 495
1757670456718 0.0058423878195683395 496
1757670456843 0.03327434714953466 497
1757670456966 0.24492541765113246 498
1757670457113 0.07888016223535117 499
