1757453372867 169.02689222812924 0
1757453372942 168.77267715928642 1
1757453373007 168.5188471995099 2
1757453373072 168.26540176539692 3
1757453373134 168.01234027442854 4
1757453373204 167.7596621449682 5
1757453373274 167.50736679626058 6
1757453373344 167.25545364843003 7
1757453373414 167.00392212247945 8
1757453373482 166.75277164028884 9
1757453373548 166.5020016246139 10
1757453373615 166.251611499085 11
1757453373687 166.00160068820543 12
1757453373761 165.75196861735043 13
1757453373837 165.50271471276577 14
1757453373911 165.25383840156627 15
1757453373984 165.0053391117348 16
1757453374065 164.75721627212053 17
1757453374127 164.5094693124381 18
1757453374197 164.26209766326605 19
1757453374270 164.01510075604534 20
1757453374343 163.76847802307844 21
1757453374418 163.5222288975278 22
1757453374495 163.2763528134145 23
1757453374570 163.03084920561702 24
1757453374645 162.7857175098701 25
1757453374723 162.54095716276308 26
1757453374801 162.29656760173893 27
1757453374875 162.05254826509284 28
1757453374949 161.80889859197086 29
1757453375021 161.56561802236874 30
1757453375085 161.32270599713058 31
1757453375155 161.08016195794747 32
1757453375229 160.83798534735644 33
1757453375302 160.59617560873886 34
1757453375382 160.35473218631938 35
1757453375459 160.11365452516466 36
1757453375532 159.87294207118197 37
1757453375611 159.6325942711179 38
1757453375684 159.39261057255734 39
1757453375757 159.15299042392192 40
1757453375838 158.91373327446885 41
1757453375912 158.6748385742897 42
1757453375989 158.43630577430915 43
1757453376062 158.1981343262835 44
1757453376135 157.96032368279978 45
1757453376208 157.72287329727422 46
1757453376283 157.48578262395102 47
1757453376361 157.24905111790127 48
1757453376436 157.01267823502144 49
1757453376511 156.77666343203234 50
1757453376585 156.54100616647779 51
1757453376664 156.30570589672334 52
1757453376740 156.07076208195517 53
1757453376814 155.83617418217855 54
1757453376887 155.60194165821696 55
1757453376959 155.36806397171065 56
1757453377037 155.13454058511536 57
1757453377106 154.90137096170122 58
1757453377182 154.66855456555143 59
1757453377254 154.43609086156104 60
1757453377328 154.2039793154358 61
1757453377401 153.97221939369072 62
1757453377476 153.7408105636492 63
1757453377553 153.50975229344138 64
1757453377635 153.2790440520033 65
1757453377710 153.04868530907535 66
1757453377788 152.81867553520132 67
1757453377856 152.5890142017271 68
1757453377929 152.3597007807994 69
1757453378006 152.1307347453645 70
1757453378081 151.9021155691672 71
1757453378160 151.67384272674954 72
1757453378233 151.44591569344954 73
1757453378307 151.2183339454 74
1757453378382 150.99109695952737 75
1757453378456 150.76420421355058 76
1757453378533 150.5376551859796 77
1757453378611 150.3114493561145 78
1757453378686 150.08558620404423 79
1757453378767 149.8600652106452 80
1757453378845 149.6348858575803 81
1757453378918 149.41004762729773 82
1757453378997 149.18555000302968 83
1757453379074 148.9613924687911 84
1757453379148 148.7375745093788 85
1757453379223 148.51409561036988 86
1757453379295 148.29095525812087 87
1757453379370 148.06815293976635 88
1757453379447 147.8456881432178 89
1757453379527 147.62356035716266 90
1757453379600 147.4017690710628 91
1757453379678 147.18031377515342 92
1757453379756 146.9591939604422 93
1757453379836 146.73840911870772 94
1757453379912 146.51795874249854 95
1757453379990 146.2978423251319 96
1757453380065 146.0780593606927 97
1757453380142 145.85860934403215 98
1757453380219 145.6394917707668 99
1757453380296 145.42070613727725 100
1757453380372 145.20225194070707 101
1757453380451 144.9841286789615 102
1757453380536 144.7663358507066 103
1757453380610 144.5488729553677 104
1757453380681 144.33173949312857 105
1757453380750 144.11493496493014 106
1757453380809 143.89845887246926 107
1757453380875 143.68231071819784 108
1757453380946 143.46649000532148 109
1757453381019 143.2509962377982 110
1757453381088 143.03582892033768 111
1757453381154 142.82098755839985 112
1757453381223 142.60647165819378 113
1757453381296 142.39228072667663 114
1757453381376 142.17841427155247 115
1757453381454 141.96487180127113 116
1757453381529 141.75165282502712 117
1757453381608 141.53875685275844 118
1757453381688 141.3261833951455 119
1757453381769 141.11393196361 120
1757453381851 140.90200207031378 121
1757453381926 140.69039322815763 122
1757453382007 140.47910495078037 123
1757453382088 140.26813675255758 124
1757453382166 140.0574881486004 125
1757453382240 139.8471586547547 126
1757453382320 139.6371477875997 127
1757453382392 139.42745506444697 128
1757453382468 139.21808000333928 129
1757453382547 139.0090221230496 130
1757453382625 138.8002809430798 131
1757453382704 138.5918559836597 132
1757453382782 138.38374676574603 133
1757453382873 138.1759528110211 134
1757453382954 137.9684736418918 135
1757453383028 137.76130878148865 136
1757453383101 137.5544577536645 137
1757453383173 137.34792008299354 138
1757453383242 137.14169529477016 139
1757453383315 136.93578291500788 140
1757453383389 136.73018247043836 141
1757453383464 136.52489348851006 142
1757453383541 136.31991549738746 143
1757453383617 136.11524802594968 144
1757453383694 135.9108906037897 145
1757453383768 135.70684276121295 146
1757453383849 135.50310402923657 147
1757453383922 135.29967393958805 148
1757453384000 135.09655202470424 149
1757453384078 134.89373781773048 150
1757453384155 134.6912308525191 151
1757453384234 134.48903066362888 152
1757453384312 134.2871367863234 153
1757453384394 134.08554875657055 154
1757453384469 133.88426611104092 155
1757453384546 133.68328838710727 156
1757453384622 133.48261512284293 157
1757453384697 133.28224585702125 158
1757453384770 133.08218012911405 159
1757453384851 132.88241747929106 160
1757453384926 132.68295744841834 161
1757453385002 132.48379957805776 162
1757453385073 132.28494341046544 163
1757453385145 132.08638848859113 164
1757453385212 131.88813435607685 165
1757453385283 131.690180557256 166
1757453385354 131.49252663715228 167
1757453385423 131.29517214147856 168
1757453385499 131.09811661663605 169
1757453385577 130.90135960971296 170
1757453385649 130.70490066848376 171
1757453385723 130.50873934140787 172
1757453385801 130.31287517762883 173
1757453385881 130.1173077269732 174
1757453385958 129.92203653994946 175
1757453386039 129.727061167747 176
1757453386117 129.53238116223523 177
1757453386195 129.3379960759623 178
1757453386277 129.14390546215424 179
1757453386355 128.950108874714 180
1757453386433 128.75660586822022 181
1757453386510 128.56339599792634 182
1757453386591 128.3704788197595 183
1757453386668 128.17785389031968 184
1757453386747 127.98552076687847 185
1757453386826 127.79347900737815 186
1757453386902 127.60172817043077 187
1757453386982 127.41026781531693 188
1757453387064 127.21909750198496 189
1757453387137 127.02821679104974 190
1757453387208 126.83762524379186 191
1757453387279 126.64732242215646 192
1757453387347 126.45730788875237 193
1757453387418 126.26758120685095 194
1757453387490 126.07814194038517 195
1757453387569 125.88898965394866 196
1757453387646 125.70012391279455 197
1757453387725 125.51154428283466 198
1757453387806 125.32325033063837 199
1757453387880 125.13524162343165 200
1757453387953 124.94751772909615 201
1757453388025 124.76007821616807 202
1757453388101 124.57292265383722 203
1757453388179 124.38605061194615 204
1757453388254 124.1994616609889 205
1757453388330 124.01315537211033 206
1757453388408 123.82713131710487 207
1757453388488 123.64138906841566 208
1757453388569 123.45592819913357 209
1757453388647 123.27074828299622 210
1757453388724 123.08584889438687 211
1757453388803 122.90122960833368 212
1757453388876 122.71689000050849 213
1757453388958 122.53282964722602 214
1757453389038 122.34904812544285 215
1757453389118 122.16554501275635 216
1757453389194 121.98231988740388 217
1757453389265 121.79937232826161 218
1757453389334 121.61670191484383 219
1757453389406 121.43430822730168 220
1757453389481 121.25219084642245 221
1757453389554 121.07034935362837 222
1757453389628 120.8887833309759 223
1757453389702 120.70749236115454 224
1757453389780 120.52647602748605 225
1757453389856 120.34573391392341 226
1757453389937 120.16526560504977 227
1757453390016 119.9850706860777 228
1757453390091 119.80514874284819 229
1757453390166 119.62549936182951 230
1757453390242 119.44612213011638 231
1757453390323 119.26701663542919 232
1757453390401 119.0881824661127 233
1757453390478 118.90961921113544 234
1757453390553 118.73132646008852 235
1757453390639 118.55330380318483 236
1757453390724 118.37555083125805 237
1757453390803 118.19806713576163 238
1757453390885 118.02085230876806 239
1757453390967 117.84390594296768 240
1757453391046 117.66722763166791 241
1757453391126 117.49081696879232 242
1757453391206 117.31467354887951 243
1757453391275 117.13879696708246 244
1757453391347 116.96318681916739 245
1757453391415 116.78784270151291 246
1757453391476 116.61276421110908 247
1757453391552 116.43795094555641 248
1757453391625 116.26340250306511 249
1757453391702 116.089118482454 250
1757453391781 115.91509848314969 251
1757453391861 115.74134210518558 252
1757453391941 115.56784894920096 253
1757453392018 115.39461861644025 254
1757453392094 115.22165070875175 255
1757453392169 115.0489448285871 256
1757453392245 114.876500579 257
1757453392319 114.70431756364567 258
1757453392393 114.53239538677968 259
1757453392463 114.36073365325704 260
1757453392539 114.18933196853149 261
1757453392618 114.0181899386544 262
1757453392695 113.84730717027394 263
1757453392770 113.67668327063419 264
1757453392857 113.5063178475742 265
1757453392936 113.33621050952706 266
1757453393014 113.16636086551921 267
1757453393093 112.99676852516913 268
1757453393171 112.82743309868692 269
1757453393246 112.65835419687308 270
1757453393317 112.48953143111761 271
1757453393388 112.32096441339937 272
1757453393458 112.15265275628502 273
1757453393532 111.98459607292801 274
1757453393606 111.81679397706799 275
1757453393681 111.64924608302965 276
1757453393756 111.48195200572196 277
1757453393835 111.31491136063728 278
1757453393918 111.1481237638505 279
1757453393995 110.98158883201806 280
1757453394071 110.81530618237711 281
1757453394148 110.64927543274474 282
1757453394224 110.48349620151691 283
1757453394299 110.31796810766775 284
1757453394377 110.15269077074855 285
1757453394456 109.987663810887 286
1757453394536 109.82288684878618 287
1757453394614 109.6583595057239 288
1757453394693 109.49408140355149 289
1757453394768 109.3300521646934 290
1757453394842 109.1662714121458 291
1757453394922 109.00273876947624 292
1757453395000 108.83945386082227 293
1757453395079 108.6764163108911 294
1757453395152 108.51362574495826 295
1757453395228 108.35108178886706 296
1757453395294 108.1887840690276 297
1757453395367 108.02673221241592 298
1757453395438 107.86492584657314 299
1757453395514 107.70336459960468 300
1757453395588 107.54204810017929 301
1757453395662 107.38097597752824 302
1757453395735 107.22014786144453 303
1757453395808 107.05956338228195 304
1757453395884 106.89922217095429 305
1757453395965 106.73912385893443 306
1757453396044 106.5792680782536 307
1757453396122 106.41965446150041 308
1757453396196 106.26028264182008 309
1757453396274 106.1011522529136 310
1757453396352 105.94226292903681 311
1757453396430 105.78361430499969 312
1757453396508 105.62520601616541 313
1757453396585 105.4670376984495 314
1757453396660 105.3091089883191 315
1757453396739 105.15141952279204 316
1757453396817 104.99396893943603 317
1757453396896 104.83675687636784 318
1757453396975 104.67978297225243 319
1757453397053 104.52304686630218 320
1757453397128 104.36654819827604 321
1757453397206 104.21028660847863 322
1757453397279 104.05426173775953 323
1757453397349 103.89847322751237 324
1757453397421 103.74292071967406 325
1757453397495 103.5876038567239 326
1757453397571 103.43252228168284 327
1757453397650 103.27767563811258 328
1757453397727 103.12306357011482 329
1757453397807 102.96868572233042 330
1757453397883 102.81454173993855 331
1757453397957 102.66063126865588 332
1757453398030 102.50695395473583 333
1757453398113 102.35350944496767 334
1757453398200 102.2002973866758 335
1757453398284 102.04731742771887 336
1757453398364 101.89456921648893 337
1757453398444 101.74205240191077 338
1757453398522 101.58976663344097 339
1757453398601 101.43771156106718 340
1757453398681 101.28588683530727 341
1757453398767 101.13429210720854 342
1757453398847 100.98292702834691 343
1757453398927 100.83179125082614 344
1757453399011 100.68088442727704 345
1757453399089 100.53020621085662 346
1757453399170 100.37975625524733 347
1757453399265 100.22953421465625 348
1757453399341 100.07953974381435 349
1757453399413 99.92977249797558 350
1757453399487 99.78023213291617 351
1757453399562 99.63091830493386 352
1757453399637 99.48183067084703 353
1757453399714 99.33296888799389 354
1757453399795 99.18433261423185 355
1757453399872 99.03592150793659 356
1757453399951 98.88773522800132 357
1757453400030 98.73977343383598 358
1757453400106 98.59203578536648 359
1757453400190 98.4445219430339 360
1757453400267 98.29723156779376 361
1757453400347 98.15016432111513 362
1757453400423 98.00331986497999 363
1757453400502 97.85669786188234 364
1757453400583 97.71029797482748 365
1757453400661 97.56411986733124 366
1757453400737 97.41816320341916 367
1757453400813 97.2724276476258 368
1757453400891 97.12691286499386 369
1757453400970 96.98161852107346 370
1757453401049 96.83654428192148 371
1757453401128 96.69168981410056 372
1757453401204 96.54705478467858 373
1757453401282 96.40263886122769 374
1757453401360 96.25844171182366 375
1757453401434 96.11446300504515 376
1757453401508 95.97070240997284 377
1757453401583 95.8271595961887 378
1757453401669 95.68383423377529 379
1757453401747 95.54072599331496 380
1757453401821 95.39783454588908 381
1757453401888 95.25515956307731 382
1757453401960 95.11270071695684 383
1757453402039 94.9704576801016 384
1757453402114 94.82843012558158 385
1757453402190 94.68661772696204 386
1757453402269 94.54502015830269 387
1757453402347 94.40363709415706 388
1757453402428 94.26246820957174 389
1757453402506 94.12151318008549 390
1757453402583 93.98077168172868 391
1757453402661 93.84024339102244 392
1757453402738 93.69992798497793 393
1757453402813 93.55982514109562 394
1757453402889 93.41993453736451 395
1757453402969 93.28025585226143 396
1757453403048 93.14078876475031 397
1757453403124 93.00153295428137 398
1757453403203 92.86248810079051 399
1757453403281 92.7236538846984 400
1757453403357 92.58502998690987 401
1757453403435 92.44661608881322 402
1757453403510 92.30841187227932 403
1757453403587 92.17041701966103 404
1757453403664 92.0326312137924 405
1757453403742 91.89505413798794 406
1757453403821 91.75768547604194 407
1757453403901 91.6205249122277 408
1757453403984 91.48357213129678 409
1757453404064 91.34682681847838 410
1757453404142 91.21028865947846 411
1757453404219 91.07395734047921 412
1757453404298 90.9378325481381 413
1757453404378 90.8019139695874 414
1757453404458 90.66620129243326 415
1757453404552 90.53069420475514 416
1757453404647 90.39539239510496 417
1757453404738 90.26029555250653 418
1757453404819 90.1254033664547 419
1757453404892 89.99071552691474 420
1757453404966 89.85623172432157 421
1757453405045 89.72195164957908 422
1757453405123 89.58787499405938 423
1757453405203 89.45400144960222 424
1757453405280 89.32033070851405 425
1757453405369 89.18686246356754 426
1757453405447 89.05359640800073 427
1757453405521 88.92053223551642 428
1757453405596 88.78766964028138 429
1757453405673 88.6550083169257 430
1757453405750 88.5225479605421 431
1757453405834 88.39028826668513 432
1757453405915 88.25822893137067 433
1757453405994 88.12636965107494 434
1757453406074 87.99471012273416 435
1757453406179 87.8632500437435 436
1757453406257 87.73198911195665 437
1757453406336 87.60092702568497 438
1757453406419 87.47006348369686 439
1757453406496 87.33939818521706 440
1757453406578 87.20893082992598 441
1757453406666 87.0786611179589 442
1757453406747 86.9485887499055 443
1757453406829 86.8187134268089 444
1757453406911 86.68903485016524 445
1757453406990 86.55955272192274 446
1757453407069 86.43026674448122 447
1757453407151 86.30117662069132 448
1757453407228 86.1722820538538 449
1757453407306 86.04358274771897 450
1757453407385 85.91507840648582 451
1757453407461 85.78676873480153 452
1757453407537 85.65865343776068 453
1757453407618 85.53073222090461 454
1757453407700 85.40300479022073 455
1757453407786 85.27547085214188 456
1757453407883 85.14813011354558 457
1757453407965 85.02098228175342 458
1757453408044 84.89402706453039 459
1757453408122 84.76726417008418 460
1757453408201 84.64069330706447 461
1757453408279 84.51431418456237 462
1757453408360 84.38812651210965 463
1757453408442 84.26212999967814 464
1757453408518 84.136324357679 465
1757453408596 84.01070929696215 466
1757453408679 83.88528452881548 467
1757453408757 83.76004976496424 468
1757453408840 83.63500471757047 469
1757453408922 83.51014909923218 470
1757453408999 83.3854826229828 471
1757453409080 83.26100500229046 472
1757453409160 83.13671595105743 473
1757453409239 83.01261518361927 474
1757453409319 82.88870241474444 475
1757453409397 82.76497735963338 476
1757453409474 82.641439733918 477
1757453409554 82.51808925366106 478
1757453409635 82.39492563535538 479
1757453409716 82.27194859592328 480
1757453409799 82.14915785271594 481
1757453409878 82.02655312351276 482
1757453409958 81.90413412652059 483
1757453410034 81.78190058037322 484
1757453410115 81.65985220413071 485
1757453410197 81.53798871727864 486
1757453410276 81.4163098397276 487
1757453410359 81.2948152918125 488
1757453410441 81.17350479429183 489
1757453410521 81.05237806834722 490
1757453410599 80.93143483558259 491
1757453410680 80.81067481802368 492
1757453410761 80.69009773811723 493
1757453410840 80.56970331873057 494
1757453410924 80.44949128315078 495
1757453411010 80.3294613550841 496
1757453411092 80.20961325865545 497
1757453411172 80.08994671840756 498
1757453411253 79.97046145930052 499
