1757604781070 12.531941592339814 0
1757604781176 11.393655774175837 1
1757604781285 9.034701421378088 2
1757604781388 9.320234597496633 3
1757604781491 2.582188505156502 4
1757604781595 6.707326897991452 5
1757604781698 9.518937646722556 6
1757604781803 14.586948803046042 7
1757604781924 11.700852643380204 8
1757604782031 18.74146374086758 9
1757604782136 18.620871453860158 10
1757604782295 11.290337315366388 11
1757604782418 8.60661756235661 12
1757604782522 5.2971924623415845 13
1757604782625 2.357686060019568 14
1757604782730 3.2628170967405223 15
1757604782836 5.895982611633327 16
1757604782940 9.665897532776889 17
1757604783044 7.504739949923921 18
1757604783151 32.46541311668584 19
1757604783257 5.789245063845096 20
1757604783362 7.691032493517217 21
1757604783466 8.994978207744186 22
1757604783570 7.635479981474022 23
1757604783674 4.447547704322072 24
1757604783781 8.758089440798601 25
1757604783884 3.4511236229346918 26
1757604783989 8.909862653312691 27
1757604784094 8.967535982427227 28
1757604784197 4.80979887744268 29
1757604784301 142.37988346354987 30
1757604784405 5.565898343412186 31
1757604784511 14.532434486941158 32
1757604784615 9.660594411831603 33
1757604784719 2.88583470029373 34
1757604784825 24.088177610564287 35
1757604784929 13.289666905983802 36
1757604785034 14.828969869019046 37
1757604785138 6.356236738829577 38
1757604785243 21.337178941555045 39
1757604785356 6.66135400131239 40
1757604785461 5.267073862995203 41
1757604785567 4.642812760421206 42
1757604785673 5.805699678710176 43
1757604785779 6.387427598076785 44
1757604785886 7.3293931655499645 45
1757604785992 14.840930146058438 46
1757604786097 6.382241207396132 47
1757604786202 7.082951041653926 48
1757604786308 10.51073729450703 49
1757604786414 14.392859754540442 50
1757604786518 6.766094527828322 51
1757604786624 4.087174289091237 52
1757604786729 22.843940502165456 53
1757604786834 15.06284992379072 54
1757604786939 6.337736745859232 55
1757604787045 6.9129028688142595 56
1757604787152 7.471395127266668 57
1757604787256 19.391558231568197 58
1757604787365 3.449981718303186 59
1757604787470 3.977616726461944 60
1757604787577 9.155219531220869 61
1757604787684 6.881380604226379 62
1757604787790 8.911736833601454 63
1757604787896 9.104317384807105 64
1757604788002 11.282035617480641 65
1757604788109 1.1564196516883878 66
1757604788215 4.171704103342845 67
1757604788322 4.371435806795731 68
1757604788428 12.942540383654908 69
1757604788534 4.744831267460067 70
1757604788639 21.510605778110026 71
1757604788744 3.428749470901472 72
1757604788848 5.08947765572054 73
1757604788953 6.104369438557772 74
1757604789058 4.845441662031135 75
1757604789163 4.693529916701014 76
1757604789267 9.548991117076412 77
1757604789391 3.3621615619615506 78
1757604789497 9.790458528860986 79
1757604789604 7.852124380477444 80
1757604789709 5.697039758040255 81
1757604789829 7.418919484078258 82
1757604789938 5.045315425215397 83
1757604790044 10.778558004265127 84
1757604790150 8.768963823830125 85
1757604790258 6.588609426427466 86
1757604790364 10.36672740273436 87
1757604790471 11.44613006851655 88
1757604790576 6.286709862956463 89
1757604790683 2.709095566762364 90
1757604790790 7.106501113190865 91
1757604790897 8.399609244928847 92
1757604791003 2.317133166481392 93
1757604791108 7.280506770564389 94
1757604791214 2.380648551765399 95
1757604791320 3.0332969108004084 96
1757604791429 3.0295531765830015 97
1757604791537 9.625552548959146 98
1757604791644 11.501500499483024 99
1757604791751 16.93100990819779 100
1757604791859 20.936744659629987 101
1757604791965 6.431505419381886 102
1757604792071 14.662459116982157 103
1757604792178 9.22629396286671 104
1757604792285 11.163593264939555 105
1757604792396 1.942981537034965 106
1757604792503 8.523448045577798 107
1757604792613 16.95646418071072 108
1757604792722 5.092961414573284 109
1757604792836 5.786445491366251 110
1757604792945 8.14167795901801 111
1757604793056 18.59598376825349 112
1757604793170 3.2495577753869886 113
1757604793282 4.048038448447243 114
1757604793391 5.749606870996799 115
1757604793499 2.94412698091839 116
1757604793608 18.793121767675572 117
1757604793716 4.870354247072 118
1757604793825 9.497415152416565 119
1757604793933 5.775439721273119 120
1757604794041 4.550907102604541 121
1757604794149 15.208321868845436 122
1757604794263 3.8725764384323793 123
1757604794370 5.57631010089329 124
1757604794477 13.247117065859777 125
1757604794585 34.73080483046533 126
1757604794693 7.4180254199577025 127
1757604794802 2.2781491553742184 128
1757604794909 6.370309514914726 129
1757604795018 6.906308660231599 130
1757604795125 6.412471827485479 131
1757604795233 3.5733979247365486 132
1757604795347 7.564382079411113 133
1757604795457 12.265464087666107 134
1757604795564 9.533649965322125 135
1757604795672 2.981371325553859 136
1757604795780 6.418362045503495 137
1757604795889 3.9339887785564245 138
1757604795996 8.685546822670105 139
1757604796104 3.49649648650828 140
1757604796211 18.06121928530754 141
1757604796319 4.286275591093787 142
1757604796429 19.22070511904076 143
1757604796537 3.9129431458060173 144
1757604796645 6.610360620873742 145
1757604796752 4.41120621716473 146
1757604796861 12.003575252699921 147
1757604796969 9.03693625904848 148
1757604797077 21.06036884191968 149
1757604797185 4.230666034233236 150
1757604797294 11.751363842148184 151
1757604797402 4.327461717743757 152
1757604797511 3.9967917987925845 153
1757604797619 1.8858958903245624 154
1757604797727 7.42866462718649 155
1757604797835 5.785244379925586 156
1757604797943 4.357905865493275 157
1757604798062 9.30362498816848 158
1757604798173 14.202592345101804 159
1757604798285 10.926028906876638 160
1757604798394 4.391837138336735 161
1757604798501 4.945237069433446 162
1757604798610 7.213302394514371 163
1757604798719 4.427692822483784 164
1757604798827 1.9787110960447856 165
1757604798935 13.96981438443507 166
1757604799044 5.788479906166608 167
1757604799153 5.900887437943079 168
1757604799261 6.360730610767189 169
1757604799368 3.499594543252201 170
1757604799475 7.61409532872917 171
1757604799582 5.488476886738297 172
1757604799690 7.924343251150254 173
1757604799798 10.01584113667942 174
1757604799907 5.379240296746624 175
1757604800016 24.960103004200178 176
1757604800125 3.3124779511773936 177
1757604800233 11.343486127527468 178
1757604800343 8.002045476899452 179
1757604800451 4.173024349350165 180
1757604800560 6.324176713426452 181
1757604800668 2.9300404787665397 182
1757604800778 7.109779258448588 183
1757604800888 6.575979572343539 184
1757604801000 5.505894575874631 185
1757604801110 6.183882698528597 186
1757604801219 3.9126265519867727 187
1757604801329 9.804579788566262 188
1757604801439 12.790825699614341 189
1757604801548 9.068054343237575 190
1757604801658 11.287571956227666 191
1757604801767 12.38067405940039 192
1757604801876 3.609022495254263 193
1757604801986 9.022183728145599 194
1757604802094 6.26928013209046 195
1757604802203 25.0223163141277 196
1757604802321 4.658665802854646 197
1757604802442 4.823279325177938 198
1757604802552 5.126449041398682 199
1757604802660 4.16312435880678 200
1757604802771 4.320672681975359 201
1757604802880 5.302520734969765 202
1757604802989 10.659859615185558 203
1757604803098 4.908977402486826 204
1757604803207 3.673171615347985 205
1757604803315 8.079543655669548 206
1757604803423 2.0587876841423696 207
1757604803530 4.980396642281753 208
1757604803641 6.359029333065283 209
1757604803753 6.135981453608389 210
1757604803874 15.580809821903745 211
1757604803987 6.705865973362994 212
1757604804099 2.9729122157193255 213
1757604804209 41.29202734880746 214
1757604804317 3.6591434365665965 215
1757604804425 3.861245322281145 216
1757604804534 3.294811332375922 217
1757604804643 9.94212264099217 218
1757604804751 22.596781936555264 219
1757604804861 13.785086300543336 220
1757604804973 4.976356259533732 221
1757604805085 15.28265066262632 222
1757604805197 7.470797100130057 223
1757604805308 5.036985258332005 224
1757604805420 5.278650200998966 225
1757604805531 17.219409340196595 226
1757604805642 9.428862743433928 227
1757604805753 13.569127910370044 228
1757604805864 11.326309209328482 229
1757604805981 6.292457198322234 230
1757604806093 9.205822875178834 231
1757604806201 4.5604207531413365 232
1757604806312 17.14898049036287 233
1757604806424 14.380510738768796 234
1757604806533 8.495995457407998 235
1757604806643 11.408445359218602 236
1757604806754 7.263496822174846 237
1757604806866 19.44515384862914 238
1757604806974 7.1866856217518 239
1757604807085 6.439609661154954 240
1757604807196 13.221791010229534 241
1757604807307 2.547024125608057 242
1757604807422 8.146882938398237 243
1757604807534 12.203944466012262 244
1757604807646 6.959688979174544 245
1757604807757 6.417123102905524 246
1757604807871 5.589546115172725 247
1757604807982 4.504863955838272 248
1757604808092 19.532653988594966 249
1757604808203 5.704450240721926 250
1757604808313 13.958214660788991 251
1757604808425 13.738358660799369 252
1757604808536 7.072607236182263 253
1757604808647 3.614894955151669 254
1757604808758 8.54361722041193 255
1757604808868 13.171812363688474 256
1757604808980 8.639912958626786 257
1757604809090 5.1828930187786275 258
1757604809202 7.843010269566242 259
1757604809315 6.959847899939346 260
1757604809428 21.86354839927244 261
1757604809543 8.423966211758174 262
1757604809658 4.515780084267441 263
1757604809772 10.554039369913733 264
1757604809885 7.9477491114408405 265
1757604810004 11.337334918256312 266
1757604810118 4.494673204138812 267
1757604810235 3.150700726299225 268
1757604810352 7.712385467324305 269
1757604810468 8.319241910565365 270
1757604810585 5.055191156820292 271
1757604810700 3.421072315792685 272
1757604810820 13.237489623700036 273
1757604810934 8.55401244727136 274
1757604811052 5.530939263463293 275
1757604811169 13.143809434187538 276
1757604811288 19.895003232838093 277
1757604811406 11.23508992960422 278
1757604811522 4.236209207174624 279
1757604811636 8.904938680979583 280
1757604811753 4.5200541864589665 281
1757604811870 23.840398214072135 282
1757604811991 31.25611817133474 283
1757604812109 2.838353262227814 284
1757604812223 6.803731039539947 285
1757604812342 10.237330585771318 286
1757604812458 4.941184391990445 287
1757604812571 10.25815059716588 288
1757604812685 7.369752753463691 289
1757604812801 3.01860822687886 290
1757604812916 5.5652053253129985 291
1757604813029 5.397509994244643 292
1757604813139 6.101579706378232 293
1757604813254 4.231770394679765 294
1757604813371 3.1557660974325397 295
1757604813486 7.551095051944298 296
1757604813599 9.250414280857731 297
1757604813818 8.57257346647373 298
1757604813931 4.85845012888644 299
1757604814047 11.96323024521213 300
1757604814161 8.85644673181383 301
1757604814276 11.657631734810892 302
1757604814389 8.891265041170199 303
1757604814502 7.677720903578147 304
1757604814614 6.103139699441149 305
1757604814727 1.7688252790587853 306
1757604814840 8.698738695922003 307
1757604814954 11.56567936311122 308
1757604815066 11.237991159773244 309
1757604815183 9.167222712611693 310
1757604815307 8.387032231777832 311
1757604815436 8.267194588418345 312
1757604815553 11.045476184227676 313
1757604815670 5.108355909273373 314
1757604815789 8.380258821864597 315
1757604815908 10.649245996580888 316
1757604816031 11.708779960770503 317
1757604816149 19.777513601704904 318
1757604816266 7.800440356980171 319
1757604816382 6.344168065708818 320
1757604816502 4.331109713181394 321
1757604816616 12.733499848112368 322
1757604816729 7.445743649179798 323
1757604816853 12.367694601347305 324
1757604816968 7.415275029633527 325
1757604817084 5.787769409608963 326
1757604817199 5.75842452480808 327
1757604817313 9.124860874963714 328
1757604817420 6.858726851770523 329
1757604817525 15.114880383980292 330
1757604817640 16.92931441764892 331
1757604817751 5.922428789636602 332
1757604817868 7.097051958906313 333
1757604817984 13.725828468248002 334
1757604818100 25.68796382659813 335
1757604818212 9.157474256439938 336
1757604818324 9.286833243813907 337
1757604818446 7.71250756026416 338
1757604818560 3.064324568168768 339
1757604818668 10.107873803971605 340
1757604818782 2.6526472037136184 341
1757604818898 8.375180771843805 342
1757604819013 14.752877835152459 343
1757604819165 32.80772446828309 344
1757604819302 8.530750993866137 345
1757604819418 2.669234248049475 346
1757604819535 3.743777702801173 347
1757604819650 11.087839562107726 348
1757604819767 20.577594816487547 349
1757604819883 2.164383289254242 350
1757604820002 9.218614698453921 351
1757604820120 14.66152554955329 352
1757604820234 3.8738938666946807 353
1757604820346 4.547882764738284 354
1757604820458 7.316271735971856 355
1757604820571 6.319499544026794 356
1757604820719 2.9707556783470674 357
1757604820838 5.297368710904061 358
1757604820956 9.37314812002318 359
1757604821072 5.223759648446343 360
1757604821189 5.780532775821264 361
1757604821303 7.450545669807124 362
1757604821415 8.714632005325553 363
1757604821530 2.6673754860391834 364
1757604821639 10.512399833831003 365
1757604821744 10.766259533906553 366
1757604821849 6.765292330319552 367
1757604821958 15.071404383463179 368
1757604822073 6.64970054364902 369
1757604822186 5.420988623164625 370
1757604822301 22.619106810890447 371
1757604822418 6.508558932449676 372
1757604822535 14.766180793470213 373
1757604822651 11.127929057264092 374
1757604822765 4.34001695096886 375
1757604822878 5.554711497319021 376
1757604822988 13.953291396916974 377
1757604823093 5.595435274488235 378
1757604823196 5.363421130463301 379
1757604823301 8.23492614094617 380
1757604823405 8.576845903755247 381
1757604823510 8.139118706300247 382
1757604823623 16.364896311020065 383
1757604823739 8.661645136386458 384
1757604823855 30.193914189150345 385
1757604823967 17.17985485943769 386
1757604824080 10.860804525880896 387
1757604824194 6.12603740662428 388
1757604824310 3.782339604387363 389
1757604824421 8.629189086622645 390
1757604824536 18.27015198031936 391
1757604824648 5.139215898989699 392
1757604824761 9.415214222394358 393
1757604824876 8.716920069947376 394
1757604824989 6.653614903417608 395
1757604825103 8.449721220781464 396
1757604825217 6.8944283701578986 397
1757604825334 18.685085414577312 398
1757604825449 6.1789768360159485 399
1757604825562 1.6692091960801483 400
1757604825672 3.13509910297529 401
1757604825778 9.448311760215521 402
1757604825885 7.551808800692063 403
1757604825992 5.352957898462069 404
1757604826100 5.7466218133100995 405
1757604826215 9.383258963152437 406
1757604826331 5.795088396759396 407
1757604826447 4.905869858902364 408
1757604826562 5.2689760377136325 409
1757604826677 7.544075396541614 410
1757604826791 16.124210504315187 411
1757604826913 6.774104825531924 412
1757604827037 8.733114546837166 413
1757604827153 5.960304733362861 414
1757604827268 18.911662380494047 415
1757604827385 8.910182010141138 416
1757604827501 10.528739722683671 417
1757604827615 4.605541206201363 418
1757604827729 3.70104219039694 419
1757604827842 9.358570368606204 420
1757604827956 17.813851324032306 421
1757604828072 11.843192825940873 422
1757604828192 6.703045075384513 423
1757604828308 16.902555510656462 424
1757604828427 12.990778129604207 425
1757604828542 7.291281978949054 426
1757604828656 14.483940880187845 427
1757604828769 7.482079397492262 428
1757604828884 1.4522479945050866 429
1757604828999 3.0389640469864596 430
1757604829112 8.804020096402573 431
1757604829247 25.05008044913962 432
1757604829362 10.846505814155273 433
1757604829474 10.787291001656824 434
1757604829587 9.059293541183724 435
1757604829700 5.399825643608886 436
1757604829815 9.186704228638922 437
1757604829931 4.976724264396015 438
1757604830048 2.9510117806862803 439
1757604830165 25.207894338594038 440
1757604830281 3.14372292060253 441
1757604830404 7.345989451812425 442
1757604830525 6.451928029397248 443
1757604830642 7.077113869320697 444
1757604830758 8.40816774379794 445
1757604830865 11.239210152100508 446
1757604830973 6.402803249061068 447
1757604831087 10.191829581912113 448
1757604831207 16.824589903509438 449
1757604831324 6.467263955550542 450
1757604831442 6.606869961419205 451
1757604831556 4.229090968204992 452
1757604831670 10.0572641686011 453
1757604831784 5.794179821038094 454
1757604831901 18.47810599480019 455
1757604832016 14.766883772466635 456
1757604832131 7.171987515518113 457
1757604832246 9.86995354244979 458
1757604832362 6.084181749109413 459
1757604832477 12.224830050286155 460
1757604832593 5.780373570299714 461
1757604832710 4.534840168499338 462
1757604832825 5.190361784142513 463
1757604832939 10.982944633424351 464
1757604833055 8.326345096283832 465
1757604833170 3.3239140045924676 466
1757604833285 4.565267862539871 467
1757604833399 6.196568689552552 468
1757604833515 9.843145062113843 469
1757604833629 3.0942836341066484 470
1757604833744 8.505395937808963 471
1757604833860 9.6489225032054 472
1757604833976 4.913498654072143 473
1757604834093 4.3971071218480855 474
1757604834207 5.755246015653859 475
1757604834323 8.372689184773506 476
1757604834456 3.7630113143104467 477
1757604834575 15.0084568638442 478
1757604834693 4.041246109903848 479
1757604834810 10.005957952441234 480
1757604834929 3.0498785060518387 481
1757604835047 3.9741840677682396 482
1757604835165 14.226435289480836 483
1757604835285 8.048554835456242 484
1757604835413 6.626385027476271 485
1757604835532 8.278461485396809 486
1757604835651 6.5970997527004265 487
1757604835770 6.581236231218621 488
1757604835888 8.443685919970795 489
1757604836023 3.1851310499448107 490
1757604836144 9.507763101679013 491
1757604836262 7.257392692748502 492
1757604836382 8.824288764922908 493
1757604836499 20.1193610907292 494
1757604836616 4.932387713154089 495
1757604836733 13.20025661153603 496
1757604836852 5.4761432645447865 497
1757604836970 4.996641759734981 498
1757604837087 24.235488967376444 499
