1757655940021 169.17582318790855 0
1757655940099 168.51311886682333 1
1757655940178 168.079948663077 2
1757655940252 167.64307235705937 3
1757655940332 167.20736474018813 4
1757655940417 166.7727945227679 5
1757655940499 166.339380452424 6
1757655940581 165.90710434994392 7
1757655940661 165.47596182583246 8
1757655940749 165.0459644638932 9
1757655940836 164.617091367925 10
1757655940923 164.189357419372 11
1757655941015 163.76274177768173 12
1757655941104 163.33725929627846 13
1757655941187 162.91289573183712 14
1757655941272 162.48964301582728 15
1757655941351 162.06751640431568 16
1757655941428 161.6464914720426 17
1757655941511 161.2265867353544 18
1757655941607 160.80778433072163 19
1757655941698 160.39007998345681 20
1757655941803 159.97348515809725 21
1757655941889 159.55797931404524 22
1757655941975 159.1435771650834 23
1757655942066 158.7302582251376 24
1757655942143 158.3180371801667 25
1757655942224 157.90690004474413 26
1757655942314 157.49683891714247 27
1757655942402 157.08786888055286 28
1757655942490 156.67996591495245 29
1757655942576 156.27314831601075 30
1757655942662 155.86739212646484 31
1757655942754 155.4627156054081 32
1757655942849 155.05910124945137 33
1757655942936 154.6565449137127 34
1757655943017 154.25505792411604 35
1757655943095 153.85462014601043 36
1757655943180 153.45524609907793 37
1757655943270 153.05692205027742 38
1757655943361 152.65964026061226 39
1757655943452 152.26341564168905 40
1757655943547 151.86822457089525 41
1757655943632 151.4740851252767 42
1757655943721 151.08097374375538 43
1757655943810 150.68890846714427 44
1757655943892 150.29787209393294 45
1757655943980 149.90786058706735 46
1757655944067 149.5188851541599 47
1757655944145 149.13092600104392 48
1757655944224 148.74399748235004 49
1757655944314 148.35807985608398 50
1757655944397 147.9731874494932 51
1757655944483 147.58930681719502 52
1757655944567 147.2064304050447 53
1757655944652 146.8245729261305 54
1757655944738 146.44371121181905 55
1757655944824 146.06386308670483 56
1757655944909 145.68501164501996 57
1757655944992 145.30715295446774 58
1757655945059 144.93029810484938 59
1757655945138 144.55442763574848 60
1757655945221 144.17955573798943 61
1757655945304 143.80566300228148 62
1757655945388 143.43276359227553 63
1757655945476 143.060844303479 64
1757655945584 142.68989773602547 65
1757655945689 142.3199384342982 66
1757655945760 141.95094361068908 67
1757655945836 141.58293087565696 68
1757655945919 141.21587808350847 69
1757655946003 140.84980076784734 70
1757655946096 140.48468556837352 71
1757655946213 140.1205251738413 72
1757655946284 139.75733403085187 73
1757655946357 139.3950895706758 74
1757655946435 139.03380927982403 75
1757655946523 138.6734706478679 76
1757655946604 138.31409112603868 77
1757655946678 137.95565431177104 78
1757655946755 137.59815644897853 79
1757655946837 137.2416084226005 80
1757655946922 136.88599134052606 81
1757655947002 136.5313191099821 82
1757655947080 136.17757889749146 83
1757655947159 135.8247635398589 84
1757655947239 135.4728873171482 85
1757655947321 135.12192803015782 86
1757655947411 134.77190295457055 87
1757655947482 134.42278994835715 88
1757655947555 134.07460625226983 89
1757655947631 133.72733574332162 90
1757655947708 133.38097476220221 91
1757655947793 133.03553407758977 92
1757655947875 132.6909951133626 93
1757655947958 132.34737161647783 94
1757655948047 132.00464505918077 95
1757655948131 131.6628291618497 96
1757655948213 131.3219113564758 97
1757655948297 130.98188464848963 98
1757655948369 130.64276312542083 99
1757655948445 130.3045250102704 100
1757655948527 129.9671873354054 101
1757655948605 129.63072837971322 102
1757655948682 129.2951651410388 103
1757655948764 128.9604818154646 104
1757655948851 128.62667485312556 105
1757655948938 128.29375488784925 106
1757655949021 127.96170370434939 107
1757655949106 127.63053486427388 108
1757655949185 127.30023019958384 109
1757655949269 126.97080324560741 110
1757655949356 126.64224169329884 111
1757655949450 126.31453871199257 112
1757655949533 125.98770819860576 113
1757655949620 125.6617287889677 114
1757655949704 125.33661727499327 115
1757655949788 125.01235234714437 116
1757655949868 124.68895076322352 117
1757655949952 124.3663970309209 118
1757655950028 124.04468770621344 119
1757655950109 123.72383328896812 120
1757655950265 123.40381591651865 121
1757655950445 123.08464896702964 122
1757655950518 122.76631462399138 123
1757655950590 122.4488262395116 124
1757655950664 122.1321717571811 125
1757655950739 121.81634450566224 126
1757655950825 121.50135819320495 127
1757655950905 121.1871918593238 128
1757655950992 120.87386205835102 129
1757655951075 120.56134788321141 130
1757655951162 120.24966585453507 131
1757655951240 119.93880078435393 132
1757655951324 119.62874933100764 133
1757655951407 119.31952186133464 134
1757655951489 119.01110085728138 135
1757655951572 118.70349951537953 136
1757655951662 118.39670036266969 137
1757655951749 118.09071656989254 138
1757655951841 117.7855363271222 139
1757655951930 117.48115365343345 140
1757655952018 117.17758019508543 141
1757655952105 116.87479833336451 142
1757655952200 116.572821175013 143
1757655952282 116.2716314159171 144
1757655952369 115.97124213683615 145
1757655952463 115.67164164883135 146
1757655952552 115.37282351128364 147
1757655952640 115.07480115313649 148
1757655952730 114.77755420277715 149
1757655952822 114.48109886355398 150
1757655952914 114.18541481548769 151
1757655952999 113.89051822884025 152
1757655953089 113.59639435894414 153
1757655953182 113.30304001142133 154
1757655953262 113.01046535539841 155
1757655953336 112.71865337516998 156
1757655953412 112.42761699833355 157
1757655953493 112.13733925273515 158
1757655953576 111.84783304058577 159
1757655953661 111.55908691051408 160
1757655953743 111.27109457039664 161
1757655953823 110.98386926545903 162
1757655953904 110.69739100588647 163
1757655953986 110.41167576463006 164
1757655954070 110.12670360236035 165
1757655954157 109.84249045935266 166
1757655954239 109.55902187793384 167
1757655954322 109.27629475790607 168
1757655954405 108.99431913785956 169
1757655954483 108.71307832755956 170
1757655954561 108.43258507768434 171
1757655954647 108.15282274055483 172
1757655954734 107.87380404173518 173
1757655954817 107.59551237930029 174
1757655954905 107.3179604537349 175
1757655954995 107.04113707815162 176
1757655955086 106.76503612512096 177
1757655955175 106.48967063236422 178
1757655955258 106.21502103615546 179
1757655955341 105.94110304965176 180
1757655955432 105.66789715833526 181
1757655955521 105.39541904315594 182
1757655955614 105.1236545663319 183
1757655955704 104.85260073153684 184
1757655955778 104.58226742947032 185
1757655955856 104.31263833290988 186
1757655955939 104.04372599268528 187
1757655956022 103.77551412302292 188
1757655956106 103.50801524995244 189
1757655956191 103.24121841204 190
1757655956268 102.97511762171476 191
1757655956351 102.70972573729918 192
1757655956438 102.4450235591516 193
1757655956520 102.18102657618478 194
1757655956607 101.91771563687698 195
1757655956690 101.65510619834332 196
1757655956774 101.39318439580721 197
1757655956859 101.13194732065647 198
1757655956936 100.87140473535125 199
1757655957019 100.61154062267514 200
1757655957104 100.35236736065777 201
1757655957190 100.09386897258936 202
1757655957273 99.83605781197606 203
1757655957360 99.57891794569215 204
1757655957451 99.3224617027556 205
1757655957536 99.06667837277297 206
1757655957621 98.81156212331935 207
1757655957710 98.55712561017927 208
1757655957800 98.30335004008185 209
1757655957892 98.05025064916653 210
1757655957970 97.79780869107131 211
1757655958053 97.54603937060477 212
1757655958143 97.29492912733485 213
1757655958256 97.04447514940244 214
1757655958361 96.79468705407585 215
1757655958448 96.5455491699501 216
1757655958536 96.29707416883701 217
1757655958618 96.04924470679373 218
1757655958698 95.80207563292653 219
1757655958785 95.55555351773502 220
1757655958869 95.30967559055439 221
1757655958954 95.06445140559947 222
1757655959038 94.81986543997493 223
1757655959116 94.57592979204314 224
1757655959200 94.33262897791924 225
1757655959286 94.08997507189939 226
1757655959373 93.84795263209695 227
1757655959460 93.60657370877767 228
1757655959545 93.36582794046416 229
1757655959632 93.12570970931695 230
1757655959721 92.88623138465205 231
1757655959810 92.64737473972917 232
1757655959901 92.40915465386095 233
1757655959992 92.171552945534 234
1757655960085 91.93458446339848 235
1757655960172 91.69823607065734 236
1757655960261 91.46250508829085 237
1757655960347 91.22740092747951 238
1757655960425 90.99290839856764 239
1757655960508 90.75903940847626 240
1757655960596 90.52577880555565 241
1757655960676 90.29313847298057 242
1757655960749 90.06110330003426 243
1757655960835 89.82968514618109 244
1757655960917 89.59887388464273 245
1757655961001 89.36866404122101 246
1757655961087 89.13906778921427 247
1757655961167 88.91006728411641 248
1757655961252 88.68167716153617 249
1757655961337 88.45387962106375 250
1757655961417 88.22668926810816 251
1757655961500 88.00009325125696 252
1757655961587 87.77408897974985 253
1757655961669 87.54868572327294 254
1757655961754 87.32386861696526 255
1757655961840 87.09964937886949 256
1757655961923 86.87601318115496 257
1757655962005 86.65297171843883 258
1757655962089 86.4305102027882 259
1757655962175 86.20864030543093 260
1757655962268 85.98735212793261 261
1757655962352 85.7666403352941 262
1757655962438 85.54651690748267 263
1757655962526 85.32696437278726 264
1757655962617 85.10799712680708 265
1757655962692 84.88959774082805 266
1757655962779 84.67178058071008 267
1757655962866 84.45452826355331 268
1757655962955 84.2378551255318 269
1757655963047 84.02174862746561 270
1757655963138 83.80620627400356 271
1757655963231 83.59123717752628 272
1757655963323 83.37682682876837 273
1757655963497 83.16298673635576 274
1757655963701 82.949702426989 275
1757655963796 82.73698538623015 276
1757655963872 82.52482593782659 277
1757655963947 82.31321888168848 278
1757655964027 82.10217600714138 279
1757655964110 81.89168020608732 280
1757655964183 81.68174563779162 281
1757655964278 81.47235523608427 282
1757655964366 81.26352313094921 283
1757655964455 81.05523230090434 284
1757655964548 80.84749684670543 285
1757655964642 80.64030449910263 286
1757655964726 80.4336528442416 287
1757655964803 80.227550856371 288
1757655964889 80.02198433385465 289
1757655964973 79.81696460190473 290
1757655965059 79.6124774939335 291
1757655965148 79.40853431241096 292
1757655965239 79.2051209285427 293
1757655965332 79.00224862209303 294
1757655965418 78.79990795963012 295
1757655965505 78.59809388789265 296
1757655965593 78.39681798494829 297
1757655965673 78.1960635410996 298
1757655965761 77.99584445410295 299
1757655965856 77.79614405502124 300
1757655965956 77.5969762128414 301
1757655966039 77.39832430208351 302
1757655966127 77.2002021630179 303
1757655966215 77.00259826340081 304
1757655966306 76.80550873100968 305
1757655966396 76.60894481691805 306
1757655966486 76.41289000675812 307
1757655966574 76.21735806925813 308
1757655966661 76.02233252997712 309
1757655966746 75.82782712912876 310
1757655966832 75.63382543512799 311
1757655966924 75.44034115972633 312
1757655967016 75.24736247353101 313
1757655967114 75.054887093493 314
1757655967210 74.86292376444261 315
1757655967300 74.67145878645935 316
1757655967396 74.48050318108243 317
1757655967489 74.29004328195 318
1757655967585 74.10009008840183 319
1757655967676 73.91063449218777 320
1757655967767 73.7216716356502 321
1757655967862 73.53321280908602 322
1757655967956 73.34524183801543 323
1757655968052 73.15777226460311 324
1757655968146 72.97078795356711 325
1757655968228 72.78430241900735 326
1757655968311 72.59829956745136 327
1757655968396 72.41279288498671 328
1757655968481 72.22777079392883 329
1757655968567 72.04323108494893 330
1757655968651 71.85918236913608 331
1757655968737 71.6756112339183 332
1757655968824 71.49252852433627 333
1757655968950 71.30992086052723 334
1757655969037 71.12779906565338 335
1757655969124 70.94614979515852 336
1757655969214 70.76498385036295 337
1757655969306 70.58429234878749 338
1757655969398 70.40407056787514 339
1757655969503 70.22432959477706 340
1757655969596 70.04505362777525 341
1757655969682 69.866255958439 342
1757655969768 69.6879208231642 343
1757655969857 69.5100614859577 344
1757655969951 69.33266222388129 345
1757655970047 69.1557362734314 346
1757655970144 68.97927233242399 347
1757655970237 68.80326827125606 348
1757655970332 68.6277325525467 349
1757655970443 68.45265207843879 350
1757655970546 68.27803749847912 351
1757655970638 68.10387574659246 352
1757655970726 67.93017745080753 353
1757655970813 67.75692957936904 354
1757655970908 67.58414273882399 355
1757655971153 67.41180393162932 356
1757655971244 67.2399237428903 357
1757655971343 67.06849353309589 358
1757655971448 66.89750872441944 359
1757655971547 66.72698018225645 360
1757655971643 66.55689250713463 361
1757655971741 66.38725871746452 362
1757655971844 66.21806345072187 363
1757655971956 66.04931969830777 364
1757655972055 65.8810121371334 365
1757655972149 65.71315373164195 366
1757655972240 65.5457334765379 367
1757655972338 65.37874932698968 368
1757655972431 65.21220958314005 369
1757655972525 65.04610148652309 370
1757655972636 64.88043547326728 371
1757655972725 64.71519881569255 372
1757655972817 64.55040192880796 373
1757655972907 64.38603211819292 374
1757655973003 64.22209977777348 375
1757655973104 64.05859647985605 376
1757655973209 63.89551777221718 377
1757655973317 63.732874324223836 378
1757655973400 63.570651088016575 379
1757655973481 63.408860840872 380
1757655973564 63.24748857086316 381
1757655973655 63.08654702874989 382
1757655973744 62.926021240968204 383
1757655973826 62.765923931812246 384
1757655973918 62.60624435515772 385
1757655974006 62.44698053918982 386
1757655974097 62.28814064007932 387
1757655974185 62.12971219584549 388
1757655974272 61.97170545394398 389
1757655974363 61.81410798231297 390
1757655974456 61.65693000764589 391
1757655974532 61.50015913021696 392
1757655974624 61.34380555599369 393
1757655974718 61.18786106283026 394
1757655974814 61.03232131987043 395
1757655974913 60.877196803798675 396
1757655975001 60.72247280881431 397
1757655975089 60.56816187547554 398
1757655975177 60.41424972880747 399
1757655975265 60.26074749706965 400
1757655975353 60.10764272524861 401
1757655975443 59.954945526768384 402
1757655975532 59.802643677956425 403
1757655975621 59.65074727149549 404
1757655975711 59.499248207855125 405
1757655975797 59.34814222833049 406
1757655975885 59.197439693495774 407
1757655975976 59.047126102003766 408
1757655976073 58.897213851907175 409
1757655976171 58.74768847621902 410
1757655976272 58.59856234725868 411
1757655976371 58.44982103474095 412
1757655976466 58.301476885302165 413
1757655976557 58.153519554997054 414
1757655976656 58.005947183466375 415
1757655976751 57.85876769944815 416
1757655976852 57.71196910144175 417
1757655976942 57.56556133967046 418
1757655977035 57.41953244121214 419
1757655977134 57.2738923360993 420
1757655977228 57.12862908231722 421
1757655977319 56.983752589743546 422
1757655977411 56.83925094717501 423
1757655977492 56.69513404437367 424
1757655977585 56.551393999095545 425
1757655977676 56.40802668003547 426
1757655977765 56.26504223982175 427
1757655977853 56.122426540180484 428
1757655977938 55.980191724207145 429
1757655978020 55.83832368694781 430
1757655978113 55.69683454629695 431
1757655978202 55.55571023290304 432
1757655978292 55.41496283950919 433
1757655978386 55.27458228891269 434
1757655978473 55.13456679341052 435
1757655978562 54.9949241281535 436
1757655978653 54.85564259732095 437
1757655978743 54.71673195095876 438
1757655978836 54.57818052093923 439
1757655978931 54.43999803750812 440
1757655979030 54.30217286250049 441
1757655979130 54.16471470639775 442
1757655979230 54.02761196090505 443
1757655979328 53.890874316778245 444
1757655979426 53.754494101994894 445
1757655979526 53.61846730793647 446
1757655979604 53.482803883343784 447
1757655979690 53.34749004214984 448
1757655979780 53.21253767778728 449
1757655979871 53.07793303650347 450
1757655979962 52.94368798705573 451
1757655980056 52.80978881023026 452
1757655980148 52.676247350158185 453
1757655980236 52.5430537880528 454
1757655980327 52.41020640561944 455
1757655980416 52.277712827090006 456
1757655980506 52.145561652991695 457
1757655980598 52.01376243708634 458
1757655980685 51.882303806738825 459
1757655980765 51.75119529629832 460
1757655980854 51.62042556217968 461
1757655980948 51.49000411935494 462
1757655981041 51.359919653199384 463
1757655981142 51.2301816593464 464
1757655981237 51.10078266918654 465
1757655981326 50.97171879226962 466
1757655981418 50.84299977747214 467
1757655981513 50.71461218042296 468
1757655981612 50.586567650118646 469
1757655981714 50.458852773529976 470
1757655981813 50.33147917549694 471
1757655981931 50.204433476500355 472
1757655982035 50.077727277272196 473
1757655982117 49.95134723170227 474
1757655982204 49.82530491646592 475
1757655982300 49.6995907877607 476
1757655982388 49.574203200074 477
1757655982481 49.44914961470811 478
1757655982568 49.32441894776838 479
1757655982660 49.20002054156144 480
1757655982749 49.07594333812315 481
1757655982835 48.952196660769694 482
1757655982921 48.82876947961812 483
1757655983012 48.70567109902944 484
1757655983103 48.58289051711557 485
1757655983198 48.46043701932049 486
1757655983309 48.338303353218556 487
1757655983399 48.216485753348074 488
1757655983488 48.09499375333569 489
1757655983574 47.973814272944544 490
1757655983670 47.85295869824429 491
1757655983766 47.73241397930715 492
1757655983862 47.612191478608715 493
1757655983962 47.492278178638145 494
1757655984066 47.37268541832476 495
1757655984162 47.253403895719956 496
1757655984289 47.134432028393256 497
1757655984390 47.0157771323258 498
1757655984485 46.89742840138007 499
