1757517658158 269.95909636247103 0
1757517658231 3564.2160059053713 1
1757517658301 162594.7305190209 2
1757517658372 7607688.396971177 3
1757517658446 356121244.0601239 4
1757517658526 16670316313.34505 5
1757517658599 780350178479.62 6
1757517658666 36528780792105.91 7
1757517658739 1709939771279770.0 8
1757517658837 8.004356977628426e+16 9
1757517658908 3.7468998429130644e+18 10
1757517658972 1.7539520627736707e+20 11
1757517659041 8.210381828872685e+21 12
1757517659105 3.843341628687754e+23 13
1757517659183 1.7990971897137942e+25 14
1757517659256 8.421709571368853e+26 15
1757517659321 3.942265738059909e+28 16
1757517659385 1.845404311057825e+30 17
1757517659451 8.638476697278027e+31 18
1757517659521 4.04373606381352e+33 19
1757517659590 1.8929033354849164e+35 20
1757517659666 8.860823211371518e+36 21
1757517659737 4.1478181432369164e+38 22
1757517659807 1.941624941493733e+40 23
1757517659883 9.08889272201441e+41 24
1757517659955 4.254579200488325e+43 25
1757517660025 1.9916005972194908e+45 26
1757517660096 9.32283253391961e+46 27
1757517660167 4.364088190014323e+48 28
1757517660236 2.0428625807585296e+50 29
1757517660305 9.562793743289767e+51 30
1757517660373 4.476415841086432e+53 31
1757517660448 2.0954440010159758e+55 32
1757517660520 9.808931335405425e+56 33
1757517660591 4.5916347034828685e+58 34
1757517660662 2.149378819089958e+60 35
1757517660734 1.0061404284727379e+62 36
1757517660803 4.709819194347052e+63 37
1757517660873 2.2047018702062956e+65 38
1757517660944 1.0320375657573381e+67 39
1757517661012 4.831045646251833e+68 40
1757517661083 2.2614488862178305e+70 41
1757517661153 1.0586012717440744e+72 42
1757517661225 4.9553923565010393e+73 43
1757517661295 2.3196565186826685e+75 44
1757517661363 1.0858487033035513e+77 45
1757517661435 5.082939637699416e+78 46
1757517661513 2.379362362536567e+80 47
1757517661594 1.1137974589086348e+82 48
1757517661670 5.213769869625152e+83 49
1757517661741 2.4406049803747125e+85 50
1757517661818 1.1424655900008368e+87 51
1757517661893 5.3479675524367845e+88 52
1757517661968 2.5034239273583483e+90 53
1757517662063 1.171871612649317e+92 54
1757517662142 5.485619361249871e+93 55
1757517662218 2.5678597767624307e+95 56
1757517662293 1.2020345195099455e+97 57
1757517662373 5.626814202118278e+98 58
1757517662450 2.6339541461810974e+100 59
1757517662527 1.2329737920922862e+102 60
1757517662601 5.771643269456937e+103 61
1757517662676 2.701749724407323e+105 62
1757517662757 1.264709413342148e+107 63
1757517662835 5.920200104941582e+108 64
1757517662910 2.7712902990047498e+110 65
1757517662989 1.2972618805481483e+112 66
1757517663062 6.072580657925568e+113 67
1757517663135 2.842620784588989e+115 68
1757517663208 1.330652218580446e+117 69
1757517663283 6.2288833474109495e+118 70
1757517663349 2.915787251836884e+120 71
1757517663424 1.364901993470212e+122 72
1757517663500 6.38920912561542e+123 73
1757517663576 2.9908369572425875e+125 74
1757517663649 1.400033326338567e+127 75
1757517663721 6.553661543174625e+128 76
1757517663793 3.0678183736391495e+130 77
1757517663870 1.4360689076840834e+132 78
1757517663944 6.722346816022884e+133 79
1757517664018 3.1467812215062996e+135 80
1757517664092 1.4730320120381857e+137 81
1757517664167 6.895373893996347e+138 82
1757517664242 3.2277765010835075e+140 83
1757517664318 1.5109465129973776e+142 84
1757517664396 7.072854531199992e+143 85
1757517664474 3.3108565253099124e+145 86
1757517664540 1.549836898642877e+147 87
1757517664615 7.254903358188011e+148 88
1757517664689 3.396074953612011e+150 89
1757517664762 1.5897282873567214e+152 90
1757517664834 7.441637956000419e+153 91
1757517664904 3.4834868265610577e+155 92
1757517664980 1.6306464440452683e+157 93
1757517665059 7.633178932106089e+158 94
1757517665135 3.5731486014224465e+160 95
1757517665208 1.6726177967800507e+162 96
1757517665280 7.829649998300144e+163 97
1757517665366 3.6651181886200234e+165 98
1757517665437 1.7156694538670094e+167 99
1757517665507 8.031178050606311e+168 100
1757517665579 3.759454989139205e+170 101
1757517665648 1.7598292213552304e+172 102
1757517665722 8.237893251236519e+173 103
1757517665801 3.856219932892558e+175 104
1757517665879 1.8051256209961e+177 105
1757517665958 8.449929112659198e+178 106
1757517666037 3.955475518073063e+180 107
1757517666119 1.851587908664907e+182 108
1757517666203 8.66742258383197e+183 109
1757517666281 4.057285851520237e+185 110
1757517666363 1.8992460932565306e+187 111
1757517666439 8.89051413865409e+188 112
1757517666514 4.161716690125216e+190 113
1757517666588 1.9481309560673992e+192 114
1757517666662 9.119347866694576e+193 115
1757517666737 4.2688354833015546e+195 116
1757517666806 1.9982740706764288e+197 117
1757517666883 9.354071566256507e+198 118
1757517666960 4.3787114165490896e+200 119
1757517667037 2.0497078233377594e+202 120
1757517667119 9.59483683983703e+203 121
1757517667194 4.491415456139552e+205 122
1757517667271 2.1024654338980827e+207 123
1757517667345 9.841799192042745e+208 124
1757517667422 4.607020394951631e+210 125
1757517667498 2.156580977252696e+212 126
1757517667575 1.0095118130027298e+214 127
1757517667653 4.725600899486403e+215 128
1757517667727 2.212089405353636e+217 129
1757517667806 1.0354957266513188e+219 130
1757517667885 4.847233558092707e+220 131
1757517667965 2.269026569784344e+222 132
1757517668047 1.0621484425464938e+224 133
1757517668132 4.97199693043339e+225 134
1757517668215 2.327429244915217e+227 135
1757517668293 1.0894871750482994e+229 136
1757517668371 5.099971598225608e+230 137
1757517668449 2.387335151655618e+232 138
1757517668528 1.117529581598746e+234 139
1757517668606 5.231240217286511e+235 140
1757517668683 2.4487829818165646e+237 141
1757517668768 1.1462937741262515e+239 142
1757517668857 5.365887570918425e+240 143
1757517668938 2.5118124231010325e+242 144
1757517669016 1.1757983307437749e+244 145
1757517669092 5.504000624668644e+245 146
1757517669169 2.576464184737336e+247 147
1757517669247 1.2060623077479895e+249 148
1757517669321 5.645668582498414e+250 149
1757517669395 2.6427800237722047e+252 150
1757517669472 1.2371052519272394e+254 151
1757517669548 5.790982944397653e+255 152
1757517669626 2.710802772040682e+257 153
1757517669701 1.2689472131864073e+259 154
1757517669775 5.940037565482433e+260 155
1757517669862 2.7805763638301167e+262 156
1757517669941 1.3016087574966063e+264 157
1757517670020 6.092928716613964e+265 158
1757517670094 2.8521458642564244e+267 159
1757517670172 1.3351109801783148e+269 160
1757517670250 6.249755146577734e+270 161
1757517670331 2.925557498370508e+272 162
1757517670412 1.3694755195263386e+274 163
1757517670489 6.410618145862972e+275 164
1757517670565 3.000858681013973e+277 165
1757517670644 1.4047245707854844e+279 166
1757517670724 6.5756216120836945e+280 167
1757517670810 3.078098047443156e+282 168
1757517670891 1.4408809004858528e+284 169
1757517670976 6.744872117083748e+285 170
1757517671060 3.157325484741558e+287 171
1757517671144 1.4779678611473316e+289 172
1757517671222 6.918478975768903e+290 173
1757517671292 3.238592164040676e+292 174
1757517671370 1.516009406362332e+294 175
1757517671448 7.096554316711414e+295 176
1757517671528 3.3219505735704447e+297 177
1757517671605 1.5550301062669643e+299 178
1757517671687 7.279213154570342e+300 179
1757517671768 3.407454552559841e+302 180
1757517671853 1.5950551634101805e+304 181
