1757640781699 169.17582318790855 0
1757640781773 168.28664999695792 1
1757640781861 167.4023680260996 2
1757640781980 166.52294989666916 3
1757640782073 165.6483683846454 4
1757640782191 164.7785964197731 5
1757640782288 163.91360708469017 6
1757640782386 163.05337361406043 7
1757640782537 162.1978693937108 8
1757640782680 161.3470679597736 9
1757640782824 160.5009429978337 10
1757640782956 159.65946834208063 11
1757640783081 158.82261797446517 12
1757640783209 157.9903660238613 13
1757640783338 157.1626867652323 14
1757640783471 156.33955461880205 15
1757640783605 155.52094414923084 16
1757640783723 154.70683006479584 17
1757640783859 153.89718721657644 18
1757640783988 153.09199059764393 19
1757640784127 152.29121534225604 20
1757640784249 151.4948367250559 21
1757640784370 150.70283016027565 22
1757640784483 149.9151712009445 23
1757640784594 149.13183553810143 24
1757640784701 148.3527990000121 25
1757640784802 147.57803755139068 26
1757640784907 146.8075272926254 27
1757640785007 146.04124445900933 28
1757640785112 145.27916541997482 29
1757640785189 144.5212666783328 30
1757640785270 143.7675248695161 31
1757640785360 143.0179167608272 32
1757640785454 142.2724192506902 33
1757640785546 141.53100936790702 34
1757640785635 140.79366427091819 35
1757640785714 140.06036124706708 36
1757640785799 139.3310777118691 37
1757640785891 138.6057912082847 38
1757640785998 137.88447940599633 39
1757640786095 137.16712010069 40
1757640786197 136.4536912133404 41
1757640786299 135.74417078950037 42
1757640786391 135.03853699859462 43
1757640786479 134.33676813321676 44
1757640786578 133.63884260843113 45
1757640786664 132.94473896107814 46
1757640786747 132.2544358490837 47
1757640786851 131.56791205077246 48
1757640786946 130.88514646418503 49
1757640787033 130.20611810639926 50
1757640787115 129.5308061128551 51
1757640787201 128.85918973668328 52
1757640787280 128.19124834803824 53
1757640787365 127.52696143343427 54
1757640787445 126.8663085950858 55
1757640787524 126.20926955025142 56
1757640787601 125.55582413058141 57
1757640787677 124.90595228146931 58
1757640787756 124.25963406140679 59
1757640787839 123.61684964134251 60
1757640787923 122.97757930404448 61
1757640788004 122.34180344346603 62
1757640788090 121.70950256411552 63
1757640788181 121.08065728042945 64
1757640788277 120.4552483161492 65
1757640788365 119.83325650370142 66
1757640788450 119.21466278358186 67
1757640788532 118.59944820374254 68
1757640788616 117.98759391898275 69
1757640788696 117.37908119034329 70
1757640788803 116.77389138450411 71
1757640788895 116.17200597318549 72
1757640788975 115.57340653255264 73
1757640789064 114.97807474262356 74
1757640789147 114.3859923866804 75
1757640789235 113.797141350684 76
1757640789327 113.21150362269204 77
1757640789401 112.6290612922802 78
1757640789480 112.04979654996667 79
1757640789565 111.47369168664022 80
1757640789648 110.90072909299106 81
1757640789724 110.33089125894527 82
1757640789802 109.76416077310233 83
1757640789881 109.20052032217593 84
1757640789965 108.63995269043772 85
1757640790045 108.08244075916463 86
1757640790125 107.52796750608887 87
1757640790206 106.97651600485146 88
1757640790285 106.42806942445851 89
1757640790363 105.88261102874097 90
1757640790443 105.34012417581701 91
1757640790523 104.80059231755796 92
1757640790602 104.26399899905678 93
1757640790682 103.73032785809993 94
1757640790762 103.1995626246421 95
1757640790842 102.67168712028383 96
1757640790921 102.14668525775232 97
1757640791004 101.62454104038497 98
1757640791084 101.10523856161603 99
1757640791162 100.58876200446599 100
1757640791244 100.07509564103414 101
1757640791327 99.56422383199363 102
1757640791409 99.05613102608979 103
1757640791489 98.5508017596411 104
1757640791569 98.04822065604294 105
1757640791649 97.54837242527431 106
1757640791729 97.05124186340731 107
1757640791809 96.55681385211932 108
1757640791891 96.06507335820805 109
1757640791972 95.57600543310932 110
1757640792051 95.0895952124176 111
1757640792133 94.60582791540921 112
1757640792213 94.12468884456824 113
1757640792295 93.64616338511527 114
1757640792374 93.17023700453866 115
1757640792455 92.69689525212848 116
1757640792542 92.22612375851328 117
1757640792626 91.7579082351992 118
1757640792714 91.29223447411191 119
1757640792795 90.82908834714118 120
1757640792877 90.36845580568783 121
1757640792961 89.91032288021351 122
1757640793044 89.45467567979276 123
1757640793119 89.00150039166789 124
1757640793200 88.5507832808062 125
1757640793282 88.10251068945978 126
1757640793365 87.65666903672788 127
1757640793445 87.21324481812157 128
1757640793526 86.77222460513114 129
1757640793610 86.33359504479574 130
1757640793691 85.89734285927555 131
1757640793769 85.46345484542637 132
1757640793851 85.03191787437666 133
1757640793936 84.60271889110697 134
1757640794017 84.1758449140317 135
1757640794098 83.75128303458325 136
1757640794181 83.32902041679873 137
1757640794265 82.90904429690863 138
1757640794348 82.4913419829282 139
1757640794429 82.07590085425096 140
1757640794510 81.66270836124454 141
1757640794593 81.25175202484891 142
1757640794676 80.8430194361767 143
1757640794757 80.436498256116 144
1757640794836 80.03217621493532 145
1757640794916 79.63004111189073 146
1757640794999 79.23008081483545 147
1757640795084 78.83228325983133 148
1757640795168 78.43663645076282 149
1757640795253 78.04312845895306 150
1757640795333 77.65174742278202 151
1757640795417 77.26248154730702 152
1757640795501 76.87531910388519 153
1757640795582 76.49024842979831 154
1757640795663 76.10725792787952 155
1757640795745 75.72633606614234 156
1757640795819 75.3474713774118 157
1757640795900 74.97065245895747 158
1757640795988 74.5958679721289 159
1757640796070 74.22310664199271 160
1757640796154 73.85235725697217 161
1757640796236 73.48360866848853 162
1757640796317 73.11684979060455 163
1757640796402 72.75206959966987 164
1757640796483 72.38925713396868 165
1757640796565 72.02840149336913 166
1757640796650 71.6694918389748 167
1757640796730 71.31251739277829 168
1757640796821 70.95746743731655 169
1757640796904 70.60433131532841 170
1757640796985 70.25309842941375 171
1757640797070 69.90375824169499 172
1757640797155 69.55630027348009 173
1757640797238 69.21071410492789 174
1757640797320 68.86698937471495 175
1757640797401 68.52511577970452 176
1757640797484 68.18508307461744 177
1757640797568 67.84688107170462 178
1757640797648 67.51049964042167 179
1757640797731 67.1759287071053 180
1757640797808 66.84315825465143 181
1757640797886 66.51217832219533 182
1757640797970 66.1829790047934 183
1757640798056 65.85555045310683 184
1757640798138 65.52988287308715 185
1757640798218 65.20596652566333 186
1757640798301 64.88379172643091 187
1757640798385 64.56334884534276 188
1757640798469 64.24462830640158 189
1757640798552 63.92762058735425 190
1757640798635 63.61231621938778 191
1757640798718 63.29870578682713 192
1757640798803 62.98677992683463 193
1757640798887 62.67652932911116 194
1757640798970 62.367944735599046 195
1757640799055 62.061016940186555 196
1757640799135 61.75573678841419 197
1757640799219 61.45209517718255 198
1757640799302 61.15008305446195 199
1757640799387 60.849691419003534 200
1757640799472 60.55091132005218 201
1757640799555 60.25373385706102 202
1757640799636 59.958150179407454 203
1757640799714 59.66415148611089 204
1757640799790 59.37172902555212 205
1757640799874 59.08087409519415 206
1757640799956 58.791578041304675 207
1757640800035 58.50383225868027 208
1757640800119 58.21762819037195 209
1757640800205 57.93295732741225 210
1757640800287 57.64981120854419 211
1757640800374 57.36818141995139 212
1757640800464 57.08805959498996 213
1757640800550 56.809437413921756 214
1757640800634 56.53230660364935 215
1757640800717 56.256658937452244 216
1757640800802 55.98248623472485 217
1757640800883 55.709780360715705 218
1757640800968 55.438533226268405 219
1757640801049 55.168736787563844 220
1757640801132 54.900383045863926 221
1757640801223 54.63346404725682 222
1757640801309 54.36797188240361 223
1757640801396 54.10389868628637 224
1757640801486 53.8412366379577 225
1757640801570 53.579977960291664 226
1757640801652 53.320114919736135 227
1757640801739 53.06163982606655 228
1757640801822 52.804545032141135 229
1757640801922 52.54882293365734 230
1757640802009 52.29446596890988 231
1757640802095 52.041466618549975 232
1757640802180 51.78981740534604 233
1757640802265 51.539510893945724 234
1757640802351 51.29053969063926 235
1757640802438 51.04289644312423 236
1757640802527 50.796573840271556 237
1757640802618 50.551564611893006 238
1757640802705 50.30786152850974 239
1757640802789 50.06545740112245 240
1757640802871 49.82434508098266 241
1757640802964 49.58451745936531 242
1757640803050 49.34596746734269 243
1757640803133 49.10868807555964 244
1757640803218 48.87267229401 245
1757640803303 48.63791317181439 246
1757640803391 48.40440379699916 247
1757640803475 48.17213729627667 248
1757640803567 47.9411068348268 249
1757640803651 47.71130561607964 250
1757640803736 47.48272688149955 251
1757640803823 47.255363910370285 252
1757640803907 47.029210019581456 253
1757640803991 46.8042585634161 254
1757640804078 46.580502933339616 255
1757640804163 46.357936557789685 256
1757640804251 46.13655290196758 257
1757640804337 45.91634546763054 258
1757640804424 45.697307792885354 259
1757640804512 45.47943345198311 260
1757640804597 45.26271605511518 261
1757640804683 45.04714924821018 262
1757640804770 44.83272671273234 263
1757640804854 44.61944216548077 264
1757640804936 44.407289358390024 265
1757640805026 44.19626207833176 266
1757640805113 43.986354146917456 267
1757640805201 43.77755942030236 268
1757640805288 43.56987178899045 269
1757640805375 43.36328517764055 270
1757640805459 43.15779354487358 271
1757640805548 42.95339088308078 272
1757640805638 42.75007121823317 273
1757640805725 42.54782860969198 274
1757640805811 42.34665715002024 275
1757640805893 42.146550964795324 276
1757640805974 41.94750421242269 277
1757640806062 41.74951108395059 278
1757640806149 41.552565802885844 279
1757640806239 41.35666262501069 280
1757640806326 41.16179583820066 281
1757640806410 40.96795976224345 282
1757640806500 40.77514874865889 283
1757640806584 40.58335718051983 284
1757640806673 40.39257947227419 285
1757640806759 40.20281006956787 286
1757640806846 40.01404344906875 287
1757640806930 39.82627411829169 288
1757640807019 39.639496615424456 289
1757640807104 39.45370550915472 290
1757640807189 39.26889539849798 291
1757640807275 39.08506091262645 292
1757640807362 38.902196710699016 293
1757640807450 38.720297481691986 294
1757640807537 38.53935794423098 295
1757640807624 38.35937284642366 296
1757640807708 38.18033696569345 297
1757640807793 38.002245108614154 298
1757640807882 37.82509211074561 299
1757640807964 37.64887283647017 300
1757640808047 37.473582178830135 301
1757640808132 37.29921505936618 302
1757640808224 37.12576642795663 303
1757640808313 36.95323126265758 304
1757640808403 36.781604569544115 305
1757640808490 36.61088138255225 306
1757640808579 36.441056763321846 307
1757640808662 36.272125801040396 308
1757640808750 36.104083612287724 309
1757640808835 35.936925340881515 310
1757640808922 35.770646157723796 311
1757640809008 35.60524126064817 312
1757640809093 35.44070587426807 313
1757640809180 35.2770352498257 314
1757640809268 35.114224665041995 315
1757640809355 34.95226942396735 316
1757640809441 34.79116485683318 317
1757640809529 34.63090631990433 318
1757640809615 34.471489195332374 319
1757640809699 34.31290889100971 320
1757640809787 34.15516084042447 321
1757640809873 33.99824050251624 322
1757640809955 33.84214336153265 323
1757640810037 33.686864926886734 324
1757640810127 33.53240073301514 325
1757640810213 33.37874633923707 326
1757640810298 33.22589732961411 327
1757640810383 33.07384931281076 328
1757640810471 32.92259792195587 329
1757640810559 32.772138814504764 330
1757640810647 32.622467672102125 331
1757640810734 32.4735802004458 332
1757640810821 32.32547212915124 333
1757640810913 32.17813921161674 334
1757640811000 32.03157722488948 335
1757640811086 31.885781969532335 336
1757640811172 31.740749269491314 337
1757640811259 31.59647497196393 338
1757640811347 31.452954947268193 339
1757640811431 31.310185088712377 340
1757640811518 31.168161312465557 341
1757640811605 31.02687955742882 342
1757640811692 30.886335785107256 343
1757640811775 30.746525979482637 344
1757640811863 30.607446146886875 345
1757640811949 30.469092315876125 346
1757640812038 30.331460537105627 347
1757640812126 30.194546883205298 348
1757640812214 30.05834744865598 349
1757640812309 29.922858349666395 350
1757640812397 29.788075724050817 351
1757640812488 29.653995731107425 352
1757640812579 29.520614551497356 353
1757640812669 29.38792838712441 354
1757640812752 29.25593346101549 355
1757640812838 29.124626017201667 356
1757640812927 28.994002320599968 357
1757640813014 28.864058656895757 358
1757640813099 28.734791332425903 359
1757640813184 28.606196674062474 360
1757640813273 28.478271029097208 361
1757640813360 28.351010765126535 362
1757640813448 28.22441226993734 363
1757640813538 28.098471951393332 364
1757640813627 27.97318623732202 365
1757640813714 27.848551575402443 366
1757640813801 27.724564433053335 367
1757640813891 27.6012212973222 368
1757640813980 27.478518674774758 369
1757640814058 27.356453091385163 370
1757640814148 27.23502109242679 371
1757640814238 27.11421924236366 372
1757640814343 26.99404412474248 373
1757640814437 26.874492342085286 374
1757640814529 26.75556051578267 375
1757640814620 26.637245285987674 376
1757640814710 26.519543311510233 377
1757640814799 26.402451269712223 378
1757640814888 26.285965856403106 379
1757640814979 26.17008378573621 380
1757640815068 26.05480179010552 381
1757640815158 25.94011662004309 382
1757640815248 25.826025044117056 383
1757640815335 25.712523848830216 384
1757640815425 25.599609838519136 385
1757640815515 25.48727983525389 386
1757640815605 25.375530678738357 387
1757640815694 25.264359226211045 388
1757640815785 25.153762352346522 389
1757640815874 25.04373694915737 390
1757640815962 24.9342799258967 391
1757640816048 24.82538820896126 392
1757640816141 24.71705874179503 393
1757640816238 24.60928848479339 394
1757640816326 24.502074415207858 395
1757640816414 24.395413527051314 396
1757640816505 24.2893028310038 397
1757640816597 24.183739354318842 398
1757640816682 24.078720140730283 399
1757640816770 23.974242250359687 400
1757640816861 23.87030275962424 401
1757640816951 23.766898761145153 402
1757640817062 23.664027363656608 403
1757640817151 23.561685691915237 404
1757640817237 23.459870886610055 405
1757640817327 23.358580104272992 406
1757640817414 23.257810517189828 407
1757640817503 23.1575593133117 408
1757640817591 23.05782369616711 409
1757640817682 22.958600884774388 410
1757640817774 22.859888113554685 411
1757640817860 22.76168263224546 412
1757640817949 22.66398170581443 413
1757640818039 22.566782614374034 414
1757640818120 22.47008265309637 415
1757640818206 22.373879132128597 416
1757640818295 22.278169376508846 417
1757640818381 22.182950726082595 418
1757640818469 22.088220535419502 419
1757640818558 21.993976173730733 420
1757640818643 21.900215024786732 421
1757640818729 21.806934486835495 422
1757640818817 21.71413197252125 423
1757640818904 21.621804908803654 424
1757640818995 21.529950736877407 425
1757640819084 21.438566912092337 426
1757640819171 21.34765090387394 427
1757640819263 21.25720019564436 428
1757640819351 21.167212284743833 429
1757640819437 21.077684682352547 430
1757640819528 20.988614913412963 431
1757640819617 20.900000516552588 432
1757640819702 20.811839044007144 433
1757640819791 20.724128061544228 434
1757640819878 20.63686514838734 435
1757640819968 20.550047897140388 436
1757640820061 20.463673913712622 437
1757640820145 20.377740817243954 438
1757640820237 20.292246240030718 439
1757640820327 20.20718782745188 440
1757640820418 20.122563237895605 441
1757640820508 20.03837014268631 442
1757640820595 19.95460622601208 443
1757640820685 19.87126918485247 444
1757640820772 19.78835672890682 445
1757640820860 19.70586658052287 446
1757640820949 19.6237964746258 447
1757640821054 19.54214415864773 448
1757640821143 19.460907392457543 449
1757640821231 19.38008394829116 450
1757640821322 19.29967161068217 451
1757640821415 19.219668176392894 452
1757640821503 19.140071454345772 453
1757640821594 19.060879265555233 454
1757640821683 18.982089443059863 455
1757640821769 18.90369983185499 456
1757640821859 18.825708288825673 457
1757640821949 18.74811268268004 458
1757640822039 18.670910893882994 459
1757640822125 18.594100814590334 460
1757640822214 18.517680348583195 461
1757640822307 18.441647411202936 462
1757640822396 18.365999929286303 463
1757640822485 18.29073584110102 464
1757640822581 18.21585309628174 465
1757640822677 18.141349655766323 466
1757640822766 18.06722349173251 467
1757640822860 17.99347258753495 468
1757640822950 17.92009493764256 469
1757640823040 17.847088547576256 470
1757640823128 17.774451433847048 471
1757640823221 17.70218162389446 472
1757640823310 17.63027715602529 473
1757640823400 17.558736079352762 474
1757640823492 17.487556453736 475
1757640823584 17.416736349719812 476
1757640823676 17.34627384847485 477
1757640823767 17.27616704173809 478
1757640823859 17.206414031753702 479
1757640823949 17.13701293121415 480
1757640824039 17.067961863201702 481
1757640824129 16.999258961130284 482
1757640824213 16.93090236868759 483
1757640824305 16.862890239777585 484
1757640824395 16.79522073846328 485
1757640824488 16.727892038909893 486
1757640824581 16.660902325328276 487
1757640824673 16.594249791918685 488
1757640824765 16.527932642814857 489
1757640824856 16.46194909202842 490
1757640824950 16.39629736339361 491
1757640825042 16.33097569051229 492
1757640825135 16.265982316699272 493
1757640825246 16.201315494927996 494
1757640825336 16.136973487776455 495
1757640825429 16.072954567373465 496
1757640825523 16.009257015345224 497
1757640825616 15.945879122762165 498
1757640825708 15.882819190086137 499
