1757604987493 8.011263929263663 0
1757604987607 10.7541544867829 1
1757604987708 11.978325834311532 2
1757604987805 6.4703086458593075 3
1757604987904 4.839289278105671 4
1757604988005 7.255880208019652 5
1757604988105 14.817699280694944 6
1757604988203 12.599536181178701 7
1757604988304 11.523383915360993 8
1757604988405 7.287480857758664 9
1757604988504 13.284081394023504 10
1757604988689 5.954784508562217 11
1757604988794 4.369304251978457 12
1757604988896 8.940493133946399 13
1757604988997 10.654204823678004 14
1757604989096 4.271863283385148 15
1757604989195 8.465679293247144 16
1757604989296 5.877074294153417 17
1757604989396 8.78674709335005 18
1757604989496 4.918076921053586 19
1757604989593 3.146172275541927 20
1757604989693 7.863126302351169 21
1757604989792 5.741710944746255 22
1757604989891 5.287928763575154 23
1757604989990 12.293103055581557 24
1757604990088 14.869282261188161 25
1757604990189 2.7661694436980824 26
1757604990290 21.460770019904658 27
1757604990390 10.25083769190603 28
1757604990489 8.694430694815498 29
1757604990589 7.337138379191977 30
1757604990689 2.383779253698063 31
1757604990792 4.965460552088248 32
1757604990894 6.538511737503159 33
1757604990996 5.9830001530857935 34
1757604991123 13.393294945865284 35
1757604991228 7.676045735414189 36
1757604991335 20.643174243064838 37
1757604991448 4.788879908006339 38
1757604991550 11.523111512111004 39
1757604991655 4.709336301697621 40
1757604991757 10.991616886406195 41
1757604991859 8.45347315876455 42
1757604991957 11.790850158970942 43
1757604992057 3.8899412786708294 44
1757604992157 9.836619145191309 45
1757604992256 8.21518295358929 46
1757604992354 9.865266387329784 47
1757604992453 6.195410604095276 48
1757604992552 3.7447516376225782 49
1757604992653 8.03268504415596 50
1757604992754 3.9096827749256593 51
1757604992855 8.489242821904817 52
1757604992957 0.14598250329547188 53
1757604993057 11.195488808572131 54
1757604993159 8.308993002013322 55
1757604993260 6.086893591810637 56
1757604993361 8.089383793318257 57
1757604993470 7.364298090978677 58
1757604993570 14.096655931179379 59
1757604993671 9.617519570135554 60
1757604993773 6.814429267618802 61
1757604993874 6.023576298330375 62
1757604993975 5.586426339879216 63
1757604994076 4.905870605710644 64
1757604994179 12.007521792444937 65
1757604994279 6.155395960194684 66
1757604994382 11.713491969082872 67
1757604994482 10.012967414821945 68
1757604994584 3.9511329473603043 69
1757604994686 3.29672675935768 70
1757604994786 14.139940508637824 71
1757604994888 4.030676406369374 72
1757604994989 3.943785112522155 73
1757604995092 9.849780417875351 74
1757604995194 6.275575487846106 75
1757604995296 8.303986777125077 76
1757604995397 21.203936464522094 77
1757604995502 6.410684505468079 78
1757604995605 8.597048097680606 79
1757604995704 26.816459969869992 80
1757604995805 15.417414183000751 81
1757604995908 11.264476025489246 82
1757604996014 2.0817434421961343 83
1757604996116 10.94347260683155 84
1757604996218 5.937883754062488 85
1757604996322 8.612425993187859 86
1757604996428 9.89590991346732 87
1757604996531 9.637106616871897 88
1757604996635 6.745710207724916 89
1757604996737 3.1743754433326576 90
1757604996841 4.7538921200241955 91
1757604996942 3.4750272308986583 92
1757604997045 4.851951472045546 93
1757604997147 2.2403960084295234 94
1757604997249 6.850843315930446 95
1757604997352 2.8023499334552735 96
1757604997455 4.692605902300008 97
1757604997559 6.007880124381072 98
1757604997662 9.563756424800577 99
1757604997765 5.516304524941109 100
1757604997867 5.559221506206017 101
1757604997970 9.78147743527901 102
1757604998073 19.24473832805106 103
1757604998176 5.0360170767454004 104
1757604998279 3.3070207162327914 105
1757604998380 10.733946714310777 106
1757604998481 3.8234393009268732 107
1757604998582 3.588078259630039 108
1757604998685 4.278302466359453 109
1757604998787 2.4729541989771713 110
1757604998889 3.6947668486340906 111
1757604998990 32.67588700384598 112
1757604999092 7.444984258419535 113
1757604999194 9.01242646020181 114
1757604999297 11.841681281891269 115
1757604999399 4.322282118665296 116
1757604999503 6.4042603181635505 117
1757604999606 8.09697075833468 118
1757604999708 4.859113707270944 119
1757604999813 5.688389414514313 120
1757604999917 6.161770074296542 121
1757605000019 4.457388704488655 122
1757605000121 4.283552376463315 123
1757605000225 12.957408267083464 124
1757605000327 7.70874745822482 125
1757605000429 7.987470184311817 126
1757605000531 5.0622808932440035 127
1757605000633 3.9866025920510246 128
1757605000735 13.739343196971882 129
1757605000836 3.6801955366896975 130
1757605000939 6.300865636485239 131
1757605001043 11.554337719629599 132
1757605001148 5.806657464845957 133
1757605001253 8.970510724759134 134
1757605001356 6.506347712595174 135
1757605001462 4.552420732026042 136
1757605001565 12.452558471330006 137
1757605001667 3.6836174164747164 138
1757605001772 11.97823752763246 139
1757605001875 9.151534401593096 140
1757605001977 2.4981413565992527 141
1757605002080 3.8358833187280905 142
1757605002182 9.931080877650873 143
1757605002288 6.696899202120598 144
1757605002391 7.064621356427637 145
1757605002492 11.911284395511883 146
1757605002595 9.08214461849045 147
1757605002724 13.763590664120077 148
1757605002831 4.34701474658599 149
1757605002935 9.600328936629767 150
1757605003037 3.0396000114696995 151
1757605003138 7.820677286763036 152
1757605003241 10.20940852366535 153
1757605003344 4.5507212848022105 154
1757605003447 15.51753179387474 155
1757605003552 11.119893545159238 156
1757605003655 12.343181546832307 157
1757605003758 2.31153490798428 158
1757605003863 4.537741844308327 159
1757605003967 15.52450698414814 160
1757605004071 18.658010241573674 161
1757605004175 4.927365678535183 162
1757605004279 6.221314716126018 163
1757605004384 17.32585916753036 164
1757605004487 4.420356946271485 165
1757605004590 15.50590732459094 166
1757605004693 5.308871456815319 167
1757605004796 10.621334082546534 168
1757605004899 6.796670977887641 169
1757605005002 9.886861476150152 170
1757605005104 7.911614393179591 171
1757605005209 10.48027935366449 172
1757605005313 11.445102524160012 173
1757605005417 5.307466434390856 174
1757605005524 7.024214920508863 175
1757605005629 19.86191867054342 176
1757605005733 10.359430414344985 177
1757605005837 0.8195676745762381 178
1757605005939 4.919072230063998 179
1757605006043 10.501598291310659 180
1757605006147 7.591516384976032 181
1757605006251 11.249772135290304 182
1757605006356 10.965384272933884 183
1757605006462 19.55625679665055 184
1757605006568 9.486205527446069 185
1757605006671 14.129766060917934 186
1757605006774 11.936934389860665 187
1757605006878 6.784959649133477 188
1757605006981 7.166565244117904 189
1757605007088 3.2746238181042413 190
1757605007193 8.69556274851964 191
1757605007300 3.8169032801491682 192
1757605007404 11.170837279521058 193
1757605007510 8.795452437823945 194
1757605007616 6.929646673753057 195
1757605007721 3.403971025379267 196
1757605007825 2.4827325632223576 197
1757605007928 7.76370689089945 198
1757605008033 5.787624759925604 199
1757605008138 11.951096327381372 200
1757605008243 3.2903400527966653 201
1757605008347 12.999698802934274 202
1757605008453 10.279478126798752 203
1757605008557 3.0494924410835136 204
1757605008662 4.136700827677842 205
1757605008765 15.73507040377685 206
1757605008869 10.016224789209113 207
1757605008973 6.781678519211957 208
1757605009077 4.342699249988359 209
1757605009182 7.43260513078737 210
1757605009286 3.335587489390487 211
1757605009389 2.192563270733161 212
1757605009493 7.857084041691635 213
1757605009599 7.948250555971844 214
1757605009703 3.080263732376792 215
1757605009808 16.80821283629275 216
1757605009912 4.914029594196817 217
1757605010017 2.9160516949108293 218
1757605010120 12.366922789225487 219
1757605010224 1.2626712393191801 220
1757605010328 6.047901867269772 221
1757605010433 4.922877108006022 222
1757605010538 11.865833871676955 223
1757605010642 11.216148083972106 224
1757605010747 13.508841482086021 225
1757605010852 8.722286596707347 226
1757605010957 5.458271708784165 227
1757605011061 17.692260412829505 228
1757605011165 12.408749655432455 229
1757605011270 7.227618355359136 230
1757605011375 5.086001940675445 231
1757605011479 10.732424254786222 232
1757605011584 8.10575510414064 233
1757605011689 11.676976215934264 234
1757605011793 3.7495958961882465 235
1757605011896 5.97590818599816 236
1757605012001 8.277309644960587 237
1757605012106 7.56507393819605 238
1757605012211 19.515149414680433 239
1757605012315 7.26936012140531 240
1757605012419 7.729824496881566 241
1757605012524 16.21794807083921 242
1757605012629 10.726137888119101 243
1757605012733 12.009832593048143 244
1757605012839 7.008398642342516 245
1757605012943 13.320348238135256 246
1757605013048 4.762089349548746 247
1757605013153 7.428071140683524 248
1757605013258 11.394008921800046 249
1757605013363 6.587663810282618 250
1757605013470 5.276667237551406 251
1757605013576 2.7490176154415695 252
1757605013681 9.340968044332051 253
1757605013786 7.419060133048376 254
1757605013892 5.065637838459354 255
1757605013996 10.906663957950034 256
1757605014101 16.289873020044222 257
1757605014205 5.290314373246718 258
1757605014311 5.914144444477517 259
1757605014416 6.06457531755186 260
1757605014521 10.733341111347812 261
1757605014626 4.8882284940230445 262
1757605014731 3.7433264482557687 263
1757605014836 5.891466839577859 264
1757605014941 4.878160045866469 265
1757605015046 4.686919763628916 266
1757605015151 7.223426239015824 267
1757605015258 2.7187335842275626 268
1757605015363 10.690454066531935 269
1757605015476 16.772985748797794 270
1757605015582 7.308546484378996 271
1757605015691 9.099304515150457 272
1757605015797 7.154431584173843 273
1757605015903 7.690870294570413 274
1757605016018 2.5371219634112228 275
1757605016121 8.07849902749086 276
1757605016222 28.367814839087913 277
1757605016330 2.2160428712124722 278
1757605016435 6.8430214623225565 279
1757605016541 31.071910082640226 280
1757605016647 5.398919008875972 281
1757605016753 11.356085157582122 282
1757605016859 9.082131698021918 283
1757605016963 4.9614095948031105 284
1757605017069 11.809593491046922 285
1757605017175 12.022936922451361 286
1757605017280 8.95435587348009 287
1757605017387 5.3491387488840845 288
1757605017493 7.786202608574915 289
1757605017601 6.730434209725622 290
1757605017709 13.347067339686854 291
1757605017816 6.905076619008451 292
1757605017922 8.227231025421915 293
1757605018028 18.8212409169111 294
1757605018135 4.451767483836502 295
1757605018240 21.72045824580838 296
1757605018347 2.8753885037666738 297
1757605018454 10.556337757753832 298
1757605018562 14.653528191472393 299
1757605018669 11.157247369379734 300
1757605018777 9.632727344581486 301
1757605018884 11.12928007491979 302
1757605018993 9.263858396656929 303
1757605019104 2.172032509603312 304
1757605019223 7.567829815681592 305
1757605019329 11.915756840937858 306
1757605019437 4.968694643174425 307
1757605019545 29.559030159953654 308
1757605019651 16.687682383309152 309
1757605019757 3.946277594637431 310
1757605019864 2.176691397145672 311
1757605019972 11.295915127359354 312
1757605020078 2.7726204584943575 313
1757605020185 15.662745086980294 314
1757605020292 4.864868143118373 315
1757605020471 6.825506698275663 316
1757605020576 17.67808936454969 317
1757605020683 6.371934412276632 318
1757605020790 1.979947902502261 319
1757605020897 13.583573246188495 320
1757605021004 6.187608468573033 321
1757605021110 4.774706776930656 322
1757605021217 8.097848656095557 323
1757605021323 3.754774409197168 324
1757605021432 9.603586381866855 325
1757605021540 4.455349187476829 326
1757605021648 12.378597840856932 327
1757605021756 2.6772000533391593 328
1757605021863 10.685256745332126 329
1757605021970 4.903682514703877 330
1757605022078 7.400590927767704 331
1757605022186 7.539368528501024 332
1757605022295 21.580875633880993 333
1757605022403 4.339923120344073 334
1757605022512 12.48108617053316 335
1757605022620 2.8884822256167806 336
1757605022728 4.18115036617731 337
1757605022835 15.187032754229941 338
1757605022943 7.5221989794617565 339
1757605023050 6.045262762735737 340
1757605023158 10.712260147044645 341
1757605023266 4.1087163234352655 342
1757605023373 5.5798749436974475 343
1757605023481 11.504553461308998 344
1757605023589 6.184606035471871 345
1757605023716 32.023365513753056 346
1757605023827 5.393501831626618 347
1757605023935 5.432022840772329 348
1757605024044 8.712014257737215 349
1757605024152 9.8990771754537 350
1757605024259 7.444826933388089 351
1757605024368 8.361647931529758 352
1757605024476 7.343975383353525 353
1757605024583 5.315859681735372 354
1757605024689 4.854011726379012 355
1757605024795 5.574684658263431 356
1757605024903 9.279896182403757 357
1757605025012 4.819435494739642 358
1757605025119 21.456905086715725 359
1757605025225 5.106036191856166 360
1757605025333 1.9955281375958984 361
1757605025444 7.693459338341972 362
1757605025553 7.058373547692909 363
1757605025662 12.669467028436117 364
1757605025771 5.584483197216134 365
1757605025878 15.967081054834217 366
1757605025987 11.741070420838264 367
1757605026097 5.58383512150928 368
1757605026207 9.752615839967246 369
1757605026314 8.68721218336674 370
1757605026422 4.11558146714529 371
1757605026533 5.39042456455061 372
1757605026641 5.536076446354195 373
1757605026749 2.1883328765800467 374
1757605026858 9.876704522896123 375
1757605026967 10.846275781496047 376
1757605027075 14.458810045368132 377
1757605027184 3.77906997091048 378
1757605027294 5.918855366781938 379
1757605027403 12.263501223827008 380
1757605027511 2.9501765161521205 381
1757605027619 3.7727987557243696 382
1757605027729 6.344681571668261 383
1757605027839 11.563938682030038 384
1757605027947 6.178015297433086 385
1757605028056 11.329028093815866 386
1757605028165 19.053568699375834 387
1757605028274 4.7127176335335115 388
1757605028383 5.567406647971804 389
1757605028493 12.82532863734059 390
1757605028622 9.922768951361055 391
1757605028733 5.202050215741961 392
1757605028842 8.89289126243315 393
1757605028951 6.090859129599354 394
1757605029059 7.276494982889274 395
1757605029169 7.895978552646675 396
1757605029278 5.799647878008712 397
1757605029388 4.580750764784515 398
1757605029496 7.962260972824287 399
1757605029605 8.818452868231795 400
1757605029716 4.2319602626329855 401
1757605029830 9.884121999438593 402
1757605029941 5.923334798946593 403
1757605030052 15.24793858437528 404
1757605030161 2.581177118001343 405
1757605030271 10.15173298650937 406
1757605030381 11.38843552381156 407
1757605030491 3.3460593037662982 408
1757605030601 4.866087606896891 409
1757605030712 16.791516487621404 410
1757605030822 3.2721950169289276 411
1757605030931 9.926569934371962 412
1757605031042 6.813646131045716 413
1757605031151 2.36957286352578 414
1757605031260 7.385103426679446 415
1757605031371 3.5088641006592054 416
1757605031480 8.839666612374208 417
1757605031588 3.9049180758781388 418
1757605031697 3.267099744931451 419
1757605031807 4.454453241794099 420
1757605031921 32.00463696725739 421
1757605032039 5.921323506774932 422
1757605032154 8.01661881864827 423
1757605032264 4.616499124094883 424
1757605032373 6.957682005986559 425
1757605032482 19.68067515063493 426
1757605032598 13.327933032148263 427
1757605032732 9.508169696281195 428
1757605032846 7.549580945077493 429
1757605032957 3.439474430224721 430
1757605033068 4.946168759144317 431
1757605033178 6.6218731386330125 432
1757605033285 14.998381489219165 433
1757605033396 3.864230139955189 434
1757605033505 10.335067014022957 435
1757605033616 6.163225670461923 436
1757605033726 3.062281926555938 437
1757605033838 15.74556408657378 438
1757605033949 7.266441976533274 439
1757605034061 10.607549849481602 440
1757605034171 4.7440190070151464 441
1757605034282 10.805538932787456 442
1757605034392 13.301499393936984 443
1757605034502 4.9851138174943435 444
1757605034611 6.244379144268828 445
1757605034721 4.55196209806747 446
1757605034830 6.393579670406066 447
1757605034938 3.891953219969916 448
1757605035047 8.233736037718417 449
1757605035155 10.482858742914871 450
1757605035265 12.46123664841574 451
1757605035375 7.3418186009424575 452
1757605035491 4.880455892982331 453
1757605035601 15.219912788212318 454
1757605035710 9.567074022633607 455
1757605035820 3.3709179010895745 456
1757605035929 5.404547365273478 457
1757605036038 8.876184107997004 458
1757605036148 24.645585523185833 459
1757605036256 5.580190779817125 460
1757605036366 7.008142875542249 461
1757605036475 11.252173045286733 462
1757605036585 4.445698039504138 463
1757605036695 15.178943627135325 464
1757605036806 12.488200282062088 465
1757605036915 14.0685480033769 466
1757605037024 6.074800513066198 467
1757605037134 6.057773451076343 468
1757605037245 5.840061146653016 469
1757605037354 8.796210996710457 470
1757605037463 13.0998652818807 471
1757605037572 6.093007053065382 472
1757605037682 19.46723331546448 473
1757605037811 15.52548744212991 474
1757605037923 8.190706938791305 475
1757605038039 6.967610994122196 476
1757605038154 8.897366447630302 477
1757605038278 9.403690412045702 478
1757605038388 10.955232933147334 479
1757605038497 8.315476029462125 480
1757605038606 4.401645176643013 481
1757605038716 6.858831083651276 482
1757605038824 11.012478794299495 483
1757605038934 7.39131640927475 484
1757605039044 18.03963523170029 485
1757605039155 3.2949466303104256 486
1757605039265 9.094849239564875 487
1757605039376 15.191465091238934 488
1757605039486 4.579034313596995 489
1757605039597 1.1485551867828725 490
1757605039706 8.285014633832036 491
1757605039819 8.953653206779927 492
1757605039928 12.980706211189702 493
1757605040038 3.767224000648699 494
1757605040147 14.804796433275284 495
1757605040255 4.434214385864025 496
1757605040364 3.8144945139317303 497
1757605040473 2.5676863366463545 498
1757605040583 11.964447134490547 499
