1757446734138 169.17582318790855 0
1757446734216 169.15037671388595 1
1757446734290 169.12507680534011 2
1757446734366 169.09978084731364 3
1757446734442 169.07448883917942 4
1757446734511 169.04920078031034 5
1757446734576 169.02391667007936 6
1757446734642 168.99863650785954 7
1757446734706 168.97336029302414 8
1757446734771 168.9480880249465 9
1757446734835 168.92281970299996 10
1757446734901 168.89755532655798 11
1757446734964 168.87229489499427 12
1757446735029 168.84703840768248 13
1757446735095 168.82178586399635 14
1757446735159 168.79653726330992 15
1757446735224 168.77129260499706 16
1757446735291 168.74605188843194 17
1757446735357 168.72081511298873 18
1757446735427 168.69558227804174 19
1757446735496 168.67035338296543 20
1757446735568 168.6451284271342 21
1757446735639 168.6199074099228 22
1757446735709 168.5946903307058 23
1757446735778 168.56947718885803 24
1757446735848 168.54426798375442 25
1757446735918 168.51906271476997 26
1757446735987 168.4938613812798 27
1757446736060 168.46866398265908 28
1757446736125 168.44347051828316 29
1757446736192 168.41828098752737 30
1757446736264 168.3930953897673 31
1757446736333 168.3679137243785 32
1757446736402 168.34273599073668 33
1757446736471 168.31756218821766 34
1757446736538 168.29239231619735 35
1757446736603 168.26722637405172 36
1757446736668 168.2420643611569 37
1757446736736 168.2169062768891 38
1757446736805 168.1917521206246 39
1757446736870 168.16660189173984 40
1757446736934 168.1414555896113 41
1757446737006 168.1163132136156 42
1757446737075 168.0911747631294 43
1757446737145 168.06604023752953 44
1757446737216 168.0409096361929 45
1757446737287 168.01578295849654 46
1757446737357 167.99066020381747 47
1757446737425 167.96554137153302 48
1757446737493 167.94042646102034 49
1757446737565 167.91531547165695 50
1757446737638 167.8902084028203 51
1757446737710 167.865105253888 52
1757446737779 167.84000602423774 53
1757446737850 167.81491071324734 54
1757446737922 167.78981932029467 55
1757446737992 167.7647318447578 56
1757446738065 167.73964828601476 57
1757446738133 167.71456864344376 58
1757446738203 167.68949291642312 59
1757446738274 167.66442110433124 60
1757446738344 167.6393532065466 61
1757446738414 167.61428922244775 62
1757446738485 167.58922915141352 63
1757446738553 167.5641729928226 64
1757446738617 167.53912074605387 65
1757446738688 167.5140724104864 66
1757446738772 167.48902798549923 67
1757446738848 167.46398747047158 68
1757446738918 167.43895086478278 69
1757446738990 167.4139181678121 70
1757446739067 167.38888937893918 71
1757446739135 167.36386449754355 72
1757446739209 167.33884352300487 73
1757446739282 167.31382645470296 74
1757446739351 167.2888132920177 75
1757446739425 167.26380403432907 76
1757446739495 167.2387986810172 77
1757446739567 167.21379723146225 78
1757446739635 167.1887996850445 79
1757446739704 167.1638060411443 80
1757446739776 167.13881629914226 81
1757446739849 167.1138304584188 82
1757446739921 167.08884851835475 83
1757446739988 167.06387047833078 84
1757446740059 167.03889633772786 85
1757446740127 167.01392609592693 86
1757446740198 166.98895975230906 87
1757446740269 166.9639973062554 88
1757446740340 166.93903875714733 89
1757446740410 166.91408410436617 90
1757446740480 166.88913334729335 91
1757446740551 166.86418648531048 92
1757446740619 166.83924351779925 93
1757446740686 166.81430444414147 94
1757446740758 166.78936926371892 95
1757446740825 166.76443797591364 96
1757446740891 166.73951058010772 97
1757446740954 166.71458707568323 98
1757446741003 166.68966746202256 99
1757446741059 166.66475173850793 100
1757446741121 166.63983990452198 101
1757446741182 166.61493195944715 102
1757446741247 166.59002790266612 103
1757446741317 166.56512773356172 104
1757446741383 166.54023145151675 105
1757446741453 166.51533905591415 106
1757446741523 166.49045054613705 107
1757446741592 166.46556592156855 108
1757446741663 166.440685181592 109
1757446741733 166.4158083255906 110
1757446741804 166.39093535294796 111
1757446741875 166.36606626304751 112
1757446741945 166.341201055273 113
1757446742017 166.3163397290081 114
1757446742088 166.2914822836367 115
1757446742161 166.26662871854276 116
1757446742231 166.2417790331103 117
1757446742304 166.21693322672348 118
1757446742378 166.1920912987665 119
1757446742449 166.1672532486238 120
1757446742520 166.14241907567975 121
1757446742592 166.1175887793189 122
1757446742657 166.09276235892588 123
1757446742727 166.06793981388543 124
1757446742798 166.0431211435824 125
1757446742869 166.01830634740173 126
1757446742939 165.99349542472842 127
1757446743011 165.96868837494762 128
1757446743083 165.94388519744456 129
1757446743156 165.91908589160454 130
1757446743227 165.89429045681302 131
1757446743298 165.86949889245554 132
1757446743370 165.84471119791766 133
1757446743440 165.81992737258517 134
1757446743512 165.79514741584384 135
1757446743583 165.77037132707963 136
1757446743656 165.7455991056785 137
1757446743727 165.72083075102663 138
1757446743797 165.6960662625102 139
1757446743870 165.67130563951548 140
1757446743942 165.64654888142894 141
1757446744014 165.62179598763706 142
1757446744088 165.5970469575265 143
1757446744158 165.57230179048386 144
1757446744229 165.54756048589599 145
1757446744301 165.52282304314983 146
1757446744373 165.49808946163233 147
1757446744444 165.47335974073064 148
1757446744514 165.44863387983187 149
1757446744586 165.4239118783234 150
1757446744661 165.39919373559258 151
1757446744724 165.3744794510269 152
1757446744780 165.34976902401394 153
1757446744834 165.3250624539414 154
1757446744898 165.30035974019705 155
1757446744958 165.27566088216878 156
1757446745023 165.2509658792446 157
1757446745089 165.22627473081252 158
1757446745159 165.20158743626078 159
1757446745231 165.1769039949776 160
1757446745306 165.15222440635142 161
1757446745379 165.12754866977062 162
1757446745455 165.10287678462385 163
1757446745533 165.07820875029972 164
1757446745607 165.053544566187 165
1757446745682 165.0288842316746 166
1757446745757 165.0042277461514 167
1757446745831 164.9795751090065 168
1757446745906 164.9549263196291 169
1757446745979 164.93028137740836 170
1757446746052 164.9056402817337 171
1757446746124 164.88100303199454 172
1757446746197 164.85636962758045 173
1757446746272 164.831740067881 174
1757446746345 164.807114352286 175
1757446746418 164.78249248018528 176
1757446746495 164.75787445096879 177
1757446746565 164.73326026402648 178
1757446746640 164.7086499187486 179
1757446746706 164.6840434145253 180
1757446746774 164.65944075074694 181
1757446746839 164.63484192680394 182
1757446746910 164.6102469420868 183
1757446746978 164.58565579598616 184
1757446747053 164.56106848789275 185
1757446747122 164.53648501719735 186
1757446747194 164.51190538329092 187
1757446747267 164.48732958556442 188
1757446747342 164.462757623409 189
1757446747417 164.43818949621584 190
1757446747490 164.4136252033762 191
1757446747562 164.3890647442816 192
1757446747635 164.3645081183234 193
1757446747712 164.33995532489334 194
1757446747770 164.31540636338298 195
1757446747834 164.29086123318416 196
1757446747898 164.2663199336888 197
1757446747963 164.24178246428883 198
1757446748028 164.21724882437636 199
1757446748104 164.19271901334355 200
1757446748179 164.16819303058276 201
1757446748256 164.1436708754862 202
1757446748331 164.11915254744648 203
1757446748407 164.09463804585616 204
1757446748483 164.07012737010783 205
1757446748558 164.0456205195943 206
1757446748632 164.02111749370843 207
1757446748706 163.9966182918432 208
1757446748776 163.97212291339162 209
1757446748842 163.94763135774684 210
1757446748915 163.92314362430216 211
1757446748989 163.89865971245086 212
1757446749062 163.87417962158642 213
1757446749137 163.84970335110242 214
1757446749209 163.8252309003924 215
1757446749278 163.80076226885015 216
1757446749354 163.77629745586952 217
1757446749437 163.75183646084443 218
1757446749511 163.7273792831689 219
1757446749589 163.70292592223703 220
1757446749663 163.67847637744305 221
1757446749739 163.6540306481813 222
1757446749813 163.6295887338462 223
1757446749886 163.60515063383218 224
1757446749961 163.58071634753395 225
1757446750035 163.55628587434617 226
1757446750106 163.53185921366364 227
1757446750178 163.50743636488124 228
1757446750249 163.483017327394 229
1757446750320 163.458602100597 230
1757446750393 163.43419068388545 231
1757446750466 163.40978307665458 232
1757446750539 163.38537927829984 233
1757446750615 163.36097928821667 234
1757446750691 163.33658310580063 235
1757446750758 163.3121907304474 236
1757446750822 163.28780216155283 237
1757446750885 163.26341739851264 238
1757446750956 163.23903644072297 239
1757446751029 163.2146592875797 240
1757446751101 163.1902859384791 241
1757446751173 163.16591639281742 242
1757446751246 163.14155064999096 243
1757446751320 163.1171887093962 244
1757446751399 163.09283057042967 245
1757446751472 163.06847623248802 246
1757446751547 163.04412569496796 247
1757446751625 163.01977895726637 248
1757446751697 162.99543601878017 249
1757446751756 162.97109687890637 250
1757446751819 162.94676153704205 251
1757446751888 162.9224299925845 252
1757446751959 162.898102244931 253
1757446752032 162.873778293479 254
1757446752105 162.849458137626 255
1757446752179 162.82514177676953 256
1757446752250 162.80082921030737 257
1757446752321 162.7765204376373 258
1757446752394 162.7522154581572 259
1757446752465 162.7279142712651 260
1757446752538 162.70361687635904 261
1757446752615 162.67932327283722 262
1757446752690 162.65503346009794 263
1757446752763 162.63074743753953 264
1757446752830 162.60646520456052 265
1757446752903 162.58218676055947 266
1757446752975 162.55791210493496 267
1757446753048 162.53364123708587 268
1757446753126 162.50937415641098 269
1757446753200 162.48511086230934 270
1757446753278 162.46085135417988 271
1757446753350 162.4365956314218 272
1757446753421 162.41234369343437 273
1757446753494 162.38809553961684 274
1757446753567 162.3638511693688 275
1757446753640 162.3396105820896 276
1757446753715 162.315373777179 277
1757446753792 162.29114075403666 278
1757446753870 162.26691151206242 279
1757446753952 162.24268605065623 280
1757446754074 162.21846436921805 281
1757446754154 162.194246467148 282
1757446754234 162.1700323438463 283
1757446754306 162.14582199871322 284
1757446754382 162.12161543114917 285
1757446754462 162.09741264055464 286
1757446754539 162.07321362633024 287
1757446754618 162.04901838787669 288
1757446754694 162.0248269245947 289
1757446754773 162.00063923588513 290
1757446754842 161.976455321149 291
1757446754910 161.95227517978736 292
1757446754976 161.9280988112014 293
1757446755046 161.90392621479236 294
1757446755114 161.87975738996158 295
1757446755184 161.85559233611056 296
1757446755258 161.8314310526408 297
1757446755328 161.80727353895392 298
1757446755397 161.78311979445175 299
1757446755468 161.758969818536 300
1757446755542 161.73482361060877 301
1757446755613 161.71068117007192 302
1757446755688 161.68654249632766 303
1757446755765 161.6624075887782 304
1757446755838 161.6382764468258 305
1757446755912 161.61414906987292 306
1757446755992 161.59002545732207 307
1757446756066 161.56590560857583 308
1757446756139 161.54178952303693 309
1757446756215 161.51767720010807 310
1757446756296 161.49356863919223 311
1757446756372 161.46946383969237 312
1757446756449 161.44536280101153 313
1757446756525 161.42126552255291 314
1757446756600 161.39717200371985 315
1757446756677 161.37308224391558 316
1757446756755 161.34899624254368 317
1757446756828 161.3249139990076 318
1757446756900 161.3008355127111 319
1757446756971 161.27676078305785 320
1757446757041 161.2526898094517 321
1757446757109 161.22862259129664 322
1757446757188 161.20455912799667 323
1757446757266 161.18049941895592 324
1757446757343 161.1564434635786 325
1757446757420 161.13239126126902 326
1757446757499 161.1083428114316 327
1757446757578 161.0842981134709 328
1757446757658 161.0602571667915 329
1757446757734 161.0362199707981 330
1757446757810 161.01218652489547 331
1757446757887 160.98815682848854 332
1757446757968 160.96413088098225 333
1757446758047 160.94010868178174 334
1757446758120 160.91609023029213 335
1757446758193 160.89207552591876 336
1757446758267 160.86806456806693 337
1757446758340 160.84405735614212 338
1757446758417 160.82005388954994 339
1757446758497 160.796054167696 340
1757446758575 160.772058189986 341
1757446758654 160.7480659558259 342
1757446758733 160.72407746462153 343
1757446758811 160.700092715779 344
1757446758884 160.67611170870435 345
1757446758956 160.65213444280394 346
1757446759032 160.62816091748394 347
1757446759107 160.6041911321509 348
1757446759186 160.58022508621124 349
1757446759261 160.55626277907157 350
1757446759338 160.53230421013868 351
1757446759440 160.50834937881925 352
1757446759522 160.48439828452018 353
1757446759594 160.4604509266485 354
1757446759667 160.4365073046113 355
1757446759738 160.41256741781572 356
1757446759816 160.38863126566903 357
1757446759894 160.3646988475786 358
1757446759974 160.34077016295194 359
1757446760050 160.3168452111965 360
1757446760129 160.29292399172002 361
1757446760209 160.2690065039302 362
1757446760290 160.24509274723488 363
1757446760366 160.22118272104197 364
1757446760440 160.19727642475956 365
1757446760514 160.17337385779575 366
1757446760597 160.14947501955876 367
1757446760673 160.12557990945686 368
1757446760752 160.10168852689847 369
1757446760830 160.0778008712921 370
1757446760901 160.0539169420464 371
1757446760966 160.03003673857 372
1757446761037 160.0061602602717 373
1757446761108 159.9822875065604 374
1757446761181 159.95841847684503 375
1757446761255 159.93455317053468 376
1757446761331 159.91069158703854 377
1757446761405 159.88683372576583 378
1757446761477 159.86297958612596 379
1757446761556 159.83912916752828 380
1757446761632 159.81528246938242 381
1757446761709 159.791439491098 382
1757446761787 159.76760023208473 383
1757446761862 159.74376469175243 384
1757446761923 159.71993286951107 385
1757446762008 159.6961047647706 386
1757446762084 159.6722803769412 387
1757446762159 159.648459705433 388
1757446762229 159.62464274965635 389
1757446762303 159.6008295090216 390
1757446762379 159.5770199829393 391
1757446762455 159.55321417081996 392
1757446762530 159.5294120720743 393
1757446762601 159.5056136861131 394
1757446762677 159.4818190123472 395
1757446762758 159.45802805018755 396
1757446762833 159.4342407990452 397
1757446762906 159.41045725833132 398
1757446762977 159.3866774274572 399
1757446763064 159.36290130583404 400
1757446763143 159.3391288928734 401
1757446763216 159.31536018798673 402
1757446763297 159.2915951905857 403
1757446763376 159.26783390008197 404
1757446763457 159.2440763158874 405
1757446763537 159.22032243741387 406
1757446763615 159.19657226407332 407
1757446763692 159.17282579527796 408
1757446763773 159.14908303043987 409
1757446763850 159.12534396897138 410
1757446763929 159.1016086102848 411
1757446764008 159.07787695379264 412
1757446764090 159.05414899890752 413
1757446764174 159.03042474504198 414
1757446764250 159.00670419160883 415
1757446764323 158.98298733802093 416
1757446764403 158.95927418369115 417
1757446764479 158.93556472803257 418
1757446764557 158.91185897045833 419
1757446764637 158.88815691038158 420
1757446764712 158.86445854721572 421
1757446764788 158.84076388037406 422
1757446764867 158.81707290927017 423
1757446764942 158.7933856333176 424
1757446765019 158.7697020519301 425
1757446765097 158.74602216452138 426
1757446765174 158.72234597050536 427
1757446765253 158.69867346929598 428
1757446765331 158.6750046603073 429
1757446765410 158.65133954295356 430
1757446765490 158.6276781166489 431
1757446765576 158.6040203808077 432
1757446765651 158.5803663348444 433
1757446765731 158.5567159781736 434
1757446765809 158.5330693102098 435
1757446765888 158.5094263303678 436
1757446765967 158.4857870380624 437
1757446766045 158.4621514327085 438
1757446766122 158.4385195137211 439
1757446766194 158.41489128051532 440
1757446766272 158.39126673250627 441
1757446766350 158.36764586910934 442
1757446766423 158.34402868973982 443
1757446766497 158.3204151938132 444
1757446766575 158.29680538074507 445
1757446766651 158.2731992499511 446
1757446766726 158.24959680084692 447
1757446766798 158.2259980328485 448
1757446766874 158.20240294537174 449
1757446766949 158.17881153783264 450
1757446767019 158.1552238096474 451
1757446767099 158.13163976023213 452
1757446767171 158.1080593890032 453
1757446767245 158.08448269537703 454
1757446767323 158.06090967877006 455
1757446767406 158.03734033859894 456
1757446767485 158.01377467428026 457
1757446767559 157.99021268523094 458
1757446767635 157.96665437086776 459
1757446767712 157.94309973060768 460
1757446767793 157.9195487638678 461
1757446767870 157.89600147006522 462
1757446767943 157.8724578486172 463
1757446768021 157.8489178989411 464
1757446768096 157.82538162045435 465
1757446768172 157.80184901257442 466
1757446768247 157.778320074719 467
1757446768322 157.75479480630577 468
1757446768399 157.73127320675252 469
1757446768477 157.70775527547715 470
1757446768556 157.68424101189765 471
1757446768634 157.6607304154321 472
1757446768718 157.6372234854987 473
1757446768791 157.61372022151576 474
1757446768867 157.5902206229015 475
1757446768946 157.56672468907453 476
1757446769043 157.5432324194533 477
1757446769115 157.51974381345647 478
1757446769188 157.4962588705028 479
1757446769264 157.47277759001108 480
1757446769340 157.44929997140028 481
1757446769415 157.42582601408938 482
1757446769488 157.4023557174975 483
1757446769565 157.37888908104384 484
1757446769641 157.35542610414765 485
1757446769717 157.33196678622838 486
1757446769793 157.3085111267055 487
1757446769869 157.28505912499855 488
1757446769946 157.2616107805272 489
1757446770021 157.23816609271123 490
1757446770098 157.2147250609705 491
1757446770180 157.19128768472487 492
1757446770260 157.16785396339446 493
1757446770335 157.1444238963994 494
1757446770409 157.12099748315984 495
1757446770487 157.09757472309616 496
1757446770569 157.07415561562877 497
1757446770645 157.05074016017812 498
1757446770724 157.02732835616487 499
