1757680714401 160.3891799386201 0
1757680714491 160.2480187956639 1
1757680714581 160.12759307922286 2
1757680714679 160.00725074629062 3
1757680714781 159.88699955202225 4
1757680714879 159.76683942443555 5
1757680714970 159.6467702945662 6
1757680715066 159.52679209350086 7
1757680715163 159.40690475237844 8
1757680715257 159.28710820238996 9
1757680715349 159.16740237477862 10
1757680715446 159.04778720083957 11
1757680715540 158.92826261192016 12
1757680715636 158.80882853941958 13
1757680715732 158.68948491478906 14
1757680715827 158.57023166953172 15
1757680715921 158.45106873520248 16
1757680716022 158.33199604340822 17
1757680716113 158.21301352580755 18
1757680716193 158.09412111411083 19
1757680716283 157.97531874008013 20
1757680716375 157.85660633552922 21
1757680716467 157.7379838323235 22
1757680716561 157.61945116238 23
1757680716649 157.50100825766722 24
1757680716741 157.38265505020533 25
1757680716851 157.26439147206577 26
1757680716952 157.14621745537167 27
1757680717054 157.02813293229735 28
1757680717157 156.91013783506864 29
1757680717259 156.79223209596265 30
1757680717359 156.67441564730765 31
1757680717472 156.55668842148341 32
1757680717573 156.4390503509207 33
1757680717673 156.32150136810156 34
1757680717773 156.20404140555914 35
1757680717879 156.08667039587766 36
1757680717981 155.96938827169242 37
1757680718084 155.85219496568976 38
1757680718182 155.73509041060694 39
1757680718286 155.61807453923223 40
1757680718386 155.50114728440465 41
1757680718483 155.3843085790143 42
1757680718582 155.26755835600193 43
1757680718677 155.15089654835913 44
1757680718779 155.03432308912826 45
1757680718879 154.91783791140242 46
1757680718982 154.80144094832525 47
1757680719085 154.68513213309112 48
1757680719181 154.56891139894498 49
1757680719273 154.45277867918233 50
1757680719369 154.33673390714912 51
1757680719467 154.22077701624198 52
1757680719561 154.10490793990772 53
1757680719655 153.9891266116437 54
1757680719749 153.8734329649976 55
1757680719844 153.75782693356743 56
1757680719938 153.64230845100155 57
1757680720035 153.52687745099846 58
1757680720142 153.41153386730693 59
1757680720250 153.29627763372588 60
1757680720347 153.18110868410443 61
1757680720447 153.0660269523417 62
1757680720540 152.95103237238698 63
1757680720631 152.83612487823945 64
1757680720723 152.72130440394832 65
1757680720823 152.60657088361287 66
1757680720919 152.49192425138204 67
1757680721015 152.37736444145494 68
1757680721111 152.26289138808022 69
1757680721213 152.14850502555652 70
1757680721321 152.0342052882322 71
1757680721416 151.91999211050518 72
1757680721511 151.80586542682335 73
1757680721609 151.69182517168397 74
1757680721712 151.5778712796341 75
1757680721813 151.4640036852702 76
1757680721913 151.35022232323846 77
1757680722008 151.2365271282344 78
1757680722106 151.12291803500304 79
1757680722202 151.00939497833883 80
1757680722299 150.89595789308558 81
1757680722395 150.78260671413653 82
1757680722491 150.66934137643406 83
1757680722586 150.55616181496998 84
1757680722678 150.44306796478526 85
1757680722774 150.33005976097004 86
1757680722869 150.21713713866367 87
1757680722965 150.1043000330546 88
1757680723062 149.99154837938033 89
1757680723163 149.87888211292744 90
1757680723260 149.76630116903155 91
1757680723378 149.65380548307718 92
1757680723480 149.54139499049785 93
1757680723579 149.42906962677588 94
1757680723673 149.31682932744258 95
1757680723769 149.20467402807793 96
1757680723866 149.09260366431087 97
1757680723964 148.98061817181897 98
1757680724059 148.86871748632856 99
1757680724156 148.75690154361456 100
1757680724259 148.64517027950066 101
1757680724352 148.53352362985908 102
1757680724449 148.42196153061056 103
1757680724546 148.31048391772447 104
1757680724639 148.1990907272186 105
1757680724730 148.08778189515922 106
1757680724827 147.97655735766102 107
1757680724923 147.86541705088703 108
1757680725022 147.75436091104868 109
1757680725123 147.6433888744057 110
1757680725222 147.53250087726605 111
1757680725320 147.42169685598597 112
1757680725415 147.31097674696983 113
1757680725511 147.20034048667026 114
1757680725611 147.0897880115879 115
1757680725710 146.97931925827163 116
1757680725807 146.86893416331827 117
1757680725904 146.75863266337262 118
1757680726002 146.64841469512757 119
1757680726101 146.5382801953239 120
1757680726198 146.42822910075026 121
1757680726293 146.31826134824328 122
1757680726390 146.2083768746873 123
1757680726486 146.09857561701452 124
1757680726583 145.98885751220493 125
1757680726675 145.87922249728612 126
1757680726767 145.76967050933357 127
1757680726865 145.6602014854702 128
1757680726962 145.55081536286673 129
1757680727062 145.44151207874134 130
1757680727157 145.33229157035979 131
1757680727380 145.22315377503537 132
1757680727583 145.11409863012884 133
1757680727774 145.00512607304836 134
1757680727972 144.89623604124952 135
1757680728174 144.78742847223526 136
1757680728379 144.67870330355592 137
1757680728555 144.570060472809 138
1757680728683 144.46149991763937 139
1757680728813 144.35302157573906 140
1757680728946 144.24462538484735 141
1757680729086 144.13631128275063 142
1757680729216 144.02807920728236 143
1757680729358 143.91992909632313 144
1757680729492 143.81186088780063 145
1757680729616 143.7038745196894 146
1757680729752 143.59596993001117 147
1757680729886 143.4881470568344 148
1757680730020 143.38040583827456 149
1757680730165 143.27274621249398 150
1757680730297 143.16516811770174 151
1757680730449 143.05767149215384 152
1757680730584 142.950256274153 153
1757680730718 142.84292240204857 154
1757680730850 142.73566981423667 155
1757680730981 142.62849844916008 156
1757680731130 142.52140824530824 157
1757680731256 142.414399141217 158
1757680731391 142.30747107546895 159
1757680731519 142.20062398669305 160
1757680731655 142.09385781356485 161
1757680731793 141.98717249480626 162
1757680731927 141.88056796918568 163
1757680732063 141.77404417551776 164
1757680732210 141.6676010526636 165
1757680732344 141.56123853953054 166
1757680732475 141.45495657507217 167
1757680732619 141.34875509828836 168
1757680732753 141.2426340482252 169
1757680732887 141.13659336397487 170
1757680733022 141.03063298467566 171
1757680733160 140.92475284951206 172
1757680733294 140.8189528977145 173
1757680733429 140.71323306855953 174
1757680733562 140.60759330136958 175
1757680733694 140.5020335355132 176
1757680733831 140.3965537104046 177
1757680733966 140.29115376550413 178
1757680734121 140.18583364031784 179
1757680734251 140.0805932743976 180
1757680734384 139.97543260734116 181
1757680734519 139.87035157879185 182
1757680734654 139.76535012843888 183
1757680734786 139.660428196017 184
1757680734918 139.5555857213067 185
1757680735060 139.45082264413398 186
1757680735199 139.34613890437046 187
1757680735338 139.2415344419333 188
1757680735470 139.13700919678516 189
1757680735607 139.03256310893417 190
1757680735736 138.92819611843387 191
1757680735871 138.8239081653832 192
1757680736006 138.71969918992647 193
1757680736139 138.6155691322534 194
1757680736284 138.51151793259885 195
1757680736428 138.40754553124302 196
1757680736563 138.30365186851134 197
1757680736802 138.19983688477447 198
1757680736915 138.09610052044812 199
1757680737015 137.99244271599323 200
1757680737115 137.88886341191582 201
1757680737216 137.78536254876687 202
1757680737321 137.68194006714248 203
1757680737417 137.57859590768365 204
1757680737518 137.47533001107647 205
1757680737621 137.3721423180518 206
1757680737717 137.26903276938546 207
1757680737820 137.1660013058981 208
1757680737918 137.0630478684553 209
1757680738016 136.96017239796714 210
1757680738118 136.85737483538875 211
1757680738217 136.75465512171982 212
1757680738320 136.65201319800477 213
1757680738419 136.54944900533266 214
1757680738519 136.44696248483712 215
1757680738620 136.34455357769642 216
1757680738720 136.2422222251333 217
1757680738820 136.1399683684152 218
1757680738916 136.03779194885374 219
1757680739017 135.93569290780525 220
1757680739119 135.83367118667033 221
1757680739219 135.73172672689404 222
1757680739327 135.6298594699657 223
1757680739429 135.528069357419 224
1757680739527 135.4263563308319 225
1757680739624 135.32472033182657 226
1757680739727 135.22316130206943 227
1757680739827 135.12167918327106 228
1757680739926 135.02027391718616 229
1757680740031 134.9189454456136 230
1757680740138 134.81769371039627 231
1757680740239 134.71651865342108 232
1757680740341 134.61542021661904 233
1757680740444 134.5143983419651 234
1757680740545 134.4134529714781 235
1757680740645 134.31258404722084 236
1757680740760 134.2117915113 237
1757680740859 134.11107530586608 238
1757680740958 134.0104353731134 239
1757680741062 133.90987165528006 240
1757680741168 133.80938409464787 241
1757680741268 133.70897263354243 242
1757680741374 133.6086372143329 243
1757680741479 133.50837777943224 244
1757680741580 133.40819427129685 245
1757680741683 133.30808663242684 246
1757680741784 133.20805480536578 247
1757680741885 133.1080987327008 248
1757680741986 133.0082183570625 249
1757680742085 132.90841362112496 250
1757680742186 132.80868446760553 251
1757680742288 132.7090308392652 252
1757680742392 132.609452678908 253
1757680742491 132.50994992938155 254
1757680742596 132.41052253357654 255
1757680742707 132.31117043442708 256
1757680742809 132.2118935749104 257
1757680742906 132.1126918980469 258
1757680743001 132.01356534690015 259
1757680743108 131.9145138645769 260
1757680743207 131.81553739422688 261
1757680743306 131.716635879043 262
1757680743408 131.61780926226106 263
1757680743510 131.51905748715996 264
1757680743612 131.42038049706142 265
1757680743715 131.32177823533024 266
1757680743819 131.22325064537404 267
1757680743921 131.12479767064323 268
1757680744023 131.02641925463118 269
1757680744124 130.92811534087394 270
1757680744224 130.82988587295037 271
1757680744331 130.73173079448208 272
1757680744432 130.6336500491333 273
1757680744530 130.535643580611 274
1757680744633 130.43771133266478 275
1757680744731 130.33985324908673 276
1757680744832 130.24206927371165 277
1757680744926 130.14435935041683 278
1757680745023 130.04672342312196 279
1757680745123 129.9491614357894 280
1757680745223 129.85167333242367 281
1757680745325 129.75425905707203 282
1757680745429 129.65691855382386 283
1757680745529 129.55965176681096 284
1757680745629 129.46245864020744 285
1757680745728 129.3653391182297 286
1757680745828 129.26829314513643 287
1757680745928 129.17132066522836 288
1757680746029 129.0744216228486 289
1757680746129 128.97759596238234 290
1757680746233 128.88084362825683 291
1757680746334 128.78416456494148 292
1757680746434 128.68755871694768 293
1757680746536 128.59102602882896 294
1757680746639 128.4945664451807 295
1757680746744 128.39817991064038 296
1757680746846 128.3018663698873 297
1757680746947 128.20562576764266 298
1757680747043 128.10945804866958 299
1757680747145 128.01336315777297 300
1757680747247 127.91734103979957 301
1757680747350 127.82139163963782 302
1757680747451 127.72551490221801 303
1757680747552 127.62971077251204 304
1757680747653 127.53397919553353 305
1757680747754 127.43832011633769 306
1757680747856 127.34273348002142 307
1757680747954 127.24721923172312 308
1757680748058 127.15177731662278 309
1757680748158 127.05640767994193 310
1757680748259 126.96111026694352 311
1757680748364 126.86588502293198 312
1757680748465 126.77073189325317 313
1757680748566 126.67565082329435 314
1757680748670 126.5806417584841 315
1757680748773 126.48570464429238 316
1757680748875 126.39083942623037 317
1757680748973 126.29604604985064 318
1757680749071 126.20132446074683 319
1757680749172 126.10667460455394 320
1757680749273 126.01209642694805 321
1757680749379 125.91758987364638 322
1757680749506 125.8231548904073 323
1757680749615 125.7287914230302 324
1757680749727 125.6344994173556 325
1757680749836 125.54027881926496 326
1757680749950 125.44612957468074 327
1757680750061 125.35205162956638 328
1757680750192 125.25804492992624 329
1757680750296 125.16410942180555 330
1757680750414 125.0702450512904 331
1757680750516 124.97645176450773 332
1757680750618 124.88272950762524 333
1757680750723 124.7890782268515 334
1757680750827 124.69549786843567 335
1757680750930 124.60198837866768 336
1757680751030 124.50854970387822 337
1757680751139 124.41518179043845 338
1757680751264 124.32188458476035 339
1757680751366 124.22865803329626 340
1757680751469 124.13550208253928 341
1757680751572 124.04241667902284 342
1757680751674 123.94940176932103 343
1757680751776 123.85645730004832 344
1757680751882 123.7635832178596 345
1757680751986 123.67077946945017 346
1757680752093 123.5780460015557 347
1757680752194 123.48538276095222 348
1757680752296 123.39278969445604 349
1757680752417 123.30026674892375 350
1757680752564 123.20781387125221 351
1757680752696 123.11543100837847 352
1757680752823 123.02311810727973 353
1757680752944 122.93087511497339 354
1757680753067 122.83870197851701 355
1757680753189 122.74659864500818 356
1757680753317 122.6545650615846 357
1757680753436 122.56260117542395 358
1757680753555 122.47070693374397 359
1757680753670 122.37888228380231 360
1757680753786 122.28712717289663 361
1757680753891 122.19544154836441 362
1757680754003 122.10382535758315 363
1757680754114 122.01227854797003 364
1757680754219 121.92080106698225 365
1757680754324 121.8293928621166 366
1757680754429 121.7380538809098 367
1757680754531 121.64678407093817 368
1757680754638 121.55558337981779 369
1757680754742 121.46445175520445 370
1757680754847 121.37338914479349 371
1757680754954 121.28239549631995 372
1757680755056 121.19147075755839 373
1757680755156 121.10061487632294 374
1757680755262 121.00982780046726 375
1757680755367 120.91910947788448 376
1757680755472 120.82845985650717 377
1757680755579 120.73787888430742 378
1757680755683 120.64736650929666 379
1757680755789 120.5569226795257 380
1757680755897 120.46654734308463 381
1757680756000 120.37624044810298 382
1757680756105 120.28600194274945 383
1757680756212 120.19583177523205 384
1757680756321 120.10572989379801 385
1757680756428 120.01569624673373 386
1757680756543 119.92573078236477 387
1757680756650 119.83583344905578 388
1757680756759 119.7460041952107 389
1757680756864 119.65624296927234 390
1757680756970 119.56654971972263 391
1757680757072 119.47692439508249 392
1757680757174 119.38736694391189 393
1757680757284 119.29787731480971 394
1757680757389 119.20845545641372 395
1757680757495 119.1191013174007 396
1757680757598 119.02981484648616 397
1757680757705 118.94059599242459 398
1757680757805 118.85144470400911 399
1757680757908 118.7623609300718 400
1757680758013 118.6733446194834 401
1757680758120 118.58439572115336 402
1757680758225 118.49551418402984 403
1757680758330 118.40669995709968 404
1757680758437 118.31795298938839 405
1757680758569 118.22927322995994 406
1757680758678 118.140660627917 407
1757680758784 118.05211513240077 408
1757680758887 117.96363669259094 409
1757680758992 117.8752252577057 410
1757680759093 117.78688077700168 411
1757680759195 117.69860319977394 412
1757680759299 117.61039247535597 413
1757680759405 117.52224855311957 414
1757680759513 117.43417138247496 415
1757680759617 117.34616091287063 416
1757680759721 117.2582170937933 417
1757680759831 117.17033987476812 418
1757680759937 117.08252920535821 419
1757680760043 116.99478503516512 420
1757680760163 116.9071073138284 421
1757680760268 116.81949599102582 422
1757680760372 116.73195101647327 423
1757680760479 116.6444723399247 424
1757680760584 116.55705991117208 425
1757680760688 116.46971368004543 426
1757680760793 116.38243359641278 427
1757680760899 116.29521961018011 428
1757680761008 116.20807167129135 429
1757680761131 116.12098972972827 430
1757680761237 116.03397373551061 431
1757680761342 115.94702363869595 432
1757680761445 115.86013938937964 433
1757680761551 115.77332093769483 434
1757680761659 115.6865682338125 435
1757680761774 115.59988122794125 436
1757680761879 115.51325987032753 437
1757680761985 115.42670411125533 438
1757680762091 115.34021390104648 439
1757680762199 115.25378919006012 440
1757680762310 115.16742992869331 441
1757680762414 115.08113606738051 442
1757680762519 114.99490755659373 443
1757680762624 114.90874434684248 444
1757680762742 114.8226463886738 445
1757680762846 114.73661363267215 446
1757680762952 114.65064602945938 447
1757680763059 114.56474352969481 448
1757680763163 114.47890608407505 449
1757680763264 114.39313364333411 450
1757680763371 114.30742615824327 451
1757680763496 114.22178357961108 452
1757680763603 114.1362058582834 453
1757680763709 114.05069294514331 454
1757680763813 113.96524479111095 455
1757680763915 113.87986134714384 456
1757680764023 113.7945425642365 457
1757680764129 113.70928839342058 458
1757680764233 113.62409878576486 459
1757680764345 113.53897369237517 460
1757680764451 113.45391306439426 461
1757680764557 113.36891685300203 462
1757680764659 113.28398500941529 463
1757680764771 113.19911748488778 464
1757680764878 113.11431423071019 465
1757680764985 113.02957519821005 466
1757680765089 112.94490033875178 467
1757680765193 112.86028960373663 468
1757680765295 112.77574294460264 469
1757680765404 112.69126031282465 470
1757680765511 112.60684165991425 471
1757680765618 112.52248693741976 472
1757680765724 112.43819609692609 473
1757680765828 112.35396909005495 474
1757680765934 112.26980586846463 475
1757680766040 112.18570638385005 476
1757680766145 112.10167058794266 477
1757680766248 112.01769843251051 478
1757680766353 111.93378986935818 479
1757680766459 111.84994485032672 480
1757680766567 111.76616332729367 481
1757680766673 111.68244525217303 482
1757680766777 111.59879057691515 483
1757680766955 111.5151992535068 484
1757680767132 111.43167123397122 485
1757680767306 111.3482064703678 486
1757680767487 111.26480491479234 487
1757680767670 111.18146651937691 488
1757680767863 111.09819123628984 489
1757680768110 111.01497901773563 490
1757680768230 110.93182981595501 491
1757680768363 110.84874358322493 492
1757680768521 110.76572027185841 493
1757680768654 110.68275983420453 494
1757680768788 110.59986222264864 495
1757680768923 110.51702738961201 496
1757680769068 110.4342552875519 497
1757680769201 110.35154586896174 498
1757680769340 110.26889908637078 499
