1757652569323 0.34353857883307914 0
1757652569474 6.53564526574978 1
1757652569586 0.739765997829993 2
1757652569702 0.7390721959416016 3
1757652569818 0.4880155351758564 4
1757652569931 0.5298184538853284 5
1757652570045 0.00012558544125126187 6
1757652570157 0.8224052928791703 7
1757652570269 0.014327950813690832 8
1757652570384 0.04626837499646573 9
1757652570499 0.2088838075821693 10
1757652570610 1.6681421883451457 11
1757652570725 0.010420200319269296 12
1757652570838 0.017780314086486924 13
1757652570954 0.9997438227533587 14
1757652571067 1.7274915430976396 15
1757652571183 0.14717071724194705 16
1757652571297 1.4133891529981941 17
1757652571411 0.20412450611248012 18
1757652571523 0.8092445737336204 19
1757652571639 2.039941529550866 20
1757652571752 1.4749943962936432 21
1757652571867 1.7191692669178373 22
1757652571983 0.006934822752910948 23
1757652572105 0.5234564777881543 24
1757652572218 0.006366685515588933 25
1757652572329 1.0670866187301542 26
1757652572445 2.2804640998827224 27
1757652572556 0.14050675920996758 28
1757652572668 0.06496701805779351 29
1757652572781 0.6482825434639141 30
1757652572893 0.014726550342431026 31
1757652573005 4.475923733104016 32
1757652573117 2.095560848714021 33
1757652573229 0.1189492944650694 34
1757652573339 1.2463143513827468 35
1757652573455 6.515419895063581 36
1757652573575 1.078945702318647 37
1757652573692 0.011913220621975052 38
1757652573809 2.693906757301704 39
1757652573926 0.5807322705404928 40
1757652574042 8.105595713104949 41
1757652574160 0.1565656615935955 42
1757652574278 2.0418579876810163 43
1757652574393 0.27612467832800514 44
1757652574510 0.2068456866172311 45
1757652574625 0.7197119896340876 46
1757652574744 0.3231841001875605 47
1757652574861 0.29336848912885927 48
1757652574986 0.4460820728182529 49
1757652575099 0.11959293516852725 50
1757652575213 0.6232998005581462 51
1757652575325 12.12571901791428 52
1757652575439 0.2273321309252689 53
1757652575554 0.34028674509451584 54
1757652575670 0.8065576537876564 55
1757652575788 0.3573024285915608 56
1757652575905 1.8192314372517084 57
1757652576023 1.3152502282319658 58
1757652576139 0.7549103993384795 59
1757652576251 0.8439583408217824 60
1757652576365 0.21667331811602372 61
1757652576478 2.1275928350190485 62
1757652576590 0.022362240625116717 63
1757652576703 0.08083714718911737 64
1757652576816 0.09389268930691487 65
1757652576928 0.852925173926376 66
1757652577041 0.2552981808640834 67
1757652577153 0.5073662479358452 68
1757652577265 0.039161683587807826 69
1757652577377 0.580443326466342 70
1757652577491 0.25016507436877317 71
1757652577603 0.46779469521974243 72
1757652577716 0.05115879896692831 73
1757652577831 0.17261930613106793 74
1757652577947 0.6401761365854297 75
1757652578062 0.399068550290108 76
1757652578175 0.08420026497077075 77
1757652578289 0.07780559964736446 78
1757652578403 0.5664191490306626 79
1757652578516 10.863374442214756 80
1757652578630 0.973513287001508 81
1757652578745 1.6151785414635227 82
1757652578859 0.05816613744188897 83
1757652578973 1.1182841056292196 84
1757652579088 0.711539275892356 85
1757652579208 0.2144641106841563 86
1757652579324 1.1324338431063232 87
1757652579441 3.984456368796855 88
1757652579562 0.5522368552759486 89
1757652579684 0.45076041814174234 90
1757652579804 0.16369395147365937 91
1757652579921 0.02175642360708329 92
1757652580037 0.22121605324113844 93
1757652580154 0.0884595490029798 94
1757652580267 0.38203421005035476 95
1757652580383 0.17754349407845038 96
1757652580502 3.1486245569517846 97
1757652580620 0.05822066650550989 98
1757652580740 0.6071256030364038 99
1757652580861 2.861857127694593 100
1757652580979 0.3720533155276071 101
1757652581095 0.6382314846108884 102
1757652581211 2.3728829599755645 103
1757652581328 0.4558629422603715 104
1757652581443 0.6688888072732122 105
1757652581557 0.33027784582358816 106
1757652581671 1.0511561073059326 107
1757652581786 1.7134190636353488 108
1757652581903 4.071631443847395 109
1757652582019 5.0556930413571095 110
1757652582135 0.7477724624010572 111
1757652582254 1.0917865746482796 112
1757652582375 3.149172175806345 113
1757652582494 0.32331953406030167 114
1757652582612 0.5549204198763826 115
1757652582729 2.1525079199006028 116
1757652582845 1.8665184687804106 117
1757652582960 0.11546468009544643 118
1757652583074 1.1128797925074798 119
1757652583188 1.1658941378289107 120
1757652583317 0.6343689779879165 121
1757652583437 1.087360965129209 122
1757652583555 1.731975844916061 123
1757652583673 0.03435798786310432 124
1757652583787 2.2049719345314145 125
1757652583905 1.3563966482541343 126
1757652584024 0.08263160291504384 127
1757652584142 0.09431823922875306 128
1757652584260 0.22948869974535638 129
1757652584465 1.2946434884040698 130
1757652584580 0.9463859031919727 131
1757652584696 0.523813416000107 132
1757652584815 2.0363359642635497 133
1757652584932 0.1906708773386092 134
1757652585047 0.5093894748085248 135
1757652585161 0.14435494111094044 136
1757652585274 1.162072237483698 137
1757652585403 0.346017038319696 138
1757652585532 3.1448320631126707 139
1757652585657 2.3273351288581248 140
1757652585782 0.13597549055373545 141
1757652585903 0.31571460431023934 142
1757652586019 3.9681448615274673 143
1757652586133 0.4533290708507071 144
1757652586247 0.8727106966491658 145
1757652586367 0.6542660094668873 146
1757652586490 0.17239564046570913 147
1757652586609 0.2278823461369721 148
1757652586733 0.1412587052915719 149
1757652586854 8.62100387183187 150
1757652586973 5.825089282769339 151
1757652587091 0.23893539454066431 152
1757652587207 0.007662951243546886 153
1757652587322 0.2185001221350929 154
1757652587436 0.9124229557599619 155
1757652587550 0.4344507108800579 156
1757652587666 2.194671237713489 157
1757652587782 0.0009764305328872852 158
1757652587899 1.6805937356893503 159
1757652588020 0.8900087074829001 160
1757652588139 0.23253647418954265 161
1757652588255 4.767608365336137 162
1757652588379 0.52163650268272 163
1757652588506 1.3863403611122262 164
1757652588637 1.211029830281317 165
1757652588764 2.494572284966758 166
1757652588887 0.03801625322643738 167
1757652589016 1.5199383675375038 168
1757652589143 0.5954830870870848 169
1757652589269 0.7786179167561856 170
1757652589386 0.7010094963954216 171
1757652589513 0.009308165328848848 172
1757652589643 3.1099511958365 173
1757652589767 1.096933285161174 174
1757652589884 24.688165712273733 175
1757652590001 8.209058361120283 176
1757652590117 6.041366644718818 177
1757652590235 0.45380546338572597 178
1757652590355 4.431306332389953 179
1757652590476 1.2718010661867547 180
1757652590596 0.25338331094200817 181
1757652590713 2.0528434551026056 182
1757652590832 2.2811938125163986 183
1757652590958 0.9325636537210844 184
1757652591087 6.277208727438737 185
1757652591209 0.9737712215343857 186
1757652591327 0.18182614544438994 187
1757652591445 5.96205257083077 188
1757652591562 2.2686198646516234 189
1757652591682 0.39604122028661215 190
1757652591802 0.45271020769788145 191
1757652591918 0.978450110231322 192
1757652592036 0.021190434039135245 193
1757652592198 0.14762009721864525 194
1757652592320 0.6655876691825398 195
1757652592439 0.3586643919475122 196
1757652592556 0.06782561861818806 197
1757652592694 2.8296296131262313 198
1757652592812 0.29336657816494205 199
1757652592928 0.7794184241926619 200
1757652593043 0.11816649469127692 201
1757652593159 0.08752410245393298 202
1757652593277 1.529108509815192 203
1757652593392 1.4865721428402838 204
1757652593508 0.02905485198087191 205
1757652593625 0.7866184318310872 206
1757652593741 0.2375508951853665 207
1757652593858 0.29112637959848037 208
1757652593974 0.6174907755864996 209
1757652594093 0.2954037950463167 210
1757652594213 0.21545991185897623 211
1757652594329 1.7111660125399974 212
1757652594444 1.9187038132130985 213
1757652594559 2.2239010741982894 214
1757652594676 0.3735235552905613 215
1757652594792 0.037335733376978625 216
1757652594910 1.0966896651374627 217
1757652595023 2.5965203438396287 218
1757652595139 0.9166104419447988 219
1757652595273 0.06937460766313527 220
1757652595393 0.0014468143110199388 221
1757652595511 0.06393950426778114 222
1757652595632 0.8970160546397012 223
1757652595786 0.012878267060775545 224
1757652595917 0.10255705766688085 225
1757652596039 1.6973896698368194 226
1757652596160 0.160443715708848 227
1757652596282 0.03894922302589472 228
1757652596402 0.31928905446663874 229
1757652596521 1.3482706508080136 230
1757652596640 0.7761058264048835 231
1757652596758 0.04127011053016909 232
1757652596876 12.099582778411472 233
1757652596993 0.005444686962406418 234
1757652597119 0.25587205552277775 235
1757652597234 8.26553822702408 236
1757652597356 0.0028456274672505203 237
1757652597477 0.6879419074532431 238
1757652597602 0.02265447599105098 239
1757652597723 1.4626433346865375 240
1757652597843 0.16948795046709936 241
1757652597976 0.9260347428041527 242
1757652598117 0.6254762972298095 243
1757652598237 1.4232623927153039 244
1757652598366 1.0729168461412577 245
1757652598495 0.12912875453621406 246
1757652598625 0.5511903737890407 247
1757652598752 1.636744531027634 248
1757652598874 0.1282551942290047 249
1757652599001 0.8228033556837427 250
1757652599123 2.9975343591598316 251
1757652599244 0.3293491462936974 252
1757652599364 2.72835572575475 253
1757652599483 0.8983326460310431 254
1757652599601 0.21338621809546462 255
1757652599724 10.01359887940321 256
1757652599845 0.7504633494151595 257
1757652599969 0.7647032761160854 258
1757652600093 1.1671850246691815 259
1757652600216 8.602408543124442 260
1757652600339 0.1631298302798096 261
1757652600463 1.3149204880959837 262
1757652600586 0.0005935601125806656 263
1757652600709 0.039636744520596665 264
1757652600829 0.3394883730417709 265
1757652600951 9.042957714269493 266
1757652601073 0.20114155108460077 267
1757652601193 0.37023394410397426 268
1757652601314 1.6261729444879178 269
1757652601435 0.09560613167414099 270
1757652601557 0.8163826219947855 271
1757652601679 0.2661084666953041 272
1757652601799 0.42656077234879813 273
1757652601917 0.7494836529782525 274
1757652602038 0.004803473822413474 275
1757652602161 1.6557601006648965 276
1757652602282 2.4318275341429123 277
1757652602406 0.0016711228620888724 278
1757652602528 2.6460256060641685 279
1757652602646 0.010688552629648318 280
1757652602765 0.12366940587085809 281
1757652602885 1.3700322578336765 282
1757652603006 2.2288544886307364 283
1757652603126 0.8662245738068957 284
1757652603246 11.343459274665049 285
1757652603366 0.8479377488019243 286
1757652603485 1.2561539462335376 287
1757652603605 0.008009350626863391 288
1757652603727 0.953452789844054 289
1757652603849 0.0011739694357656113 290
1757652603970 1.222617866471913 291
1757652604092 0.9480723747960468 292
1757652604214 0.0015554332745091074 293
1757652604335 0.0007373286018515742 294
1757652604456 0.23464344666232786 295
1757652604577 0.2248238906160362 296
1757652604698 1.2617140545717773 297
1757652604818 4.553747970855021 298
1757652604938 0.5981311020100176 299
1757652605057 0.40559538305991305 300
1757652605179 0.9493831974927083 301
1757652605300 0.1551173416863712 302
1757652605421 0.12851184449705713 303
1757652605542 2.271511186036828 304
1757652605663 0.13127885572974182 305
1757652605785 3.4297977144620906 306
1757652605906 0.5544534749178707 307
1757652606025 0.1598297924703072 308
1757652606147 2.4462733358856665 309
1757652606269 3.2835045778961733 310
1757652606390 0.3645300531311914 311
1757652606511 0.8134775479023874 312
1757652606631 1.286636542133766 313
1757652606751 7.895104228612237e-05 314
1757652606873 0.038900953510801174 315
1757652606992 0.4140233953835931 316
1757652607113 0.05464390138171204 317
1757652607233 0.40203017189834717 318
1757652607353 0.009591401015621084 319
1757652607473 2.2692726343923164 320
1757652607594 3.333107742178188 321
1757652607717 0.19240637075512174 322
1757652607838 0.6271472266269285 323
1757652607961 0.15135257837192892 324
1757652608081 0.7503848329570114 325
1757652608202 1.4125244629996814 326
1757652608324 1.6790273367158117 327
1757652608479 0.1947237818948289 328
1757652608602 0.7274176634019818 329
1757652608733 0.5918686274451935 330
1757652608856 12.504249756816538 331
1757652608978 2.886099316290835e-05 332
1757652609098 4.887720143360722 333
1757652609221 3.359629969960045 334
1757652609344 0.40771740255629985 335
1757652609466 2.402866367592511 336
1757652609588 0.028309549818564154 337
1757652609710 0.09967836579882883 338
1757652609834 0.020593155540646984 339
1757652609957 6.362477313718334 340
1757652610078 0.6680889233508399 341
1757652610200 0.4223689652644462 342
1757652610323 2.4444990747549786 343
1757652610444 0.3418186287712555 344
1757652610564 6.616942929298911 345
1757652610686 0.09046498590508623 346
1757652610810 0.148074076766982 347
1757652610931 1.0046212994979276 348
1757652611053 0.20114951516853824 349
1757652611174 1.3113748559048042 350
1757652611307 1.3829858991270214 351
1757652611430 8.616096515544218 352
1757652611552 1.9473779497101826 353
1757652611674 0.02583490124059847 354
1757652611796 0.0022251754541647824 355
1757652611919 1.1350411757531098 356
1757652612040 0.024875231289964043 357
1757652612162 0.08980084239471915 358
1757652612285 1.3934773503713138 359
1757652612408 1.3903350361503737 360
1757652612532 6.311504381383272 361
1757652612653 0.1480995195109235 362
1757652612784 7.826865099293926 363
1757652612911 1.2425176174299664 364
1757652613033 0.4288783280651493 365
1757652613156 2.9462126902312273 366
1757652613281 0.42463349401561395 367
1757652613406 1.4642121728300337 368
1757652613535 0.34835490172183553 369
1757652613658 0.26552237477648055 370
1757652613787 3.245617905325745 371
1757652613909 0.36877310691154086 372
1757652614030 0.5994883488786605 373
1757652614151 0.4742007049949787 374
1757652614277 0.36798789619757144 375
1757652614409 4.256654427047909 376
1757652614542 1.312425618666461 377
1757652614673 0.052612045889110066 378
1757652614804 0.06138211146375211 379
1757652614929 7.449863917027727 380
1757652615053 0.038474446834758286 381
1757652615174 0.17215080947947017 382
1757652615299 1.2509299786502561 383
1757652615422 6.079056423601058 384
1757652615545 0.09287150687196732 385
1757652615671 9.112673504887248e-05 386
1757652615800 1.204396178122269 387
1757652615928 0.6620941655663751 388
1757652616054 0.402027747553819 389
1757652616177 6.259611340152198 390
1757652616300 2.804401633319361 391
1757652616425 0.8647956432785309 392
1757652616547 0.2036056122043171 393
1757652616671 0.32141309595185286 394
1757652616797 3.4980816387578733 395
1757652616922 0.30696393477842915 396
1757652617044 2.206239926614576 397
1757652617168 0.6630836199278326 398
1757652617292 2.1180607644744245 399
1757652617415 0.6887159677655815 400
1757652617541 0.20194372227184074 401
1757652617665 2.133601507357055 402
1757652617789 2.279043355543149 403
1757652617913 0.7877213427506728 404
1757652618096 0.016303696543417897 405
1757652618253 0.02316245749023419 406
1757652618375 0.08042722543141877 407
1757652618498 1.367088897350655 408
1757652618622 1.0295307200978647 409
1757652618749 0.45832052949815755 410
1757652618874 2.0473344479540514 411
1757652618998 0.20355683257670934 412
1757652619123 0.27719128647313374 413
1757652619247 0.4702753349821632 414
1757652619396 0.6879964418041156 415
1757652619520 0.048685865530764705 416
1757652619645 0.12249962369054468 417
1757652619770 5.793395266136057 418
1757652619894 1.5053509020853642 419
1757652620019 0.636835977446506 420
1757652620144 1.5222135630914102 421
1757652620268 0.001355002604651134 422
1757652620395 0.16340990337122077 423
1757652620519 0.49247168378418343 424
1757652620643 0.04895673567304404 425
1757652620767 18.37855911771484 426
1757652620896 0.0040001070240949154 427
1757652621130 0.06044126687679421 428
1757652621329 1.471787167548222 429
1757652621464 3.1593409322367076 430
1757652621608 5.521989323301885 431
1757652621750 7.032797094070667 432
1757652621880 0.018713768006868445 433
1757652622006 4.452703940659794e-05 434
1757652622132 1.0351586484139357 435
1757652622259 0.1024476396450287 436
1757652622389 0.06920708744581976 437
1757652622519 12.712560073671305 438
1757652622648 2.2923230031395185 439
1757652622777 0.08906011181366259 440
1757652622910 3.3528969814363654 441
1757652623037 2.5335900498313517 442
1757652623165 0.8390274565438388 443
1757652623295 0.049854682653254656 444
1757652623424 0.001726128092676579 445
1757652623552 0.06995808114635536 446
1757652623680 0.5254677709560073 447
1757652623807 0.4025366001913742 448
1757652623931 0.06898550412126345 449
1757652624060 0.6267061634163726 450
1757652624189 1.2302529786071736 451
1757652624316 6.351509887922908 452
1757652624445 0.06289182484636935 453
1757652624572 1.6402287343952435 454
1757652624697 1.2726272434007186 455
1757652624824 1.8312437497284477 456
1757652624948 0.05365476235149965 457
1757652625074 3.6768823152940238 458
1757652625201 0.046977817651750374 459
1757652625331 0.0813037526482772 460
1757652625461 0.4630033501643057 461
1757652625584 0.3482195760374609 462
1757652625710 0.5577554379225949 463
1757652625855 0.23894223231413259 464
1757652626031 0.5504612383819136 465
1757652626158 1.6407212282674861 466
1757652626283 0.25650114086997383 467
1757652626409 0.7253601915533244 468
1757652626543 0.3468713833725095 469
1757652626705 0.6618467591581573 470
1757652626832 0.4048825017468209 471
1757652626961 0.29041392156927187 472
1757652627089 1.424458436966171 473
1757652627217 3.03577359500445 474
1757652627344 0.18556553947141188 475
1757652627470 0.055992679486245193 476
1757652627594 0.019063848594270204 477
1757652627720 0.5796016735812028 478
1757652627846 0.9929043617428063 479
1757652627978 1.3617950461343913 480
1757652628106 0.4558747582956717 481
1757652628234 0.07439891460023243 482
1757652628362 0.8473498050537271 483
1757652628488 0.032954604429297506 484
1757652628616 0.18993953084203619 485
1757652628753 0.00938155745329266 486
1757652628886 0.4655299594050594 487
1757652629016 0.24155483050411425 488
1757652629140 0.37474523012798283 489
1757652629266 0.20552965093313447 490
1757652629392 2.1861420087724044 491
1757652629520 0.049161228987575654 492
1757652629648 0.4315098311143759 493
1757652629780 1.0619602675580782 494
1757652629923 1.7815476970568438 495
1757652630051 0.20077136097393503 496
1757652630180 0.45462138236661886 497
1757652630309 2.0241398923800547 498
1757652630439 0.00442558223562641 499
