1757630803314 168.86266928634348 0
1757630803391 160.09437649171429 1
1757630803479 156.04043967929582 2
1757630803556 152.03214018633767 3
1757630803633 148.1326602004632 4
1757630803710 144.33809610538123 5
1757630803788 140.64558598521964 6
1757630803867 137.05233376070638 7
1757630803947 133.55562088911236 8
1757630804027 130.1528040153781 9
1757630804105 126.8413128847933 10
1757630804181 123.61864831104748 11
1757630804260 120.48238020094863 12
1757630804340 117.43014563418726 13
1757630804417 114.45964699661153 14
1757630804497 111.56865016551892 15
1757630804578 108.75498274551407 16
1757630804656 106.01653235352117 17
1757630804734 103.35124495157972 18
1757630804813 100.75712322609013 19
1757630804900 98.23222501221336 20
1757630804977 95.77466176216457 21
1757630805055 93.38259705617628 22
1757630805136 91.05424515494036 23
1757630805215 88.787869592372 24
1757630805274 86.58178180757022 25
1757630805343 84.43433981488187 26
1757630805416 82.34394691100579 27
1757630805492 80.30905041810425 28
1757630805574 78.32814046191665 29
1757630805651 76.39974878389964 30
1757630805733 74.52244758644417 31
1757630805820 72.69484841024679 32
1757630805903 70.91560104293863 33
1757630805985 69.18339245809982 34
1757630806067 67.49694578381221 35
1757630806147 65.85501929992618 36
1757630806229 64.25640546324101 37
1757630806306 62.69992995982008 38
1757630806387 61.18445078368423 39
1757630806464 59.70885734114765 40
1757630806544 58.27206958008129 41
1757630806622 56.8730371434084 42
1757630806700 55.51073854615675 43
1757630806778 54.18418037541033 44
1757630806857 52.89239651252246 45
1757630806932 51.63444737696919 46
1757630807009 50.40941919123966 47
1757630807092 49.216423266177046 48
1757630807168 48.05459530619992 49
1757630807248 46.92309473384948 50
1757630807327 45.82110403312422 51
1757630807406 44.747828111078015 52
1757630807485 43.702493677172676 53
1757630807566 42.68434863988995 54
1757630807643 41.69266152012183 55
1757630807723 40.726720880871675 56
1757630807803 39.78583477281119 57
1757630807882 38.869330195251706 58
1757630807959 37.97655257209979 59
1757630808040 37.10686524237986 60
1757630808120 36.25964896491758 61
1757630808199 35.434301436789674 62
1757630808283 34.63023682515622 63
1757630808365 33.84688531210286 64
1757630808441 33.08369265213002 65
1757630808517 32.340119741937094 66
1757630808591 31.61564220215883 67
1757630808672 30.909749970720927 68
1757630808749 30.221946907491173 69
1757630808827 29.551750409911467 70
1757630808912 28.898691039304722 71
1757630808991 28.262312157559347 72
1757630809066 27.642169573902247 73
1757630809148 27.037831201479314 74
1757630809235 26.448876723470182 75
1757630809317 25.874897268471827 76
1757630809403 25.315495094892785 77
1757630809483 24.77028328410699 78
1757630809562 24.238885442123497 79
1757630809642 23.72093540953468 80
1757630809721 23.216076979512685 81
1757630809800 22.72396362362978 82
1757630809877 22.244258225284923 83
1757630809959 21.77663282052478 84
1757630810037 21.32076834605323 85
1757630810117 20.87635439422937 86
1757630810197 20.443088974859386 87
1757630810277 20.02067828359327 88
1757630810356 19.608836476742482 89
1757630810437 19.20728545233985 90
1757630810516 18.815754637268046 91
1757630810597 18.43398078028771 92
1757630810678 18.061707750800974 93
1757630810759 17.69868634319106 94
1757630810839 17.344674086582447 95
1757630810920 16.999435059871093 96
1757630810993 16.662739711877883 97
1757630811069 16.334364686482985 98
1757630811151 16.01409265260236 99
1757630811232 15.701712138871882 100
1757630811313 15.397017372908083 101
1757630811394 15.099808125018216 102
1757630811475 14.809889556235957 103
1757630811554 14.527072070562433 104
1757630811635 14.251171171295633 105
1757630811714 13.982007321334505 106
1757630811795 13.719405807347364 107
1757630811878 13.463196607696974 108
1757630811961 13.213214264018093 109
1757630812043 12.969297756345762 110
1757630812126 12.731290381695835 111
1757630812206 12.499039636001637 112
1757630812288 12.272397099313624 113
1757630812370 12.051218324171263 114
1757630812451 11.835362727059094 115
1757630812534 11.62469348286118 116
1757630812614 11.41907742223074 117
1757630812694 11.21838493179394 118
1757630812776 11.02248985710914 119
1757630812859 10.831269408305019 120
1757630812937 10.64460406832324 121
1757630813016 10.462377503693352 122
1757630813093 10.2844764777695 123
1757630813174 10.110790766360719 124
1757630813256 9.941213075688298 125
1757630813336 9.775638962605637 126
1757630813419 9.613966757017788 127
1757630813501 9.456097486439628 128
1757630813582 9.30193480263334 129
1757630813665 9.15138491026749 130
1757630813747 9.00435649754158 131
1757630813827 8.860760668721605 132
1757630813907 8.72051087853355 133
1757630813987 8.583522868363364 134
1757630814070 8.449714604213192 135
1757630814152 8.319006216365311 136
1757630814233 8.191319940706276 137
1757630814317 8.066580061665345 138
1757630814397 7.944712856722401 139
1757630814481 7.825646542441839 140
1757630814563 7.709311221990173 141
1757630814644 7.595638834096203 142
1757630814728 7.484563103413785 143
1757630814810 7.376019492248369 144
1757630814896 7.269945153609468 145
1757630814975 7.166278885552385 146
1757630815059 7.064961086773458 147
1757630815137 6.965933713424125 148
1757630815223 6.869140237110042 149
1757630815306 6.774525604042479 150
1757630815389 6.682036195310072 151
1757630815473 6.591619788239898 152
1757630815554 6.5032255188178025 153
1757630815637 6.416803845138566 154
1757630815720 6.332306511857522 155
1757630815800 6.249686515615835 156
1757630815885 6.168898071412568 157
1757630815968 6.089896579897309 158
1757630816051 6.012638595557963 159
1757630816134 5.9370817957788775 160
1757630816217 5.863184950745331 161
1757630816297 5.790907894170905 162
1757630816378 5.720211494825091 163
1757630816463 5.651057628838946 164
1757630816546 5.58340915276732 165
1757630816628 5.517229877386805 166
1757630816711 5.452484542209012 167
1757630816794 5.389138790689484 168
1757630816878 5.327159146113012 169
1757630816959 5.266512988136695 170
1757630817042 5.207168529972569 171
1757630817117 5.149094796192192 172
1757630817198 5.092261601135984 173
1757630817282 5.036639527910686 174
1757630817368 4.982199907958685 175
1757630817452 4.928914801183448 176
1757630817535 4.876756976615734 177
1757630817617 4.82569989360566 178
1757630817698 4.775717683526167 179
1757630817783 4.726785131973788 180
1757630817867 4.6788776614529475 181
1757630817953 4.631971314530585 182
1757630818037 4.586042737448093 183
1757630818121 4.541069164177957 184
1757630818203 4.497028400912899 185
1757630818285 4.453898810975616 186
1757630818370 4.4116593001375355 187
1757630818452 4.370289302335301 188
1757630818535 4.329768765774131 189
1757630818617 4.290078139407328 190
1757630818698 4.251198359781645 191
1757630818781 4.213110838238464 192
1757630818861 4.175797448460964 193
1757630818947 4.1392405143578115 194
1757630819030 4.103422798274126 195
1757630819108 4.06832748952071 196
1757630819188 4.03393819321286 197
1757630819270 4.000238919410193 198
1757630819354 3.967214072549275 199
1757630819436 3.9348484411610256 200
1757630819519 3.903127187865051 201
1757630819609 3.872035839633351 202
1757630819701 3.8415602783159972 203
1757630819786 3.8116867314215965 204
1757630819869 3.7824017631455846 205
1757630819951 3.7536922656395637 206
1757630820035 3.7255454505150287 207
1757630820117 3.6979488405751484 208
1757630820200 3.670890261768306 209
1757630820282 3.644357835357347 210
1757630820367 3.6183399702986407 211
1757630820450 3.5928253558252083 212
1757630820533 3.56780295422836 213
1757630820618 3.5432619938323904 214
1757630820702 3.519191962157086 215
1757630820786 3.495582599262887 216
1757630820870 3.4724238912737593 217
1757630820955 3.449706064072875 218
1757630821038 3.4274195771664298 219
1757630821118 3.4055551177109904 220
1757630821197 3.3841035946999325 221
1757630821280 3.363056133304602 222
1757630821364 3.3424040693660264 223
1757630821447 3.3221389440330342 224
1757630821532 3.3022524985428228 225
1757630821616 3.2827366691401076 226
1757630821700 3.2635835821310364 227
1757630821783 3.24478554906827 228
1757630821866 3.226335062063597 229
1757630821947 3.208224789224667 230
1757630822032 3.1904475702124526 231
1757630822115 3.17299641191615 232
1757630822197 3.1558644842423482 233
1757630822282 3.1390451160153714 234
1757630822365 3.122531790985746 235
1757630822449 3.1063181439439154 236
1757630822532 3.0903979569362825 237
1757630822616 3.0747651555808857 238
1757630822700 3.0594138054799256 239
1757630822783 3.044338108726609 240
1757630822872 3.0295324005036783 241
1757630822959 3.014991145771215 242
1757630823047 3.0007089360412533 243
1757630823132 2.986680486236886 244
1757630823211 2.9729006316335784 245
1757630823297 2.95936432488045 246
1757630823382 2.946066633099415 247
1757630823468 2.9330027350600143 248
1757630823553 2.9201679184279645 249
1757630823634 2.9075575770853868 250
1757630823718 2.8951672085208293 251
1757630823801 2.8829924112871637 252
1757630823886 2.871028882525562 253
1757630823969 2.8592724155537605 254
1757630824053 2.847718897516877 255
1757630824136 2.8363643070991427 256
1757630824222 2.825204712294837 257
1757630824305 2.8142362682369293 258
1757630824390 2.803455215081796 259
1757630824474 2.7928578759485734 260
1757630824559 2.7824406549116385 261
1757630824647 2.772200035044833 262
1757630824733 2.762132576516012 263
1757630824819 2.7522349147305896 264
1757630824918 2.7425037585227767 265
1757630825003 2.7329358883932353 266
1757630825094 2.7235281547918815 267
1757630825175 2.714277476444677 268
1757630825253 2.7051808387232206 269
1757630825350 2.6962352920559716 270
1757630825438 2.6874379503800454 271
1757630825522 2.678785989632465 272
1757630825610 2.670276646279829 273
1757630825695 2.6619072158853796 274
1757630825781 2.6536750517124688 275
1757630825869 2.6455775633634877 276
1757630825952 2.6376122154532555 277
1757630826036 2.6297765263160255 278
1757630826123 2.622068066745167 279
1757630826209 2.6144844587646827 280
1757630826294 2.6070233744317215 281
1757630826383 2.5996825346692423 282
1757630826473 2.592459708128065 283
1757630826562 2.585352710077516 284
1757630826655 2.5783594013239135 285
1757630826746 2.5714776871561598 286
1757630826832 2.5647055163177384 287
1757630826923 2.558040880004397 288
1757630827009 2.5514818108868837 289
1757630827096 2.5450263821580164 290
1757630827197 2.538672706603503 291
1757630827278 2.53241893569587 292
1757630827360 2.5262632587108778 293
1757630827446 2.520203901865859 294
1757630827537 2.5142391274793967 295
1757630827623 2.508367233151769 296
1757630827709 2.502586550965651 297
1757630827794 2.496895446706511 298
1757630827883 2.4912923191022163 299
1757630827972 2.485775599081328 300
1757630828058 2.4803437490496 301
1757630828139 2.474995262184234 302
1757630828226 2.4697286617453904 303
1757630828313 2.4645425004045265 304
1757630828400 2.4594353595891523 305
1757630828488 2.4544058488435114 306
1757630828575 2.4494526052048564 307
1757630828662 2.4445742925948437 308
1757630828749 2.4397696012257097 309
1757630828835 2.435037247020814 310
1757630828922 2.4303759710491897 311
1757630829009 2.425784538973761 312
1757630829095 2.4212617405128247 313
1757630829182 2.416806388914518 314
1757630829263 2.41241732044389 315
1757630829344 2.4080933938822806 316
1757630829431 2.4038334900386777 317
1757630829517 2.399636511272753 318
1757630829603 2.395501381029277 319
1757630829690 2.391427043383627 320
1757630829775 2.3874124625980935 321
1757630829861 2.383456622688715 322
1757630829948 2.3795585270023807 323
1757630830035 2.3757171978039286 324
1757630830124 2.371931675873005 325
1757630830211 2.3682010201103982 326
1757630830298 2.364524307153664 327
1757630830384 2.3609006310017473 328
1757630830471 2.3573291026484116 329
1757630830561 2.353808849724256 330
1757630830649 2.3503390161470694 331
1757630830737 2.3469187617803473 332
1757630830825 2.3435472620997566 333
1757630830911 2.3402237078673234 334
1757630830995 2.3369473048131977 335
1757630831082 2.333717273324753 336
1757630831171 2.330532848142886 337
1757630831258 2.3273932780652973 338
1757630831341 2.324297825656604 339
1757630831428 2.321245766965099 340
1757630831514 2.318236391246003 341
1757630831601 2.3152690006910364 342
1757630831689 2.3123429101641713 343
1757630831776 2.3094574469433864 344
1757630831864 2.3066119504682954 345
1757630831953 2.3038057720935035 346
1757630832042 2.301038274847535 347
1757630832126 2.298308833197215 348
1757630832214 2.2956168328173416 349
1757630832304 2.292961670365575 350
1757630832392 2.290342753262329 351
1757630832481 2.287759499475639 352
1757630832567 2.2852113373107996 353
1757630832654 2.2826977052047206 354
1757630832740 2.2802180515248462 355
1757630832825 2.2777718343725364 356
1757630832912 2.2753585213908107 357
1757630833001 2.2729775895763447 358
1757630833089 2.2706285250956104 359
1757630833175 2.2683108231050633 360
1757630833261 2.2660239875752746 361
1757630833341 2.2637675311189303 362
1757630833426 2.261540974822575 363
1757630833525 2.259343848082048 364
1757630833615 2.2571756884414853 365
1757630833704 2.2550360414358224 366
1757630833791 2.252924460436714 367
1757630833879 2.2508405065017816 368
1757630833967 2.248783748227117 369
1757630834054 2.2467537616029642 370
1757630834141 2.244750129872495 371
1757630834229 2.2427724433936116 372
1757630834315 2.2408202995037048 373
1757630834404 2.2388933023872992 374
1757630834494 2.236991062946518 375
1757630834583 2.2351131986742865 376
1757630834670 2.2332593335302326 377
1757630834759 2.231429097819213 378
1757630834865 2.2296221280723834 379
1757630834955 2.2278380669307896 380
1757630835048 2.226076563031393 381
1757630835136 2.2243372708954836 382
1757630835221 2.222619850819423 383
1757630835304 2.2209239687676696 384
1757630835390 2.219249296268017 385
1757630835479 2.2175955103090192 386
1757630835566 2.2159622932395258 387
1757630835653 2.214349332670302 388
1757630835742 2.2127563213776673 389
1757630835830 2.211182957209117 390
1757630835918 2.209628942990875 391
1757630836005 2.2080939864373432 392
1757630836093 2.206577800062395 393
1757630836184 2.2050801010924697 394
1757630836267 2.2036006113814377 395
1757630836359 2.2021390573271913 396
1757630836449 2.200695169789905 397
1757630836537 2.199268684011969 398
1757630836625 2.1978593395395136 399
1757630836710 2.196466880145512 400
1757630836797 2.1950910537544233 401
1757630836885 2.193731612368346 402
1757630836972 2.192388311994623 403
1757630837062 2.1910609125749128 404
1757630837149 2.189749177915641 405
1757630837237 2.1884528756198462 406
1757630837324 2.1871717770203545 407
1757630837408 2.185905657114277 408
1757630837498 2.184654294498798 409
1757630837584 2.1834174713082075 410
1757630837697 2.18219497315218 411
1757630837796 2.18098658905524 412
1757630837890 2.1797921113974095 413
1757630837977 2.1786113358560235 414
1757630838068 2.1774440613486385 415
1757630838157 2.1762900899770767 416
1757630838244 2.1751492269725214 417
1757630838330 2.174021280641688 418
1757630838417 2.1729060623140075 419
1757630838504 2.1718033862898385 420
1757630838598 2.1707130697896515 421
1757630838691 2.169634932904184 422
1757630838790 2.1685687985455573 423
1757630838880 2.1675144923992926 424
1757630838971 2.1664718428772507 425
1757630839061 2.1654406810714595 426
1757630839153 2.164420840708804 427
1757630839247 2.163412158106566 428
1757630839339 2.1624144721287952 429
1757630839421 2.161427624143509 430
1757631768509 2.160451457980667 431
1757631768586 2.1594858198909463 432
1757631768689 2.158530558505265 433
1757631768798 2.1575855247950697 434
1757631768897 2.156650572033349 435
1757631769008 2.1557255557563577 436
1757631769118 2.1548103337260622 437
1757631769233 2.153904765893252 438
1757631769344 2.153008714361347 439
1757631769472 2.152122043350856 440
1757631769610 2.1512446191644763 441
1757631769738 2.150376310152833 442
1757631769868 2.149516986680851 443
1757631770012 2.148666521094705 444
1757631770147 2.147824787689406 445
1757631770282 2.146991662676931 446
1757631770412 2.146167024154958 447
1757631770538 2.145350752076138 448
1757631770661 2.1445427282179312 449
1757631770780 2.14374283615298 450
1757631770896 2.1429509612199973 451
1757631771018 2.1421669904951877 452
1757631771144 2.1413908127641688 453
1757631771274 2.140622318494387 454
1757631771393 2.1398613998080234 455
1757631771534 2.1391079504553714 456
1757631771647 2.1383618657886982 457
1757631771757 2.137623042736545 458
1757631771865 2.1368913797784876 459
1757631771974 2.1361667769203354 460
1757631772082 2.135449135669769 461
1757631772186 2.1347383590123923 462
1757631772280 2.1340343513882005 463
1757631772373 2.133337018668468 464
1757631772469 2.1326462681330223 465
1757631772574 2.1319620084479154 466
1757631772665 2.1312841496434825 467
1757631772762 2.130612603092772 468
1757631772862 2.1299472814903515 469
1757631772980 2.1292880988314713 470
1757631773086 2.1286349703915888 471
1757631773193 2.127987812706237 472
1757631773304 2.12734654355124 473
1757631773411 2.126711081923264 474
1757631773517 2.126081348020688 475
1757631773619 2.1254572632248236 476
1757631773718 2.124838750081417 477
1757631773815 2.1242257322824982 478
1757631773922 2.1236181346485057 479
1757631774028 2.123015883110725 480
1757631774128 2.1224189046940376 481
1757631774222 2.1218271274999174 482
1757631774316 2.1212404806897536 483
1757631774408 2.1206588944684297 484
1757631774499 2.1200823000681743 485
1757631774591 2.1195106297326936 486
1757631774676 2.118943816701551 487
1757631774772 2.1183817951948205 488
1757631774866 2.1178245003979863 489
1757631774962 2.1172718684470895 490
1757631775057 2.1167238364141165 491
1757631775154 2.1161803422926475 492
1757631775256 2.115641324983714 493
1757631775355 2.1151067242819006 494
1757631775449 2.114576480861683 495
1757631775549 2.1140505362639725 496
1757631775643 2.1135288328828876 497
1757631775733 2.113011313952743 498
1757631775842 2.112497923535245 499
