1757659400441 1.0089962865392417 0
1757659400560 0.755886886767688 1
1757659400680 0.00024140891948449912 2
1757659400799 1.6103710514314942 3
1757659400918 1.6548342137504506 4
1757659401036 0.998692293070774 5
1757659401153 0.0876146395555326 6
1757659401273 0.19482619113066857 7
1757659401390 0.0993923997258321 8
1757659401511 0.0009935762773738603 9
1757659401629 1.4178525465652734 10
1757659401747 0.48676083323717834 11
1757659401865 0.6561560648039846 12
1757659401983 0.11254133142897886 13
1757659402106 0.17811127146334432 14
1757659402227 0.5657363289606608 15
1757659402345 0.10129782970665889 16
1757659402463 0.4523869742268282 17
1757659402580 0.915382892298868 18
1757659402697 0.2311639678926751 19
1757659402815 0.5227209040302356 20
1757659402933 0.008887004371179558 21
1757659403050 0.4635333211102175 22
1757659403167 1.0819328430394026 23
1757659403286 0.09568651854289476 24
1757659403403 0.4036224474044449 25
1757659403522 0.0056266578227871025 26
1757659403640 1.3164899419179508 27
1757659403759 1.3133640690346557 28
1757659403925 0.050503057740189976 29
1757659404077 0.3417787915765138 30
1757659404231 0.9457145122367971 31
1757659404387 0.29067968837576913 32
1757659404529 0.2854423612184835 33
1757659404675 0.12861564340252707 34
1757659404821 0.41999833982085194 35
1757659404967 0.4077210492145872 36
1757659405110 0.6229082265663723 37
1757659405258 0.07330207446565873 38
1757659405403 0.0019016014068705574 39
1757659405574 0.4154005599932734 40
1757659405720 3.0719226379305242 41
1757659405866 0.255305950804147 42
1757659406013 0.010545037693158857 43
1757659406160 0.885103019909492 44
1757659406306 3.9797833121541224 45
1757659406455 9.190656317775227e-08 46
1757659406603 1.7208868426979687 47
1757659406746 0.41900565919464966 48
1757659406888 0.07451301446419115 49
1757659407035 0.5137940516497129 50
1757659407182 0.5814408789335431 51
1757659407329 0.4524403805234322 52
1757659407557 0.26781332193833607 53
1757659407706 0.6429767201599504 54
1757659407830 0.1521487002628355 55
1757659407951 0.05667559167820088 56
1757659408072 1.5105599739578688 57
1757659408192 0.24192691653798556 58
1757659408312 0.49537286758967924 59
1757659408432 1.4484308930159446 60
1757659408551 1.7276427119655726 61
1757659408671 0.07879918997507077 62
1757659408790 0.31601704693817184 63
1757659408910 0.5834269718456848 64
1757659409028 2.0378804013781857 65
1757659409147 1.58669589666155 66
1757659409266 0.6234576279888546 67
1757659409385 0.45749803547822987 68
1757659409510 0.235267499059046 69
1757659409631 0.09063085487265864 70
1757659409750 1.293772747344156 71
1757659409869 0.8595691667226465 72
1757659409989 0.708390098292539 73
1757659410108 1.044869715532754 74
1757659410228 0.030098446211989056 75
1757659410346 1.6468204513337814 76
1757659410467 0.012514091514953191 77
1757659410589 0.021527310110136855 78
1757659410724 0.4737079958674555 79
1757659410890 0.0660028042664048 80
1757659411029 1.2019408034133352 81
1757659411163 0.016592793283690194 82
1757659411305 0.10789334946495777 83
1757659411441 1.5352686301949372 84
1757659411572 0.13449277492365008 85
1757659411701 0.2635294414127493 86
1757659411828 0.022551838294139422 87
1757659411977 1.1203635121060078 88
1757659412104 0.00670312936031192 89
1757659412227 3.0654598770559214 90
1757659412704 2.1902859477689933 91
1757659412857 0.2788428939605524 92
1757659413085 0.6464192117040559 93
1757659413226 0.23610832248992938 94
1757659413345 1.057873835603966 95
1757659413465 1.788557762989443 96
1757659413587 0.901657028416696 97
1757659413703 0.25570086996894564 98
1757659413823 0.002234737274956613 99
1757659413943 0.005692600645129125 100
1757659414064 0.10278192765562864 101
1757659414182 0.4556116100512204 102
1757659414303 0.08029633501255759 103
1757659414431 0.6963816243855098 104
1757659414552 0.026978163275631743 105
1757659414674 0.3450462652809894 106
1757659414793 0.1380860868578399 107
1757659414913 0.2629787693428808 108
1757659415033 0.0016967890708688234 109
1757659415151 0.8488881354649679 110
1757659415271 0.16468342233761116 111
1757659415392 2.980227325270791 112
1757659415512 0.007139529152721364 113
1757659415633 11.71849743943089 114
1757659415751 0.034749225417943584 115
1757659415873 0.0001916229844300612 116
1757659415993 0.9103393740589242 117
1757659416112 1.4044706300314735 118
1757659416236 1.2337773073131422 119
1757659416357 1.5157783408487933 120
1757659416478 0.20152250330999918 121
1757659416599 0.0015684725235021102 122
1757659416720 0.12894986909631764 123
1757659416839 0.2635616516674123 124
1757659416960 2.15973297163055 125
1757659417080 0.015322370607818365 126
1757659417202 0.005316534235640576 127
1757659417324 0.1548766358264312 128
1757659417446 0.24097316984050662 129
1757659417568 7.71638646051613e-05 130
1757659417692 1.4233452071572574 131
1757659417819 0.28411195365862035 132
1757660422558 0.0786986709245902 133
1757660422730 0.6347177709239024 134
1757660422867 0.0052342445673329895 135
1757660423002 0.0010200378503691916 136
1757660423129 2.88454757966317 137
1757660423260 0.3435909850916673 138
1757660423389 0.06775537556049059 139
1757660423517 1.5254807070262826 140
1757660423644 0.12579212499468304 141
1757660423772 0.04725246744044149 142
1757660423897 0.04638314486336429 143
1757660424031 0.23116307708222417 144
1757660424188 0.5384573477971138 145
1757660424315 3.5471854364621254 146
1757660424443 0.0016942423437871187 147
1757660424574 0.038646398023619286 148
1757660424699 1.1282320582662024 149
1757660424831 0.5868667184748363 150
1757660424961 0.4824328514972641 151
1757660425101 0.00970782790220716 152
1757660425263 2.687450547228747 153
1757660425448 1.7004843501955873 154
1757660425656 4.732765520962601 155
1757660425886 0.41828778626127583 156
1757660426155 0.009109362624300484 157
1757660426490 0.39619318526870967 158
1757660426920 3.0551598156802875 159
1757660427240 4.504628660212782 160
1757660427563 0.03949638357959126 161
1757660427857 0.9386210080678846 162
1757660428135 0.08099837996817362 163
1757660428366 0.010482730785957416 164
1757660428584 0.00687694837889928 165
1757660428786 1.1332253432144253 166
1757660428987 0.4345499273301809 167
1757660429190 0.46995867726234725 168
1757660429387 2.427603557837055 169
1757660429568 1.164222471295545 170
1757660429746 0.021659339966452987 171
1757660429922 0.5604650820342391 172
1757660430100 0.04056550440162844 173
1757660430272 0.8072313928772322 174
1757660430459 0.1885967644706757 175
1757660430651 0.5034181082184628 176
1757660430869 0.42356912208703085 177
1757660431086 0.9654581259866465 178
1757660431299 0.5972729253595902 179
1757660431506 0.5313315605404616 180
1757660431713 5.7458200300826086 181
1757660431917 0.0230395892319546 182
1757660432105 0.46452438544224395 183
1757660432278 1.040672939230672 184
1757660432443 0.3132337106796486 185
1757660432608 1.6818963477147542 186
1757660432776 0.4539205758896747 187
1757660432942 0.07165230868061831 188
1757660433111 0.00010242833277637673 189
1757660433280 0.0015605078205799833 190
1757660433444 0.0006959631025764709 191
1757660433610 0.04790927338005864 192
1757660433773 0.5489867153312084 193
1757660433942 0.019503284564487067 194
1757660434134 0.06185222736377108 195
1757660434299 0.34870935907046713 196
1757660434464 0.8464933473360418 197
1757660434631 0.17018025272587506 198
1757660434820 0.024410173866731322 199
1757660435010 0.0029343880317945687 200
1757660435195 0.00625602076786216 201
1757660435362 0.022559129795525015 202
1757660435545 1.5950799613783035 203
1757660435711 0.281340229008265 204
1757660435874 0.05715725007018456 205
1757660436033 0.5960754722906249 206
1757660436186 0.913157169851087 207
1757660436338 1.7037350592466751 208
1757660436489 0.05956723924398924 209
1757660436650 1.2266190756078992 210
1757660436803 0.38706016453440123 211
1757660437006 0.9954275287563646 212
1757660437158 1.7705836880595334 213
1757660437305 0.7156000565157064 214
1757660437450 2.8601897287267932 215
1757660437598 0.1481618740498479 216
1757660437744 0.6174598503052354 217
1757660437886 0.7235167681845747 218
1757660438031 1.08179497739978 219
1757660438181 0.5051358299911906 220
1757660438326 0.012866412196564321 221
1757660438470 0.8598997874385369 222
1757660438614 2.517066092773371 223
1757660438758 0.6296321701269362 224
1757660438923 0.35330952151353284 225
1757660439080 0.2439450659845044 226
1757660439250 0.014362591942013248 227
1757660439418 0.13934386940085464 228
1757660439583 0.08932942441355567 229
1757660439748 1.1695916310499288 230
1757660439916 0.24961452484698463 231
1757660440082 0.013590798313387706 232
1757660440249 0.653220417801484 233
1757660440416 1.560272449135054 234
1757660440583 1.371145514493584 235
1757660440751 1.982396849308072 236
1757660440921 0.867199521758586 237
1757660441073 0.02411961333257279 238
1757660441225 0.0056333578769895785 239
1757660441380 0.003185527411315788 240
1757660441535 0.050803833782723004 241
1757660441679 0.019420925864915298 242
1757660441821 0.10893006794013832 243
1757660441965 0.1601359704286224 244
1757660442150 0.793237838187908 245
1757660442346 3.011661595934223 246
1757660442554 0.5599999850779205 247
1757660442760 0.013326653057137974 248
1757660442977 1.3031070587504274 249
1757660443165 0.8732925043608958 250
1757660443365 0.32916079031128714 251
1757660443557 0.20441699707452146 252
1757660443764 0.0896738789136837 253
1757660443969 0.0027220351986175324 254
1757660444196 1.0780626767762456 255
1757660444408 3.0904853610181156 256
1757660444657 0.005229859772163104 257
1757660444902 0.23903054653507808 258
1757660445148 0.06101400309279005 259
1757660445383 0.144045619615259 260
1757660445617 0.0985892923899037 261
1757660445867 1.0053020510951607 262
1757660446103 0.28601604955323434 263
1757660446332 0.6369961444058474 264
1757660446555 0.19536383498108048 265
1757660446819 0.24942121279392301 266
1757660447042 0.25772425883575745 267
1757660447262 0.18591341958035984 268
1757660447477 0.7674523620016437 269
1757660447824 0.0019449031672580793 270
1757660448001 0.6981877528590457 271
1757660448167 0.18306136981233334 272
1757660448326 0.004081300011871946 273
1757660448481 0.059412480813306065 274
1757660448634 0.6935106613849314 275
1757660448780 0.03008575572864712 276
1757660448925 0.758922735687661 277
1757660449070 0.25465932293022253 278
1757660449216 1.7321829208514137 279
1757660449363 0.5688955382608625 280
1757660449503 0.07469564219932652 281
1757660449643 0.00014911140693074472 282
1757660449781 0.18152692481024268 283
1757660449919 0.4394453244071554 284
1757660450061 0.004518179457242791 285
1757660450199 1.0947978027595582 286
1757660450339 1.76410053115689 287
1757660450478 1.8910695443851337 288
1757660450617 0.05055447102463507 289
1757660450759 0.3644474214864186 290
1757660450899 0.12004572244138649 291
1757660451049 0.08294732577553007 292
1757660451193 0.3289884415316217 293
1757660451337 0.7782699308433917 294
1757660451481 0.07881228369572145 295
1757660451623 1.782939401387111 296
1757660451767 1.7141438552428516 297
1757660451910 0.8643801091919954 298
1757660452054 0.4137205230145135 299
1757660452199 3.1882129024019075 300
1757660452343 0.7787228256389935 301
1757660452488 0.5933930181394436 302
1757660452634 0.07980805533268195 303
1757660452779 0.3045618443246809 304
1757660452927 2.1825028735353516 305
1757660453077 0.3602797222157309 306
1757660453225 0.7576973106120145 307
1757660453373 0.001377932726364175 308
1757660453519 5.717281446188452 309
1757660453665 0.12908290203274328 310
1757660453812 0.04998507881015612 311
1757660453958 0.17100281053045754 312
1757660454117 0.41038233576986427 313
1757660454261 0.00011317168474549966 314
1757660454409 0.010094163968773811 315
1757660454558 2.115607402086949 316
1757660454705 0.0015222587523290255 317
1757660454853 0.0007815779639042892 318
1757660455013 0.5632070573442649 319
1757660455182 1.733179410204421 320
1757660455364 0.038672234401365024 321
1757660455546 0.03515395779374557 322
1757660455748 1.0569168614174138 323
1757660455974 0.26274488924762673 324
1757660456207 1.3468362105512992 325
1757660456422 0.5300692322293629 326
1757660456645 1.162688060625116 327
1757660456849 0.01626798784073098 328
1757660457037 0.18561010085636728 329
1757660457214 0.05692930803847608 330
1757660457384 0.5440288484031768 331
1757660457552 0.6043785908367736 332
1757660457709 1.5515436433856518 333
1757660457868 0.3714754144485547 334
1757660458024 1.055177517631809 335
1757660458171 0.19349193151030017 336
1757660458330 0.31659424693366917 337
1757660458480 0.07519840373654407 338
1757660458629 0.6704314590105097 339
1757660458779 1.3102740476097796 340
1757660458927 0.08682488420396264 341
1757660459076 0.9865937448092548 342
1757660459223 0.0020904808354657483 343
1757660459363 0.07074002094373479 344
1757660459506 0.5306480495556188 345
1757660459656 0.21618358615304256 346
1757660459798 0.039548646425751025 347
1757660459939 1.4680807764321904 348
1757660460078 0.16710965214808193 349
1757660460217 2.091875195008475 350
1757660460357 1.1681519549774209 351
1757660460497 0.08825657878158899 352
1757660460637 1.389248435329358 353
1757660460777 0.3210676956611909 354
1757660460918 3.0375267409015305 355
1757660461058 0.5559267648712032 356
1757660461197 0.1767158255712324 357
1757660461336 0.5796514593198354 358
1757660461476 0.2688543305919534 359
1757660461615 0.39187910286965455 360
1757660461754 0.5322874877773248 361
1757660461894 1.2493350789131148 362
1757660462032 1.201227615057318 363
1757660462170 2.041781323026715 364
1757660462316 1.164079071641595 365
1757660462459 1.068584725696701 366
1757660462600 0.6802919345610303 367
1757660462740 1.0769233104313771 368
1757660462880 0.29105616335148465 369
1757660463024 0.048769564213012304 370
1757660463167 0.009818215244229685 371
1757660463310 0.006235534903350143 372
1757660463451 0.25033256457293623 373
1757660463594 0.017297976935959726 374
1757660463736 0.9930218225426196 375
1757660463877 1.9328039220622708 376
1757660464023 0.8048101281258858 377
1757660464172 1.596380699433099 378
1757660464319 0.07390652108714738 379
1757660464466 0.228279140125421 380
1757660464612 0.07840817543997612 381
1757660464758 0.1876052909395898 382
1757660464902 0.010733229458837876 383
1757660465050 1.3411245037005237 384
1757660465198 0.22367175404058853 385
1757660465345 0.0023217757716475725 386
1757660465492 0.25883333622328275 387
1757660465633 0.011937275774394348 388
1757660465777 1.3504205481959903 389
1757660465918 0.6533172025908289 390
1757660466062 0.005756717084717141 391
1757660466224 1.3966161703601916 392
1757660466365 4.877942349284663 393
1757660466507 0.2319688663271726 394
1757660466665 1.3686687315674197 395
1757660466813 0.11386660877734296 396
1757660466961 1.0891915775870793 397
1757660467109 0.28170139567178204 398
1757660467256 0.38427659762302274 399
1757660467404 1.0400390532158206 400
1757660467548 0.02008934389609707 401
1757660467693 0.35765877495718496 402
1757660467838 0.581319886077325 403
1757660467981 0.1667001466173443 404
1757660468122 0.6073616340615194 405
1757660468266 0.5219539259113253 406
1757660468427 0.9714824632282951 407
1757660468586 0.486729189131804 408
1757660468736 1.1320922650480756 409
1757660468903 0.03879203567410224 410
1757660469096 0.6276088536228039 411
1757660469289 1.9329887538785457 412
1757660844393 0.12595682364239008 413
1757660844630 0.48325745212757826 414
1757660844854 0.0077465698649758444 415
1757660845192 0.015085004486355401 416
1757660845885 0.010862826059172045 417
1757660846015 0.13076634809906276 418
1757660846143 0.2952400042271522 419
1757660846269 0.004196503673666959 420
1757660846397 0.2459993594737512 421
1757660846520 0.9045360683162359 422
1757660846654 1.784809236712045 423
1757660846781 0.04122099627819647 424
1757660846907 1.8955108359726676 425
1757660847033 0.01214830722250972 426
1757660847162 0.8553513079938524 427
1757660847287 0.24259424323725462 428
1757660847413 2.6525778014936545 429
1757660847543 3.499021202251302 430
1757660847672 2.743081541225023 431
1757660847815 0.16090267172733302 432
1757660847957 0.01061209272744324 433
1757660848099 0.14304694157423514 434
1757660848225 0.015051070836954323 435
1757660848363 0.4232454849332893 436
1757660848549 5.039417439404323 437
1757660848692 0.050456125590770055 438
1757660848828 0.22355669468230335 439
1757660848957 0.09340456845321711 440
1757660849086 0.011457604559811792 441
1757660849213 0.9380313256645784 442
1757660849343 0.3339596002303341 443
1757660849468 1.570144076989548 444
1757660849592 0.001561781851884151 445
1757660849716 0.46887946155219373 446
1757660849842 1.5116420611481998 447
1757660849971 0.0043507038911283075 448
1757660850197 0.004553112041745636 449
1757660850343 0.3508240010834717 450
1757660850476 0.003825520355423185 451
1757660850633 0.7415368294200899 452
1757660850773 0.0021212661543274156 453
1757660850907 0.5417714923015494 454
1757660851039 0.01982089155746374 455
1757660851173 0.46398884145830377 456
1757660851311 0.3512703923794127 457
1757660851444 0.595041279515361 458
1757660851572 1.069341888255275 459
1757660851700 0.32614463456292114 460
1757660851828 2.3598501411677106 461
1757660851956 0.8951510413831576 462
1757660852086 0.17088810533740423 463
1757660852216 0.4934565357826356 464
1757660852348 0.32563695513272956 465
1757660852478 0.6471858355161139 466
1757660852637 0.07260584413863795 467
1757660852817 0.036148230151689595 468
1757660852998 0.004598168748022594 469
1757660853179 0.8600934680412003 470
1757660853359 0.025779474382252192 471
1757660853521 0.0001084233247482231 472
1757660853693 0.019626189096956684 473
1757660853859 0.004192497435559648 474
1757660854026 0.31430373094128855 475
1757660854208 0.5585381869644219 476
1757660854382 0.06868336235165937 477
1757660854557 0.5034306372354538 478
1757660854726 0.8118025578036501 479
1757660854889 0.3417757899382203 480
1757660855063 1.470267628197563 481
1757660855242 0.00852103104728606 482
1757660855403 0.09335621845809258 483
1757660855565 1.3788157453178544 484
1757660855724 0.8952545536696503 485
1757660855884 0.06538296255814074 486
1757660856038 0.008126239660040852 487
1757660856197 1.4049796702341488 488
1757660856351 0.011946772890987544 489
1757660856530 1.5472130031650342 490
1757660856690 0.6352673000796049 491
1757660856850 0.05409953220244738 492
1757660857138 3.475661542557898 493
1757660857277 0.6591845706498614 494
1757660857410 0.7658517475298869 495
1757660857542 4.417692546267683 496
1757660857671 0.4908555396972698 497
1757660857807 1.7802937638799812 498
1757660857937 0.3501950595988468 499
