1757655711246 169.38634097125342 0
1757655711331 160.52759722779305 1
1757655711418 156.5065130958805 2
1757655711502 152.4850000688199 3
1757655711582 148.56980382633708 4
1757655711668 144.7564461690918 5
1757655711744 141.0425601967903 6
1757655711817 137.42527590536932 7
1757655711893 133.90233802826094 8
1757655711975 130.47101714260796 9
1757655712054 127.12918218993538 10
1757655712130 123.87430590289996 11
1757655712214 120.70413239279851 12
1757655712297 117.61657319057842 13
1757655712371 114.60931294090565 14
1757655712451 111.68041101662203 15
1757655712528 108.82766673094162 16
1757655712608 106.04924402745365 17
1757655712692 103.34311498498455 18
1757655712779 100.70731926642682 19
1757655712869 98.14022033813673 20
1757655712972 95.63979429689802 21
1757655713054 93.20452866954602 22
1757655713131 90.8324968263048 23
1757655713208 88.52227110242119 24
1757655713284 86.27207618365041 25
1757655713366 84.08035877845727 26
1757655713453 81.94569690101757 27
1757655713544 79.8664681080781 28
1757655713631 77.84135777809331 29
1757655713711 75.86882304732596 30
1757655713794 73.9476208976751 31
1757655713874 72.07633840338643 32
1757655713961 70.2536103281796 33
1757655714045 68.4783405727032 34
1757655714130 66.74909414426766 35
1757655714216 65.06486528249586 36
1757655714303 63.42428678168469 37
1757655714385 61.826410656831456 38
1757655714470 60.26998434212945 39
1757655714556 58.75393896952966 40
1757655714641 57.277309575946724 41
1757655714719 55.838955223272585 42
1757655714808 54.43798968441763 43
1757655714898 53.073327317522796 44
1757655714988 51.74413085043583 45
1757655715082 50.449413617009135 46
1757655715172 49.1882223292763 47
1757655715259 47.959829589153856 48
1757655715343 46.76321146781718 49
1757655715421 45.59770704283822 50
1757655715504 44.46233971828582 51
1757655715586 43.35648782479124 52
1757655715670 42.27922002062831 53
1757655715742 41.22995176745716 54
1757655715826 40.20783656326264 55
1757655715908 39.212177884477605 56
1757655715992 38.24235956951419 57
1757655716072 37.2976145115617 58
1757655716151 36.37738256599191 59
1757655716233 35.4809331677997 60
1757655716320 34.60773779983818 61
1757655716409 33.75710084981638 62
1757655716491 32.928533113154515 63
1757655716577 32.12133923932256 64
1757655716661 31.335100772774826 65
1757655716747 30.56916779253322 66
1757655716832 29.82302190810621 67
1757655716919 29.0962125037342 68
1757655717010 28.388153305554308 69
1757655717095 27.698438465050504 70
1757655717178 27.026509230188054 71
1757655717264 26.3719831334813 72
1757655717346 25.73432778201385 73
1757655717434 25.11318283289902 74
1757655717525 24.50804093781904 75
1757655717615 23.918562690991457 76
1757655717703 23.344297719923397 77
1757655717784 22.784809779120142 78
1757655717865 22.239821338722223 79
1757655717951 21.708832515759035 80
1757655718030 21.191601063569333 81
1757655718110 20.687648658343335 82
1757655718238 20.196749513918302 83
1757655718356 19.71844599722542 84
1757655718448 19.252527870126436 85
1757655718541 18.798557182323872 86
1757655718632 18.356338382382848 87
1757655718713 17.9254522452784 88
1757655718797 17.505717090990018 89
1757655718885 17.096760641057017 90
1757655718969 16.69831191062083 91
1757655719056 16.310147453782022 92
1757655719143 15.93193628791621 93
1757655719236 15.5634833174866 94
1757655719332 15.204472454947341 95
1757655719437 14.854720622145763 96
1757655719533 14.513926047365612 97
1757655719625 14.181917013843643 98
1757655719719 13.858405360723863 99
1757655719805 13.543230113464487 100
1757655719890 13.236116052606073 101
1757655719971 12.936912359500068 102
1757655720053 12.645356120341233 103
1757655720135 12.361306117165816 104
1757655720228 12.084536389283215 105
1757655720316 11.814826045856057 106
1757655720404 11.552074542065483 107
1757655720484 11.296006804881674 108
1757655720567 11.046543580171623 109
1757655720649 10.803420537464577 110
1757655720740 10.566565756146922 111
1757655720824 10.335725264546575 112
1757655720906 10.110834053958666 113
1757655720987 9.891654362486165 114
1757655721069 9.678105425256897 115
1757655721156 9.469987547831643 116
1757655721250 9.26721030442769 117
1757655721346 9.06958578582196 118
1757655721441 8.87702981913414 119
1757655721554 8.6893846070274 120
1757655721681 8.506494356438933 121
1757655721775 8.328308784184284 122
1757655721865 8.154622812669173 123
1757655721950 7.985402907493176 124
1757655722042 7.820451438494095 125
1757655722124 7.659739560022588 126
1757655722208 7.503076846037773 127
1757655722294 7.350438862381945 128
1757655722377 7.201642049691538 129
1757655722463 7.056666124652982 130
1757655722553 6.915334073653065 131
1757655722647 6.77762951789833 132
1757655722743 6.643381684304614 133
1757655722841 6.51257786583507 134
1757655722940 6.385053239630201 135
1757655723034 6.260798550483989 136
1757655723117 6.139654649625485 137
1757655723202 6.021615525906717 138
1757655723286 5.906527441966916 139
1757655723373 5.794387434447536 140
1757655723456 5.685065478326688 141
1757655723537 5.578496306800053 142
1757655723630 5.474638732465843 143
1757655723727 5.373383998576027 144
1757655723816 5.274703711751264 145
1757655723900 5.178493273323035 146
1757655723991 5.0847270739802655 147
1757655724077 4.993304558049696 148
1757655724173 4.904202738597536 149
1757655724272 4.817324911902423 150
1757655724370 4.732650561589789 151
1757655724466 4.650086654244245 152
1757655724560 4.569615000502025 153
1757655724655 4.491146064546035 154
1757655724751 4.414663848305777 155
1757655724855 4.340082149342751 156
1757655724954 4.267387032577476 157
1757655725052 4.196495472791045 158
1757655725150 4.1273954766141845 159
1757655725248 4.060007047543764 160
1757655725343 3.9943200192882014 161
1757655725437 3.930257282826664 162
1757655725532 3.8678103906073704 163
1757655725628 3.806920656419098 164
1757655725725 3.747526225396219 165
1757655725824 3.6896418841411287 166
1757655725909 3.633168256450501 167
1757655725999 3.578129604510678 168
1757655726087 3.5244291866409 169
1757655726173 3.4720923995875457 170
1757655726259 3.421025081643937 171
1757655726343 3.371253685898068 172
1757655726427 3.3226865168624227 173
1757655726513 3.275351011092905 174
1757655726595 3.2291578309286155 175
1757655726679 3.184135327759982 176
1757655726765 3.140196418469474 177
1757655726856 3.097370304657248 178
1757655726947 3.055572059324025 179
1757655727038 3.014831673444162 180
1757655727128 2.9750662823310474 181
1757655727219 2.936306609079348 182
1757655727309 2.8984717619025395 183
1757655727401 2.8615931421467162 184
1757655727488 2.8255917456906925 185
1757655727576 2.790499601462001 186
1757655727665 2.7562395117435203 187
1757655727752 2.722844085396887 188
1757655727842 2.6902378536271434 189
1757655727923 2.658337436948432 190
1757655728019 2.6273807727701532 191
1757655728117 2.597101470071719 192
1757655728211 2.567472101639838 193
1757655728306 2.538707041713971 194
1757655728400 2.5106085482866773 195
1757655728490 2.483055800848387 196
1757655728579 2.4563618596072945 197
1757655728668 2.4302321798976707 198
1757655728757 2.4046522493155313 199
1757655728848 2.3798260857431592 200
1757655728938 2.3554630665146443 201
1757655729028 2.3318210850200374 202
1757655729115 2.308718866870325 203
1757655729205 2.286044180025168 204
1757655729292 2.264092937264451 205
1757655729388 2.242590748012821 206
1757655729482 2.2215273714716215 207
1757655729571 2.201094032246054 208
1757655729662 2.1811214717840586 209
1757655729755 2.1615031119231944 210
1757655729851 2.1425229638005714 211
1757655729931 2.1238235418701317 212
1757655730016 2.1057371181231823 213
1757655730102 2.0880066220797047 214
1757655730200 2.07062538215873 215
1757655730290 2.053772865340564 216
1757655730380 2.037200562922149 217
1757655730472 2.0211351235114146 218
1757655730560 2.0054236267251655 219
1757655730651 1.989967686802121 220
1757655730743 1.9750331774875343 221
1757655730832 1.9603793419209607 222
1757655730923 1.9460024787272572 223
1757655731016 1.9320824977288313 224
1757655731099 1.9183491068970473 225
1757655731191 1.9050772367245252 226
1757655731288 1.8920583261710961 227
1757655731384 1.8792666956286208 228
1757655731484 1.866888311277864 229
1757655731581 1.8546787319652525 230
1757655731679 1.842866549276008 231
1757655731782 1.8312938496249103 232
1757655731886 1.8198942672038032 233
1757655731969 1.8088897690899737 234
1757655732055 1.7980034757748131 235
1757655732147 1.787498056278153 236
1757655732237 1.7771804509420621 237
1757655732332 1.7670282531642483 238
1757655732424 1.7572153991223451 239
1757655732517 1.7475158555734007 240
1757655732612 1.7381432831283896 241
1757655732707 1.7289521314779543 242
1757655732796 1.7198810254544523 243
1757655732889 1.7111385777382775 244
1757655732962 1.702467006024611 245
1757655733049 1.6941129689928307 246
1757655733138 1.685896805794532 247
1757655733227 1.6777987831361019 248
1757655733315 1.6699821427993866 249
1757655733406 1.6622367692483462 250
1757655733497 1.6547631015375117 251
1757655733587 1.647426230608315 252
1757655733676 1.6401689870436968 253
1757655733768 1.6331881471095098 254
1757655733855 1.626242476555969 255
1757655733941 1.6195644838999865 256
1757655734027 1.612986081957475 257
1757655734115 1.6064897293900224 258
1757655734207 1.6002291854459445 259
1757655734303 1.5940081128053138 260
1757655734394 1.588025053863157 261
1757655734488 1.5820515712136634 262
1757655734578 1.5763282236902418 263
1757655734681 1.5706721523578286 264
1757655734782 1.5650890323403919 265
1757655734886 1.5597047576833327 266
1757655734981 1.5543533749016138 267
1757655735077 1.5491944708300203 268
1757655735171 1.5441297527593214 269
1757655735268 1.5390860240257558 270
1757655735361 1.534264710477991 271
1757655735456 1.529426153010185 272
1757655735556 1.5248041740797502 273
1757655735653 1.5201612943817089 274
1757655735752 1.5157291577600793 275
1757655735847 1.5113359883293906 276
1757655735940 1.5069889286395468 277
1757655736026 1.5028051409123104 278
1757655736116 1.4986310746914178 279
1757655736210 1.494615510977953 280
1757655736304 1.4906682408208993 281
1757655736398 1.4867196167280503 282
1757655736491 1.4829606663607087 283
1757655736586 1.479165447017187 284
1757655736680 1.47555550297931 285
1757655736774 1.4719067200992009 286
1757655736869 1.4684387749528305 287
1757655736963 1.4649892471586956 288
1757655737063 1.4615664270942381 289
1757655737158 1.458279969943552 290
1757655737247 1.4549867765593019 291
1757655737333 1.4518263624208325 292
1757655737424 1.4486569770786735 293
1757655737514 1.445620222826514 294
1757655737604 1.442621450760528 295
1757655737694 1.4396136466171903 296
1757655737780 1.4367565598884613 297
1757655737874 1.4338585638033743 298
1757655737970 1.4311081317970507 299
1757655738055 1.4283150806291331 300
1757655738147 1.4256663707164547 301
1757655738240 1.423029548142633 302
1757655738330 1.4203930712238573 303
1757655738424 1.4178888144471518 304
1757655738518 1.4153321701898578 305
1757655738617 1.4129227970744058 306
1757655738712 1.4104551979749629 307
1757655738807 1.408132102553362 308
1757655738906 1.4058040753470025 309
1757655739000 1.4034808618037664 310
1757655739091 1.4012614603145734 311
1757655739181 1.399017282020463 312
1757655739281 1.3968747274907178 313
1757655739385 1.3947061877224756 314
1757655739489 1.3926369942327863 315
1757655739581 1.3905938493937364 316
1757655739680 1.3885143765009462 317
1757655739781 1.3865670024868604 318
1757655739882 1.3845548190095958 319
1757655739978 1.382672768675701 320
1757655740061 1.3807250330941334 321
1757655740150 1.3789053732115315 322
1757655740245 1.3770192093906053 323
1757655740342 1.3752591494352362 324
1757655740435 1.3734833723654245 325
1757655740533 1.3717023871464216 326
1757655740632 1.3700088315402092 327
1757655740727 1.3682826037312887 328
1757655740822 1.3666422949335721 329
1757655740918 1.3648726354143965 330
1757655741015 1.3633321796064128 331
1757655741108 1.3617591621934748 332
1757655741204 1.3600473552968009 333
1757655741300 1.3585965571545071 334
1757655741393 1.3569321170263642 335
1757655741491 1.3555268097848334 336
1757655741586 1.3540023197776758 337
1757655741682 1.352498372160273 338
1757655741785 1.351065014416966 339
1757655741877 1.3496967287317325 340
1757655741974 1.3482125211320968 341
1757655742063 1.3468576092293834 342
1757655742151 1.3454380042588525 343
1757655742242 1.3441214188078037 344
1757655742335 1.342832278213353 345
1757655742433 1.3414129938365251 346
1757655742529 1.3402067194540503 347
1757655742631 1.3388712961297948 348
1757655742728 1.3376263671381619 349
1757655742825 1.336441185643475 350
1757655742925 1.3350911567735915 351
1757655743024 1.3339845830584343 352
1757655743121 1.3327657156756225 353
1757655743216 1.3315403213257264 354
1757655743311 1.330402228783271 355
1757655743411 1.3292064982754492 356
1757655743507 1.3281445938819318 357
1757655743605 1.3269963675608554 358
1757655743700 1.325850306074592 359
1757655743805 1.3247750687227509 360
1757655743906 1.3236556534126795 361
1757655744005 1.3226065165024226 362
1757655744091 1.3216020734454923 363
1757655744179 1.3204434565756482 364
1757655744270 1.319508619667143 365
1757655744380 1.318420545637543 366
1757655744477 1.3174390688001805 367
1757655744570 1.3164863009363545 368
1757655744667 1.3153939147223435 369
1757655744771 1.314507939792524 370
1757655744873 1.313525413125067 371
1757655744970 1.3125277306921945 372
1757655745058 1.3116106905198501 373
1757655745149 1.3106333121280946 374
1757655745245 1.3097815946571687 375
1757655745342 1.308842567476303 376
1757655745439 1.307901399381379 377
1757655745533 1.3070253500608664 378
1757655745637 1.306102489841632 379
1757655745736 1.3052444018176417 380
1757655745835 1.3044258819522925 381
1757655745937 1.3034994550107264 382
1757655746034 1.3026738844563484 383
1757655746121 1.3017869472968915 384
1757655746211 1.300977480728942 385
1757655746307 1.3001925697535441 386
1757655746406 1.2992691891590282 387
1757655746501 1.2985430358501011 388
1757655746619 1.2977204174021975 389
1757655746713 1.2968798072251686 390
1757655746807 1.296159319312824 391
1757655746907 1.295266075157827 392
1757655747008 1.2945818053283151 393
1757655747113 1.2937873847440067 394
1757655747213 1.2929881655577233 395
1757655747316 1.2922499937720477 396
1757655747417 1.2914635546199165 397
1757655747518 1.2907379474065672 398
1757655747614 1.2900484135798191 399
1757655747714 1.2892513437844384 400
1757655747807 1.2885504769594647 401
1757655747906 1.2877950839725656 402
1757655748004 1.2870938104615126 403
1757655748098 1.2864375977940685 404
1757655748189 1.2856208651145928 405
1757655748287 1.2850178606805704 406
1757655748384 1.2842118550705837 407
1757655748482 1.2836190464619652 408
1757655748580 1.282906966169395 409
1757655748679 1.282198280530189 410
1757655748776 1.2815814542906734 411
1757655748879 1.2808173808694125 412
1757655748975 1.280231816289674 413
1757655749072 1.2795601652040478 414
1757655749163 1.278861797639281 415
1757655749260 1.2782363367051117 416
1757655749366 1.277548345882746 417
1757655749479 1.2769314908444 418
1757655749588 1.2763346342149295 419
1757655749691 1.2756443980468166 420
1757655749792 1.275033114506544 421
1757655749893 1.274372589621176 422
1757655749993 1.2737690786164435 423
1757655750095 1.2731985316436067 424
1757655750186 1.2724789031628088 425
1757655750278 1.2719573435570213 426
1757655750380 1.2712451382365622 427
1757655750477 1.2707306430906757 428
1757655750573 1.270149779499387 429
1757655750668 1.2694552083006119 430
1757655750759 1.26894405017432 431
1757655750858 1.268256166957779 432
1757655750954 1.267751488431172 433
1757655751051 1.2671516725424092 434
1757655751163 1.2665306905457179 435
1757655751259 1.2659783882363789 436
1757655751355 1.265363524135997 437
1757655751454 1.2648592277179274 438
1757655751558 1.264268151183911 439
1757655751664 1.2636689162010184 440
1757655751767 1.2631245717660509 441
1757655751866 1.262611773887888 442
1757655751962 1.2619512548102647 443
1757655752060 1.2614847865991201 444
1757655752155 1.260829696844719 445
1757655752244 1.2603684057848712 446
1757655752340 1.2598409012406975 447
1757655752431 1.2592005098310144 448
1757655752533 1.2587399581276293 449
1757655752635 1.2581044601094802 450
1757655752736 1.2576486830671678 451
1757655752835 1.2570983444280002 452
1757655752940 1.256526405077731 453
1757655753042 1.256021332225581 454
1757655753139 1.2554614565284095 455
1757655753232 1.2549495070496424 456
1757655753328 1.2544778461542954 457
1757655753426 1.2538912828665756 458
1757655753522 1.2534018733821601 459
1757655753618 1.2528405319239762 460
1757655753714 1.2523551577492684 461
1757655753809 1.2518776257494215 462
1757655753907 1.2512763161338878 463
1757655754005 1.2508430105926465 464
1757655754141 1.2502456024400526 465
1757655754222 1.2498160526949846 466
1757655754300 1.2493431400985124 467
1757655754388 1.2487355765348997 468
1757655754486 1.248327396568865 469
1757655754598 1.2477233646005303 470
1757655754737 1.247318651302937 471
1757655754820 1.2467973870128748 472
1757655754904 1.2462768752639835 473
1757655754986 1.2457990777420815 474
1757655755082 1.2452818443865143 475
1757655755185 1.244848358535096 476
1757655755275 1.2442725756626658 477
1757655755363 1.243863068042701 478
1757655755451 1.2433692726216308 479
1757655755540 1.2428441386261821 480
1757655755630 1.2423932884731397 481
1757655755719 1.2418711133776938 482
1757655755817 1.2414232086727799 483
1757655755907 1.2409826169181115 484
1757655755996 1.2404192426407987 485
1757655756151 1.240021228593637 486
1757655756400 1.2395014894838428 487
1757655756530 1.2390445934370196 488
1757655756623 1.238626772677781 489
1757655756714 1.2380544515546035 490
1757655756800 1.2376788965469787 491
1757655756893 1.2371091730572674 492
1757655756985 1.2367361265216508 493
1757655757076 1.236247222002683 494
1757655757172 1.2357589082343283 495
1757655757263 1.235352777178504 496
1757655757353 1.2348054265311772 497
1757655757444 1.2344223355502364 498
1757655757540 1.233955349505347 499
