1757443730711 164.35923350542566 0
1757443730787 161.1620812577951 1
1757443730858 151.31553607362207 2
1757443730930 145.8331459326469 3
1757443730991 140.7547958301051 4
1757443731051 143.6995982520945 5
1757443731113 132.53299490753594 6
1757443731174 129.45949641923914 7
1757443731238 124.57352199657576 8
1757443731302 122.01654221266097 9
1757443731367 113.95017811695959 10
1757443731435 119.03908593477611 11
1757443731505 107.29237781656008 12
1757443731578 97.51030804009066 13
1757443731651 102.91808387704346 14
1757443731727 97.2315215213904 15
1757443731803 100.7814846303314 16
1757443731868 89.79209710056679 17
1757443731934 87.9662502814815 18
1757443731998 88.63281567892918 19
1757443732052 80.89953180294127 20
1757443732116 73.89123177947624 21
1757443732172 82.88050517700952 22
1757443732228 73.43791078896822 23
1757443732288 71.01630963339329 24
1757443732353 63.69208482206744 25
1757443732417 75.14522436471003 26
1757443732481 65.91398814740411 27
1757443732546 63.08726050817174 28
1757443732614 66.35646135747368 29
1757443732682 59.41045286639603 30
1757443732755 54.98367598322267 31
1757443732818 57.58285970008461 32
1757443732881 58.963482726177766 33
1757443732946 61.56770284399869 34
1757443733011 54.51081016146135 35
1757443733077 54.93695126218322 36
1757443733146 49.78593034525279 37
1757443733213 48.881776480570714 38
1757443733276 48.03490159747633 39
1757443733336 46.72473641718813 40
1757443733400 39.27998493079817 41
1757443733471 47.488909696693376 42
1757443733542 41.561491847255354 43
1757443733611 44.31193755804297 44
1757443733680 41.53301758663551 45
1757443733752 53.133801515996495 46
1757443733823 37.006036727605355 47
1757443733893 43.409547116147515 48
1757443733965 33.58747388639673 49
1757443734030 35.41234179772515 50
1757443734093 38.05180425629957 51
1757443734157 37.617705689130545 52
1757443734225 41.86993791659308 53
1757443734288 36.50743962495776 54
1757443734356 25.06478734297803 55
1757443734418 32.407821519892394 56
1757443734480 26.530655185384276 57
1757443734545 31.486294905004957 58
1757443734615 28.69597031614644 59
1757443734676 39.038242214078196 60
1757443734738 38.201307099547066 61
1757443734807 34.87742579129941 62
1757443734872 33.415584821185064 63
1757443734932 23.769549871451613 64
1757443734996 22.631053446759424 65
1757443735066 28.679661540974486 66
1757443735127 23.308112740762198 67
1757443735189 27.856076407686906 68
1757443735258 34.08608990932108 69
1757443735328 47.09902374581042 70
1757443735401 33.38616186232133 71
1757443735470 22.61774512252054 72
1757443735541 28.828387225336375 73
1757443735609 28.767392272942274 74
1757443735680 26.315621708440887 75
1757443735744 19.142182227421667 76
1757443735812 31.278026136664575 77
1757443735877 30.241104720762216 78
1757443735943 22.682548299834345 79
1757443736011 21.90943741247763 80
1757443736068 16.544852440627658 81
1757443736121 19.833540673433102 82
1757443736173 20.07483125542856 83
1757443736234 20.006723079357545 84
1757443736298 16.996397251383062 85
1757443736360 21.635283539623515 86
1757443736422 21.92135869588535 87
1757443736492 21.102870318008435 88
1757443736560 37.06291269449479 89
1757443736628 24.74067443894228 90
1757443736693 22.380459488662293 91
1757443736755 25.112944432962355 92
1757443736819 28.26377772820299 93
1757443736889 31.761599191005295 94
1757443736956 14.392251656358349 95
1757443737025 15.773263283008369 96
1757443737091 20.730569804464466 97
1757443737162 21.825930129977557 98
1757443737227 14.063401468919453 99
1757443737296 17.91127776522366 100
1757443737369 25.689648040714058 101
1757443737443 20.504570331852364 102
1757443737518 18.21271485339944 103
1757443737590 14.186058649460568 104
1757443737664 8.582034009669812 105
1757443737739 11.311351881874174 106
1757443737809 16.118122776906684 107
1757443737880 22.94852137169806 108
1757443737953 10.85676558825104 109
1757443738030 20.97401372713883 110
1757443738090 23.929853556987084 111
1757443738155 15.638195077734528 112
1757443738226 19.450523842129915 113
1757443738293 16.558855421953886 114
1757443738358 11.876592825775177 115
1757443738426 17.705910536199035 116
1757443738492 15.929011769060693 117
1757443738562 17.487832733964908 118
1757443738637 17.208372978591633 119
1757443738718 16.8506248830002 120
1757443738782 18.85097460666691 121
1757443738848 11.707504599511408 122
1757443738913 11.734854052150338 123
1757443738975 20.447104802682844 124
1757443739045 18.38742517356713 125
1757443739110 19.447863724536017 126
1757443739181 17.46293620109124 127
1757443739246 14.180638575734946 128
1757443739309 11.029557829525286 129
1757443739373 14.665928496615313 130
1757443739443 19.23073414759929 131
1757443739515 22.186342254594603 132
1757443739582 22.594366895378613 133
1757443739649 21.864441724269305 134
1757443739713 18.108590488174226 135
1757443739779 13.220551909069025 136
1757443739847 13.418280239085066 137
1757443739913 16.287322546573247 138
1757443739977 7.837542480910334 139
1757443740046 18.25836558630927 140
1757443740099 24.21695013424468 141
1757443740164 17.649896824330497 142
1757443740237 22.85741409711673 143
1757443740305 15.734769525464872 144
1757443740371 15.70217535160809 145
1757443740439 15.662528495232255 146
1757443740503 14.367258423665737 147
1757443740569 18.771556947956558 148
1757443740638 8.65960614700648 149
1757443740734 13.653467729848948 150
1757443740810 13.363272938830164 151
1757443740885 13.042507785815086 152
1757443740958 11.647306072586645 153
1757443741034 15.229493324277659 154
1757443741106 21.838420735731276 155
1757443741178 21.572679592436618 156
1757443741251 13.223670544951679 157
1757443741332 17.986633897379406 158
1757443741404 10.702427857478076 159
1757443741475 7.633954185020023 160
1757443741544 12.053589919322528 161
1757443741615 12.285137214310556 162
1757443741675 11.947328878548282 163
1757443741742 18.254027349069613 164
1757443741805 12.027827865641811 165
1757443741869 14.224236842765619 166
1757443741931 19.36268294368373 167
1757443741993 25.90424628743837 168
1757443742062 28.73989435770123 169
1757443742118 14.36419776788941 170
1757443742172 17.75455690428518 171
1757443742227 18.268190425148735 172
1757443742288 12.773525347670967 173
1757443742350 13.055081636740812 174
1757443742415 12.624050031854663 175
1757443742487 12.855304578371017 176
1757443742558 19.598774743098165 177
1757443742633 15.359911997610117 178
1757443742706 18.358731821714525 179
1757443742779 20.90697513109384 180
1757443742852 18.21472773879563 181
1757443742922 8.85504052492221 182
1757443742996 16.028034032242083 183
1757443743068 16.63067237085787 184
1757443743144 17.293373520071835 185
1757443743217 12.573945958678477 186
1757443743293 19.638234575606162 187
1757443743361 15.25638214137708 188
1757443743432 10.567626442185816 189
1757443743504 13.214745549211647 190
1757443743575 19.2718601627979 191
1757443743643 15.955823818907481 192
1757443743709 22.76669257395701 193
1757443743775 18.104751657796335 194
1757443743842 9.66085974731191 195
1757443743906 8.54438591997204 196
1757443743977 18.808690547725238 197
1757443744049 9.227734046773369 198
1757443744113 19.140664433383908 199
1757443744179 20.431964422233502 200
1757443744249 18.77089819505842 201
1757443744321 8.591149885195776 202
1757443744395 17.875255518328782 203
1757443744467 29.88795208863566 204
1757443744535 22.88618519328448 205
1757443744608 21.716917588623996 206
1757443744674 16.56620952227948 207
1757443744740 11.681726265621645 208
1757443744807 19.231021029016087 209
1757443744874 13.9936317603367 210
1757443744940 12.387216318964281 211
1757443745003 21.09844133740371 212
1757443745068 12.369932598543713 213
1757443745123 16.361241991667356 214
1757443745179 11.865340888446248 215
1757443745248 11.499679112910476 216
1757443745317 18.016773868641643 217
1757443745382 13.177330381873373 218
1757443745446 20.99694943472107 219
1757443745515 10.128152372312535 220
1757443745591 22.807275518008986 221
1757443745657 13.859828294373372 222
1757443745725 14.789012007740464 223
1757443745794 12.661005179049024 224
1757443745855 11.953955111078125 225
1757443745930 17.542786883308416 226
1757443746003 12.26622403295646 227
1757443746075 18.077236833420777 228
1757443746145 13.241321251953389 229
1757443746209 13.86047528391077 230
1757443746271 9.705894830196453 231
1757443746341 19.279003976652074 232
1757443746410 14.246999604776377 233
1757443746483 11.711828353722815 234
1757443746561 18.459872616614543 235
1757443746627 16.335763110395224 236
1757443746694 23.575436142727455 237
1757443746765 8.433290218971596 238
1757443746822 13.632203867535907 239
1757443746875 13.172287473631187 240
1757443746942 18.4921472823329 241
1757443747011 22.28534412409051 242
1757443747083 21.082369214635303 243
1757443747159 14.95471502254621 244
1757443747233 18.759441008007666 245
1757443747307 22.1912580145591 246
1757443747422 16.199594865516417 247
1757443747495 22.99676347039065 248
1757443747571 21.9937312051468 249
1757443747648 12.468060674293213 250
1757443747725 12.762315138341302 251
1757443747798 26.416810320931614 252
1757443747874 21.31031169636382 253
1757443747949 16.26484918850343 254
1757443748022 22.43545473446431 255
1757443748100 8.264448353738155 256
1757443748175 14.181143289507876 257
1757443748245 12.617722432621896 258
1757443748315 20.538197201482195 259
1757443748389 15.0180030290016 260
1757443748460 26.468931019176217 261
1757443748534 14.728800294721353 262
1757443748614 18.15530334072081 263
1757443748689 11.465858412460653 264
1757443748763 12.872123760878267 265
1757443748840 19.529492488377343 266
1757443748915 21.553165808192567 267
1757443748991 21.348456796717553 268
1757443749068 19.350399686030347 269
1757443749144 12.4191516842928 270
1757443749219 8.52761640937169 271
1757443749296 7.0807771035239835 272
1757443749369 17.479258626201766 273
1757443749446 17.17137009520288 274
1757443749521 14.671512751414747 275
1757443749596 20.64642219067813 276
1757443749675 11.317170666710082 277
1757443749752 20.76131219765418 278
1757443749830 17.975536363467555 279
1757443749906 14.122452823661702 280
1757443749981 8.803135829382994 281
1757443750059 11.724525456984868 282
1757443750137 10.567300899261003 283
1757443750209 14.277843958564805 284
1757443750282 16.424551508706827 285
1757443750355 14.573596599463107 286
1757443750431 14.239037004705269 287
1757443750508 23.8327319504413 288
1757443750585 19.04568354347458 289
1757443750668 19.771565962508546 290
1757443750744 18.467963940130044 291
1757443750819 15.549248314061591 292
1757443750900 10.832136414414283 293
1757443750974 18.799317630008513 294
1757443751053 16.364914002456604 295
1757443751129 19.511470590708605 296
1757443751205 12.036501528427374 297
