1757657782895 169.17582318790855 0
1757657783137 169.16271132760875 1
1757657783385 169.15027452396484 2
1757657783471 169.1376960400922 3
1757657783550 169.1251185095499 4
1757657783628 169.1125419268722 5
1757657783713 169.09996629198753 6
1757657783797 169.0873916048244 7
1757657783882 169.07481786531116 8
1757657783967 169.06224507337615 9
1757657784044 169.04967322894777 10
1757657784131 169.03710233195446 11
1757657784212 169.02453238232457 12
1757657784294 169.0119633799865 13
1757657784381 168.99939532486874 14
1757657784463 168.98682821689965 15
1757657784549 168.9742620560077 16
1757657784637 168.96169684212123 17
1757657784723 168.94913257516873 18
1757657784816 168.93656925507864 19
1757657784910 168.9240068817794 20
1757657785001 168.91144545519944 21
1757657785084 168.89888497526726 22
1757657785169 168.88632544191128 23
1757657785251 168.87376685506 24
1757657785334 168.86120921464183 25
1757657785420 168.84865252058535 26
1757657785510 168.83609677281893 27
1757657785606 168.82354197127114 28
1757657785691 168.81098811587043 29
1757657785773 168.79843520654532 30
1757657785857 168.78588324322433 31
1757657785940 168.7733322258359 32
1757657786024 168.76078215430863 33
1757657786103 168.74823302857098 34
1757657786181 168.73568484855147 35
1757657786263 168.7231376141787 36
1757657786351 168.71059132538113 37
1757657786442 168.6980459820874 38
1757657786535 168.68550158422593 39
1757657786625 168.67295813172538 40
1757657786721 168.66041562451423 41
1757657786810 168.6478740625211 42
1757657786901 168.63533344567455 43
1757657786990 168.6227937739031 44
1757657787079 168.6102550471354 45
1757657787170 168.59771726530002 46
1757657787261 168.58518042832551 47
1757657787348 168.57264453614053 48
1757657787435 168.5601095886736 49
1757657787524 168.54757558585342 50
1757657787613 168.53504252760854 51
1757657787703 168.5225104138676 52
1757657787793 168.5099792445592 53
1757657787882 168.497449019612 54
1757657787972 168.48491973895457 55
1757657788061 168.47239140251565 56
1757657788146 168.4598640102238 57
1757657788230 168.44733756200776 58
1757657788323 168.43481205779605 59
1757657788408 168.42228749751746 60
1757657788498 168.4097638811006 61
1757657788586 168.39724120847413 62
1757657788681 168.38471947956677 63
1757657788776 168.37219869430714 64
1757657788861 168.359678852624 65
1757657788948 168.34715995444597 66
1757657789038 168.33464199970183 67
1757657789146 168.3221249883202 68
1757657789241 168.30960892022986 69
1757657789333 168.29709379535947 70
1757657789430 168.28457961363782 71
1757657789523 168.27206637499356 72
1757657789609 168.2595540793554 73
1757657789693 168.2470427266522 74
1757657789779 168.23453231681262 75
1757657789874 168.2220228497654 76
1757657789964 168.20951432543933 77
1757657790052 168.19700674376313 78
1757657790137 168.18450010466557 79
1757657790219 168.17199440807548 80
1757657790305 168.15948965392153 81
1757657790389 168.14698584213258 82
1757657790475 168.1344829726374 83
1757657790562 168.12198104536472 84
1757657790650 168.10948006024344 85
1757657790741 168.09698001720227 86
1757657790827 168.08448091617007 87
1757657790912 168.07198275707563 88
1757657790992 168.05948553984777 89
1757657791080 168.04698926441532 90
1757657791167 168.0344939307071 91
1757657791248 168.02199953865193 92
1757657791335 168.0095060881787 93
1757657791422 167.9970135792162 94
1757657791513 167.9845220116933 95
1757657791600 167.97203138553886 96
1757657791689 167.95954170068174 97
1757657791776 167.94705295705077 98
1757657791863 167.93456515457487 99
1757657791951 167.9220782931829 100
1757657792043 167.90959237280373 101
1757657792132 167.89710739336624 102
1757657792213 167.88462335479937 103
1757657792296 167.872140257032 104
1757657792381 167.85965809999297 105
1757657792466 167.84717688361127 106
1757657792554 167.8346966078158 107
1757657792640 167.82221727253545 108
1757657792724 167.80973887769917 109
1757657792816 167.79726142323585 110
1757657792914 167.78478490907446 111
1757657793004 167.77230933514394 112
1757657793097 167.75983470137322 113
1757657793187 167.7473610076913 114
1757657793274 167.7348882540271 115
1757657793357 167.72241644030956 116
1757657793444 167.70994556646767 117
1757657793530 167.6974756324304 118
1757657793614 167.68500663812677 119
1757657793697 167.6725385834857 120
1757657793783 167.6600714684362 121
1757657793870 167.64760529290731 122
1757657793958 167.63514005682796 123
1757657794047 167.62267576012718 124
1757657794134 167.610212402734 125
1757657794218 167.59774998457743 126
1757657794298 167.5852885055865 127
1757657794381 167.5728279656902 128
1757657794466 167.5603683648176 129
1757657794551 167.54790970289773 130
1757657794637 167.53545197985963 131
1757657794725 167.52299519563232 132
1757657794808 167.51053935014488 133
1757657794892 167.4980844433264 134
1757657794981 167.48563047510592 135
1757657795072 167.47317744541246 136
1757657795164 167.46072535417517 137
1757657795249 167.4482742013231 138
1757657795337 167.43582398678532 139
1757657795428 167.42337471049095 140
1757657795523 167.41092637236906 141
1757657795612 167.39847897234878 142
1757657795703 167.38603251035923 143
1757657795793 167.37358698632946 144
1757657795887 167.36114240018864 145
1757657795981 167.34869875186587 146
1757657796074 167.3362560412903 147
1757657796169 167.32381426839103 148
1757657796255 167.31137343309732 149
1757657796339 167.29893353533808 150
1757657796436 167.2864945750427 151
1757657796529 167.2740565521402 152
1757657796613 167.26161946655975 153
1757657796700 167.2491833182306 154
1757657796789 167.23674810708178 155
1757657796877 167.22431383304263 156
1757657796967 167.2118804960422 157
1757657797066 167.19944809600977 158
1757657797161 167.18701663287447 159
1757657797253 167.17458610656556 160
1757657797344 167.16215651701216 161
1757657797436 167.14972786414356 162
1757657797524 167.13730014788896 163
1757657797614 167.12487336817753 164
1757657797705 167.11244752493855 165
1757657797795 167.10002261810124 166
1757657797884 167.08759864759477 167
1757657797972 167.07517561334848 168
1757657798064 167.06275351529155 169
1757657798156 167.0503323533533 170
1757657798245 167.03791212746293 171
1757657798334 167.0254928375497 172
1757657798431 167.0130744835429 173
1757657798531 167.0006570653718 174
1757657798620 166.9882405829657 175
1757657798714 166.97582503625384 176
1757657798810 166.9634104251655 177
1757657798906 166.95099674963006 178
1757657798997 166.93858400957674 179
1757657799097 166.9261722049349 180
1757657799183 166.9137613356338 181
1757657799272 166.9013514016028 182
1757657799361 166.88894240277122 183
1757657799451 166.87653433906837 184
1757657799537 166.8641272104235 185
1757657799624 166.8517210167661 186
1757657799717 166.83931575802546 187
1757657799807 166.8269114341309 188
1757657799905 166.8145080450118 189
1757657799998 166.80210559059748 190
1757657800093 166.78970407081735 191
1757657800185 166.77730348560075 192
1757657800273 166.76490383487706 193
1757657800363 166.7525051185757 194
1757657800458 166.74010733662595 195
1757657800546 166.72771048895737 196
1757657800631 166.71531457549918 197
1757657800714 166.70291959618092 198
1757657800797 166.6905255509319 199
1757657800885 166.67813243968163 200
1757657800974 166.66574026235944 201
1757657801065 166.65334901889477 202
1757657801159 166.64095870921707 203
1757657801258 166.6285693332558 204
1757657801348 166.61618089094034 205
1757657801439 166.60379338220017 206
1757657801526 166.59140680696476 207
1757657801625 166.57902116516348 208
1757657801718 166.56663645672586 209
1757657801812 166.5542526815814 210
1757657801903 166.54186983965948 211
1757657801995 166.52948793088967 212
1757657802085 166.51710695520137 213
1757657802175 166.50472691252412 214
1757657802265 166.49234780278738 215
1757657802352 166.47996962592066 216
1757657802447 166.46759238185348 217
1757657802536 166.45521607051538 218
1757657802623 166.44284069183578 219
1757657802717 166.43046624574424 220
1757657802808 166.41809273217035 221
1757657802900 166.40572015104354 222
1757657802990 166.39334850229338 223
1757657803072 166.38097778584947 224
1757657803163 166.3686080016413 225
1757657803259 166.3562391495984 226
1757657803350 166.34387122965038 227
1757657803438 166.33150424172675 228
1757657803535 166.3191381857571 229
1757657803612 166.30677306167107 230
1757657803698 166.29440886939813 231
1757657803786 166.28204560886792 232
1757657803878 166.26968328001004 233
1757657803969 166.257321882754 234
1757657804063 166.24496141702954 235
1757657804152 166.23260188276615 236
1757657804244 166.22024327989345 237
1757657804327 166.20788560834114 238
1757657804414 166.19552886803876 239
1757657804505 166.18317305891597 240
1757657804595 166.1708181809024 241
1757657804682 166.15846423392765 242
1757657804772 166.1461112179214 243
1757657804867 166.1337591328133 244
1757657804959 166.12140797853297 245
1757657805053 166.10905775501013 246
1757657805144 166.09670846217438 247
1757657805232 166.08436009995538 248
1757657805324 166.07201266828284 249
1757657805414 166.05966616708648 250
1757657805506 166.04732059629592 251
1757657805598 166.03497595584085 252
1757657805684 166.02263224565098 253
1757657805774 166.01028946565606 254
1757657805873 165.9979476157857 255
1757657805965 165.9856066959697 256
1757657806055 165.97326670613774 257
1757657806145 165.96092764621952 258
1757657806235 165.94858951614478 259
1757657806322 165.93625231584326 260
1757657806407 165.92391604524474 261
1757657806493 165.9115807042789 262
1757657806581 165.89924629287552 263
1757657806675 165.8869128109643 264
1757657806765 165.87458025847508 265
1757657806857 165.86224863533758 266
1757657806952 165.84991794148155 267
1757657807041 165.83758817683685 268
1757657807135 165.82525934133315 269
1757657807225 165.81293143490032 270
1757657807316 165.80060445746813 271
1757657807405 165.78827840896633 272
1757657807494 165.77595328932478 273
1757657807582 165.76362909847327 274
1757657807669 165.75130583634157 275
1757657807760 165.73898350285955 276
1757657807851 165.72666209795705 277
1757657807941 165.71434162156382 278
1757657808028 165.70202207360978 279
1757657808119 165.68970345402468 280
1757657808210 165.67738576273845 281
1757657808298 165.6650689996809 282
1757657808390 165.65275316478187 283
1757657808477 165.64043825797125 284
1757657808564 165.6281242791789 285
1757657808654 165.61581122833468 286
1757657808745 165.60349910536843 287
1757657808835 165.59118791021012 288
1757657808926 165.57887764278956 289
1757657809016 165.56656830303666 290
1757657809116 165.55425989088135 291
1757657809212 165.54195240625347 292
1757657809305 165.52964584908298 293
1757657809394 165.51734021929983 294
1757657809487 165.50503551683383 295
1757657809589 165.492731741615 296
1757657809678 165.4804288935732 297
1757657809767 165.4681269726384 298
1757657809860 165.45582597874053 299
1757657809952 165.44352591180953 300
1757657810047 165.43122677177539 301
1757657810140 165.418928558568 302
1757657810233 165.40663127211738 303
1757657810330 165.3943349123535 304
1757657810416 165.38203947920627 305
1757657810506 165.36974497260567 306
1757657810597 165.35745139248175 307
1757657810695 165.34515873876444 308
1757657810794 165.33286701138374 309
1757657810889 165.3205762102697 310
1757657810979 165.30828633535228 311
1757657811075 165.29599738656148 312
1757657811170 165.28370936382728 313
1757657811265 165.27142226707983 314
1757657811361 165.259136096249 315
1757657811456 165.24685085126492 316
1757657811549 165.23456653205756 317
1757657811650 165.22228313855703 318
1757657811745 165.21000067069335 319
1757657811891 165.19771912839653 320
1757657811987 165.18543851159666 321
1757657812081 165.17315882022382 322
1757657812176 165.16088005420806 323
1757657812269 165.14860221347942 324
1757657812365 165.13632529796803 325
1757657812453 165.1240493076039 326
1757657812543 165.11177424231718 327
1757657812642 165.09950010203798 328
1757657812750 165.08722688669636 329
1757657812861 165.07495459622243 330
1757657812971 165.06268323054627 331
1757657813066 165.05041278959806 332
1757657813161 165.03814327330787 333
1757657813257 165.02587468160584 334
1757657813352 165.01360701442206 335
1757657813450 165.0013402716868 336
1757657813546 164.98907445333 337
1757657813637 164.97680955928197 338
1757657813729 164.9645455894728 339
1757657813825 164.95228254383264 340
1757657813918 164.94002042229164 341
1757657814015 164.92775922478003 342
1757657814106 164.9154989512279 343
1757657814201 164.90323960156547 344
1757657814310 164.89098117572297 345
1757657814409 164.8787236736305 346
1757657814505 164.86646709521833 347
1757657814599 164.8542114404166 348
1757657814692 164.84195670915554 349
1757657814784 164.82970290136532 350
1757657814879 164.81745001697624 351
1757657814976 164.80519805591848 352
1757657815068 164.79294701812222 353
1757657815163 164.78069690351776 354
1757657815257 164.76844771203528 355
1757657815346 164.75619944360506 356
1757657815439 164.74395209815734 357
1757657815534 164.73170567562232 358
1757657815635 164.71946017593035 359
1757657815732 164.70721559901162 360
1757657815836 164.6949719447964 361
1757657815937 164.68272921321505 362
1757657816032 164.67048740419773 363
1757657816125 164.65824651767474 364
1757657816220 164.64600655357648 365
1757657816319 164.63376751183313 366
1757657816418 164.62152939237504 367
1757657816507 164.60929219513247 368
1757657816594 164.59705592003579 369
1757657816693 164.5848205670153 370
1757657816787 164.57258613600126 371
1757657816885 164.5603526269241 372
1757657817331 164.54812003971404 373
1757657817437 164.5358883743015 374
1757657817531 164.52365763061678 375
1757657817618 164.5114278085902 376
1757657817708 164.4991989081522 377
1757657817802 164.4869709292331 378
1757657817897 164.47474387176322 379
1757657817993 164.46251773567298 380
1757657818086 164.4502925208927 381
1757657818177 164.43806822735277 382
1757657818291 164.42584485498364 383
1757657818420 164.41362240371564 384
1757657818504 164.40140087347913 385
1757657818597 164.3891802642046 386
1757657818687 164.3769605758224 387
1757657818779 164.36474180826298 388
1757657818872 164.35252396145668 389
1757657818972 164.34030703533398 390
1757657819078 164.32809102982526 391
1757657819176 164.31587594486103 392
1757657819272 164.3036617803717 393
1757657819365 164.2914485362876 394
1757657819460 164.27923621253933 395
1757657819550 164.2670248090573 396
1757657819643 164.25481432577186 397
1757657819737 164.2426047626136 398
1757657819834 164.23039611951296 399
1757657819934 164.2181883964004 400
1757657820031 164.2059815932064 401
1757657820126 164.19377570986143 402
1757657820220 164.18157074629596 403
1757657820316 164.16936670244056 404
1757657820412 164.15716357822566 405
1757657820505 164.1449613735818 406
1757657820595 164.13276008843945 407
1757657820688 164.12055972272918 408
1757657820790 164.1083602763815 409
1757657820888 164.09616174932688 410
1757657820987 164.08396414149593 411
1757657821102 164.07176745281913 412
1757657821204 164.05957168322703 413
1757657821304 164.0473768326502 414
1757657821399 164.0351829010191 415
1757657821497 164.02298988826448 416
1757657821598 164.01079779431674 417
1757657821699 163.99860661910648 418
1757657821796 163.9864163625643 419
1757657821889 163.97422702462075 420
1757657821988 163.96203860520646 421
1757657822085 163.94985110425196 422
1757657822183 163.93766452168785 423
1757657822278 163.9254788574448 424
1757657822372 163.91329411145335 425
1757657822469 163.90111028364413 426
1757657822560 163.88892737394775 427
1757657822655 163.8767453822948 428
1757657822751 163.86456430861597 429
1757657822847 163.85238415284186 430
1757657822940 163.84020491490307 431
1757657823038 163.82802659473032 432
1757657823134 163.8158491922542 433
1757657823232 163.80367270740535 434
1757657823328 163.79149714011447 435
1757657823424 163.7793224903122 436
1757657823519 163.76714875792922 437
1757657823615 163.75497594289615 438
1757657823709 163.7428040451437 439
1757657823802 163.7306330646026 440
1757657823896 163.71846300120353 441
1757657823990 163.7062938548771 442
1757657824087 163.6941256255541 443
1757657824180 163.68195831316518 444
1757657824278 163.66979191764108 445
1757657824371 163.65762643891253 446
1757657824467 163.6454618769102 447
1757657824559 163.63329823156482 448
1757657824653 163.62113550280716 449
1757657824748 163.60897369056792 450
1757657824844 163.5968127947779 451
1757657824941 163.58465281536775 452
1757657825038 163.57249375226826 453
1757657825133 163.56033560541022 454
1757657825232 163.5481783747244 455
1757657825331 163.53602206014153 456
1757657825427 163.52386666159236 457
1757657825522 163.51171217900776 458
1757657825621 163.4995586123184 459
1757657825719 163.4874059614551 460
1757657825813 163.47525422634874 461
1757657825913 163.46310340692997 462
1757657826008 163.45095350312974 463
1757657826107 163.4388045148788 464
1757657826203 163.4266564421079 465
1757657826303 163.41450928474796 466
1757657826428 163.40236304272975 467
1757657826532 163.39021771598414 468
1757657826620 163.37807330444193 469
1757657826713 163.3659298080339 470
1757657826811 163.35378722669105 471
1757657826910 163.34164556034412 472
1757657827006 163.32950480892399 473
1757657827102 163.31736497236153 474
1757657827202 163.30522605058758 475
1757657827300 163.29308804353306 476
1757657827396 163.2809509511288 477
1757657827494 163.26881477330568 478
1757657827590 163.25667950999463 479
1757657827689 163.24454516112652 480
1757657827788 163.23241172663225 481
1757657827885 163.22027920644274 482
1757657827983 163.20814760048887 483
1757657828081 163.19601690870155 484
1757657828179 163.18388713101172 485
1757657828279 163.1717582673503 486
1757657828375 163.15963031764824 487
1757657828472 163.14750328183638 488
1757657828566 163.1353771598458 489
1757657828657 163.12325195160736 490
1757657828751 163.111127657052 491
1757657828852 163.09900427611075 492
1757657828948 163.0868818087145 493
1757657829045 163.0747602547942 494
1757657829151 163.06263961428093 495
1757657829253 163.05051988710557 496
1757657829353 163.0384010731991 497
1757657829453 163.02628317249258 498
1757657829554 163.01416618491695 499
