1757674311206 161.90461155177468 0
1757674311303 168.77586529526664 1
1757674311404 151.46521348776542 2
1757674311501 169.47248132956878 3
1757674311597 144.12571270995642 4
1757674311698 137.89511599599373 5
1757674311791 133.29157416099505 6
1757674311895 139.0035388041348 7
1757674311990 129.9490755339681 8
1757674312099 132.73683459377688 9
1757674312197 133.35899014252723 10
1757674312293 126.62786778507464 11
1757674312385 118.65627322477178 12
1757674312478 121.48804174064786 13
1757674312564 120.85032821953187 14
1757674312652 112.24290056217654 15
1757674312748 110.94809398088302 16
1757674312845 102.82742436795282 17
1757674312927 107.7075689185387 18
1757674313015 99.7818045945795 19
1757674313109 93.72771347347884 20
1757674313205 96.91370909787787 21
1757674313298 89.8394429713147 22
1757674313393 88.14699370582561 23
1757674313487 83.34093285902114 24
1757674313581 86.67381198740638 25
1757674313673 85.52079001567014 26
1757674313768 83.82008093112465 27
1757674313862 78.17911978394274 28
1757674313954 77.95178262359677 29
1757674314049 77.40893191919332 30
1757674314143 70.60645709655012 31
1757674314236 76.0681695685187 32
1757674314330 73.33286421826656 33
1757674314423 64.20221418836343 34
1757674314518 65.2566176775501 35
1757674314609 66.93159095782715 36
1757674314706 63.35584061434086 37
1757674314799 60.531741978981806 38
1757674314889 63.28307015788857 39
1757674314977 61.1383098596695 40
1757674315069 59.3069050434637 41
1757674315165 54.15940559344093 42
1757674315260 55.103883943333706 43
1757674315354 53.04866216768914 44
1757674315445 49.80528292282853 45
1757674315541 52.154215634268034 46
1757674315633 49.21710261616005 47
1757674315724 47.490541052504625 48
1757674315818 45.35447086954183 49
1757674315913 46.59204451384157 50
1757674316005 41.22532277936372 51
1757674316098 41.89111927792093 52
1757674316207 42.30671759651142 53
1757674316304 46.38270210939211 54
1757674316397 39.675419258531534 55
1757674316490 44.49715112217531 56
1757674316583 36.275891036812276 57
1757674316675 40.15005471441079 58
1757674316768 35.60074705666608 59
1757674316860 32.645428488840764 60
1757674316951 36.06511487950242 61
1757674317040 35.179708975264845 62
1757674317133 33.10343660252557 63
1757674317232 34.85741741057978 64
1757674317326 32.68782815142807 65
1757674317419 30.686668412469142 66
1757674317512 25.757254754086244 67
1757674317606 31.968746025224277 68
1757674317697 25.300734481672723 69
1757674317791 24.503130385156147 70
1757674317885 28.187465476484576 71
1757674317979 27.18331256186049 72
1757674318075 26.767227471815183 73
1757674318171 23.95427354845391 74
1757674318265 26.835372909108422 75
1757674318359 27.733963373731825 76
1757674318456 23.226426430637122 77
1757674318551 21.6465758627038 78
1757674318646 23.979417037997422 79
1757674318752 18.791594258909086 80
1757674318845 22.612969477171863 81
1757674318942 24.289803081135517 82
1757674319029 17.238203061521787 83
1757674319119 17.53113755941223 84
1757674319215 20.155754446328984 85
1757674319309 19.54209129509057 86
1757674319403 17.385200662043275 87
1757674319498 19.149242547020332 88
1757674319591 17.458110420281713 89
1757674319686 20.429547734910074 90
1757674319781 15.364743732776704 91
1757674319874 16.82998877234686 92
1757674319971 19.291561109268404 93
1757674320066 15.054590406462594 94
1757674320162 13.569721721685015 95
1757674320257 16.678181253102373 96
1757674320349 16.05122820077064 97
1757674320444 15.618131041462702 98
1757674320539 13.146081371732238 99
1757674320635 14.528369211427849 100
1757674320729 14.35769454802697 101
1757674320824 12.333737888462778 102
1757674320920 12.825885649955435 103
1757674321010 14.355024278480052 104
1757674321103 10.162012738692631 105
1757674321202 12.876230218265462 106
1757674321296 11.119275077212967 107
1757674321393 12.07125844056462 108
1757674321486 8.929971216344914 109
1757674321581 10.784424638640349 110
1757674321674 11.745556005699678 111
1757674321770 9.120957202051233 112
1757674321863 11.712337783300864 113
1757674321957 9.351649319927825 114
1757674322056 9.706755485839864 115
1757674322152 9.191414061274163 116
1757674322248 8.126298466206975 117
1757674322341 8.598811878462241 118
1757674322437 9.200958653592505 119
1757674322536 8.311029285187272 120
1757674322631 9.20194453795365 121
1757674322726 6.35190900635122 122
1757674322820 9.451173881930819 123
1757674322918 7.844965206328968 124
1757674323007 8.305407688176098 125
1757674323097 7.324590296388608 126
1757674323192 6.662717352376151 127
1757674323290 8.775174687796278 128
1757674323386 7.098317414281079 129
1757674323483 6.251540778149135 130
1757674323578 5.364615599873633 131
1757674323679 7.460168331046176 132
1757674323779 5.937760663529568 133
1757674323875 5.898056507459731 134
1757674323972 7.833572183981518 135
1757674324065 7.519655074187041 136
1757674324158 6.851208815869474 137
1757674324253 6.264270895657586 138
1757674324349 4.843147167353822 139
1757674324445 5.425639921901043 140
1757674324539 7.235945482243195 141
1757674324635 3.96332244818074 142
1757674324729 6.620666304221386 143
1757674324827 6.58480829377275 144
1757674324922 6.568598215096792 145
1757674325011 4.172145489540317 146
1757674325100 6.97111414705145 147
1757674325194 3.2244348458760346 148
1757674325293 5.365085049414722 149
1757674325388 6.321586098671589 150
1757674325483 5.226519828154722 151
1757674325579 2.6263855723794305 152
1757674325686 5.015334579101427 153
1757674325800 6.574310782000985 154
1757674325896 4.570109425931454 155
1757674325993 2.8719519621773086 156
1757674326094 5.109151903551585 157
1757674326209 4.366024257696705 158
1757674326305 3.5813110824041194 159
1757674326413 4.234190260726599 160
1757674326512 5.758884392139786 161
1757674326606 3.0882886678801214 162
1757674326702 2.5911953625400037 163
1757674326801 3.9652935845442596 164
1757674326899 3.8010347143017147 165
1757674326997 2.4829834944423523 166
1757674327087 2.9155927078828836 167
1757674327183 2.5492996234571175 168
1757674327281 4.0269112540120755 169
1757674327379 5.0761181534003414 170
1757674327469 4.588485573551916 171
1757674327566 3.133757126121373 172
1757674327664 2.31974372671046 173
1757674327761 3.9843260348472094 174
1757674327857 2.565636802992235 175
1757674327953 3.417285933629874 176
1757674328050 1.891395639004331 177
1757674328149 3.1607748693220925 178
1757674328249 2.192935365332621 179
1757674328344 3.0698133970405177 180
1757674328442 5.828957161061814 181
1757674328538 2.6033344160097243 182
1757674328632 3.5375869639426463 183
1757674328738 1.6370053371198927 184
1757674328836 2.177032718660925 185
1757674328935 1.9929405348095997 186
1757674329031 3.1197068086819666 187
1757674329124 2.5849285961337825 188
1757674329221 1.6322930089531056 189
1757674329319 2.3205011787844665 190
1757674329416 3.7407834910550832 191
1757674329513 3.2910027657082317 192
1757674329611 2.5076775017224473 193
1757674329708 2.732255252509265 194
1757674329805 2.1930130539628383 195
1757674329901 2.253862518067212 196
1757674329997 2.8322158601105856 197
1757674330096 1.575734022130021 198
1757674330196 2.297693879808231 199
1757674330291 1.139496378337634 200
1757674330389 3.2663001954597655 201
1757674330485 1.941924056739551 202
1757674330582 2.200375848182215 203
1757674330680 2.2112826252445354 204
1757674330779 1.3388193563594804 205
1757674330875 1.1107143928326444 206
1757674330972 1.369111837357828 207
1757674331066 1.9982332143436285 208
1757674331157 3.135922656373464 209
1757674331254 2.9225051452795183 210
1757674331352 3.0858007732938906 211
1757674331453 1.5510688788275706 212
1757674331553 2.202036258462613 213
1757674331651 1.6590661724183093 214
1757674331749 1.8961408589266724 215
1757674331851 2.0454765263652885 216
1757674331947 2.1974549505028134 217
1757674332045 2.1931998093286933 218
1757674332140 2.350881495864177 219
1757674332237 1.8532128667696228 220
1757674332332 1.8189246853799388 221
1757674332430 2.031748624358331 222
1757674332527 2.127527727142375 223
1757674332624 2.2987566122033316 224
1757674332722 1.4100502794791883 225
1757674332820 3.476689589149072 226
1757674332917 1.4182177879758215 227
1757674333016 1.8252601075442516 228
1757674333110 1.9790784048812204 229
1757674333202 2.3038567029120336 230
1757674333299 1.2536848093154522 231
1757674333396 1.6013740974357038 232
1757674333495 1.882861690201241 233
1757674333594 2.4855505745311937 234
1757674333692 3.2540749781680547 235
1757674333791 0.9302686652082428 236
1757674333888 1.4170833571067243 237
1757674333985 0.9323642826152828 238
1757674334084 1.5691148717142762 239
1757674334183 2.238082766155384 240
1757674334279 1.4427628317243264 241
1757674334377 1.7709383129459086 242
1757674334477 1.7561395953175034 243
1757674334575 3.504373280842958 244
1757674334673 1.5297352972423266 245
1757674334772 1.0167586440689569 246
1757674334871 2.1760130909570456 247
1757674334968 1.3222945783935773 248
1757674335067 0.7243525276749613 249
1757674335160 2.6798605449893254 250
1757674335254 0.8762051288958306 251
1757674335352 0.8774846042994026 252
1757674335449 1.46726987625114 253
1757674335551 0.8206697696167987 254
1757674335651 2.9449550411154135 255
1757674335749 0.9548184085521363 256
1757674335848 1.3175088692804742 257
1757674335949 0.40224268012908254 258
1757674336049 1.1805665528794524 259
1757674336159 1.5900085295535964 260
1757674336263 3.006637431548255 261
1757674336362 1.7607744862203165 262
1757674336466 1.880602596395717 263
1757674336564 1.3431402510903427 264
1757674336663 2.315182989904997 265
1757674336763 0.8469084349832268 266
1757674336863 1.3054876031766427 267
1757674336962 1.2708730449528074 268
1757674337063 0.8051781372130125 269
1757674337166 1.6715474011955058 270
1757674337261 2.0186927617030452 271
1757674337358 1.2990758247330825 272
1757674337458 1.247163776424983 273
1757674337560 1.8340336842826783 274
1757674337656 1.2984826839193406 275
1757674337762 1.6789868904145073 276
1757674337861 1.671287920987991 277
1757674337961 1.4726104885190108 278
1757674338062 0.8839192501799283 279
1757674338163 1.916867295512579 280
1757674338267 1.2155277923618488 281
1757674338367 1.7141854095268394 282
1757674338466 1.3799085594538192 283
1757674338565 0.5410539287107515 284
1757674338669 1.3959084231802377 285
1757674338785 1.0533374043607702 286
1757674338885 1.2161165023616498 287
1757674338985 0.8430070058929156 288
1757674339087 1.1678666072767938 289
1757674339185 0.4724809483291294 290
1757674339284 2.2296021353653592 291
1757674339386 1.8151304822005612 292
1757674339486 0.9076768271699583 293
1757674339585 1.2258600511514957 294
1757674339685 1.3306699198861636 295
1757674339787 2.271763833472446 296
1757674339886 1.4537280962623684 297
1757674339986 2.0370841229741536 298
1757674340091 2.0882934143056144 299
1757674340195 1.0402624067060893 300
1757674340297 0.7823692926396002 301
1757674340399 1.5209268073696185 302
1757674340500 0.5929534658880428 303
1757674340598 1.432174953596107 304
1757674340695 0.9543376777894816 305
1757674340796 1.1688691486457914 306
1757674340900 1.7556280335282701 307
1757674341002 0.4701050868718515 308
1757674341104 0.809329280635657 309
1757674341198 0.9207601382374814 310
1757674341281 0.959408975563581 311
1757674341372 2.082050849355285 312
1757674341474 1.4695635266649023 313
1757674341577 1.1615878151040402 314
1757674341676 1.4506341042371589 315
1757674341778 0.8526567513310033 316
1757674341882 0.5857746771654659 317
1757674341983 1.8022078288925498 318
1757674342085 1.2680383286860852 319
1757674342186 2.0041658773191426 320
1757674342287 1.2951459473818105 321
1757674342388 1.2299152853592261 322
1757674342492 1.179471919205664 323
1757674342591 0.9891803314746292 324
1757674342692 0.5478146108246106 325
1757674342793 2.058132706979779 326
1757674342892 1.161468805131122 327
1757674342994 1.6883150380880831 328
1757674343097 0.48590486357687607 329
1757674343198 0.8398398712871888 330
1757674343290 1.5866357172774224 331
1757674343392 1.9305054342440533 332
1757674343493 1.0279266695702556 333
1757674343597 1.6481762822218768 334
1757674343700 0.935578412720664 335
1757674343798 1.8153344893321404 336
1757674343899 3.2991460265724624 337
1757674344000 1.164769709082795 338
1757674344104 1.7004842569768026 339
1757674344204 0.8560852738891035 340
1757674344305 1.748092796959315 341
1757674344405 1.3603891116664908 342
1757674344504 0.6325972057015398 343
1757674344605 1.3326748102628465 344
1757674344708 0.8266171284448994 345
1757674344807 2.0640617079474346 346
1757674344907 1.06324656493316 347
1757674345009 1.741519549704589 348
1757674345111 1.1617801631475786 349
1757674345210 1.1731000057561929 350
1757674345304 1.2167188940926674 351
1757674345400 0.9944236780493912 352
1757674345498 1.120324455501736 353
1757674345600 1.6486274641864753 354
1757674345700 0.8095634433359506 355
1757674345800 2.887879268603479 356
1757674345898 2.5529660364617355 357
1757674345998 1.2641235980671868 358
1757674346129 3.182553878703711 359
1757674346243 1.3948792533545051 360
1757674346346 1.038690855614183 361
1757674346450 1.7661837720115727 362
1757674346552 2.2200271794598043 363
1757674346651 1.029415034377991 364
1757674346752 1.450772157521169 365
1757674346853 1.2832871543372997 366
1757674346956 0.8392612351523902 367
1757674347056 1.102925425539748 368
1757674347156 0.9324375193026545 369
1757674347258 1.6302628058356081 370
1757674347351 1.545381324317183 371
1757674347445 0.8136549020344237 372
1757674347546 1.4146651042996954 373
1757674347650 1.339927022290824 374
1757674347752 0.8908414389534971 375
1757674347857 0.953757291979709 376
1757674347960 1.7332367451379418 377
1757674348065 2.020450729229275 378
1757674348169 0.9533634815835036 379
1757674348272 1.2194476896564193 380
1757674348377 1.3677136317262084 381
1757674348479 2.404710315065525 382
1757674348580 1.2300037554398084 383
1757674348687 1.4119662585694883 384
1757674348799 0.6877995819127511 385
1757674348901 0.8341041501659968 386
1757674349004 1.7987936873292556 387
1757674349105 1.5628265926797573 388
1757674349209 1.3854503150491826 389
1757674349313 1.5968934994063988 390
1757674349416 1.3432923413926954 391
1757674349525 1.317343499736174 392
1757674349634 1.251418457540164 393
1757674349743 1.2571180536290913 394
1757674349847 1.155513605103403 395
1757674349950 1.2464956075620586 396
1757674350057 1.1995252211684786 397
1757674350160 0.8637142289190893 398
1757674350260 1.1989470688752373 399
1757674350366 1.2352014600564156 400
1757674350468 1.1835771376655304 401
1757674350570 0.6450726513517582 402
1757674350673 1.4145252290557213 403
1757674350778 2.0099269573676732 404
1757674350880 1.3694807493058685 405
1757674350982 2.643837461705092 406
1757674351084 0.768393242627445 407
1757674351188 1.3009099027033335 408
1757674351291 3.995715418055891 409
1757674351389 0.8207543542754058 410
1757674351493 1.1612168378342733 411
1757674351594 1.440194418098837 412
1757674351696 1.8341928292588587 413
1757674351801 1.0343517930812027 414
1757674351903 1.331655744593273 415
1757674352008 1.2809717103703027 416
1757674352114 0.618134232036188 417
1757674352217 2.2952816104066383 418
1757674352382 1.8676870762717106 419
1757674352486 1.4996844408292274 420
1757674352593 2.42047420585458 421
1757674352697 2.2493649191142877 422
1757674352802 0.8870109383035193 423
1757674352907 1.2657848408509556 424
1757674353011 1.4526625999386216 425
1757674353120 1.4566558813446648 426
1757674353224 0.957099290041766 427
1757674353325 1.8253848576236142 428
1757674353441 1.4233520160986277 429
1757674353543 1.2576625566927166 430
1757674353654 1.2565808412527648 431
1757674353763 0.5080755488160053 432
1757674353867 0.8302213838430679 433
1757674353967 1.4952187772717445 434
1757674354071 1.7299914390179836 435
1757674354175 1.8773055102177458 436
1757674354279 1.1221125379202095 437
1757674354381 1.9959013309565938 438
1757674354487 0.9527288113416399 439
1757674354592 2.6563753938054795 440
1757674354698 1.3656484556221038 441
1757674354798 1.5751627791638694 442
1757674354898 0.608008581600151 443
1757674355003 0.7589234220921687 444
1757674355107 0.8729387594507485 445
1757674355209 0.7423541447747685 446
1757674355311 1.0815714813555015 447
1757674355410 2.282810245148097 448
1757674355510 1.8025860786402712 449
1757674355614 0.8409309323785377 450
1757674355747 1.22479336041943 451
1757674355857 1.2514102059561947 452
1757674355963 2.2852547295783685 453
1757674356066 1.1470162146619798 454
1757674356180 0.7433548124468369 455
1757674356289 1.5746011283781387 456
1757674356394 1.3111848833923732 457
1757674356500 1.3543757720932112 458
1757674356603 0.5242864599115571 459
1757674356707 1.2212496746362296 460
1757674356814 0.8678853259957512 461
1757674356922 1.9621033047184804 462
1757674357027 0.6501845369945474 463
1757674357130 0.6245317386143697 464
1757674357235 0.9613488555431412 465
1757674357341 1.5410431190465916 466
1757674357440 1.0758906405793447 467
1757674357542 1.0879120337551171 468
1757674357647 1.6699259977680143 469
1757674357753 1.0552932343919386 470
1757674357858 0.9289144209225147 471
1757674357961 1.539635380794562 472
1757674358065 1.6403959314509091 473
1757674358189 0.7678843468217937 474
1757674358296 1.386097555305772 475
1757674358401 0.8573415182146823 476
1757674358510 0.9972694003583281 477
1757674358613 1.3162681996384737 478
1757674358724 1.688685728870197 479
1757674358832 1.8246692505108857 480
1757674358937 0.9188549868279123 481
1757674359037 1.8413150354389893 482
1757674359141 0.7960896886546911 483
1757674359248 1.2068449398501124 484
1757674359355 0.9628968790193174 485
1757674359455 1.118876794724524 486
1757674359558 0.8586484077226822 487
1757674359661 0.8259701213241697 488
1757674359768 1.4299093661182645 489
1757674359871 0.5762291345446185 490
1757674359976 1.6293946005964979 491
1757674360078 1.329925173058046 492
1757674360190 1.4718154258795457 493
1757674360294 0.9137350657044181 494
1757674360395 1.046230848278973 495
1757674360502 0.4729299538406437 496
1757674360608 1.7556130831436645 497
1757674360712 1.122435154732143 498
1757674360816 1.2482395794685173 499
