1757607577792 16.520466438791242 0
1757607577864 5.947360862096272 1
1757607577937 1.58068499927428 2
1757607578029 0.8244956247585356 3
1757607578092 1.1569087939567348 4
1757607578157 1.0663181450463814 5
1757607578223 1.9370704198365492 6
1757607578290 1.0079708364097222 7
1757607578355 2.6933921075520004 8
1757607578415 2.6041515019087194 9
1757607578476 2.209613596048821 10
1757607578537 1.283002839913419 11
1757607578598 2.134068348728678 12
1757607578674 1.6819523615788468 13
1757607578738 2.5430199754401697 14
1757607578809 1.0498240022251295 15
1757607578884 2.1191614107820946 16
1757607578948 2.296400897121021 17
1757607579023 1.6130843007073388 18
1757607579096 1.8171564459240033 19
1757607579170 2.497580720062393 20
1757607579245 2.246953248760829 21
1757607579318 2.6646847465476133 22
1757607579390 1.658833426860162 23
1757607579467 1.793456671741468 24
1757607579542 2.7305948429118336 25
1757607579619 2.252108673267783 26
1757607579693 2.2112731987261043 27
1757607579771 2.291570608715556 28
1757607579885 1.6545904739390123 29
1757607579963 1.5080255718485278 30
1757607580041 1.3373414557385401 31
1757607580116 1.7997880197928335 32
1757607580190 2.4803017591141368 33
1757607580264 1.5322502589705052 34
1757607580336 1.0834564425809519 35
1757607580411 2.368327491467798 36
1757607580490 1.9044012983807872 37
1757607580570 1.906954558517209 38
1757607580641 1.3699657407772277 39
1757607580720 1.8182097277528717 40
1757607580784 1.634977777367191 41
1757607580860 2.0717273573061976 42
1757607580935 2.8811623941994706 43
1757607581012 2.7562982308628374 44
1757607581087 2.183634664889914 45
1757607581159 3.1151334389274994 46
1757607581231 1.7983496953679556 47
1757607581308 1.4569199470205447 48
1757607581386 1.432858370513444 49
1757607581461 2.074880412085945 50
1757607581543 0.8596135424103208 51
1757607581617 1.9274500077249979 52
1757607581696 1.8352545488901493 53
1757607581778 1.955419580204433 54
1757607581854 2.3481965311692754 55
1757607581930 2.1137349764525077 56
1757607582002 1.823631637300329 57
1757607582076 1.6952741409035232 58
1757607582153 2.0594241109690024 59
1757607582226 1.4750754394133148 60
1757607582302 2.0386694910381262 61
1757607582379 1.8221758479201635 62
1757607582458 2.511378305180166 63
1757607582534 2.1641332152199055 64
1757607582608 1.6047629357849298 65
1757607582691 1.6186941621244229 66
1757607582761 0.9511947477335913 67
1757607582842 1.2714051894424674 68
1757607582919 1.928844676683822 69
1757607582998 1.7256504335227079 70
1757607583072 1.4300899773753626 71
1757607583144 2.099819743381316 72
1757607583218 1.8060587777538424 73
1757607583294 2.704449636244237 74
1757607583367 1.5350581809475874 75
1757607583438 2.288317168261613 76
1757607583520 3.1806621660814116 77
1757607583592 1.8433711242701105 78
1757607583671 2.6506516437424232 79
1757607583745 2.2963701774943566 80
1757607583828 2.5756487949734863 81
1757607583906 2.0896573363869075 82
1757607583984 1.1347698101268429 83
1757607584059 2.950892029886912 84
1757607584132 1.5868641860112427 85
1757607584205 1.5403960374452774 86
1757607584280 3.7098681059212733 87
1757607584357 1.4110156427099725 88
1757607584431 2.5762724081746446 89
1757607584508 1.8399030116719584 90
1757607584584 2.1898244110803047 91
1757607584657 0.8446676179966552 92
1757607584736 1.6316462108957794 93
1757607584815 1.6907530882432273 94
1757607584894 1.8731290900094353 95
1757607584976 2.225741529542577 96
1757607585050 1.3124659035786503 97
1757607585128 1.1708509960789684 98
1757607585205 2.022536870510341 99
1757607585279 2.427313320609683 100
1757607585354 1.582810768657572 101
1757607585432 1.648342367526835 102
1757607585509 1.8797404342263295 103
1757607585583 1.3753024601242556 104
1757607585655 1.847130075909658 105
1757607585727 1.1244636815631786 106
1757607585807 2.720440910617965 107
1757607585886 1.6498616466332894 108
1757607585964 3.557038373035137 109
1757607586041 2.7765308371632047 110
1757607586119 0.7773295209304916 111
1757607586195 0.7717160896780632 112
1757607586260 1.7294259696400585 113
1757607586325 3.0229275167983616 114
1757607586399 2.058042449346279 115
1757607586475 1.2231568355762554 116
1757607586549 2.3297449503176955 117
1757607586626 2.2216734399953406 118
1757607586703 2.3754413577265474 119
1757607586775 2.4767412336869876 120
1757607586849 1.0772126223287044 121
1757607586924 1.5765176327970916 122
1757607587001 1.433935988139131 123
1757607587080 1.0225476460826828 124
1757607587153 1.43946229161743 125
1757607587226 1.4937171675937968 126
1757607587305 1.9548757558912646 127
1757607587380 1.2257590798492815 128
1757607587454 2.4468556046787335 129
1757607587526 1.2443002721273646 130
1757607587598 1.790838198471576 131
1757607587672 3.2017202670297866 132
1757607587750 1.0283518784438912 133
1757607587827 1.7761468639867486 134
1757607587906 1.8968450441139668 135
1757607587982 1.8330068123816567 136
1757607588064 1.1224682853106356 137
1757607588143 1.4480335883788849 138
1757607588220 2.1443529885344224 139
1757607588295 2.6437967048950863 140
1757607588373 1.3428756304975855 141
1757607588449 2.1122812861770464 142
1757607588526 1.455987080929048 143
1757607588605 2.1415567157470052 144
1757607588687 1.623009014377201 145
1757607588772 3.289203496780554 146
1757607588850 1.8953563060024938 147
1757607588924 1.898291356689057 148
1757607589000 1.14746324590991 149
1757607589080 2.1189793855315804 150
1757607589159 1.4687952868032927 151
1757607589239 2.1725949730690504 152
1757607589320 1.7094962545082664 153
1757607589404 1.416268006621922 154
1757607589487 3.092995258032496 155
1757607589567 1.4460038824861565 156
1757607589649 1.3978023735730383 157
1757607589731 1.4290286962391936 158
1757607589813 0.8446272865916575 159
1757607589896 1.4318870733847628 160
1757607589976 1.3304139966121236 161
1757607590048 1.3964621954778667 162
1757607590124 1.4367196865004341 163
1757607590201 1.2039747074151201 164
1757607590278 1.049624166964624 165
1757607590352 2.039195904782169 166
1757607590432 2.1507760762020833 167
1757607590513 3.7478256880019316 168
1757607590592 1.6272670610402278 169
1757607590674 1.4196831019455347 170
1757607590754 1.2040149493568046 171
1757607590828 1.5251037877975897 172
1757607590911 1.8965884857180515 173
1757607590993 0.9587437216961214 174
1757607591072 1.7716182452127014 175
1757607591145 1.4804030666215091 176
1757607591222 2.7093452759465464 177
1757607591302 2.29016845772656 178
1757607591375 2.53066466897012 179
1757607591454 1.677543158357383 180
1757607591534 3.094156662128241 181
1757607591613 2.2238973107989572 182
1757607591688 2.4680256790064443 183
1757607591767 1.7668845131322628 184
1757607591846 2.4689562547776958 185
1757607591926 1.426763725877622 186
1757607592006 1.5629616628240155 187
1757607592084 2.3071753616652035 188
1757607592163 1.9312469397987475 189
1757607592244 1.9610289442540179 190
1757607592325 1.9855325173337324 191
1757607592407 2.287095708112691 192
1757607592495 1.0013237621281652 193
1757607592577 1.5106062643953124 194
1757607592656 1.436906526570492 195
1757607592737 1.6687520081477913 196
1757607592813 0.8321689929556775 197
1757607592886 1.200391390251796 198
1757607592963 1.7517720071528189 199
1757607593043 2.3338841837786366 200
1757607593121 1.024737818653415 201
1757607593203 1.0706311845769863 202
1757607593286 1.9686403295835873 203
1757607593363 1.4677115997012762 204
1757607593443 1.4360145181123065 205
1757607593523 1.4532564003026973 206
1757607593603 2.2566336398301434 207
1757607593680 1.9327001259707617 208
1757607593760 1.8715562666727577 209
1757607593837 1.3931870206347174 210
1757607593913 1.6739689366395378 211
1757607593989 2.021923442512675 212
1757607594069 2.085847992755688 213
1757607594146 1.585169434585209 214
1757607594225 1.775714281858321 215
1757607594303 1.3567314063931295 216
1757607594383 1.631312309687987 217
1757607594465 1.6987130762239044 218
1757607594549 1.667258472857223 219
1757607594633 1.236478403059016 220
1757607594715 1.8210977227691063 221
1757607594796 1.3019038897396507 222
1757607594875 1.7765464552362156 223
1757607594953 2.0465909149419277 224
1757607595034 1.8075175938319497 225
1757607595117 1.7012664757569063 226
1757607595199 2.1729806737738318 227
1757607595282 2.2023737172328857 228
1757607595365 1.8530816464729325 229
1757607595448 1.25223241558672 230
1757607595531 1.6103158891502944 231
1757607595618 1.6979962913402356 232
1757607595699 1.195224776316818 233
1757607595776 1.6870489427260908 234
1757607595859 1.3259723740706466 235
1757607595942 1.811667814092297 236
1757607596025 1.7736964783881617 237
1757607596108 1.9028307836062088 238
1757607596183 2.040729102962511 239
1757607596264 1.8523091932865505 240
1757607596340 1.9685985162630741 241
1757607596419 1.4840740346750794 242
1757607596502 2.315153905495274 243
1757607596584 2.6114180029986147 244
1757607596668 2.538404383880322 245
1757607596751 2.044729021477766 246
1757607596835 1.927299422821727 247
1757607596903 1.4604904523422406 248
1757607596985 1.330178603155296 249
1757607597064 1.796719135452868 250
1757607597148 1.8962801039302601 251
1757607597235 2.12812699911009 252
1757607597317 1.2576398286048807 253
1757607597400 1.0378993715575366 254
1757607597483 1.8328019419994113 255
1757607597568 1.9544986200105616 256
1757607597649 1.824002599354842 257
1757607597729 2.1741325602263846 258
1757607597812 2.8422287991489634 259
1757607597893 1.4176364386316909 260
1757607597977 2.0144908209848174 261
1757607598062 4.6796805181682855 262
1757607598149 1.1507129373520508 263
1757607598237 2.1815535002903 264
1757607598321 2.0913568186482827 265
1757607598405 1.3057130031027158 266
1757607598490 3.150891934710817 267
1757607598573 1.6784565808385246 268
1757607598655 2.714824984755894 269
1757607598737 2.913828272385913 270
1757607598819 3.7778114275405157 271
1757607598894 1.8826618411857 272
1757607598969 0.9043319282136854 273
1757607599054 1.0731351900121429 274
1757607599133 1.1836693376853473 275
1757607599235 0.9090703031652788 276
1757607599313 1.3103700548060144 277
1757607599390 1.6023453548305953 278
1757607599471 1.2079140133547401 279
1757607599550 1.494526081173853 280
1757607599633 1.4766895705251692 281
1757607599715 2.490310047328081 282
1757607599797 1.2533931682568915 283
1757607599877 1.3368505820674317 284
1757607599958 0.9078666861565658 285
1757607600045 2.227054780713732 286
1757607600126 1.515450789778568 287
1757607600208 2.6432022525073355 288
1757607600283 0.7633104400472612 289
1757607600360 1.398368106527593 290
1757607600445 3.4443949063260617 291
1757607600536 2.9857149331675563 292
1757607600620 2.9385544775060297 293
1757607600699 1.5826050744098876 294
1757607600781 1.5926516839633749 295
1757607600866 2.5142671274992363 296
1757607600948 2.0715484432393416 297
1757607601027 2.000985134479566 298
1757607601109 0.7955888472064778 299
1757607601188 2.6851692697984624 300
1757607601272 1.8210868081514529 301
1757607601354 1.254635533984509 302
1757607601437 1.0663205192489271 303
1757607601514 0.6854021867906949 304
1757607601598 1.9088275190505652 305
1757607601683 2.227478759979126 306
1757607601773 1.95644454942639 307
1757607601862 2.2639769515869994 308
1757607601946 1.4177720252799193 309
1757607602036 1.695936914138469 310
1757607602116 2.6745188143160084 311
1757607602199 1.2947247134986286 312
1757607602284 1.3431426898948655 313
1757607602363 1.7044401815653416 314
1757607602451 2.725890800446376 315
1757607602537 1.6178033562321823 316
1757607602617 2.1923086273646524 317
1757607602708 1.4115524997332531 318
1757607602793 1.3447999532505008 319
1757607602892 2.551595735803276 320
1757607602978 2.1462275396512567 321
1757607603064 1.6957906384606527 322
1757607603148 1.9200586636246135 323
1757607603237 2.101988009583515 324
1757607603321 1.5179640537639272 325
1757607603409 2.5557306463985703 326
1757607603491 1.2243715717703165 327
1757607603576 2.247349432253615 328
1757607603656 2.1978857823352707 329
1757607603743 1.2850868826740265 330
1757607603833 1.8023736424030785 331
1757607603914 1.6560993016367394 332
1757607604000 2.264837236821179 333
1757607604089 3.307017089139436 334
1757607604171 1.6461590046453671 335
1757607604257 2.5958599778854303 336
1757607604346 1.0386444289520633 337
1757607604429 1.330875829954205 338
1757607604516 1.8648692466197627 339
1757607604598 2.211063420604688 340
1757607604685 2.305725858057655 341
1757607604768 3.2215085330969835 342
1757607604859 1.2414978389462075 343
1757607604946 2.5796108884317466 344
1757607605025 1.062117368908711 345
1757607605105 1.2960030114539793 346
1757607605188 1.1211347424337599 347
1757607605272 1.484094494648856 348
1757607605355 1.7660275831095191 349
1757607605437 1.2088144601249011 350
1757607605518 2.7039754153900004 351
1757607605601 2.476827339012237 352
1757607605692 1.614260159848664 353
1757607605789 1.5409112172449866 354
1757607605878 1.240161206412037 355
1757607605964 1.5834373949329605 356
1757607606053 1.4000159235871208 357
1757607606136 2.564792560323726 358
1757607606223 1.3638887770717465 359
1757607606325 1.0571519942587366 360
1757607606411 2.2999531848003416 361
1757607606505 1.0374370622524829 362
1757607606594 1.4960344549696716 363
1757607606681 2.3643042182958425 364
1757607606759 1.893406935103766 365
1757607606845 1.7115599183833186 366
1757607606928 2.085042400927514 367
1757607607008 1.540625732328816 368
1757607607086 1.6464063585780058 369
1757607607172 1.6444520904186708 370
1757607607257 2.1800170840022677 371
1757607607339 1.6430067849588026 372
1757607607420 1.9342721565355472 373
1757607607502 1.5477664030791936 374
1757607607583 1.9527848866056121 375
1757607607668 1.165568801814786 376
1757607607758 1.6643115479807353 377
1757607607844 1.12019533584691 378
1757607607929 3.0635704991534323 379
1757607608020 2.4110878262879862 380
1757607608110 1.740024488825941 381
1757607608196 1.304915107777859 382
1757607608279 1.3353032037678079 383
1757607608383 2.466609412158863 384
1757607608474 1.7238732657655016 385
1757607608562 2.102365779138016 386
1757607608651 1.4206627569721915 387
1757607608741 1.7793490559551506 388
1757607608828 1.7059519522587316 389
1757607608914 2.429951632143365 390
1757607608996 2.2669224184623893 391
1757607609076 1.7052679471996322 392
1757607609160 1.5003373416245018 393
1757607609243 1.3290345697447614 394
1757607609327 2.0989810530017516 395
1757607609415 3.1153672007663635 396
1757607609500 1.6472136080261848 397
1757607609584 1.8513656460656724 398
1757607609670 2.2975776107928936 399
1757607609762 1.1982918877356545 400
1757607609844 2.0496639533730567 401
1757607609932 1.7358473783108566 402
1757607610018 1.7187902381688955 403
1757607610106 0.9426682190306486 404
1757607610196 1.085191544397473 405
1757607610288 1.4714079221692806 406
1757607610378 2.0451892340754356 407
1757607610487 2.185835187571696 408
1757607610581 1.9759904163251445 409
1757607610669 2.2872452970069133 410
1757607610762 1.7115509874498762 411
1757607610852 1.3799923100502904 412
1757607610940 1.5183387674610822 413
1757607611021 2.4051452627946563 414
1757607611104 1.2605344116599713 415
1757607611190 1.640070974924383 416
1757607611277 1.0179713527594851 417
1757607611361 2.119294138731749 418
1757607611446 2.2956836890094543 419
1757607611533 1.7282253125742242 420
1757607611617 2.2761775042930115 421
1757607611701 2.1136155452664216 422
1757607611784 2.0912343688554 423
1757607611864 1.9250731765182718 424
1757607611952 2.4146724572518092 425
1757607612041 1.0377072026431822 426
1757607612129 1.588641976253116 427
1757607612217 1.4692006506010709 428
1757607612308 2.068916481227517 429
1757607612399 1.1313958164796785 430
1757607612488 2.3244418871482395 431
1757607612576 1.726823794671505 432
1757607612664 1.0743373603565352 433
1757607612753 1.78956849124476 434
1757607612842 2.4417346482894544 435
1757607612933 1.23986716480855 436
1757607613025 2.1768258516067185 437
1757607613105 2.2892725941375884 438
1757607613189 1.5222587433629375 439
1757607613270 1.9638292669353477 440
1757607613355 1.4499964921778876 441
1757607613436 2.168009288535499 442
1757607613517 1.0485986607605202 443
1757607613608 1.2002369378000877 444
1757607613696 2.331302711432371 445
1757607613794 1.5295055821076082 446
1757607613881 1.6291846093500593 447
1757607613967 1.0526895623805994 448
1757607614049 1.0990887404219398 449
1757607614131 2.3416851656272604 450
1757607614220 2.158593094248292 451
1757607614306 1.4801308339232948 452
1757607614415 2.665477404339061 453
1757607614506 1.8443657227906605 454
1757607614593 2.5930456280687277 455
1757607614674 2.119356847611224 456
1757607614763 3.473783469636798 457
1757607614853 1.3197732514371356 458
1757607614942 1.8037893751812868 459
1757607615032 1.7583507476491316 460
1757607615115 1.6879182171589107 461
1757607615201 1.4168446983340552 462
1757607615288 1.5800666542374522 463
1757607615375 1.7377080013878814 464
1757607615459 2.5345858864830837 465
1757607615541 1.8097112340438644 466
1757607615628 0.8357730723231651 467
1757607615713 2.3432853073913327 468
1757607615800 1.1035199048189095 469
1757607615886 1.777174925389689 470
1757607615975 0.7714106304166622 471
1757607616065 1.1590623291673123 472
1757607616158 1.9315362270573955 473
1757607616247 1.171492957763813 474
1757607616339 1.2142369438844363 475
1757607616429 2.3614518231959325 476
1757607616518 1.550782955092766 477
1757607616606 1.4403934326861576 478
1757607616696 2.3155654478230043 479
1757607616788 2.4775214435130453 480
1757607616877 2.065457482244651 481
1757607616969 0.9894588652444172 482
1757607617059 1.515658825775796 483
1757607617145 1.4615766585981214 484
1757607617227 1.6211368720114185 485
1757607617310 2.1285738839198087 486
1757607617397 3.554784894964216 487
1757607617485 2.309677252832367 488
1757607617571 3.35085268976286 489
1757607617657 3.0663339936902614 490
1757607617744 1.2111551858369654 491
1757607617832 1.6705972639076807 492
1757607617921 1.0384679520672888 493
1757607618005 1.665989927157825 494
1757607618090 2.0098485188843958 495
1757607618175 1.6907073946608668 496
1757607618261 2.2802009412964095 497
1757607618349 2.2279623585847075 498
1757607618437 2.1761601113208338 499
