1757588253931 169.83705992055494 0
1757588253999 169.49306802435785 1
1757588254062 169.3843916040618 2
1757588254126 169.27669526858352 3
1757588254187 169.1841372228705 4
1757588254255 169.10366873764107 5
1757588254315 169.0337731484244 6
1757588254378 168.97305082460784 7
1757588254440 168.92029301335816 8
1757588254508 168.8744500478402 9
1757588254573 168.83461082474744 10
1757588254637 168.80676477340106 11
1757588254697 168.77819329851002 12
1757588254762 168.7534155879197 13
1757588254825 168.7378531273415 14
1757588254890 168.72055233054587 15
1757588254956 168.70542458981856 16
1757588255020 168.69196774453306 17
1757588255083 168.6799966625233 18
1757588255146 168.66933159569595 19
1757588255205 168.65981673220702 20
1757588255268 168.65131569084275 21
