1757600850373 1.9502653270617993 0
1757600850433 0.4759668561781479 1
1757600850498 0.43069279336682037 2
1757600850561 0.28004369058882217 3
1757600850631 0.5728599987203182 4
1757600850698 0.13465579509302472 5
1757600850759 0.2523057203992046 6
1757600850826 0.204526512346734 7
1757600850890 0.11287113291790973 8
1757600850955 0.10373370610754369 9
1757600851022 0.14402677117901652 10
1757600851083 0.14765324533344093 11
1757600851149 0.10867717860179336 12
1757600851211 0.06302344677934722 13
1757600851276 0.2817409535142818 14
1757600851343 0.15223321194362552 15
1757600851405 0.07670363973558388 16
1757600851470 0.11977620786751733 17
1757600851535 0.10963052247539118 18
1757600851658 0.16565961829353648 19
1757600851715 0.15397754157063104 20
1757600851773 0.11394008277069853 21
1757600851831 0.22675106528951772 22
1757600851893 0.16169782430812596 23
1757600851961 0.08454605428174104 24
1757600852023 0.16515400560105636 25
1757600852084 0.14023220004006873 26
1757600852147 0.1083702683573164 27
1757600852212 0.11390021651081428 28
1757600852279 0.18340641235606503 29
1757600852350 0.09329972793333384 30
1757600852418 0.08916756215382532 31
1757600852483 0.1463615073906053 32
1757600852551 0.07689242353601322 33
1757600852615 0.08238090144565487 34
1757600852734 0.15742005576495907 35
1757600852801 0.10060343997841997 36
1757600852867 0.11373147442340546 37
1757600852932 0.12249678208011776 38
1757600852998 0.21987148405661636 39
1757600853064 0.11678062134754344 40
1757600853123 0.17057826832659617 41
1757600853190 0.17087669468322697 42
1757600853255 0.15189281782850808 43
1757600853325 0.05005542926650613 44
1757600853391 0.22530624254795503 45
1757600853454 0.093416620111832 46
1757600853524 0.16310417566108554 47
1757600853587 0.06432138485738795 48
1757600853654 0.14047035071549596 49
1757600853720 0.07824268674121489 50
1757600853788 0.11300099543004154 51
1757600853852 0.1455147859620913 52
1757600853921 0.12906729055791566 53
1757600853988 0.053922173515801114 54
1757600854060 0.2733855434632253 55
1757600854124 0.12073303062875057 56
1757600854195 0.09515392476278338 57
1757600854262 0.2453657629484055 58
1757600854329 0.14361850432217713 59
1757600854396 0.11998325070450344 60
1757600854465 0.14957486668213416 61
1757600854532 0.1760193346892164 62
1757600854596 0.0933866596281618 63
1757600854663 0.08942442970100291 64
1757600854731 0.08315473157956411 65
1757600854795 0.23430339643181994 66
1757600854866 0.16668188756719185 67
1757600854934 0.11308593862957073 68
1757600854997 0.14548875777560932 69
1757600855065 0.1309827014101752 70
1757600855125 0.19787847043241813 71
1757600855193 0.16829685513475215 72
1757600855266 0.03405626008335635 73
1757600855333 0.0773434357471199 74
1757600855401 0.12156701937440756 75
1757600855472 0.10818029793662691 76
1757600855539 0.11541812193994526 77
1757600855607 0.07628864985090661 78
1757600855677 0.08296431032910717 79
1757600855745 0.1269235524033765 80
1757600855814 0.1117973199370315 81
1757600855879 0.11443515802375735 82
1757600855947 0.1235787188242462 83
1757600856014 0.037896614251672414 84
1757600856084 0.08835168718794531 85
1757600856153 0.1269773352001382 86
1757600856219 0.09617034054752807 87
1757600856289 0.08679215687390522 88
1757600856355 0.1476694142665822 89
1757600856428 0.08766148219443252 90
1757600856498 0.07100404227710724 91
1757600856566 0.15580450589143555 92
1757600856641 0.09376025962723589 93
1757600856710 0.17018171642408325 94
1757600856781 0.10596153968888034 95
1757600856847 0.1212548307411463 96
1757600856917 0.21512125319577083 97
1757600856985 0.20129634547983807 98
1757600857050 0.11307436479202655 99
1757600857114 0.16355101528693908 100
1757600857188 0.16774416761242472 101
1757600857256 0.13674940469812055 102
1757600857328 0.06508267822838634 103
1757600857401 0.1313723316868822 104
1757600857470 0.09487610207957065 105
1757600857537 0.1468066739557401 106
1757600857606 0.08280850441069539 107
1757600857682 0.09276101024012313 108
1757600857758 0.0825830186431867 109
1757600857828 0.032948464472463745 110
1757600857907 0.11351396498306612 111
1757600857979 0.17283279692803402 112
1757600858044 0.12901060197629954 113
1757600858115 0.14410818461030822 114
1757600858182 0.07087443872378917 115
1757600858251 0.09481029506503225 116
1757600858322 0.06799231631482507 117
1757600858393 0.08284623848815735 118
1757600858465 0.12067229629113549 119
1757600858536 0.09110697605642824 120
1757600858606 0.24411534516162614 121
1757600858676 0.13345953593992266 122
1757600858745 0.20303422202823243 123
1757600858816 0.13628702610851445 124
1757600858884 0.15512899052118523 125
1757600858954 0.10916268888515773 126
1757600859024 0.08439954552957354 127
1757600859096 0.14286629891555713 128
1757600859162 0.037014105677309936 129
1757600859234 0.19735286814244443 130
1757600859307 0.05208845155839644 131
1757600859377 0.08709979943519815 132
1757600859446 0.10197507629141536 133
1757600859519 0.18778432532913034 134
1757600859586 0.09767906207824929 135
1757600859656 0.09946283977575784 136
1757600859728 0.09407459412337112 137
1757600859797 0.11716130408036578 138
1757600859864 0.14298720570704088 139
1757600859935 0.13948708318727604 140
1757600860004 0.06845074623561864 141
1757600860073 0.13897554720596425 142
1757600860145 0.0886092558768527 143
1757600860215 0.09738348877726628 144
1757600860284 0.18268239938233516 145
1757600860354 0.13595676286484992 146
1757600860427 0.09252179575803467 147
1757600860495 0.17777757164294364 148
1757600860566 0.05405904638306626 149
1757600860636 0.2016435896699502 150
1757600860707 0.06810411853726614 151
1757600860775 0.11480001601965002 152
1757600860846 0.09968578643638762 153
1757600860916 0.1282710445518345 154
1757600860988 0.07807234951617718 155
1757600861056 0.11052886693830667 156
1757600861125 0.1203076925203234 157
1757600861194 0.11523820570381677 158
1757600861266 0.1203127878873019 159
1757600861340 0.1382748937873942 160
1757600861409 0.24878380006687337 161
1757600861479 0.1483829261684715 162
1757600861553 0.0917667426217001 163
1757600861621 0.11934115035558707 164
1757600861690 0.07233297905622561 165
1757600861764 0.10557297314887559 166
1757600861831 0.18849622561881132 167
1757600861903 0.07241100066492605 168
1757600861973 0.11765102927561004 169
1757600862044 0.06733124434013509 170
1757600862114 0.14446191957856594 171
1757600862182 0.11747656723451871 172
1757600862256 0.1534040595699522 173
1757600862328 0.0817276559588328 174
1757600862397 0.06818201097930825 175
1757600862466 0.07751367045513827 176
1757600862539 0.09662754263951975 177
1757600862607 0.14880418806725015 178
1757600862682 0.08745966214981793 179
1757600862752 0.08777195571392005 180
1757600862823 0.15928622993445113 181
1757600862895 0.18336124084643107 182
1757600862969 0.07870877115724217 183
1757600863039 0.08119784760940686 184
1757600863108 0.10846147610051644 185
1757600863173 0.08064593285083908 186
