1757435202091 168.86266928634348 0
1757435202156 168.83726414177033 1
1757435202203 168.81186335516693 2
1757435202252 168.78646692574722 3
1757435202306 168.76107485272527 4
1757435202362 168.73568713531535 5
1757435202423 168.7103037727318 6
1757435202474 168.68492476418916 7
1757435202516 168.6595501089021 8
1757435202568 168.63417980608543 9
1757435202623 168.60881385495412 10
1757435202681 168.58345225472328 11
1757435202743 168.55809500460816 12
1757435202795 168.53274210382418 13
1757435202851 168.50739355158683 14
1757435202908 168.48204934711185 15
1757435202968 168.45670948961506 16
1757435203027 168.43137397831242 17
1757435203088 168.40604281242014 18
1757435203149 168.38071599115437 19
1757435203214 168.3553935137316 20
1757435203278 168.3300753793684 21
1757435203360 168.3047615872814 22
1757435203426 168.27945213668758 23
1757435203493 168.25414702680388 24
1757435203558 168.22884625684742 25
1757435203623 168.2035498260355 26
1757435203690 168.17825773358555 27
1757435203753 168.15296997871516 28
1757435203817 168.1276865606421 29
1757435203882 168.10240747858418 30
1757435203947 168.07713273175943 31
1757435204016 168.05186231938603 32
1757435204089 168.02659624068227 33
1757435204146 168.00133449486663 34
1757435204201 167.97607708115765 35
1757435204261 167.9508239987741 36
1757435204315 167.9255752469349 37
1757435204376 167.90033082485905 38
1757435204430 167.8750907317657 39
1757435204484 167.84985496687423 40
1757435204544 167.82462352940405 41
1757435204601 167.79939641857484 42
1757435204660 167.7741736336063 43
1757435204718 167.74895517371831 44
1757435204775 167.72374103813095 45
1757435204830 167.69853122606446 46
1757435204888 167.6733257367391 47
1757435204949 167.6481245693754 48
1757435205010 167.6229277231939 49
1757435205067 167.59773519741546 50
1757435205121 167.57254699126096 51
1757435205181 167.54736310395145 52
1757435205243 167.52218353470815 53
1757435205303 167.4970082827524 54
1757435205362 167.4718373473057 55
1757435205422 167.44667072758966 56
1757435205477 167.4215084228261 57
1757435205536 167.39635043223691 58
1757435205596 167.37119675504417 59
1757435205658 167.3460473904701 60
1757435205719 167.32090233773704 61
1757435205780 167.29576159606754 62
1757435205844 167.27062516468422 63
1757435205909 167.24549304280984 64
1757435205972 167.22036522966735 65
1757435206039 167.19524172447987 66
1757435206103 167.17012252647058 67
1757435206168 167.14500763486285 68
1757435206227 167.11989704888023 69
1757435206289 167.09479076774633 70
1757435206346 167.06968879068498 71
1757435206403 167.04459111692012 72
1757435206461 167.01949774567578 73
1757435206519 166.9944086761763 74
1757435206578 166.969323907646 75
1757435206637 166.9442434393094 76
1757435206694 166.91916727039114 77
1757435206750 166.89409540011607 78
1757435206810 166.86902782770912 79
1757435206869 166.8439645523954 80
1757435206924 166.81890557340012 81
1757435206983 166.7938508899487 82
1757435207043 166.76880050126664 83
1757435207106 166.7437544065796 84
1757435207164 166.71871260511344 85
1757435207226 166.6936750960941 86
1757435207292 166.66864187874768 87
1757435207360 166.64361295230037 88
1757435207430 166.61858831597866 89
1757435207496 166.593567969009 90
1757435207562 166.5685519106181 91
1757435207624 166.54354014003277 92
1757435207689 166.51853265647998 93
1757435207754 166.49352945918685 94
1757435207820 166.4685305473806 95
1757435207885 166.44353592028864 96
1757435207952 166.41854557713847 97
1757435208018 166.39355951715785 98
1757435208083 166.36857773957456 99
1757435208146 166.34360024361652 100
1757435208210 166.3186270285119 101
1757435208265 166.29365809348897 102
1757435208325 166.26869343777602 103
1757435208386 166.2437330606017 104
1757435208446 166.2187769611947 105
1757435208511 166.19382513878372 106
1757435208576 166.16887759259785 107
1757435208641 166.14393432186614 108
1757435208708 166.11899532581785 109
1757435208771 166.0940606036824 110
1757435208837 166.06913015468936 111
1757435208901 166.0442039780683 112
1757435208966 166.01928207304917 113
1757435209034 165.99436443886194 114
1757435209100 165.96945107473658 115
1757435209166 165.94454197990348 116
1757435209237 165.91963715359302 117
1757435209303 165.89473659503565 118
1757435209367 165.86984030346218 119
1757435209436 165.84494827810337 120
1757435209503 165.8200605181902 121
1757435209570 165.79517702295374 122
1757435209635 165.77029779162532 123
1757435209704 165.7454228234363 124
1757435209771 165.72055211761818 125
1757435209842 165.69568567340272 126
1757435209913 165.6708234900217 127
1757435209980 165.64596556670708 128
1757435210050 165.62111190269098 129
1757435210119 165.5962624972057 130
1757435210185 165.57141734948354 131
1757435210253 165.54657645875707 132
1757435210310 165.52173982425904 133
1757435210366 165.49690744522223 134
1757435210427 165.47207932087957 135
1757435210484 165.44725545046418 136
1757435210544 165.42243583320933 137
1757435210605 165.39762046834838 138
1757435210669 165.37280935511492 139
1757435210731 165.34800249274255 140
1757435210797 165.32319988046518 141
1757435210865 165.29840151751668 142
1757435210931 165.2736074031312 143
1757435210996 165.24881753654296 144
1757435211063 165.22403191698638 145
1757435211127 165.19925054369597 146
1757435211192 165.17447341590636 147
1757435211259 165.14970053285245 148
1757435211324 165.12493189376912 149
1757435211391 165.1001674978915 150
1757435211454 165.07540734445482 151
1757435211523 165.05065143269445 152
1757435211600 165.02589976184592 153
1757435211659 165.0011523311449 154
1757435211721 164.97640913982718 155
1757435211784 164.95167018712877 156
1757435211846 164.92693547228563 157
1757435211899 164.90220499453412 158
1757435211949 164.87747875311055 159
1757435212011 164.85275674725145 160
1757435212073 164.82803897619345 161
1757435212132 164.8033254391734 162
1757435212184 164.7786161354282 163
1757435212242 164.7539110641949 164
1757435212294 164.72921022471078 165
1757435212343 164.70451361621318 166
1757435212399 164.67982123793965 167
1757435212456 164.65513308912776 168
1757435212521 164.63044916901532 169
1757435212589 164.6057694768403 170
1757435212654 164.5810940118407 171
1757435212719 164.55642277325484 172
1757435212783 164.53175576032095 173
1757435212849 164.5070929722776 174
1757435212916 164.48243440836342 175
1757435212984 164.4577800678172 176
1757435213056 164.43312994987778 177
1757435213123 164.40848405378432 178
1757435213190 164.38384237877597 179
1757435213258 164.35920492409204 180
1757435213323 164.33457168897206 181
1757435213391 164.3099426726557 182
1757435213455 164.28531787438263 183
1757435213520 164.26069729339278 184
1757435213587 164.23608092892624 185
1757435213655 164.21146878022316 186
1757435213721 164.1868608465239 187
1757435213787 164.16225712706893 188
1757435213855 164.1376576210988 189
1757435213926 164.11306232785435 190
1757435213993 164.0884712465764 191
1757435214064 164.063884376506 192
1757435214130 164.03930171688432 193
1757435214197 164.01472326695273 194
1757435214263 163.99014902595263 195
1757435214325 163.96557899312563 196
1757435214387 163.94101316771346 197
1757435214451 163.91645154895807 198
1757435214515 163.89189413610137 199
1757435214580 163.86734092838557 200
1757435214647 163.84279192505295 201
1757435214717 163.81824712534598 202
1757435214783 163.79370652850724 203
1757435214853 163.7691701337794 204
1757435214923 163.74463794040543 205
1757435214990 163.72010994762823 206
1757435215061 163.69558615469097 207
1757435215129 163.67106656083692 208
1757435215197 163.64655116530955 209
1757435215264 163.62203996735244 210
1757435215334 163.59753296620917 211
1757435215406 163.5730301611237 212
1757435215474 163.54853155133998 213
1757435215543 163.52403713610212 214
1757435215610 163.49954691465442 215
1757435215678 163.47506088624127 216
1757435215744 163.4505790501072 217
1757435215811 163.4261014054969 218
1757435215882 163.40162795165523 219
1757435215951 163.3771586878271 220
1757435216019 163.35269361325766 221
1757435216084 163.32823272719213 222
1757435216151 163.30377602887594 223
1757435216218 163.27932351755456 224
1757435216283 163.25487519247363 225
1757435216343 163.23043105287906 226
1757435216407 163.20599109801674 227
1757435216472 163.18155532713274 228
1757435216538 163.15712373947326 229
1757435216605 163.1326963342848 230
1757435216671 163.10827311081368 231
1757435216739 163.0838540683067 232
1757435216808 163.05943920601055 233
1757435216875 163.0350285231722 234
1757435216941 163.0106220190387 235
1757435217008 162.9862196928572 236
1757435217082 162.96182154387515 237
1757435217149 162.93742757133995 238
1757435217223 162.91303777449926 239
1757435217291 162.88865215260086 240
1757435217361 162.86427070489256 241
1757435217428 162.8398934306225 242
1757435217500 162.8155203290388 243
1757435217572 162.79115139938986 244
1757435217641 162.76678664092404 245
1757435217708 162.74242605289 246
1757435217776 162.71806963453648 247
1757435217843 162.6937173851123 248
1757435217912 162.66936930386655 249
1757435217982 162.6450253900483 250
1757435218066 162.62068564290695 251
1757435218137 162.59635006169185 252
1757435218203 162.5720186456526 253
1757435218271 162.54769139403896 254
1757435218334 162.52336830610068 255
1757435218394 162.49904938108784 256
1757435218457 162.47473461825055 257
1757435218522 162.45042401683907 258
1757435218588 162.4261175761038 259
1757435218655 162.40181529529528 260
1757435218723 162.37751717366424 261
1757435218789 162.35322321046144 262
1757435218853 162.3289334049379 263
1757435218920 162.30464775634476 264
1757435218986 162.28036626393313 265
1757435219052 162.25608892695453 266
1757435219118 162.23181574466037 267
1757435219189 162.20754671630237 268
1757435219256 162.18328184113236 269
1757435219323 162.15902111840217 270
1757435219394 162.13476454736397 271
1757435219460 162.11051212726994 272
1757435219528 162.0862638573724 273
1757435219594 162.0620197369239 274
1757435219663 162.03777976517705 275
1757435219729 162.0135439413846 276
1757435219800 161.98931226479945 277
1757435219866 161.9650847346747 278
1757435219933 161.9408613502635 279
1757435220005 161.91664211081914 280
1757435220071 161.89242701559516 281
1757435220139 161.86821606384507 282
1757435220208 161.84400925482265 283
1757435220276 161.81980658778178 284
1757435220344 161.79560806197648 285
1757435220405 161.77141367666087 286
1757435220467 161.74722343108928 287
1757435220532 161.72303732451616 288
1757435220592 161.69885535619602 289
1757435220656 161.67467752538354 290
1757435220723 161.6505038313337 291
1757435220790 161.62633427330132 292
1757435220858 161.6021688505416 293
1757435220926 161.57800756230986 294
1757435220994 161.55385040786138 295
1757435221062 161.52969738645177 296
1757435221131 161.50554849733666 297
1757435221196 161.48140373977188 298
1757435221271 161.4572631130134 299
1757435221340 161.43312661631728 300
1757435221401 161.40899424893976 301
1757435221469 161.3848660101372 302
1757435221537 161.3607418991661 303
1757435221605 161.33662191528305 304
1757435221672 161.3125060577449 305
1757435221739 161.28839432580853 306
1757435221805 161.264286718731 307
1757435221873 161.24018323576954 308
1757435221938 161.21608387618141 309
1757435222006 161.19198863922406 310
1757435222077 161.1678975241552 311
1757435222137 161.14381053023249 312
1757435222201 161.11972765671382 313
1757435222269 161.0956489028572 314
1757435222330 161.0715742679208 315
1757435222383 161.0475037511629 316
1757435222435 161.02343735184198 317
1757435222494 160.9993750692165 318
1757435222552 160.9753169025453 319
1757435222614 160.95126285108708 320
1757435222677 160.92721291410092 321
1757435222743 160.9031670908459 322
1757435222809 160.87912538058126 323
1757435222875 160.85508778256641 324
1757435222940 160.83105429606093 325
1757435223003 160.80702492032435 326
1757435223063 160.78299965461662 327
1757435223129 160.7589784981976 328
1757435223195 160.73496145032738 329
1757435223260 160.71094851026615 330
1757435223326 160.68693967727432 331
1757435223395 160.66293495061234 332
1757435223464 160.63893432954083 333
1757435223531 160.61493781332055 334
1757435223602 160.59094540121245 335
1757435223671 160.5669570924775 336
1757435223737 160.54297288637696 337
1757435223807 160.51899278217206 338
1757435223876 160.4950167791243 339
1757435223946 160.47104487649523 340
1757435224012 160.44707707354655 341
1757435224079 160.4231133695402 342
1757435224146 160.39915376373813 343
1757435224218 160.37519825540247 344
1757435224288 160.35124684379548 345
1757435224356 160.3272995281796 346
1757435224417 160.30335630781732 347
1757435224480 160.27941718197138 348
1757435224544 160.25548214990457 349
1757435224614 160.23155121087984 350
1757435224681 160.2076243641603 351
1757435224745 160.18370160900912 352
1757435224809 160.15978294468974 353
1757435224875 160.13586837046557 354
1757435224937 160.11195788560036 355
1757435225004 160.08805148935775 356
1757435225073 160.0641491810018 357
1757435225142 160.04025095979645 358
1757435225210 160.01635682500591 359
1757435225278 159.9924667758945 360
1757435225346 159.96858081172667 361
1757435225412 159.94469893176702 362
1757435225481 159.92082113528025 363
1757435225547 159.89694742153128 364
1757435225615 159.87307778978507 365
1757435225686 159.84921223930678 366
1757435225755 159.82535076936162 367
1757435225822 159.8014933792151 368
1757435225891 159.77764006813265 369
1757435225961 159.75379083538007 370
1757435226029 159.72994568022312 371
1757435226096 159.70610460192773 372
1757435226164 159.68226759976005 373
1757435226235 159.65843467298632 374
1757435226303 159.63460582087274 375
1757435226371 159.610781042686 376
1757435226436 159.58696033769263 377
1757435226504 159.56314370515943 378
1757435226572 159.53933114435335 379
1757435226634 159.51552265454131 380
1757435226700 159.4917182349906 381
1757435226768 159.46791788496853 382
1757435226833 159.4441216037425 383
1757435226898 159.4203293905801 384
1757435226964 159.39654124474907 385
1757435227029 159.37275716551727 386
1757435227097 159.34897715215263 387
1757435227167 159.32520120392343 388
1757435227236 159.30142932009778 389
1757435227301 159.27766149994414 390
1757435227374 159.25389774273106 391
1757435227445 159.2301380477272 392
1757435227513 159.20638241420133 393
1757435227582 159.18263084142245 394
1757435227653 159.1588833286596 395
1757435227726 159.13513987518203 396
1757435227798 159.11140048025902 397
1757435227867 159.08766514316014 398
1757435227934 159.06393386315494 399
1757435228004 159.04020663951323 400
1757435228079 159.01648347150484 401
1757435228148 158.99276435839985 402
1757435228216 158.96904929946837 403
1757435228285 158.94533829398077 404
1757435228358 158.92163134120744 405
1757435228429 158.89792844041892 406
1757435228491 158.87422959088593 407
1757435228556 158.85053479187934 408
1757435228624 158.8268440426701 409
1757435228693 158.80315734252932 410
1757435228764 158.77947469072822 411
1757435228835 158.75579608653823 412
1757435228905 158.7321215292308 413
1757435228977 158.7084510180776 414
1757435229046 158.68478455235044 415
1757435229115 158.6611221313212 416
1757435229186 158.637463754262 417
1757435229254 158.61380942044494 418
1757435229323 158.59015912914236 419
1757435229390 158.5665128796268 420
1757435229461 158.54287067117082 421
1757435229536 158.51923250304702 422
1757435229607 158.49559837452844 423
1757435229680 158.471968284888 424
1757435229751 158.4483422333988 425
1757435229825 158.42472021933418 426
1757435229895 158.4011022419675 427
1757435229966 158.37748830057225 428
1757435230042 158.3538783944222 429
1757435230124 158.3302725227911 430
1757435230203 158.30667068495288 431
1757435230275 158.28307288018166 432
1757435230347 158.2594791077516 433
1757435230416 158.23588936693704 434
1757435230477 158.2123036570125 435
1757435230537 158.1887219772526 436
1757435230599 158.16514432693205 437
1757435230659 158.14157070532573 438
1757435230721 158.1180011117087 439
1757435230784 158.09443554535605 440
1757435230846 158.07087400554312 441
1757435230913 158.0473164915453 442
1757435230984 158.02376300263813 443
1757435231055 158.00021353809734 444
1757435231129 157.97666809719874 445
1757435231198 157.9531266792183 446
1757435231268 157.92958928343202 447
1757435231335 157.90605590911622 448
1757435231405 157.88252655554723 449
1757435231475 157.85900122200158 450
1757435231546 157.83547990775583 451
1757435231616 157.81196261208672 452
1757435231692 157.78844933427126 453
1757435231766 157.76494007358644 454
1757435231836 157.74143482930933 455
1757435231911 157.71793360071734 456
1757435231980 157.6944363870879 457
1757435232051 157.6709431876985 458
1757435232123 157.64745400182687 459
1757435232204 157.62396882875083 460
1757435232271 157.6004876677484 461
1757435232341 157.5770105180976 462
1757435232428 157.55353737907674 463
1757435232493 157.5300682499642 464
1757435232551 157.50660313003837 465
1757435232614 157.483142018578 466
1757435232681 157.45968491486178 467
1757435232746 157.43623181816872 468
1757435232813 157.41278272777774 469
1757435232873 157.38933764296806 470
1757435232939 157.365896563019 471
1757435233008 157.34245948720994 472
1757435233077 157.3190264148205 473
1757435233148 157.29559734513043 474
1757435233221 157.27217227741946 475
1757435233293 157.24875121096764 476
1757435233370 157.22533414505506 477
1757435233469 157.20192107896196 478
1757435233542 157.17851201196865 479
1757435233633 157.15510694335575 480
1757435233704 157.13170587240378 481
1757435233777 157.10830879839364 482
1757435233846 157.0849157206061 483
1757435233918 157.0615266383223 484
1757435233989 157.0381415508234 485
1757435234064 157.01476045739062 486
1757435234135 156.99138335730552 487
1757435234210 156.96801024984958 488
1757435234283 156.94464113430456 489
1757435234355 156.92127600995227 490
1757435234431 156.89791487607465 491
1757435234504 156.8745577319539 492
1757435234575 156.85120457687216 493
1757435234645 156.82785541011188 494
1757435234716 156.8045102309555 495
1757435234787 156.78116903868565 496
1757435234863 156.75783183258517 497
1757435234937 156.73449861193689 498
1757435235006 156.7111693760239 499
