1757589679397 158.01187723783988 0
1757589679472 135.13184372982772 1
1757589679548 126.08586934348781 2
1757589679692 117.17897799560525 3
1757589679845 108.92920374457606 4
1757589679908 101.26920482227516 5
1757589679970 94.15740230229784 6
1757589680031 87.55440922651951 7
1757589680099 81.42370157541158 8
1757589680164 75.73138057989001 9
1757589680236 70.44598498244689 10
1757589680311 65.53831556328619 11
1757589680387 60.981272349037205 12
1757589680460 56.74970354098733 13
1757589680531 52.820265320688435 14
1757589680593 49.179594989266214 15
1757589680663 45.79414515133199 16
1757589680732 42.6502129551696 17
1757589680804 39.730328338896605 18
1757589680877 37.01844732614291 19
1757589680947 34.49967190336706 20
1757589681024 32.16017436350925 21
1757589681091 29.987120060435466 22
1757589681157 27.96859599233887 23
1757589681224 26.093544515518747 24
1757589681296 24.351701829748077 25
1757589681368 22.733540891230717 26
1757589681443 21.230218434346636 27
1757589681512 19.833525806328538 28
1757589681581 18.535843340322145 29
1757589681652 17.33009801205517 30
1757589681727 16.209724143689517 31
1757589681805 15.168626935458219 32
1757589681885 14.201148621489681 33
1757589681961 13.302037060884508 34
1757589682039 12.466416588716775 35
1757589682113 11.689760964258218 36
1757589682182 10.967868265440917 37
1757589682256 10.296837589447195 38
1757589682332 9.673047429405441 39
1757589682407 9.09313560653389 40
1757589682481 8.553980645763163 41
1757589682556 8.05268449093148 42
1757589682636 7.586556463128817 43
1757589682712 7.153098372709466 44
1757589682785 6.74999070193608 45
1757589682861 6.375079781197248 46
1757589682932 6.026365887289474 47
1757589683004 5.701992197403206 48
1757589683079 5.400234537230939 49
1757589683159 5.119491866049206 50
1757589683231 4.858277445741176 51
1757589683303 4.615210644544779 52
1757589683375 4.38900932985467 53
1757589683447 4.178482807694584 54
1757589683524 3.9825252695279 55
1757589683601 3.8001097099059686 56
1757589683677 3.630282281081325 57
1757589683755 3.472157053151572 58
1757589683827 3.324911150562356 59
1757589683902 3.1877802378979534 60
1757589683981 3.0600543298366274 61
1757589684054 2.9410739019562526 62
1757589684124 2.8302262807538794 63
1757589684201 2.7269422928002474 64
1757589684275 2.630693154395365 65
1757589684347 2.540987584432475 66
1757589684419 2.4573691244221876 67
1757589684494 2.3794136507835395 68
1757589684564 2.306727065580498 69
1757589684636 2.2372214939160258 70
1757589684708 2.174961646040351 71
1757589684780 2.1159944046140358 72
1757589684849 2.061002137500019 73
1757589684919 2.0080983516273703 74
1757589684993 1.9610872168113305 75
1757589685065 1.9163879163824045 76
1757589685136 1.8731776311162145 77
1757589685205 1.8350573526719558 78
1757589685274 1.7986859736927783 79
1757589685344 1.7633095941779648 80
1757589685417 1.7323664330950304 81
1757589685489 1.7027244291230283 82
1757589685560 1.6736873195697586 83
1757589685630 1.648544136654287 84
1757589685700 1.6243462203997998 85
1757589685768 1.6004456293484328 86
1757589685838 1.5799951005133914 87
1757589685911 1.5602071430000573 88
1757589685982 1.5404744508758186 89
1757589686057 1.5238255856273581 90
1757589686131 1.5076149046308394 91
1757589686197 1.4912693801723025 92
1757589686268 1.47770470820719 93
1757589686338 1.464400265069813 94
1757589686414 1.4508120283531565 95
1757589686485 1.439753319035546 96
1757589686564 1.428813841514381 97
1757589686636 1.4174741927623895 98
1757589686707 1.4084550003907736 99
1757589686779 1.3983742231600786 100
1757589686851 1.3905052100192716 101
1757589686922 1.382582131707287 102
1757589686993 1.3741193486417609 103
1757589687063 1.3677019297442718 104
1757589687135 1.3611555831182869 105
1757589687208 1.3540103341992544 106
1757589687277 1.348780675609454 107
1757589687347 1.3423749886427376 108
1757589687423 1.337819146490739 109
1757589687496 1.3330421205337644 110
1757589687569 1.3275963900292223 111
1757589687642 1.323893533276951 112
1757589687715 1.319930089770058 113
1757589687787 1.3152689381085028 114
1757589687865 1.312268344363139 115
1757589687942 1.3080486404759297 116
1757589688017 1.3054493300277663 117
1757589688086 1.3025409321738952 118
1757589688158 1.2989015700326731 119
1757589688230 1.2968118936233146 120
1757589688305 1.294392778931589 121
1757589688377 1.2912293655486011 122
1757589688452 1.289562276833541 123
1757589688528 1.2866670703414513 124
1757589688598 1.2852435481722895 125
1757589688672 1.283465549238048 126
1757589688747 1.280928759009517 127
1757589688819 1.2798155441860946 128
1757589688889 1.277476968050505 129
1757589688961 1.2765438604086836 130
1757589689037 1.2752402088025971 131
1757589689111 1.2731698627007222 132
1757589689184 1.2724666111388254 133
1757589689255 1.2705438305183663 134
1757589689328 1.269974922833372 135
1757589689393 1.2690252077369895 136
1757589689460 1.2673050784849578 137
1757589689528 1.2669078584098714 138
1757589689597 1.2652983803854878 139
1757589689669 1.2650022749883993 140
1757589689747 1.2643189549664855 141
1757589689822 1.2628640824036772 142
1757589689897 1.2626973079154638 143
1757589689973 1.2613259745933352 144
1757589690050 1.2612360068075166 145
1757589690125 1.2607549567487575 146
1757589690201 1.2595027452344425 147
1757589690279 1.2595110290620846 148
1757589690356 1.258322281449768 149
1757589690434 1.2583894486582194 150
1757589690512 1.2580633189370312 151
1757589690590 1.2569672666386777 152
1757589690667 1.257109695743095 153
1757589690744 1.2560621159060226 154
1757589690819 1.2562501023812336 155
1757589690895 1.2560436363232452 156
1757589690971 1.2550689001934319 157
1757589691046 1.2553149986940861 158
1757589691118 1.2543774425439245 159
1757589691193 1.2546591050647793 160
1757589691265 1.2545458231788549 161
1757589691340 1.2536660675502558 162
1757589691410 1.2539929374242045 163
1757589691485 1.2531417810569052 164
1757589691559 1.253496655200023 165
1757589691634 1.253456495857714 166
1757589691710 1.2526516412855195 167
1757589691785 1.2530419273660507 168
1757589691858 1.2522590954246484 169
1757589691934 1.252671617045551 170
1757589692008 1.2526892485444079 171
1757589692083 1.2519438542028138 172
1757589692155 1.252384287888086 173
1757589692225 1.2516558331361811 174
1757589692300 1.2521140626436653 175
