1757603122541 1.5998331177537817 0
1757603122649 0.4951476165187552 1
1757603122759 2.561262134329461 2
1757603122872 0.14112689417743488 3
1757603122986 0.2787832186825887 4
1757603123099 0.01726024301627041 5
1757603123207 0.00015152776920016438 6
1757603123310 0.3026376514518471 7
1757603123414 1.6983631415139213 8
1757603123524 5.932824155149888 9
1757603123634 0.21401468435275942 10
1757603123746 3.01037214255366 11
1757603123855 0.2089754485248488 12
1757603123966 0.001434228810952742 13
1757603124074 0.755992942917856 14
1757603124181 0.0063948523034583985 15
1757603124288 0.8011763588595882 16
1757603124398 0.7054422963046444 17
1757603124506 0.3557480507788659 18
1757603124614 1.47076035911268 19
1757603124726 2.632703550055043 20
1757603124837 0.005813205368621408 21
1757603124947 0.42818248503925777 22
1757603125056 0.012122043768918686 23
1757603125165 15.288062507990192 24
1757603125280 4.037429588064068 25
1757603125386 0.0339710090770202 26
1757603125491 2.7783881045214502 27
1757603125596 0.6684481158012052 28
1757603125702 1.0392516201422115 29
1757603125806 1.818264572081899 30
1757603125911 0.08859627981862261 31
1757603126015 0.10150610947662682 32
1757603126121 17.50653911535014 33
1757603126227 1.2840508249859082 34
1757603126333 0.36336713677030086 35
1757603126437 0.04011819175342048 36
1757603126542 0.025511217695023448 37
1757603126647 2.5612707398055905 38
1757603126751 8.653426936376139 39
1757603126857 3.539609638528083 40
1757603126963 3.155047035113545 41
1757603127069 0.4108426334038096 42
1757603127175 0.1317766325807565 43
1757603127281 1.6813260843042823 44
1757603127388 1.2191016129557937 45
1757603127493 0.4405356639305968 46
1757603127599 0.8995699564016226 47
1757603127704 5.500935865999393 48
1757603127809 1.1634845886519738 49
1757603127914 1.5935251870188383 50
1757603128017 2.18521697043923 51
1757603128123 0.0044211398520597935 52
1757603128229 0.1348438824978444 53
1757603128335 0.019342778256612334 54
1757603128442 0.08797199849003205 55
1757603128547 0.24252289073784802 56
1757603128654 0.09263157501680738 57
1757603128758 1.3750760912472964 58
1757603128864 5.796721855735418 59
1757603128969 0.10593245703955469 60
1757603129075 0.04849529056528657 61
1757603129180 2.683627297303006 62
1757603129286 4.246321233609576 63
1757603129392 7.747516381551475 64
1757603129498 1.1062538587264532 65
1757603129603 2.793685004420481 66
1757603129710 2.5110824084526486 67
1757603129817 0.8619517999060491 68
1757603129923 2.0985110467782633 69
1757603130029 0.45270743066073493 70
1757603130135 2.491085633429712 71
1757603130241 2.790738641621503 72
1757603130347 2.020461631250789 73
1757603130453 0.9649242679844934 74
1757603130559 2.130255763968333 75
1757603130665 1.4947752197463124 76
1757603130770 0.7855796835542707 77
1757603130875 0.6654999188226798 78
1757603130981 1.6750994351006412 79
1757603131087 2.0727374587922647 80
1757603131196 3.45569026343773 81
1757603131301 0.00013140723553232067 82
1757603131408 1.8988744039310255 83
1757603131515 2.886539656393935 84
1757603131622 0.32606538967038157 85
1757603131728 1.7341871621330254 86
1757603131834 5.8251938245722 87
1757603131941 1.7325973124367942 88
1757603132052 1.2544608002889874 89
1757603132159 0.3644808570057652 90
1757603132264 0.2670905870673558 91
1757603132372 1.0473556421720898 92
1757603132479 1.9018797432908374 93
1757603132601 0.13645848891453327 94
1757603132751 0.9990940860902455 95
1757603132895 0.06481834805588879 96
1757603133037 0.001536575586481096 97
1757603133178 0.11789355824349904 98
1757603133298 0.611081374017874 99
1757603133416 0.004210756203346343 100
1757603133537 3.188431457167241 101
1757603133655 0.8179970825199268 102
1757603133771 1.5796154934089572 103
1757603133872 0.2990057701489745 104
1757603133974 2.125569855466546 105
1757603134078 1.4693062146377571 106
1757603134191 0.23031704622247584 107
1757603134306 0.2382627310765971 108
1757603134423 0.6910990426196084 109
1757603134540 6.99285783891339 110
1757603134724 6.48948139772206 111
1757603134838 0.04497616334834042 112
1757603134948 1.0653565815440593 113
1757603135056 1.2882871580180748 114
1757603135164 0.22623084788682576 115
1757603135274 2.8564090933116986 116
1757603135381 1.0047166077442056 117
1757603135489 1.9487469000094881 118
1757603135596 0.09081675774903646 119
1757603135704 0.2055036141143328 120
1757603135813 2.3233254044591094 121
1757603135931 0.7690173298121805 122
1757603136047 0.8931295219350023 123
1757603136156 1.9663373729332323 124
1757603136265 10.8155702124386 125
1757603136374 1.1048233186163139 126
1757603136483 5.8784431374093495 127
1757603136601 1.5806732250126443 128
1757603136722 1.2084235523110272 129
1757603136840 6.794957506266157 130
1757603136957 8.98376184836245 131
1757603137065 0.5158817486026427 132
1757603137174 0.7853878501787613 133
1757603137288 0.0015221105557081853 134
1757603137408 0.7373479988034424 135
1757603137526 4.718651970680561 136
1757603137642 0.8579863959694255 137
1757603137760 0.3942539661815401 138
1757603137880 2.4284770089782994 139
1757603137999 3.218654175089542 140
1757603138117 1.8638908492410662 141
1757603138235 6.589270931182928 142
1757603138354 1.592557104940352 143
1757603138467 3.459767862012941 144
1757603138575 3.564544146847543 145
1757603138683 0.31961333235982164 146
1757603138792 1.9937708496172826 147
1757603138900 0.16960003726546335 148
1757603139008 1.2361718625233227 149
1757603139117 0.012627816123335165 150
1757603139225 1.1975312318652596 151
1757603139335 1.1398476113674232 152
1757603139445 0.42388035294571236 153
1757603139558 2.0589983713093774 154
1757603139680 1.5665843349158122 155
1757603139797 0.026305695364325702 156
1757603139908 6.333235421383635 157
1757603140018 0.14195413806353027 158
1757603140129 1.3662197739084752 159
1757603140241 2.64395790938619 160
1757603140379 2.477181906138755 161
1757603140491 0.35862689566174333 162
1757603140603 2.833604726621044 163
1757603140712 4.859366696367492 164
1757603140828 3.9420716173940233 165
1757603140939 2.2329394763959414 166
1757603141049 0.3418412865820572 167
1757603141157 2.4607981408636617 168
1757603141265 4.334711305482197 169
1757603141373 0.3291243110175126 170
1757603141479 0.08310212836402155 171
1757603141595 5.177920766552582 172
1757603141709 1.2300392322564373 173
1757603141818 3.2100470646396824 174
1757603141926 2.2520688466477394 175
1757603142037 0.09629352418035743 176
1757603142145 0.13815769114574653 177
1757603142253 0.12113784457242283 178
1757603142365 2.2698393496961 179
1757603142474 0.5793891501460652 180
1757603142581 2.429284725522968 181
1757603142688 2.1823459495082638 182
1757603142799 2.6994746505373928 183
1757603142907 0.15656494672939897 184
1757603143015 0.0477297994896629 185
1757603143122 1.2821198048047078 186
1757603143230 0.04530564233730206 187
1757603143337 2.1842311331117856 188
1757603143445 3.009784127822782 189
1757603143552 2.3813816457163433 190
1757603143660 0.028787118090255505 191
1757603143767 0.03448643676011227 192
1757603143875 0.20058998608401876 193
1757603143981 4.4820119134804175 194
1757603144088 4.588346158190072 195
1757603144197 0.00018752459059027203 196
1757603144305 2.465733872200723 197
1757603144412 2.089628894253854 198
1757603144517 0.37805800284259183 199
1757603144624 1.4500591287088504e-05 200
1757603144733 4.352842134664747 201
1757603144848 8.465937124749786 202
1757603144957 0.8862270272528321 203
1757603145067 0.006782537212501548 204
1757603145177 0.6822100824195572 205
1757603145284 0.3371576328732021 206
1757603145393 0.009862466668274011 207
1757603145502 1.4285935014602478 208
1757603145611 5.247566661627841 209
1757603145718 1.2531710916137278 210
1757603145826 2.493288931143489 211
1757603145933 0.9206276770432453 212
1757603146042 0.5310924930918058 213
1757603146151 0.7663745492871793 214
1757603146260 0.07075869943953016 215
1757603146368 8.441957334883956 216
1757603146475 9.162784135165934 217
1757603146582 3.1062462120370786 218
1757603146689 8.915989183743807 219
1757603146800 0.25337441800904215 220
1757603146907 0.6605749667606838 221
1757603147016 9.694490114381988 222
1757603147126 0.5202238724294506 223
1757603147235 0.44853763097066285 224
1757603147344 0.8393952457640782 225
1757603147453 0.0016028643044300236 226
1757603147561 2.3341695348700244 227
1757603147669 1.2450267791906964 228
1757603147779 0.6407510295638631 229
1757603147887 0.005285166227511854 230
1757603147997 0.0008541880334953702 231
1757603148104 0.023561291606054812 232
1757603148216 1.9400166446334763 233
1757603148325 0.10532455589490293 234
1757603148432 0.7905091104496992 235
1757603148543 12.683852588316574 236
1757603148652 2.7302793362471998 237
1757603148759 0.7985044199283093 238
1757603148867 0.09455197820873998 239
1757603148976 4.06404948458816 240
1757603149083 0.4444122595134242 241
1757603149192 1.1357362407044769 242
1757603149300 0.22403983966108118 243
1757603149407 1.3063968850370178 244
1757603149515 3.8236742862046875 245
1757603149624 6.8895945686975475 246
1757603149733 0.6195871327256598 247
1757603149841 0.258310108926197 248
1757603149949 0.5859983110104531 249
1757603150063 0.15121968581425507 250
1757603150173 0.28250699526024636 251
1757603150284 0.46647381549303996 252
1757603150394 4.913791174835174 253
1757603150503 0.011750866434861142 254
1757603150622 0.16975643013557493 255
1757603150742 1.959758921668859 256
1757603150852 4.163118765606636 257
1757603150961 0.46678433792379104 258
1757603151071 1.5747619848574914 259
1757603151180 1.8223260582943919 260
1757603151289 0.34035757205811557 261
1757603151399 0.08083848534609143 262
1757603151506 0.8419786551003934 263
1757603151615 1.4691227028031542 264
1757603151723 0.868045079579553 265
1757603151833 1.7637422099804776 266
1757603151995 1.4491064381100658 267
1757603152149 2.2881312699202416 268
1757603152298 0.41417377450002424 269
1757603152446 1.1955869156485763 270
1757603152566 0.9374551969973486 271
1757603152678 5.164142236820444 272
1757603152788 0.1947624563561839 273
1757603152901 1.9760337151522285 274
1757603153012 13.478395194889067 275
1757603153121 3.743961101308073 276
1757603153230 1.4888358384171132 277
1757603153339 7.077981759359736 278
1757603153448 1.770646601274853 279
1757603153558 0.35681324471477044 280
1757603153667 0.3652413755192906 281
1757603153779 2.4909965415101687 282
1757603153889 0.6192740608343975 283
1757603154000 0.017641224534266784 284
1757603154109 0.0034279121859074105 285
1757603154219 1.4300865989024703 286
1757603154329 5.607644966478276 287
1757603154438 1.7386917780832234 288
1757603154548 5.3411818015792205 289
1757603154658 0.7721805022962588 290
1757603154770 0.13848766614142027 291
1757603154890 0.8957451066373747 292
1757603155001 2.233742646723904 293
1757603155111 0.1523445868252034 294
1757603155222 0.8227361429229618 295
1757603155332 3.1712002809507487 296
1757603155442 2.786505121389616 297
1757603155551 6.748018677724524 298
1757603155661 1.4834154235987496 299
1757603155773 0.18012037256105023 300
1757603155884 2.841566250406405 301
1757603155995 1.2915524282593303 302
1757603156106 0.8160843315019302 303
1757603156218 2.0387633428147196 304
1757603156330 1.3353457961864559 305
1757603156444 0.15391464602503516 306
1757603156552 0.34801094125600035 307
1757603156665 3.7930140055932804 308
1757603156777 0.5673714495481095 309
1757603156890 0.42250923328987133 310
1757603157003 2.6878230220816133 311
1757603157114 0.018857996537144824 312
1757603157233 2.3800414033883732 313
1757603157357 0.02448698837582097 314
1757603157473 0.032886939485083665 315
1757603157588 1.5781943503491316 316
1757603157701 2.186211615696556 317
1757603157813 0.08400838645574406 318
1757603157926 0.45449324606111474 319
1757603158038 1.0416732599058152 320
1757603158153 0.06827403100845489 321
1757603158268 0.13155472591633743 322
1757603158381 7.165291947870367 323
1757603158492 0.016455627133831034 324
1757603158605 0.14145269100489974 325
1757603158718 0.004520898519680693 326
1757603158829 5.8911160507420774 327
1757603158941 1.4919917339133926 328
1757603159052 0.38852347347849997 329
1757603159165 0.046366621430080204 330
1757603159278 11.84113341301161 331
1757603159390 0.5532797765052977 332
1757603159504 1.7696023113775408 333
1757603159617 0.8617346917664629 334
1757603159730 1.6768408983304304 335
1757603159842 0.36179721338561543 336
1757603159956 0.3717718073585979 337
1757603160068 0.6219159967264757 338
1757603160191 0.07823600379283276 339
1757603160347 2.0719600553707727 340
1757603160459 3.733577308860877 341
1757603160572 0.0658181269687839 342
1757603160684 14.79453158770486 343
1757603160797 1.1123503459647648 344
1757603160911 6.305394655304332 345
1757603161024 2.698358318352484 346
1757603161136 1.7081857348709701 347
1757603161248 4.690746755924313 348
1757603161360 0.651521775185077 349
1757603161471 0.14698926265888562 350
1757603161581 0.7807522622334481 351
1757603161693 1.0956423829673727 352
1757603161804 1.3065249682323072 353
1757603161916 1.2870979234451994 354
1757603162028 2.696633088442944 355
1757603162141 0.22611148550971844 356
1757603162252 0.6179770101884657 357
1757603162367 2.2649877591963654 358
1757603162485 4.088214963120043 359
1757603162598 3.588224758004951 360
1757603162712 1.6568525211187926 361
1757603162825 0.04708552123383442 362
1757603162938 12.410680717407075 363
1757603163053 2.4914088725508305 364
1757603163169 0.04185403489824388 365
1757603163283 1.1026028913842933 366
1757603163405 0.022114773361839098 367
1757603163520 2.1470152196357306 368
1757603163656 0.0016788357580240826 369
1757603163769 2.5728421316865266 370
1757603163881 5.099877110341099 371
1757603163993 2.7640430013286617 372
1757603164106 3.1176014940187877 373
1757603164223 4.465993484099663 374
1757603164338 2.623265801628459 375
1757603164449 3.45972688629924 376
1757603164562 1.373484115328923 377
1757603164674 0.016693086994880375 378
1757603164787 0.09661940941674049 379
1757603164904 1.1241376664335991 380
1757603165016 0.01364519517896737 381
1757603165128 0.867937868527469 382
1757603165240 3.466085332933905 383
1757603165352 0.3607481649879105 384
1757603165465 1.564855807599311 385
1757603165587 0.0006029331460963049 386
1757603165700 2.0738695583401903 387
1757603165814 0.5315500587481219 388
1757603165927 0.2800381627544662 389
1757603166040 12.338711335835994 390
1757603166151 3.536055695561086 391
1757603166264 1.5469472879958668 392
1757603166377 0.3537762173570989 393
1757603166492 1.047200803926259 394
1757603166604 0.8242404151207711 395
1757603166717 0.18837466695616897 396
1757603166831 0.6807101252869618 397
1757603166944 0.05593651742477605 398
1757603167055 0.48669550978865117 399
1757603167168 4.449345175090637 400
1757603167281 2.409792469630365 401
1757603167397 2.6569335727392556 402
1757603167512 0.009519501020699829 403
1757603167626 8.025626597508879 404
1757603167740 1.6596582881669704 405
1757603167853 0.05604094441473564 406
1757603167967 1.0732989888644768 407
1757603168080 1.8016420758175553 408
1757603168193 3.2667563266483164 409
1757603168306 0.7567036618082729 410
1757603168419 0.950874124517774 411
1757603168534 0.15165516039177052 412
1757603168654 0.001868261786838263 413
1757603168768 6.247462573123831 414
1757603168882 0.043303486537886154 415
1757603168995 1.7335509301798835 416
1757603169110 0.2067714813102761 417
1757603169224 0.0009024024672425441 418
1757603169337 2.7833475087124877 419
1757603169450 0.1953212892556513 420
1757603169563 0.6255612579350197 421
1757603169695 0.46278660858387516 422
1757603169817 4.507164787889182 423
1757603169933 0.28609361978914494 424
1757603170049 2.0804975884497523 425
1757603170164 2.765252265446725 426
1757603170281 0.07599556315148405 427
1757603170396 2.6451915333861384 428
1757603170510 1.3584213103674818 429
1757603170624 7.30302192066232 430
1757603170740 0.1551658401976322 431
1757603170856 8.029274148799649 432
1757603170974 0.18510896667478155 433
1757603171090 4.553672932400307 434
1757603171207 0.15634219558516196 435
1757603171325 1.1150199080418357 436
1757603171439 0.6777765129088742 437
1757603171554 0.7002360777296528 438
1757603171672 0.0005797316434596676 439
1757603171787 8.323357494102622 440
1757603171903 6.183750347415809 441
1757603172017 0.018001667274654694 442
1757603172133 1.9770370151356316 443
1757603172249 1.266257782992161 444
1757603172365 3.1997122985593425 445
1757603172482 1.7322382799853462 446
1757603172597 0.053888948959703746 447
1757603172714 0.23696549346854487 448
1757603172830 0.45455907471804774 449
1757603172946 5.438070351236036 450
1757603173061 0.35993822244994067 451
1757603173175 1.1156684981130374 452
1757603173290 1.178017094332202 453
1757603173405 0.15466416496341792 454
1757603173521 0.0280309685278946 455
1757603173636 1.1042665488111203 456
1757603173751 1.7672879320973498 457
1757603173866 5.534681366446545 458
1757603173983 0.8707782802000062 459
1757603174098 1.6851551163124971 460
1757603174217 4.247041120207621 461
1757603174332 1.95584113672128 462
1757603174447 0.9887866587975548 463
1757603174563 0.26329864249152535 464
1757603174678 0.003498292988157169 465
1757603174796 2.821453020977222 466
1757603174915 0.8567651441719525 467
1757603175055 7.478900680596823 468
1757603175174 0.7599250031910831 469
1757603175292 14.531132225051552 470
1757603175409 0.5211565616993319 471
1757603175524 0.031862163823156105 472
1757603175640 1.8233080508394628 473
1757603175756 0.0076589602971611605 474
1757603175877 1.1966912331151787 475
1757603175993 1.1071425135046111 476
1757603176108 0.14847001759106473 477
1757603176223 0.101999331553213 478
1757603176339 2.9446713967955964 479
1757603176455 4.305476501230767 480
1757603176572 4.546063963087404 481
1757603176695 2.5891114894431513 482
1757603176813 0.0003878531084215898 483
1757603176931 0.08327608964350501 484
1757603177050 0.8071041170839615 485
1757603177168 0.04623769923942924 486
1757603177285 4.9482910464650525 487
1757603177403 4.083868890420916 488
1757603177519 5.514829478239444 489
1757603177634 0.996938624445413 490
1757603177749 8.045067620884002 491
1757603177864 2.088499621672889 492
1757603177980 0.6934538834886586 493
1757603178096 0.1496722392816558 494
1757603178214 0.28911926174564545 495
1757603178330 0.006632387897941423 496
1757603178446 2.29400740016632 497
1757603178561 2.719792901050022 498
1757603178677 4.088699277032834 499
