1757680864452 163.70374532339088 0
1757680864581 163.6789517732789 1
1757680864702 163.66655759892976 2
1757680864827 163.65416389718715 3
1757680864944 163.64177114092823 4
1757680865067 163.62937933006282 5
1757680865184 163.6169884645188 6
1757680865308 163.6045985442241 7
1757680865430 163.59220956910656 8
1757680865554 163.57982153909404 9
1757680865675 163.56743445411456 10
1757680865794 163.55504831409596 11
1757680865909 163.5426631189661 12
1757680866032 163.530278868653 13
1757680866161 163.51789556308447 14
1757680866290 163.50551320218855 15
1757680866423 163.49313178589307 16
1757680866562 163.48075131412608 17
1757680866703 163.46837178681545 18
1757680866845 163.4559932038892 19
1757680866981 163.44361556527517 20
1757680867122 163.43123887090138 21
1757680867286 163.41886312069585 22
1757680867436 163.4064883145865 23
1757680867571 163.3941144525013 24
1757680867701 163.38174153436825 25
1757680867835 163.36936956011536 26
1757680867969 163.3569985296706 27
1757680868106 163.34462844296195 28
1757680868239 163.33225929991747 29
1757680868382 163.31989110046513 30
1757680868519 163.307523844533 31
1757680868660 163.29515753204896 32
1757680868797 163.2827921629412 33
1757680868929 163.2704277371377 34
1757680869054 163.25806425456648 35
1757680869186 163.24570171515558 36
1757680869317 163.23334011883313 37
1757680869450 163.22097946552702 38
1757680869581 163.20861975516547 39
1757680869716 163.19626098767648 40
1757680869843 163.18390316298812 41
1757680869975 163.17154628102847 42
1757680870110 163.15919034172563 43
1757680870251 163.14683534500764 44
1757680870410 163.13448129080268 45
1757680870554 163.12212817903878 46
1757680870715 163.10977600964407 47
1757680870888 163.09742478254663 48
1757680871034 163.0850744976746 49
1757680871211 163.07272515495612 50
1757680871363 163.0603767543193 51
1757680871517 163.04802929569226 52
1757680871678 163.03568277900314 53
1757680871821 163.0233372041801 54
1757680871983 163.0109925711512 55
1757680872148 162.99864887984478 56
1757680872306 162.98630613018884 57
1757680872486 162.97396432211158 58
1757680872647 162.96162345554123 59
1757680872812 162.94928353040586 60
1757680872970 162.93694454663375 61
1757680873125 162.92460650415305 62
1757680873281 162.91226940289195 63
1757680873445 162.89993324277864 64
1757680873588 162.88759802374133 65
1757680873731 162.87526374570822 66
1757680873867 162.86293040860755 67
1757680874008 162.85059801236753 68
1757680874144 162.83826655691638 69
1757680874277 162.82593604218232 70
1757680874408 162.8136064680936 71
1757680874531 162.80127783457846 72
1757680874662 162.78895014156515 73
1757680874791 162.7766233889819 74
1757680874924 162.76429757675697 75
1757680875045 162.7519727048187 76
1757680875169 162.73964877309527 77
1757680875295 162.72732578151493 78
1757680875427 162.71500373000606 79
1757680875550 162.70268261849694 80
1757680875675 162.69036244691577 81
1757680875795 162.67804321519088 82
1757680875912 162.6657249232506 83
1757680876035 162.65340757102322 84
1757680876152 162.64109115843704 85
1757680876273 162.62877568542038 86
1757680876393 162.61646115190163 87
1757680876509 162.60414755780906 88
1757680876620 162.59183490307097 89
1757680876745 162.5795231876158 90
1757680876870 162.5672124113718 91
1757680876997 162.55490257426735 92
1757681106342 162.5425936762308 93
1757681106487 162.53028571719057 94
1757681106622 162.51797869707494 95
1757681106793 162.50567261581236 96
1757681107021 162.49336747333115 97
1757681107161 162.4810632695597 98
1757681107454 162.46876000442646 99
1757681107570 162.4564576778598 100
1757681107679 162.44415628978805 101
1757681107775 162.43185584013966 102
1757681107889 162.4195563288431 103
1757681107983 162.40725775582672 104
1757681108076 162.39496012101893 105
1757681108167 162.3826634243482 106
1757681108267 162.37036766574295 107
1757681108374 162.3580728451316 108
1757681108468 162.34577896244264 109
1757681108565 162.33348601760446 110
1757681108659 162.32119401054555 111
1757681108755 162.30890294119436 112
1757681108847 162.29661280947937 113
1757681108949 162.28432361532901 114
1757681109050 162.27203535867181 115
1757681109136 162.25974803943626 116
1757681109229 162.2474616575508 117
1757681109407 162.2351762129439 118
1757681109612 162.2228917055441 119
1757681109768 162.21060813527993 120
1757681109925 162.19832550207985 121
1757681110085 162.18604380587243 122
1757681110246 162.17376304658612 123
1757681110400 162.1614832241495 124
1757681110560 162.1492043384911 125
1757681110713 162.13692638953938 126
1757681110834 162.124649377223 127
1757681110962 162.1123733014704 128
1757681111082 162.10009816221023 129
1757681111206 162.08782395937092 130
1757681111418 162.0755506928812 131
1757681111525 162.0632783626695 132
1757681111644 162.05100696866447 133
1757681111768 162.03873651079468 134
1757681111930 162.0264669889887 135
1757681112042 162.01419840317507 136
1757681112164 162.0019307532825 137
1757681112291 161.9896640392395 138
1757681112418 161.97739826097475 139
1757681112538 161.96513341841677 140
1757681112658 161.95286951149424 141
1757681112777 161.9406065401358 142
1757681112892 161.92834450427003 143
1757681113018 161.91608340382558 144
1757681113141 161.90382323873112 145
1757681113265 161.89156400891528 146
1757681113389 161.8793057143067 147
1757681113973 161.86704835483405 148
1757681114087 161.85479193042596 149
1757681114204 161.84253644101113 150
1757681114325 161.8302818865182 151
1757681114449 161.81802826687593 152
1757681114630 161.8057755820129 153
1757681114783 161.79352383185784 154
1757681114912 161.78127301633947 155
1757681115071 161.76902313538645 156
1757681115197 161.7567741889275 157
1757681115331 161.74452617689136 158
1757681115472 161.7322790992067 159
1757681115604 161.72003295580225 160
1757681115737 161.70778774660678 161
1757681115879 161.69554347154897 162
1757681116005 161.6833001305576 163
1757681116135 161.67105772356135 164
1757681116257 161.65881625048905 165
1757681116392 161.6465757112694 166
1757681116520 161.63433610583118 167
1757681116649 161.62209743410315 168
1757681116779 161.6098596960141 169
1757681116903 161.5976228914928 170
1757681117026 161.58538702046798 171
1757681117159 161.57315208286846 172
1757681117312 161.56091807862305 173
1757681117435 161.5486850076605 174
1757681117551 161.53645286990974 175
1757681117674 161.52422166529942 176
1757681117800 161.51199139375845 177
1757681117943 161.4997620552156 178
1757681118075 161.48753364959973 179
1757681118201 161.47530617683967 180
1757681118330 161.46307963686422 181
1757681118451 161.45085402960225 182
1757681118564 161.43862935498262 183
1757681118688 161.42640561293413 184
1757681118833 161.4141828033857 185
1757681118960 161.40196092626613 186
1757681119096 161.38973998150433 187
1757681119235 161.37751996902918 188
1757681119379 161.36530088876955 189
1757681119518 161.3530827406543 190
1757681119657 161.34086552461233 191
1757681119803 161.32864924057253 192
1757681119946 161.31643388846385 193
1757681120077 161.30421946821517 194
1757681120214 161.29200597975537 195
1757681120350 161.2797934230134 196
1757681120480 161.26758179791815 197
1757681120612 161.2553711043986 198
1757681120755 161.24316134238364 199
1757681121008 161.23095251180223 200
1757681121122 161.2187446125833 201
1757681121218 161.2065376446558 202
1757681121317 161.1943316079487 203
1757681121420 161.182126502391 204
1757681121519 161.1699223279115 205
1757681121618 161.15771908443938 206
1757681121716 161.14551677190352 207
1757681121815 161.1333153902329 208
1757681121928 161.12111493935652 209
1757681122039 161.10891541920336 210
1757681122144 161.09671682970242 211
1757681122246 161.08451917078273 212
1757681122347 161.07232244237326 213
1757681122442 161.06012664440306 214
1757681122539 161.04793177680116 215
1757681122639 161.0357378394965 216
1757681122744 161.02354483241822 217
1757681122864 161.01135275549532 218
1757681122971 160.99916160865678 219
1757681123101 160.98697139183176 220
1757681123227 160.9747821049492 221
1757681123339 160.96259374793823 222
1757681123455 160.95040632072786 223
1757681123570 160.93821982324727 224
1757681123686 160.92603425542535 225
1757681123804 160.91384961719135 226
1757681123913 160.90166590847429 227
1757681124017 160.88948312920323 228
1757681124123 160.8773012793073 229
1757681124232 160.86512035871561 230
1757681124337 160.8529403673573 231
1757681124433 160.84076130516135 232
1757681124524 160.82858317205702 233
1757681124620 160.81640596797334 234
1757681124726 160.80422969283947 235
1757681124841 160.7920543465846 236
1757681124956 160.7798799291378 237
1757681125064 160.7677064404282 238
1757681125174 160.75553388038503 239
1757681125289 160.74336224893736 240
1757681125402 160.7311915460144 241
1757681125512 160.7190217715453 242
1757681125622 160.70685292545923 243
1757681125736 160.6946850076854 244
1757681125857 160.68251801815293 245
1757681125973 160.67035195679105 246
1757681126088 160.65818682352898 247
1757681126195 160.64602261829586 248
1757681126300 160.63385934102092 249
1757681126404 160.62169699163337 250
1757681126508 160.60953557006243 251
1757681126619 160.5973750762373 252
1757681126732 160.58521551008724 253
1757681126843 160.5730568715414 254
1757681126940 160.56089916052917 255
1757681127044 160.54874237697965 256
1757681127160 160.5365865208221 257
1757681127288 160.52443159198586 258
1757681127398 160.51227759040012 259
1757681127504 160.50012451599417 260
1757681127610 160.48797236869723 261
1757681127711 160.47582114843865 262
1757681127814 160.46367085514768 263
1757681127916 160.45152148875357 264
1757681128015 160.43937304918566 265
1757681128118 160.42722553637316 266
1757681128219 160.41507895024552 267
1757681128324 160.4029332907319 268
1757681128426 160.3907885577617 269
1757681128514 160.37864475126418 270
1757681128603 160.36650187116874 271
1757681128702 160.35435991740465 272
1757681128799 160.3422188899012 273
1757681128894 160.33007878858783 274
1757681128994 160.31793961339383 275
1757681129090 160.30580136424857 276
1757681129187 160.29366404108137 277
1757681129284 160.2815276438216 278
1757681129381 160.26939217239865 279
1757681129480 160.25725762674193 280
1757681129579 160.24512400678069 281
1757681129676 160.23299131244443 282
1757681129776 160.2208595436625 283
1757681129885 160.20872870036425 284
1757681129987 160.19659878247913 285
1757681130085 160.18446978993654 286
1757681130184 160.1723417226659 287
1757681130280 160.16021458059657 288
1757681130381 160.14808836365802 289
1757681130479 160.13596307177966 290
1757681130571 160.12383870489091 291
1757681130667 160.1117152629212 292
1757681130772 160.09959274579998 293
1757681130870 160.0874711534567 294
1757681130965 160.0753504858209 295
1757681131064 160.06323074282187 296
1757681131162 160.05111192438918 297
1757681131262 160.03899403045224 298
1757681131361 160.0268770609406 299
1757681131462 160.01476101578365 300
1757681131561 160.00264589491093 301
1757681131663 159.99053169825194 302
1757681131761 159.97841842573615 303
1757681131887 159.96630607729304 304
1757681131982 159.9541946528522 305
1757681132081 159.94208415234303 306
1757681132180 159.9299745756951 307
1757681132283 159.91786592283793 308
1757681132382 159.90575819370108 309
1757681132483 159.89365138821398 310
1757681132577 159.88154550630628 311
1757681132673 159.8694405479075 312
1757681132773 159.85733651294714 313
1757681132874 159.8452334013548 314
1757681132973 159.83313121306003 315
1757681133073 159.82102994799237 316
1757681133172 159.8089296060814 317
1757681133274 159.79683018725672 318
1757681133372 159.7847316914479 319
1757681133470 159.7726341185845 320
1757681133568 159.76053746859617 321
1757681133668 159.74844174141245 322
1757681133769 159.73634693696297 323
1757681133867 159.72425305517731 324
1757681133965 159.71216009598515 325
1757681134060 159.700068059316 326
1757681134158 159.6879769450996 327
1757681134254 159.6758867532655 328
1757681134355 159.6637974837434 329
1757681134455 159.65170913646284 330
1757681134549 159.63962171135358 331
1757681134645 159.62753520834517 332
1757681134749 159.61544962736735 333
1757681134862 159.60336496834975 334
1757681134977 159.591281231222 335
1757681135085 159.57919841591382 336
1757681135191 159.5671165223549 337
1757681135299 159.55503555047483 338
1757681135408 159.54295550020345 339
1757681135514 159.53087637147033 340
1757681135621 159.51879816420518 341
1757681135722 159.50672087833775 342
1757681135827 159.49464451379774 343
1757681135930 159.48256907051484 344
1757681136050 159.47049454841883 345
1757681136155 159.45842094743932 346
1757681136255 159.44634826750615 347
1757681136355 159.43427650854906 348
1757681136455 159.42220567049768 349
1757681136556 159.41013575328188 350
1757681136652 159.39806675683133 351
1757681136753 159.38599868107585 352
1757681136855 159.37393152594518 353
1757681136956 159.3618652913691 354
1757681137058 159.3497999772773 355
1757681137154 159.33773558359968 356
1757681137276 159.32567211026597 357
1757681137381 159.31360955720595 358
1757681137491 159.30154792434942 359
1757681137596 159.2894872116262 360
1757681137698 159.27742741896608 361
1757681137801 159.26536854629887 362
1757681137905 159.25331059355443 363
1757681138011 159.24125356066253 364
1757681138114 159.22919744755302 365
1757681138220 159.21714225415568 366
1757681138329 159.20508798040044 367
1757681138446 159.1930346262171 368
1757681138549 159.18098219153546 369
1757681138644 159.16893067628547 370
1757681138742 159.15688008039695 371
1757681138850 159.14483040379974 372
1757681138956 159.13278164642372 373
1757681139059 159.1207338081988 374
1757681139160 159.1086868890548 375
1757681139260 159.09664088892168 376
1757681139362 159.08459580772927 377
1757681139463 159.0725516454075 378
1757681139567 159.06050840188624 379
1757681139668 159.0484660770955 380
1757681139769 159.03642467096503 381
1757681139882 159.02438418342487 382
1757681139981 159.0123446144049 383
1757681140082 159.00030596383507 384
1757681140183 158.9882682316453 385
1757681140288 158.97623141776552 386
1757681140387 158.9641955221257 387
1757681140484 158.95216054465578 388
1757681140585 158.94012648528573 389
1757681140682 158.92809334394545 390
1757681140782 158.91606112056502 391
1757681140884 158.9040298150743 392
1757681140983 158.8919994274033 393
1757681141087 158.87996995748202 394
1757681141188 158.8679414052405 395
1757681141287 158.85591377060862 396
1757681141388 158.84388705351645 397
1757681141489 158.83186125389398 398
1757681141591 158.81983637167122 399
1757681141695 158.80781240677817 400
1757681141798 158.79578935914492 401
1757681141901 158.78376722870138 402
1757681142002 158.7717460153777 403
1757681142107 158.7597257191038 404
1757681142206 158.74770633980975 405
1757681142306 158.7356878774257 406
1757681142406 158.7236703318816 407
1757681142507 158.71165370310754 408
1757681142607 158.6996379910336 409
1757681142723 158.6876231955898 410
1757681142824 158.67560931670624 411
1757681142928 158.66359635431297 412
1757681143033 158.65158430834018 413
1757681143139 158.63957317871785 414
1757681143245 158.6275629653761 415
1757681143351 158.615553668245 416
1757681143458 158.60354528725475 417
1757681143566 158.59153782233537 418
1757681143680 158.57953127341702 419
1757681143789 158.56752564042984 420
1757681143898 158.5555209233039 421
1757681144005 158.54351712196936 422
1757681144116 158.5315142363564 423
1757681144225 158.51951226639508 424
1757681144332 158.5075112120156 425
1757681144438 158.4955110731481 426
1757681144547 158.48351184972276 427
1757681144659 158.4715135416697 428
1757681144760 158.4595161489191 429
1757681144865 158.4475196714012 430
1757681144971 158.4355241090461 431
1757681145074 158.42352946178406 432
1757681145179 158.4115357295452 433
1757681145283 158.39954291225973 434
1757681145384 158.38755100985784 435
1757681145488 158.37556002226984 436
1757681145590 158.3635699494258 437
1757681145692 158.35158079125603 438
1757681145794 158.3395925476907 439
1757681145900 158.3276052186601 440
1757681146003 158.31561880409438 441
1757681146105 158.30363330392387 442
1757681146205 158.29164871807873 443
1757681146306 158.2796650464893 444
1757681146408 158.26768228908577 445
1757681146510 158.25570044579837 446
1757681146615 158.2437195165574 447
1757681146722 158.2317395012932 448
1757681146835 158.21976039993595 449
1757681146951 158.20778221241596 450
1757681147068 158.19580493866354 451
1757681147188 158.18382857860894 452
1757681147317 158.17185313218255 453
1757681147432 158.15987859931454 454
1757681147555 158.14790497993528 455
1757681147673 158.1359322739751 456
1757681147789 158.12396048136432 457
1757681147914 158.11198960203322 458
1757681148033 158.10001963591216 459
1757681148147 158.0880505829315 460
1757681148265 158.07608244302156 461
1757681148386 158.06411521611264 462
1757681148514 158.05214890213514 463
1757681148651 158.04018350101938 464
1757681148766 158.02821901269579 465
1757681148873 158.01625543709466 466
1757681148983 158.00429277414636 467
1757681149100 157.99233102378133 468
1757681149217 157.98037018592998 469
1757681149339 157.96841026052255 470
1757681149458 157.95645124748955 471
1757681149577 157.94449314676137 472
1757681149698 157.93253595826837 473
1757681149825 157.920579681941 474
1757681149947 157.9086243177097 475
1757681150061 157.89666986550475 476
1757681150175 157.88471632525673 477
1757681150299 157.87276369689596 478
1757681150424 157.860811980353 479
1757681150550 157.84886117555814 480
1757681150671 157.83691128244195 481
1757681150791 157.8249623009348 482
1757681150895 157.81301423096724 483
1757681151014 157.8010670724696 484
1757681151207 157.78912082537246 485
1757681151409 157.77717548960626 486
1757681151607 157.76523106510146 487
1757681151805 157.75328755178853 488
1757681152000 157.74134494959802 489
1757681152191 157.72940325846037 490
1757681152377 157.7174624783061 491
1757681152515 157.7055226090657 492
1757681152652 157.69358365066967 493
1757681152790 157.68164560304857 494
1757681152929 157.66970846613287 495
1757681153071 157.65777223985316 496
1757681153234 157.6458369241399 497
1757681153376 157.63390251892366 498
1757681153513 157.62196902413496 499
