1757668180072 165.92744570736264 0
1757668180165 165.8397177975274 1
1757668180258 165.75203715612184 2
1757668180354 165.6644037575441 3
1757668180448 165.57681757620637 4
1757668180534 165.48927858653454 5
1757668180623 165.40178676296856 6
1757668180705 165.31434207996216 7
1757668180790 165.22694451198305 8
1757668180902 165.13959403351262 9
1757668181004 165.05229061904635 10
1757668181103 164.96503424309336 11
1757668181209 164.87782488017675 12
1757668181314 164.79066250483336 13
1757668181418 164.70354709161398 14
1757668181517 164.61647861508303 15
1757668181614 164.529457049819 16
1757668181695 164.44248237041393 17
1757668181776 164.35555455147374 18
1757668181869 164.26867356761826 19
1757668181957 164.18183939348097 20
1757668182052 164.09505200370918 21
1757668182137 164.0083113729639 22
1757668182225 163.92161747591996 23
1757668182313 163.834970287266 24
1757668182404 163.74836978170424 25
1757668182495 163.66181593395078 26
1757668182582 163.5753087187354 27
1757668182666 163.48884811080165 28
1757668182753 163.40243408490667 29
1757668182845 163.3160666158214 30
1757668182941 163.2297456783305 31
1757668183044 163.14347124723227 32
1757668183147 163.05724329733872 33
1757668183251 162.9710618034755 34
1757668183350 162.884926740482 35
1757668183443 162.79889754742666 36
1757668183535 162.71291468773666 37
1757668183624 162.62697813632218 38
1757668183714 162.54108786810704 39
1757668183813 162.45524385802864 40
1757668183921 162.36944608103803 41
1757668184021 162.28369451209983 42
1757668184120 162.19798912619234 43
1757668184210 162.11254326904566 44
1757668184301 162.02714337328374 45
1757668184394 161.9417894140341 46
1757668184492 161.85648136643778 47
1757668184582 161.77121920564923 48
1757668184672 161.68600290683648 49
1757668184760 161.600832445181 50
1757668184857 161.51570779587774 51
1757668184956 161.43062893413511 52
1757668185050 161.34559583517498 53
1757668185143 161.2606084742326 54
1757668185252 161.17566682655684 55
1757668185353 161.09077086740976 56
1757668185446 161.00592057206708 57
1757668185535 160.92111591581778 58
1757668185633 160.83635687396432 59
1757668185731 160.7516434218226 60
1757668185830 160.6669755347218 61
1757668185935 160.5823531880046 62
1757668186034 160.49777635702705 63
1757668186141 160.41324501715854 64
1757668186227 160.3287591437818 65
1757668186322 160.24431871229302 66
1757668186407 160.1599236981017 67
1757668186502 160.0755740766306 68
1757668186590 159.99126982331597 69
1757668186690 159.90701091360734 70
1757668186794 159.82279732296746 71
1757668186895 159.73862902687253 72
1757668186994 159.654506000812 73
1757668187094 159.57042822028865 74
1757668187200 159.4863956608186 75
1757668187298 159.40240829793112 76
1757668187399 159.31846610716886 77
1757668187495 159.23456906408774 78
1757668187592 159.150717144257 79
1757668187692 159.06691032325898 80
1757668187798 158.98314857668947 81
1757668187901 158.8994318801573 82
1757668188009 158.81576020928475 83
1757668188108 158.73213353970715 84
1757668188194 158.6485518470732 85
1757668188293 158.56501510704476 86
1757668188390 158.4815232952968 87
1757668188478 158.39807638751768 88
1757668188567 158.31467435940877 89
1757668188663 158.23131718668483 90
1757668188753 158.1480048450736 91
1757668188845 158.0647373103161 92
1757668188939 157.98151455816654 93
1757668189038 157.89833656439222 94
1757668189141 157.81520330477366 95
1757668189240 157.7321147551044 96
1757668189338 157.64907089119131 97
1757668189435 157.56607168885424 98
1757668189532 157.4831171239262 99
1757668189628 157.4002071722534 100
1757668189729 157.317341809695 101
1757668189824 157.23452101212342 102
1757668189921 157.1517447554241 103
1757668190025 157.06901301549556 104
1757668190124 156.98632576824937 105
1757668190216 156.90368298961033 106
1757668190312 156.82108465551613 107
1757668190405 156.7385307419176 108
1757668190505 156.65602122477864 109
1757668190605 156.57355608007614 110
1757668190703 156.4911352838001 111
1757668190798 156.40875881195348 112
1757668190898 156.32642664055226 113
1757668190993 156.24413874562552 114
1757668191091 156.1618951032153 115
1757668191189 156.07969568937665 116
1757668191289 155.99754048017758 117
1757668191389 155.91542945169914 118
1757668191488 155.83336258003538 119
1757668191590 155.75133984129323 120
1757668191693 155.66936121159267 121
1757668191803 155.58742666706664 122
1757668191904 155.50553618386095 123
1757668192002 155.42368973813453 124
1757668192100 155.34188730605908 125
1757668192198 155.26012886381923 126
1757668192282 155.17841438761266 127
1757668192369 155.09674385364997 128
1757668192460 155.0151172381545 129
1757668192556 154.93353451736263 130
1757668192654 154.85199566752365 131
1757668192752 154.77050066489969 132
1757668192852 154.68904948576576 133
1757668192952 154.60764210640974 134
1757668193051 154.5262785031325 135
1757668193145 154.44495865224755 136
1757668193246 154.36368253008146 137
1757668193350 154.28245011297358 138
1757668193447 154.201261377276 139
1757668193546 154.12011629935387 140
1757668193643 154.03901485558495 141
1757668193742 153.9579570223599 142
1757668193840 153.8769427760822 143
1757668193943 153.7959720931682 144
1757668194040 153.71504495004692 145
1757668194140 153.63416132316027 146
1757668194239 153.5533211889629 147
1757668194327 153.4725245239223 148
1757668194420 153.39177130451858 149
1757668194518 153.31106150724486 150
1757668194615 153.23039510860679 151
1757668194713 153.1497720851229 152
1757668194810 153.06919241332434 153
1757668194912 152.98865606975522 154
1757668195009 152.9081630309722 155
1757668195108 152.82771327354465 156
1757668195215 152.74730677405478 157
1757668195323 152.6669435090974 158
1757668195425 152.58662345528006 159
1757668195524 152.50634658922306 160
1757668195623 152.4261128875593 161
1757668195724 152.34592232693447 162
1757668195824 152.2657748840068 163
1757668195922 152.18567053544726 164
1757668196029 152.10560925793956 165
1757668196134 152.0255910281799 166
1757668196247 151.94561582287724 167
1757668196341 151.8656836187531 168
1757668196442 151.78579439254185 169
1757668196543 151.70594812099014 170
1757668196644 151.62614478085752 171
1757668196745 151.54638434891606 172
1757668196844 151.4666668019504 173
1757668196946 151.38699211675788 174
1757668197044 151.30736027014825 175
1757668197147 151.2277712389441 176
1757668197249 151.1482249999803 177
1757668197354 151.0687215301046 178
1757668197453 150.98926080617716 179
1757668197553 150.90984280507064 180
1757668197651 150.83046750367035 181
1757668197754 150.7511348788741 182
1757668197863 150.6718449075923 183
1757668197964 150.59259756674783 184
1757668198068 150.51339283327607 185
1757668198168 150.434230684125 186
1757668198270 150.3551110962551 187
1757668198362 150.27603404663924 188
1757668198458 150.1969995122629 189
1757668198557 150.11800747012404 190
1757668198658 150.03905789723314 191
1757668198758 149.96015077061298 192
1757668198858 149.88128606729902 193
1757668198958 149.80246376433908 194
1757668199058 149.72368383879342 195
1757668199159 149.6449462677348 196
1757668199264 149.56625102824844 197
1757668199364 149.48759809743197 198
1757668199467 149.40898745239534 199
1757668199566 149.33041907026112 200
1757668199665 149.2518929281642 201
1757668199773 149.17340900325183 202
1757668199876 149.09496727268373 203
1757668199976 149.01656771363204 204
1757668200078 148.93821030328115 205
1757668200178 148.85989501882807 206
1757668200281 148.78162183748194 207
1757668200372 148.7033907364644 208
1757668200466 148.62520169300944 209
1757668200556 148.54705468436336 210
1757668200651 148.4689496877849 211
1757668200749 148.39088668054504 212
1757668200853 148.31286563992717 213
1757668200953 148.23488654322693 214
1757668201059 148.1569493677524 215
1757668201159 148.0790540908238 216
1757668201259 148.00120068977387 217
1757668201360 147.92338914194747 218
1757668201459 147.84561942470188 219
1757668201558 147.7678915154066 220
1757668201657 147.69020539144344 221
1757668201757 147.61256103020645 222
1757668201859 147.53495840910202 223
1757668201960 147.45739750554867 224
1757668202064 147.37987829697738 225
1757668202170 147.30240076083115 226
1757668202275 147.22496487456544 227
1757668202369 147.1475706156477 228
1757668202466 147.07021796155792 229
1757668202567 146.99290688978795 230
1757668202668 146.9156373778422 231
1757668202767 146.83840940323702 232
1757668202871 146.76122294350117 233
1757668202976 146.6840779761754 234
1757668203077 146.60697447881284 235
1757668203176 146.5299124289787 236
1757668203276 146.45289180425033 237
1757668203378 146.3759125822174 238
1757668203477 146.29897474048158 239
1757668203579 146.22207825665677 240
1757668203679 146.14522310836904 241
1757668203782 146.06840927325655 242
1757668203881 145.9916367289696 243
1757668203992 145.91490545317066 244
1757668204096 145.8382154235343 245
1757668204194 145.76156661774723 246
1757668204292 145.68495901350818 247
1757668204387 145.6083925885281 248
1757668204485 145.53186732052995 249
1757668204583 145.4553831872489 250
1757668204685 145.37894016643202 251
1757668204786 145.30253823583857 252
1757668204889 145.2261773732399 253
1757668204992 145.14985755641933 254
1757668205093 145.07357876317238 255
1757668205197 144.9973409713065 256
1757668205308 144.92114415864117 257
1757668205410 144.844988303008 258
1757668205511 144.7688733822506 259
1757668205612 144.69279937422456 260
1757668205711 144.61676625679755 261
1757668205819 144.54077400784917 262
1757668205922 144.4648226052711 263
1757668206025 144.38891202696698 264
1757668206126 144.3130422508525 265
1757668206231 144.23721325485525 266
1757668206334 144.16142501691485 267
1757668206429 144.08567751498282 268
1757668206521 144.00997072702282 269
1757668206614 143.93430463101026 270
1757668206709 143.8586792049326 271
1757668206824 143.78309442678932 272
1757668206926 143.70755027459165 273
1757668207031 143.63204672636292 274
1757668207132 143.55658376013832 275
1757668207238 143.48116135396504 276
1757668207340 143.405779485902 277
1757668207443 143.33043813402023 278
1757668207550 143.2551372764025 279
1757668207658 143.1798768911436 280
1757668207761 143.1046569563501 281
1757668207885 143.02947745014058 282
1757668207985 142.9543383506454 283
1757668208090 142.87923963600673 284
1757668208195 142.80418128437876 285
1757668208299 142.7291632739274 286
1757668208401 142.65418558283054 287
1757668208495 142.5792481892777 288
1757668208589 142.50435107147052 289
1757668208693 142.42949420762224 290
1757668208796 142.35467757595805 291
1757668208900 142.27990115471485 292
1757668209004 142.2051649221415 293
1757668209109 142.13046885649845 294
1757668209211 142.0558129360582 295
1757668209311 141.98119713910484 296
1757668209415 141.90662144393434 297
1757668209521 141.83208582885442 298
1757668209626 141.75759027218456 299
1757668209728 141.68313475225608 300
1757668209836 141.60871924741195 301
1757668209939 141.53434373600697 302
1757668210044 141.46000819640767 303
1757668210150 141.3857126069923 304
1757668210254 141.31145694615086 305
1757668210355 141.23724119228504 306
1757668210449 141.16306532380833 307
1757668210551 141.08892931914588 308
1757668210655 141.0148331567345 309
1757668210759 140.94077681502284 310
1757668210863 140.86676027247117 311
1757668210968 140.79278350755132 312
1757668211070 140.71884649874707 313
1757668211175 140.6449492245536 314
1757668211278 140.571091663478 315
1757668211382 140.49727379403885 316
1757668211490 140.42349559476645 317
1757668211596 140.34975704420285 318
1757668211705 140.27605812090147 319
1757668211816 140.2023988034277 320
1757668211926 140.12877907035835 321
1757668212030 140.05519890028188 322
1757668212134 139.98165827179847 323
1757668212240 139.90815716351977 324
1757668212345 139.8346955540692 325
1757668212441 139.76127342208162 326
1757668212536 139.68789074620355 327
1757668212638 139.61454750509316 328
1757668212745 139.5412436774201 329
1757668212850 139.46797924186566 330
1757668212956 139.39475417712265 331
1757668213064 139.32156846189554 332
1757668213167 139.24842207490022 333
1757668213276 139.1753149948642 334
1757668213380 139.10224720052656 335
1757668213496 139.02921867063787 336
1757668213603 138.9562293839603 337
1757668213711 138.88327931926736 338
1757668213815 138.8103684553444 339
1757668213923 138.73749677098795 340
1757668214029 138.66466424500624 341
1757668214133 138.59187085621895 342
1757668214243 138.51911658345725 343
1757668214348 138.44640140556382 344
1757668214455 138.3737253013928 345
1757668214547 138.30108824980982 346
1757668214648 138.22849022969191 347
1757668214745 138.15593121992765 348
1757668214846 138.08341119941707 349
1757668214952 138.0109301470716 350
1757668215061 137.93848804181414 351
1757668215163 137.86608486257904 352
1757668215282 137.79372058831203 353
1757668215391 137.72139519797034 354
1757668215496 137.6491086705226 355
1757668215604 137.57686098494878 356
1757668215711 137.5046521202403 357
1757668215818 137.4324820554001 358
1757668215924 137.36035076944228 359
1757668216029 137.2882582413925 360
1757668216134 137.2162044502878 361
1757668216244 137.14418937517647 362
1757668216353 137.0722129951183 363
1757668216461 137.00027528918437 364
1757668216559 136.92837623645715 365
1757668216664 136.85651581603042 366
1757668216776 136.7846940070094 367
1757668216892 136.71291078851056 368
1757668216997 136.64116613966166 369
1757668217106 136.56946003960192 370
1757668217213 136.4977924674818 371
1757668217321 136.42616340246303 372
1757668217428 136.3545728237188 373
1757668217537 136.28302071043345 374
1757668217644 136.2115070418026 375
1757668217756 136.14003179703337 376
1757668217871 136.0685949553439 377
1757668217976 135.99719649596383 378
1757668218124 135.9258363981339 379
1757668218231 135.8545146411062 380
1757668218340 135.78323120414404 381
1757668218448 135.71198606652206 382
1757668218544 135.64077920752604 383
1757668218643 135.56961060645307 384
1757668218752 135.49848024261146 385
1757668218861 135.42738809532077 386
1757668218969 135.35633414391168 387
1757668219076 135.28531836772623 388
1757668219183 135.21434074611759 389
1757668219291 135.14340125845007 390
1757668219400 135.0724998840994 391
1757668219509 135.0016366024522 392
1757668219613 134.93081139290652 393
1757668219722 134.8600242348715 394
1757668219829 134.7892751077674 395
1757668219936 134.7185639910257 396
1757668220042 134.64789086408908 397
1757668220148 134.57725570641134 398
1757668220251 134.50665849745735 399
1757668220350 134.4360992167033 400
1757668220450 134.36557784363632 401
1757668220550 134.29509435775483 402
1757668220646 134.22464873856828 403
1757668220742 134.15424096559724 404
1757668220841 134.08387101837346 405
1757668220940 134.01353887643978 406
1757668221040 133.94324451935003 407
1757668221137 133.87298792666928 408
1757668221247 133.80276907797364 409
1757668221361 133.73258795285028 410
1757668221471 133.66244453089743 411
1757668221582 133.59233879172444 412
1757668221691 133.52227071495173 413
1757668221801 133.45224028021073 414
1757668221908 133.3822474671439 415
1757668222017 133.31229225540486 416
1757668222125 133.24237462465814 417
1757668222230 133.17249455457943 418
1757668222336 133.10265202485533 419
1757668222442 133.0328470151835 420
1757668222552 132.96307950527273 421
1757668222649 132.89334947484267 422
1757668222757 132.82365690362397 423
1757668222866 132.7540017713584 424
1757668222970 132.68438405779864 425
1757668223074 132.61480374270835 426
1757668223180 132.54526080586223 427
1757668223294 132.47575522704594 428
1757668223402 132.40628698605602 429
1757668223509 132.33685606270004 430
1757668223616 132.26746243679662 431
1757668223723 132.1981060881752 432
1757668223832 132.1287869966761 433
1757668223939 132.0595051421508 434
1757668224049 131.9902605044616 435
1757668224158 131.92105306348162 436
1757668224270 131.85188279909508 437
1757668224382 131.782749691197 438
1757668224509 131.71365371969338 439
1757668224613 131.64459486450107 440
1757668224714 131.57557310554782 441
1757668224811 131.5065884227723 442
1757668224913 131.43764079612407 443
1757668225018 131.36873020556354 444
1757668225130 131.29985663106203 445
1757668225252 131.23102005260165 446
1757668225363 131.16222045017545 447
1757668225472 131.09345780378732 448
1757668225606 131.02473209345197 449
1757668225719 130.95604329919502 450
1757668225830 130.88739140105287 451
1757668225940 130.8187763790727 452
1757668226049 130.75019821331264 453
1757668226160 130.68165688384158 454
1757668226270 130.61315237073924 455
1757668226377 130.54468465409613 456
1757668226487 130.4762537140135 457
1757668226593 130.40785953060356 458
1757668226690 130.33950208398915 459
1757668226798 130.27118135430396 460
1757668226914 130.20289732169255 461
1757668227024 130.1346499663101 462
1757668227128 130.0664392683226 463
1757668227243 129.99826520790685 464
1757668227354 129.93012776525038 465
1757668227463 129.8620269205515 466
1757668227574 129.79396265401917 467
1757668227683 129.72593494587318 468
1757668227797 129.65794377634404 469
1757668227911 129.58998912567296 470
1757668228020 129.5220709741119 471
1757668228127 129.4541893019235 472
1757668228233 129.38634408938114 473
1757668228341 129.3185353167689 474
1757668228449 129.25076296438152 475
1757668228558 129.18302701252446 476
1757668228659 129.1153274415139 477
1757668228759 129.0476642316766 478
1757668228861 128.98003736335016 479
1757668228961 128.9124468168827 480
1757668229069 128.84489257263303 481
1757668229186 128.77737461097064 482
1757668229296 128.70989291227573 483
1757668229406 128.642447456939 484
1757668229538 128.57503822536196 485
1757668229647 128.50766519795664 486
1757668229756 128.44032835514568 487
1757668229863 128.37302767736244 488
1757668229975 128.30576314505083 489
1757668230085 128.2385347386654 490
1757668230197 128.1713424386713 491
1757668230306 128.10418622554428 492
1757668230415 128.03706607977063 493
1757668230530 127.96998198184724 494
1757668230641 127.90293391228172 495
1757668230742 127.8359218515921 496
1757668230843 127.768945780307 497
1757668230946 127.70200567896569 498
1757668231056 127.63510152811793 499
