1757589431521 162.61196197983256 0
1757589431588 88.0388218737806 1
1757589431655 75.1337974361454 2
1757589431718 58.946718847361744 3
1757589431776 47.21737832406398 4
1757589431833 37.912260599851805 5
1757589431889 30.638917795804723 6
1757589431952 24.92248004830062 7
1757589432017 20.420883320508235 8
1757589432091 16.865733594092738 9
1757589432157 14.049676408460828 10
1757589432222 11.811848446331378 11
1757589432286 10.027380557531288 12
1757589432346 8.59920544680136 13
1757589432405 7.451758631533807 14
1757589432469 6.526118924144797 15
1757589432531 5.776259778595203 16
1757589432595 5.166155685334148 17
1757589432665 4.667547263944984 18
1757589432722 4.258213909592514 19
1757589432788 3.920637688287498 20
1757589432860 3.640968956606969 21
1757589432926 3.408224780652051 22
1757589432990 3.213667073917337 23
1757589433063 3.0503195636760485 24
1757589433127 2.9125920750637677 25
1757589433191 2.795987840553168 26
1757589433255 2.6968750990557826 27
1757589433320 2.612308527151069 28
1757589433383 2.539889339907002 29
1757589433444 2.4776554372149864 30
1757589433513 2.4239949279021045 31
1757589433581 2.377577872206063 32
1757589433647 2.3373022466354594 33
1757589433713 2.3022510331151413 34
1757589433780 2.271658027655505 35
1757589433847 2.2448804995342515 36
1757589433914 2.221377246267818 37
1757589433982 2.2006909102835865 38
1757589434049 2.1824336715899424 39
1757589434111 2.166275623363431 40
1757589434181 2.1519352869275 41
1757589434249 2.1391718388692933 42
1757589434316 2.1277787135707737 43
1757589434387 2.1175783150332936 44
1757589434454 2.108417627037497 45
1757589434521 2.100164553866251 46
1757589434590 2.092704857702585 47
1757589434655 2.085939585464852 48
1757589434727 2.0797828988575966 49
1757589434797 2.074160238036752 50
1757589434866 2.0690067624722825 51
1757589434934 2.0642660230844916 52
1757589435000 2.0598888281107186 53
1757589435072 2.055832271877199 54
1757589435136 2.0520589010568537 55
1757589435201 2.048535997361796 56
1757589435268 2.045234959163085 57
1757589435337 2.042130767417729 58
1757589435404 2.0392015236456587 59
1757589435475 2.036428049641216 60
1757589435540 2.0337935402065312 61
1757589435609 2.031283261522717 62
1757589435678 2.0288842888808682 63
1757589435749 2.02658527841918 64
1757589435821 2.0243762682881634 65
1757589435891 2.022248505319288 66
1757589435963 2.0201942938245843 67
1757589436031 2.018206863623069 68
1757589436103 2.016280254788382 69
1757589436172 2.014409216951995 70
1757589436240 2.012589121287314 71
1757589436301 2.0108158835494865 72
1757589436372 2.009085896760311 73
1757589436447 2.0073959723124326 74
1757589436521 2.0057432884265314 75
1757589436590 2.0041253450331604 76
1757589436658 2.0025399242703177 77
1757589436728 2.000985055891379 78
1757589436800 1.9994589869679877 79
1757589436868 1.9979601553506285 80
1757589436937 1.9964871664175896 81
1757589437009 1.9950387727023087 82
1757589437080 1.9936138560405956 83
1757589437147 1.9922114119243222 84
1757589437217 1.990830535787411 85
1757589437285 1.9894704109842092 86
1757589437356 1.988130298250356 87
1757589437425 1.9868095264623382 88
1757589437497 1.9855074845349088 89
1757589437567 1.984223614315467 90
1757589437638 1.982957404352053 91
1757589437711 1.9817083844269145 92
1757589437782 1.9804761207609896 93
1757589437851 1.9792602118064373 94
1757589437925 1.978060284554526 95
1757589437997 1.9768759912952794 96
1757589438068 1.9757070067731188 97
1757589438135 1.97455302568961 98
1757589438209 1.9734137605105195 99
1757589438276 1.972288939539656 100
1757589438344 1.9711783052265892 101
1757589438413 1.970081612679456 102
1757589438485 1.968998628357566 103
1757589438555 1.9679291289216645 104
1757589438629 1.9668729002224767 105
1757589438699 1.9658297364104877 106
1757589438766 1.9647994391520578 107
1757589438833 1.9637818169388204 108
1757589438897 1.9627766844788879 109
1757589438968 1.9617838621598063 110
1757589439041 1.9608031755745028 111
1757589439114 1.959834455102464 112
1757589439185 1.958877535539382 113
1757589439257 1.9579322557693717 114
1757589439329 1.9569984584745121 115
1757589439403 1.9560759898771845 116
1757589439474 1.9551646995111969 117
1757589439543 1.954264440018189 118
1757589439616 1.9533750669662564 119
1757589439686 1.9524964386880772 120
1757589439760 1.951628416136188 121
1757589439831 1.9507708627533682 122
1757589439905 1.949923644356247 123
1757589439978 1.9490866290306057 124
1757589440052 1.9482596870369469 125
1757589440124 1.9474426907250983 126
1757589440195 1.9466355144568 127
1757589440274 1.9458380345353032 128
1757589440347 1.94505012914118 129
1757589440418 1.9442716782735938 130
1757589440490 1.9435025636964192 131
1757589440562 1.9427426688886174 132
1757589440635 1.9419918789984163 133
1757589440707 1.9412500808008255 134
1757589440781 1.940517162658146 135
1757589440854 1.9397930144831026 136
1757589440925 1.9390775277043415 137
1757589440994 1.9383705952340184 138
1757589441067 1.937672111437248 139
1757589441139 1.93698197210324 140
1757589441211 1.9363000744179149 141
1757589441285 1.9356263169378705 142
1757589441357 1.9349605995655619 143
1757589441429 1.9343028235255597 144
1757589441491 1.9336528913418025 145
1757589441555 1.9330107068157383 146
1757589441625 1.932376175005273 147
1757589441698 1.9317492022044696 148
1757589441771 1.931129695923911 149
1757589441844 1.9305175648716901 150
1757589441914 1.9299127189349716 151
1757589441982 1.929315069162067 152
1757589442050 1.928724527745024 153
1757589442118 1.9281410080026333 154
1757589442184 1.9275644243638879 155
1757589442258 1.9269946923518255 156
1757589442330 1.9264317285677388 157
1757589442401 1.9258754506757363 158
1757589442475 1.9253257773876356 159
1757589442546 1.9247826284481682 160
1757589442619 1.924245924620467 161
1757589442691 1.923715587671863 162
1757589442763 1.9231915403599253 163
1757589442825 1.9226737064187682 164
1757589442888 1.9221620105456094 165
1757589442957 1.921656378387554 166
1757589443025 1.921156736528627 167
1757589443096 1.9206630124770079 168
1757589443170 1.9201751346524831 169
1757589443243 1.9196930323741177 170
1757589443315 1.9192166358481055 171
1757589443384 1.9187458761558405 172
1757589443456 1.9182806852421501 173
1757589443536 1.9178209959037429 174
1757589443611 1.9173667417778062 175
1757589443687 1.916917857330801 176
1757589443761 1.9164742778474162 177
1757589443834 1.9160359394197055 178
1757589443909 1.9156027789363632 179
1757589443987 1.9151747340721834 180
1757589444059 1.9147517432776662 181
1757589444133 1.914333745768778 182
1757589444203 1.9139206815168623 183
1757589444280 1.9135124912387094 184
1757589444353 1.9131091163867437 185
1757589444425 1.912710499139387 186
1757589444498 1.9123165823915418 187
1757589444573 1.9119273097452056 188
1757589444646 1.9115426255002512 189
1757589444720 1.9111624746452895 190
1757589444791 1.9107868028487198 191
1757589444865 1.910415556449864 192
1757589444939 1.910048682450244 193
1757589445014 1.9096861285049824 194
1757589445088 1.9093278429143212 195
1757589445162 1.9089737746152668 196
1757589445236 1.9086238731733414 197
1757589445310 1.9082780887744664 198
1757589445385 1.9079363722169367 199
1757589445459 1.907598674903534 200
1757589445534 1.9072649488337288 201
1757589445606 1.9069351465959978 202
1757589445680 1.9066092213602532 203
1757589445753 1.9062871268703743 204
1757589445827 1.9059688174368397 205
1757589445899 1.905654247929455 206
1757589445969 1.905343373770202 207
1757589446042 1.9050361509261682 208
1757589446114 1.904732535902572 209
1757589446187 1.9044324857359023 210
1757589446256 1.9041359579871346 211
1757589446326 1.9038429107350427 212
1757589446397 1.9035533025696105 213
1757589446475 1.9032670925855235 214
1757589446547 1.9029842403757564 215
1757589446621 1.9027047060252493 216
1757589446696 1.9024284501046533 217
1757589446769 1.9021554336641853 218
1757589446847 1.9018856182275536 219
1757589446923 1.901618965785961 220
1757589446998 1.9013554387921956 221
1757589447071 1.9010950001548037 222
1757589447145 1.9008376132323332 223
1757589447221 1.9005832418276616 224
1757589447291 1.9003318501823947 225
1757589447369 1.9000834029713505 226
1757589447444 1.8998378652971013 227
1757589447521 1.8995952026846015 228
1757589447598 1.899355381075882 229
1757589447673 1.8991183668248184 230
1757589447746 1.8988841266919612 231
1757589447823 1.8986526278394522 232
1757589447901 1.8984238378259872 233
1757589447976 1.8981977246018544 234
1757589448055 1.8979742565040527 235
1757589448130 1.8977534022514444 236
1757589448201 1.8975351309400015 237
1757589448276 1.8973194120381003 238
1757589448355 1.8971062153818745 239
1757589448431 1.8968955111706427 240
1757589448509 1.8966872699623878 241
1757589448587 1.8964814626692903 242
1757589448660 1.896278060553344 243
1757589448734 1.896077035221986 244
1757589448807 1.8958783586238364 245
1757589448882 1.8956820030444448 246
1757589448958 1.895487941102139 247
1757589449036 1.8952961457438833 248
1757589449110 1.8951065902412236 249
1757589449190 1.8949192481862693 250
1757589449263 1.894734093487732 251
1757589449341 1.894551100367016 252
1757589449419 1.8943702433543574 253
1757589449495 1.89419149728502 254
1757589449570 1.894014837295528 255
1757589449648 1.893840238819963 256
1757589449726 1.893667677586295 257
1757589449801 1.8934971296127614 258
1757589449876 1.8933285712043149 259
1757589449954 1.8931619789490841 260
1757589450030 1.8929973297149025 261
1757589450105 1.8928346006458792 262
1757589450182 1.8926737691589992 263
1757589450254 1.8925148129407885 264
1757589450330 1.892357709944008 265
1757589450408 1.8922024383843916 266
1757589450483 1.8920489767374356 267
1757589450557 1.8918973037352058 268
1757589450632 1.8917473983632207 269
1757589450707 1.891599239857339 270
1757589450782 1.8914528077007118 271
1757589450858 1.8913080816207606 272
1757589450935 1.8911650415862005 273
1757589451014 1.8910236678040944 274
1757589451090 1.8908839407169544 275
1757589451167 1.890745840999871 276
1757589451242 1.8906093495576786 277
1757589451321 1.8904744475221713 278
1757589451396 1.8903411162493302 279
1757589451474 1.8902093373166058 280
1757589451553 1.8900790925202293 281
1757589451631 1.8899503638725526 282
1757589451706 1.8898231335994278 283
1757589451783 1.8896973841376097 284
1757589451856 1.889573098132213 285
1757589451937 1.8894502584341748 286
1757589452019 1.8893288480977661 287
1757589452097 1.889208850378134 288
1757589452175 1.8890902487288652 289
1757589452246 1.8889730267995843 290
1757589452324 1.8888571684335889 291
1757589452398 1.8887426576655084 292
1757589452473 1.8886294787189868 293
1757589452548 1.8885176160044093 294
1757589452625 1.8884070541166422 295
1757589452704 1.8882977778328047 296
1757589452782 1.8881897721100818 297
1757589452862 1.8880830220835445 298
1757589452932 1.8879775130640049 299
1757589453009 1.8878732305359114 300
1757589453088 1.8877701601552432 301
1757589453164 1.887668287747457 302
1757589453244 1.8875675993054482 303
1757589453320 1.8874680809875248 304
1757589453401 1.8873697191154373 305
1757589453477 1.8872725001723998 306
1757589453553 1.8871764108011584 307
1757589453629 1.8870814378020726 308
1757589453708 1.886987568131229 309
1757589453787 1.8868947888985605 310
1757589453867 1.8868030873660213 311
1757589453943 1.8867124509457431 312
1757589454026 1.8866228671982506 313
1757589454104 1.8865343238306738 314
1757589454181 1.8864468086949984 315
1757589454255 1.886360309786331 316
1757589454335 1.8862748152411835 317
1757589454415 1.8861903133357842 318
1757589454492 1.8861067924844053 319
1757589454574 1.8860242412377115 320
1757589454654 1.8859426482811306 321
1757589454732 1.8858620024332449 322
1757589454813 1.8857822926442032 323
1757589454890 1.885703507994141 324
1757589454974 1.8856256376916403 325
1757589455056 1.8855486710721892 326
1757589455135 1.8854725975966666 327
1757589455210 1.885397406849858 328
1757589455289 1.885323088538964 329
1757589455365 1.8852496324921524 330
1757589455443 1.8851770286571132 331
1757589455525 1.8851052670996324 332
1757589455605 1.88503433800219 333
1757589455682 1.88496423166257 334
1757589455759 1.884894938492484 335
1757589455836 1.8848264490162232 336
1757589455915 1.8847587538693156 337
1757589455996 1.8846918437971996 338
1757589456076 1.8846257096539267 339
1757589456157 1.8845603424008617 340
1757589456237 1.8844957331054126 341
1757589456313 1.884431872939766 342
1757589456397 1.8843687531796565 343
1757589456479 1.8843063652031238 344
1757589456556 1.8842447004892975 345
1757589456637 1.8841837506172106 346
1757589456718 1.8841235072646045 347
1757589456796 1.8840639622067608 348
1757589456875 1.884005107315341 349
1757589456956 1.8839469345572557 350
1757589457035 1.8838894359935217 351
1757589457114 1.8838326037781568 352
1757589457193 1.8837764301570767 353
1757589457271 1.8837209074670076 354
1757589457355 1.883666028134397 355
1757589457437 1.8836117846743783 356
1757589457517 1.8835581696896997 357
1757589457595 1.8835051758696935 358
1757589457672 1.8834527959892575 359
1757589457753 1.8834010229078364 360
1757589457836 1.8833498495684258 361
1757589457918 1.8832992689965866 362
1757589457998 1.8832492742994593 363
1757589458076 1.883199858664812 364
1757589458158 1.8831510153600846 365
1757589458243 1.883102737731442 366
1757589458320 1.883055019202853 367
1757589458400 1.8830078532751688 368
1757589458478 1.8829612335252108 369
1757589458559 1.8829151536048798 370
1757589458636 1.8828696072402682 371
1757589458716 1.882824588230785 372
1757589458800 1.882780090448295 373
1757589458880 1.8827361078362592 374
1757589458966 1.8826926344088868 375
1757589459047 1.882649664250313 376
1757589459129 1.8826071915137725 377
1757589459207 1.8825652104207704 378
1757589459287 1.8825237152602987 379
1757589459370 1.8824827003880291 380
1757589459453 1.8824421602255337 381
1757589459536 1.8824020892594993 382
1757589459615 1.8823624820409786 383
1757589459697 1.8823233331846092 384
1757589459776 1.882284637367888 385
1757589459856 1.882246389330422 386
1757589459937 1.882208583873191 387
1757589460015 1.8821712158578359 388
1757589460100 1.882134280205942 389
1757589460181 1.8820977718983325 390
1757589460264 1.8820616859743753 391
1757589460381 1.8820260175312944 392
1757589460466 1.8819907617234857 393
1757589460547 1.8819559137618476 394
1757589460626 1.881921468913122 395
1757589460707 1.8818874224992304 396
1757589460788 1.881853769896634 397
1757589460866 1.8818205065356823 398
1757589460947 1.8817876278999968 399
1757589461026 1.8817551295258248 400
1757589461108 1.8817230070014415 401
1757589461191 1.8816912559665264 402
1757589461271 1.8816598721115696 403
1757589461348 1.8816288511772634 404
1757589461429 1.8815981889539222 405
1757589461509 1.8815678812809045 406
1757589461590 1.8815379240460255 407
1757589461672 1.8815083131849992 408
1757589461753 1.8814790446808713 409
1757589461834 1.881450114563471 410
1757589461917 1.8814215189088481 411
1757589461999 1.8813932538387477 412
1757589462081 1.8813653155200685 413
1757589462166 1.881337700164331 414
1757589462252 1.881310404027158 415
1757589462329 1.8812834234077596 416
1757589462414 1.8812567546484136 417
1757589462499 1.8812303941339745 418
1757589462585 1.881204338291365 419
1757589462671 1.8811785835890888 420
1757589462759 1.88115312653674 421
1757589462847 1.881127963684522 422
1757589462927 1.8811030916227784 423
1757589463012 1.8810785069815175 424
1757589463097 1.8810542064299467 425
1757589463181 1.8810301866760204 426
1757589463268 1.8810064444659835 427
1757589463353 1.8809829765839217 428
1757589463440 1.8809597798513225 429
1757589463526 1.8809368511266313 430
1757589463611 1.8809141873048278 431
1757589463697 1.8808917853169944 432
1757589463784 1.8808696421298938 433
1757589463868 1.8808477547455553 434
1757589463955 1.880826120200856 435
1757589464041 1.88080473556712 436
1757589464144 1.8807835979497112 437
1757589464233 1.8807627044876423 438
1757589464315 1.8807420523531728 439
1757589464395 1.880721638751426 440
1757589464475 1.8807014609200061 441
1757589464560 1.880681516128615 442
1757589464642 1.88066180167868 443
1757589464728 1.8806423149029845 444
1757589464814 1.8806230531652974 445
1757589464901 1.8806040138600162 446
1757589464986 1.8805851944118057 447
1757589465074 1.8805665922752453 448
1757589465157 1.880548204934483 449
1757589465239 1.8805300299028906 450
