1757432703198 158.71441913203012 0
1757432703248 157.0998744587436 1
1757432703309 144.68591320930082 2
1757432703363 143.97763577840047 3
1757432703408 139.3378694530283 4
1757432703466 138.13799104490727 5
1757432703527 136.71601255334474 6
1757432703588 125.58086868356486 7
1757432703642 122.759435532369 8
1757432703691 123.22139227017121 9
1757432703747 116.04939432286344 10
1757432703801 115.88858614154918 11
1757432703854 104.98649718494899 12
1757432703909 105.34307440506208 13
1757432703959 104.9665929967482 14
1757432704016 96.7166196209879 15
1757432704070 95.20498311500178 16
1757432704127 98.12788081554355 17
1757432704179 97.69231113082449 18
1757432704230 88.27041672862529 19
1757432704285 83.9754353431313 20
1757432704339 86.72797395940523 21
1757432704396 84.46089898239876 22
1757432704450 83.81088736709503 23
1757432704504 81.22308323767828 24
1757432704554 69.30505900303098 25
1757432704608 69.16881971398772 26
1757432704664 80.44285342142337 27
1757432704720 73.93829349739404 28
1757432704771 68.2219497638318 29
1757432704815 67.29465852365996 30
1757432704866 66.69592460581302 31
1757432704920 67.65000587824464 32
1757432704978 58.36685055677468 33
1757432705072 62.88641716568621 34
1757432705122 57.88916251034204 35
1757432705166 76.68183115104883 36
1757432705209 66.87382290585425 37
1757432705255 66.78982533363954 38
1757432705299 59.11274619424376 39
1757432705353 59.38542080367673 40
1757432705405 58.22908889898651 41
1757432705467 56.39672464930849 42
1757432705527 54.22388113038221 43
1757432705587 59.57965285692285 44
1757432705644 55.57272204771759 45
1757432705697 49.28296202743445 46
1757432705758 54.32986736785683 47
1757432705810 54.90939900640427 48
1757432705870 52.27723779142835 49
1757432705925 48.21968669191744 50
1757432705979 53.33687738027802 51
1757432706037 39.19952766278304 52
1757432706089 45.22997762690355 53
1757432706150 39.299353809760376 54
1757432706202 42.411767331273424 55
1757432706258 49.04810883910234 56
1757432706314 47.82648727148971 57
1757432706370 41.837388098658536 58
1757432706424 46.9795467001654 59
1757432706481 37.81452219713425 60
1757432706535 47.64339386923355 61
1757432706596 44.09251953108169 62
1757432706651 37.01118379848893 63
1757432706706 36.816072526721086 64
1757432706763 41.02532035262815 65
1757432706811 47.33212100397412 66
1757432706863 30.74286483864968 67
1757432706921 53.00254567544136 68
1757432706982 29.85179295284333 69
1757432707037 35.901935405462524 70
1757432707099 40.81579375048703 71
1757432707159 36.897945898648544 72
1757432707220 33.42018231375166 73
1757432707278 35.385345652197984 74
1757432707335 40.77311029130348 75
1757432707391 34.91919333438437 76
1757432707448 38.29336924846818 77
1757432707510 49.661147653419214 78
1757432707568 37.054367393859934 79
1757432707623 35.32764556525679 80
1757432707677 30.93683317168686 81
1757432707729 39.28810004312177 82
1757432707782 34.58445249748688 83
1757432707838 38.35371543933188 84
1757432707893 28.96181458543552 85
1757432707951 38.29720402710237 86
1757432708011 43.77588242708411 87
1757432708071 29.967116099350612 88
1757432708128 29.073282541495587 89
1757432708188 36.40528151589777 90
1757432708243 35.09953614322457 91
1757432708299 30.876290573706477 92
1757432708356 49.786863722781575 93
1757432708414 29.484575472091198 94
1757432708474 35.40383781770599 95
1757432708527 41.06668819302013 96
1757432708584 39.31864717293827 97
1757432708641 30.26806147507013 98
1757432708699 27.274682966267306 99
1757432708754 33.92604655291464 100
1757432708807 19.431682041973737 101
1757432708855 30.233856253541823 102
1757432708905 42.41245315805938 103
1757432708964 32.892447158163876 104
1757432709017 36.47104432216534 105
1757432709072 32.68345761812174 106
1757432709126 28.523847912150586 107
1757432709180 43.357236744732745 108
1757432709236 27.9710376103759 109
1757432709296 33.90008246626737 110
1757432709353 30.500139520003398 111
1757432709409 37.40936610754041 112
1757432709467 29.009523551973885 113
1757432709525 34.925803217552435 114
1757432709584 41.248515776427965 115
1757432709645 24.44100332935934 116
1757432709701 24.06770711757604 117
1757432709761 21.790822214519125 118
1757432709815 40.98631319436785 119
1757432709870 25.756940834698465 120
1757432709933 30.450630819171842 121
1757432709989 23.011558782838986 122
1757432710046 23.790040917391316 123
1757432710107 31.76612502612311 124
1757432710165 28.167487250987094 125
1757432710224 25.92640746849071 126
1757432710284 30.078268264393202 127
1757432710342 27.157290366526308 128
1757432710399 23.776676583414126 129
1757432710456 28.257735955314157 130
1757432710512 36.09037978735098 131
1757432710567 31.374477581323045 132
1757432710626 28.80895165241434 133
1757432710685 29.08655402055443 134
1757432710747 26.659719155980063 135
1757432710811 26.75880219917609 136
1757432710857 31.809961282143348 137
1757432710915 35.325069591593355 138
1757432710969 26.840303352818704 139
1757432711027 32.396501689793 140
1757432711089 28.8023392825239 141
1757432711149 30.661817121224516 142
1757432711212 27.47348044328112 143
1757432711268 28.86850287222879 144
1757432711326 26.617317128693898 145
1757432711383 35.21691299223857 146
1757432711442 30.39235249717742 147
1757432711501 33.44915098897468 148
1757432711561 26.340747219271666 149
1757432711615 23.537046938278458 150
1757432711675 22.906359526098477 151
1757432711732 22.136091765640515 152
1757432711796 22.577341488430093 153
1757432711856 34.34027743103566 154
1757432711917 28.402581660719008 155
1757432711982 24.59076514020158 156
1757432712041 24.105978750714932 157
1757432712099 34.30554431472511 158
1757432712163 30.61912715745963 159
1757432712217 18.597221376783978 160
1757432712275 29.778942853741462 161
1757432712334 25.34398276763281 162
1757432712390 28.93252241190992 163
1757432712438 28.510310291278955 164
1757432712498 29.198006795134663 165
1757432712553 32.537421392355455 166
1757432712617 27.896041212619103 167
1757432712675 35.382341933749956 168
1757432712736 34.791720436829465 169
1757432712792 30.068795792130395 170
1757432712846 32.03374174383184 171
1757432712901 31.00361825137818 172
1757432712954 29.247905856168614 173
1757432713013 33.051381610649635 174
1757432713079 31.537916772832666 175
1757432713140 37.970888733144754 176
1757432713198 34.06156401297365 177
1757432713263 31.170950195449347 178
1757432713326 41.4556297371926 179
1757432713391 30.1197308224805 180
1757432713454 30.149532922422992 181
1757432713517 35.852233312040205 182
1757432713577 31.21083019455707 183
1757432713632 38.391707943580855 184
1757432713688 39.43164210203442 185
1757432713751 31.84460621138064 186
1757432713807 31.973336320517923 187
1757432713868 38.43816257357979 188
1757432713933 34.314658829954325 189
1757432713991 29.706829705819352 190
1757432714055 23.77530416565118 191
1757432714112 33.83704847891241 192
1757432714168 25.894405723640922 193
1757432714231 22.59465141063955 194
1757432714294 32.66483645621746 195
1757432714353 30.60750397530769 196
1757432714418 34.810591174784975 197
1757432714478 44.33033856331497 198
1757432714539 30.04875475498356 199
1757432714602 33.67196559711181 200
1757432714659 31.974867023032502 201
1757432714722 22.35877186808888 202
1757432714784 32.21082298314435 203
1757432714840 34.99743245171529 204
1757432714891 36.22377259971714 205
1757432714955 29.185572212179093 206
1757432715019 28.524115778967463 207
1757432715083 26.858773340644674 208
1757432715144 35.380756311340505 209
1757432715202 28.657225226436353 210
1757432715266 23.753891028536074 211
1757432715328 22.288518281286507 212
1757432715383 31.301663716838444 213
1757432715446 33.9322087587427 214
1757432715510 34.556154465181315 215
1757432715578 26.08222086869915 216
1757432715642 29.639610425199848 217
1757432715705 21.143437241750078 218
1757432715766 30.239636035784056 219
1757432715825 25.607672185024683 220
1757432715886 33.32339089682152 221
1757432715947 33.33331827780893 222
1757432716011 34.713091218771645 223
1757432716075 45.141045411426674 224
1757432716140 21.921921420490197 225
1757432716207 22.413755473562105 226
1757432716272 31.01651406654191 227
1757432716334 35.01940687602415 228
1757432716397 31.119872908631606 229
1757432716456 27.816542250278978 230
1757432716521 19.394705657399193 231
1757432716584 35.78214404848983 232
1757432716641 29.87697120812869 233
1757432716704 27.76475713344411 234
1757432716764 26.92639408486669 235
1757432716824 28.466333386342548 236
1757432716878 28.322965076535702 237
1757432716934 32.30525239751939 238
1757432716993 31.97442621607599 239
1757432717057 28.75196074668404 240
1757432717115 29.788678671787157 241
