1757603644214 5.2827709580345665 0
1757603644319 2.3627663818848714 1
1757603644424 0.1049162381858145 2
1757603644525 1.728638864501866 3
1757603644628 0.9925469048931019 4
1757603644732 1.0767630741535006 5
1757603644837 0.5612042984034233 6
1757603644944 0.9991719330950558 7
1757603645053 0.0016859890243045431 8
1757603645156 2.112227854901411 9
1757603645258 1.3484133810918646 10
1757603645363 1.5571180200231005 11
1757603645467 0.945044636549778 12
1757603645571 3.0396033588414104 13
1757603645674 2.4761523837975417 14
1757603645776 3.3585128163495326 15
1757603645881 0.5209608214508863 16
1757603645986 1.163058651037043 17
1757603646090 0.06761889631316811 18
1757603646194 0.3430632284751326 19
1757603646298 1.697234291968181 20
1757603646400 2.757569332230092 21
1757603646505 0.09662623560858405 22
1757603646609 1.7632245193022638 23
1757603646714 0.7261489509699627 24
1757603646818 4.965045986901708 25
1757603646925 5.265502075603273 26
1757603647031 0.9794123749287047 27
1757603647134 3.6731627387385104 28
1757603647239 0.408170777779951 29
1757603647346 2.546037238113833 30
1757603647451 7.074968183203838 31
1757603647567 0.8911422183324769 32
1757603647672 0.3697380909718095 33
1757603647775 2.7427900069283457 34
1757603647878 3.2462223179160374 35
1757603647983 0.7047191242129848 36
1757603648086 1.932521050196135 37
1757603648190 2.314559173390595 38
1757603648294 5.860544048843018 39
1757603648398 2.5675739203388472 40
1757603648502 1.0203090814750941 41
1757603648606 1.7265307287632188 42
1757603648712 2.2069564568258695 43
1757603648818 0.007048451942395794 44
1757603648931 2.583632677762558 45
1757603649039 1.0103171060631662 46
1757603649148 0.01609443727470707 47
1757603649255 0.00046384752702730996 48
1757603649359 5.20053978437016 49
1757603649464 0.0309523541636362 50
1757603649570 0.2531928876517695 51
1757603649674 0.4598828806743772 52
1757603649821 4.5151190956471945 53
1757603649959 2.48408541950457 54
1757603650078 0.8303360738313618 55
1757603650194 16.750780198552732 56
1757603650309 3.9959378786102673 57
1757603650420 0.697307450445883 58
1757603650531 0.40780119877986043 59
1757603650640 0.39963635587702856 60
1757603650750 0.3006437492847389 61
1757603650860 0.2208827227453394 62
1757603650971 0.02943962112075216 63
1757603651081 0.005574144331997214 64
1757603651202 7.195020338331501 65
1757603651316 3.902858674757423 66
1757603651428 8.350415760539143 67
1757603651538 0.12237647286407992 68
1757603651649 3.178511393251113 69
1757603651758 0.031981916017905815 70
1757603651868 10.324732294125342 71
1757603651976 13.94026662866677 72
1757603652086 0.0018044366484585848 73
1757603652197 2.5327532435143305 74
1757603652307 3.125731785354252 75
1757603652416 0.11862754170493854 76
1757603652527 0.9780923151566479 77
1757603652638 0.37238773559680016 78
1757603652745 0.9909679413717164 79
1757603652851 0.23949726790366146 80
1757603652961 6.051360744067634 81
1757603653066 0.04222742148259943 82
1757603653174 2.2455252829495174 83
1757603653281 0.009198273913550369 84
1757603653388 0.02400225682387957 85
1757603653493 2.226184107919686 86
1757603653599 3.8898423692477038 87
1757603653705 1.4025676885989709 88
1757603653810 0.08855040472524689 89
1757603653917 2.4334977627045595 90
1757603654024 1.4291504899770684 91
1757603654130 0.07413860893948257 92
1757603654237 0.0023652454936661763 93
1757603654343 0.3358759809992757 94
1757603654448 1.2744118371581503 95
1757603654556 1.585057625530541 96
1757603654662 0.054113308091379195 97
1757603654769 0.912861122228592 98
1757603654875 6.146626208295024 99
1757603654987 0.04742321616693382 100
1757603655094 2.1917291314332443 101
1757603655201 0.42736941041398097 102
1757603655307 4.544382926058489 103
1757603655414 0.5430009835393365 104
1757603655521 3.5757947225916453 105
1757603655628 4.018216660385689 106
1757603655733 0.7756124894267253 107
1757603655839 0.4674716769028908 108
1757603655945 0.0030874756551492904 109
1757603656055 0.0012029562993834501 110
1757603656161 1.2476283485095336 111
1757603656267 2.314789399996602 112
1757603656373 3.6628339391236584 113
1757603656480 0.08277375677460629 114
1757603656586 0.4465882905820468 115
1757603656692 2.5647730305694103 116
1757603656799 0.11414971953735234 117
1757603656905 3.9450332624003677 118
1757603657017 2.2270891401235837 119
1757603657124 1.001417567849465 120
1757603657233 0.8576561307106861 121
1757603657342 2.638034939877336 122
1757603657447 2.494492087950247 123
1757603657559 0.26290161402401524 124
1757603657667 6.113948667376229 125
1757603657771 0.42103891942994953 126
1757603657876 2.5815768832362727 127
1757603657982 0.8006655493061081 128
1757603658089 1.4229953158759694 129
1757603658194 1.1595713333999058 130
1757603658300 1.677796455142528 131
1757603658406 1.2439961722778672 132
1757603658511 0.003918476881701443 133
1757603658617 0.009391372867925941 134
1757603658723 4.38103068520729 135
1757603658830 1.5930716332575887 136
1757603658939 0.38151606529119303 137
1757603659045 0.1384976699200064 138
1757603659152 3.3794781374133334 139
1757603659259 0.12038575152945447 140
1757603659367 1.642646723605754 141
1757603659473 4.743047687991574 142
1757603659580 0.029929436834798418 143
1757603659686 10.187911635009511 144
1757603659796 0.3128573047020697 145
1757603659903 0.21172439836059212 146
1757603660009 0.000284759896201202 147
1757603660119 0.17271507471305791 148
1757603660226 0.3527822832431228 149
1757603660333 1.9242280335319064 150
1757603660440 0.048714186768248374 151
1757603660547 0.2599416947509822 152
1757603660654 0.2522232320046039 153
1757603660760 6.224163389221791 154
1757603660865 1.8193242375306284 155
1757603660973 0.17557127837594233 156
1757603661080 0.16951115078455847 157
1757603661187 1.4768393853610218 158
1757603661293 0.08179065328208897 159
1757603661400 0.8670736757435153 160
1757603661506 1.712391168781308 161
1757603661614 0.692162735495534 162
1757603661722 2.037073343321671 163
1757603661830 0.020897895956860292 164
1757603661936 0.3776440489724722 165
1757603662043 1.3638014832771082 166
1757603662150 2.4738866414854326 167
1757603662285 1.4078313851736015 168
1757603662415 0.9966697725052018 169
1757603662531 4.712400818383255 170
1757603662645 0.08983750511146205 171
1757603662757 1.3580040997583585 172
1757603662869 3.2537321594992568 173
1757603662982 5.536670924979947 174
1757603663097 0.14329837761559014 175
1757603663209 4.873028771193741 176
1757603663323 0.17678334374734261 177
1757603663436 0.15393316135584895 178
1757603663548 0.03813982204345673 179
1757603663661 2.633205638779975 180
1757603663773 0.25330790012476595 181
1757603663887 1.7388025884305782 182
1757603664000 0.3015560388419032 183
1757603664113 1.9685150748183702 184
1757603664225 0.20080650038771122 185
1757603664337 0.07666780582447921 186
1757603664450 0.3185851243713765 187
1757603664562 0.07141176710551743 188
1757603664673 0.07184348765669955 189
1757603664783 3.3910696633792816 190
1757603664893 0.07350151680105915 191
1757603665011 3.3497028825073576 192
1757603665126 9.767885892750684 193
1757603665241 0.7303871636240974 194
1757603665351 3.538682276717949 195
1757603665460 2.238207505495979 196
1757603665569 7.591846337594531 197
1757603665677 10.6159819896304 198
1757603665787 0.40728619142867145 199
1757603665897 0.09706503315018263 200
1757603666008 0.11901761139463744 201
1757603666118 0.07631010312564912 202
1757603666228 0.12795232392024702 203
1757603666338 0.9533765593528042 204
1757603666446 0.13290856881287205 205
1757603666555 2.1687814085682273 206
1757603666663 2.227115104766189 207
1757603666771 1.137248245717006 208
1757603666879 10.192442468448341 209
1757603666988 1.4005344759729708 210
1757603667101 0.9392683375991866 211
1757603667211 1.243068502078108 212
1757603667322 3.9437035070274686 213
1757603667430 0.10830110224217357 214
1757603667543 1.7296505555092303 215
1757603667653 0.08943217077752842 216
1757603667762 4.09348666597376 217
1757603667870 1.642068661620878 218
1757603667977 2.8851415766908093 219
1757603668086 3.713614871208755 220
1757603668194 1.627427124695443 221
1757603668303 0.003795697166250333 222
1757603668410 4.760239779589188 223
1757603668519 3.8942762069405403 224
1757603668628 4.245403984990846 225
1757603668736 0.6363316709538093 226
1757603668844 5.457130827423 227
1757603668953 1.7342657047266985 228
1757603669064 1.0658146612581518 229
1757603669174 5.089356033402966 230
1757603669297 0.1146168334540876 231
1757603669415 1.0186686402719691 232
1757603669531 0.3169381882098608 233
1757603669645 2.0999964063799847 234
1757603669756 0.0012229615840559872 235
1757603669866 0.0010871868529102457 236
1757603669976 0.06435887854377212 237
1757603670086 3.544323832878131 238
1757603670196 1.3035865590751825 239
1757603670305 3.6572788140932233 240
1757603670414 1.2580007278094565 241
1757603670523 2.782017042075118 242
1757603670634 1.8384864838490504 243
1757603670742 2.6362387607797495 244
1757603670851 1.9569203955668368 245
1757603670960 1.2300084370507076 246
1757603671072 0.3354544642856152 247
1757603671185 5.554572455780947 248
1757603671295 4.505503047427455 249
1757603671405 0.044815275568870126 250
1757603671514 0.2722879791507997 251
1757603671624 4.9849061925156155 252
1757603671734 4.250752989925872 253
1757603671843 0.156593247726334 254
1757603671952 5.08322642073231 255
1757603672060 1.7680174826734196 256
1757603672168 2.816982841523601 257
1757603672279 1.0238263735069109 258
1757603672391 0.08647651002768675 259
1757603672504 0.2291943845187252 260
1757603672613 0.009899899684232306 261
1757603672723 0.23918745275313058 262
1757603672833 1.9215392021926414 263
1757603672943 0.0002592812343674476 264
1757603673054 0.5543599544731153 265
1757603673165 0.08494301969007256 266
1757603673276 0.06454554523811673 267
1757603673387 0.04905990621966117 268
1757603673496 2.3887063997334814 269
1757603673606 0.5170810635376186 270
1757603673716 2.1881657141084117 271
1757603673825 1.15399077616875 272
1757603673935 0.14396479059135933 273
1757603674044 9.268319586657725 274
1757603674154 4.66258498030347 275
1757603674262 3.3606588992933757 276
1757603674374 0.005903503406121596 277
1757603674493 0.10209460253306421 278
1757603674623 6.839266551201102e-05 279
1757603674742 0.2362543820705374 280
1757603674858 0.608312625740775 281
1757603674980 0.17695900556401878 282
1757603675120 0.6956176287105148 283
1757603675265 0.6926506668522463 284
1757603675396 0.04316350744118219 285
1757603675524 0.3932844390242801 286
1757603675647 1.2052270913681213 287
1757603675769 0.8771852819798963 288
1757603675889 2.9576125958022454 289
1757603676006 0.08690846707311911 290
1757603676123 4.327679562873913 291
1757603676239 1.206543092053032 292
1757603676356 0.1530345781986918 293
1757603676471 0.003240364952694854 294
1757603676590 1.19188947784952 295
1757603676706 13.276764793167441 296
1757603676820 0.371617615988163 297
1757603676934 0.026551699969545123 298
1757603677044 2.3692698168860225 299
1757603677159 2.319411171727823 300
1757603677275 0.03966266020685075 301
1757603677389 0.706412033685294 302
1757603677500 0.2852735122237223 303
1757603677610 1.9434316524196038 304
1757603677721 1.5272954251455293 305
1757603677831 0.4796663860700675 306
1757603677941 0.39832320519688225 307
1757603678051 4.433725910545824 308
1757603678162 3.6651564262018645 309
1757603678273 2.1982226758877865 310
1757603678384 0.33868048768203934 311
1757603678495 1.6762862734961474 312
1757603678606 0.5806172725922645 313
1757603678717 0.1261374475578986 314
1757603678827 6.729479010879656 315
1757603678938 3.7589427211480606 316
1757603679048 2.7494644550331016 317
1757603679162 1.590348803482622 318
1757603679273 1.4239666235588313 319
1757603679386 0.5226328268071302 320
1757603679497 0.023623372827353974 321
1757603679609 1.3973418472110692 322
1757603679721 2.260407409038266 323
1757603679832 0.13694478685508385 324
1757603679944 1.900987271864245 325
1757603680058 2.323241003174323 326
1757603680171 2.3579046779197124 327
1757603680283 0.005396977459425202 328
1757603680394 0.12681547190979908 329
1757603680507 2.7122839133227963 330
1757603680618 3.7058948254922823 331
1757603680730 1.1282105925248684 332
1757603680842 3.964290119117506 333
1757603680952 0.11053103275146631 334
1757603681064 9.94501531288363 335
1757603681177 0.0517283933296547 336
1757603681289 0.7547184161367166 337
1757603681401 1.6567544964484395 338
1757603681511 3.718350229423383 339
1757603681621 5.1850104630470035 340
1757603681731 2.851508341421938 341
1757603681842 2.0058532419453505 342
1757603681952 2.6003869072897916 343
1757603682061 4.038087252171398 344
1757603682173 4.343008820002686 345
1757603682285 3.346350163436978 346
1757603682396 1.7195056014574015 347
1757603682507 0.023505448958180145 348
1757603682620 0.2463450409080068 349
1757603682729 0.3801233454757433 350
1757603682841 6.170240222559289 351
1757603682953 0.28158547379703036 352
1757603683063 0.24909443014173235 353
1757603683176 0.6654096626642838 354
1757603683289 0.8094319457179675 355
1757603683401 0.9564484532583165 356
1757603683511 3.489413512733403 357
1757603683623 3.8835586528691795 358
1757603683735 0.5871460533584166 359
1757603683848 2.49771712275225 360
1757603683959 0.0013340867818435753 361
1757603684070 0.007225657237729908 362
1757603684180 0.0005002314855715056 363
1757603684290 0.08791822418830549 364
1757603684402 1.6781133629158094 365
1757603684513 3.534254892613753 366
1757603684625 0.6804477868884322 367
1757603684737 1.0733951020580461 368
1757603684849 2.143681962823228 369
1757603684962 1.5563558257530086 370
1757603685076 10.424744969286255 371
1757603685189 0.007851093252364409 372
1757603685302 0.9326097437937998 373
1757603685415 0.8055352486419392 374
1757603685528 1.366253882932595 375
1757603685641 1.0190255805432256 376
1757603685754 2.8821820000180964 377
1757603685866 2.5296900843326235 378
1757603685979 0.24016505682661918 379
1757603686092 2.6438694126757976 380
1757603686206 1.0381334625067866 381
1757603686319 0.07823262123629708 382
1757603686432 2.0998606679981173 383
1757603686546 0.45605265471064965 384
1757603686659 3.061336828819791 385
1757603686771 4.978700293305986 386
1757603686884 0.9385978405998266 387
1757603686997 2.266970638632138 388
1757603687182 4.425618950354835 389
1757603687301 5.3814742029386435 390
1757603687415 3.707906486278274 391
1757603687530 0.724148836220845 392
1757603687645 0.4323243325822286 393
1757603687758 2.3340080126625904 394
1757603687870 1.5933427695939713 395
1757603687983 0.7995566899056171 396
1757603688095 2.7163736466031865 397
1757603688208 0.5348105404689432 398
1757603688319 0.012734598537593306 399
1757603688433 6.219713912946224 400
1757603688546 2.00123728057643 401
1757603688659 4.155835860500654 402
1757603688772 0.7901052843146018 403
1757603688885 9.17395067738399 404
1757603688999 0.658826158784852 405
1757603689111 0.2116799484998126 406
1757603689225 1.7660118770768969 407
1757603689341 2.3706840497087756 408
1757603689454 1.9256954019349393 409
1757603689569 0.04441624812172045 410
1757603689683 0.21162925101337718 411
1757603689795 3.211792792352973 412
1757603689908 2.869481518538697 413
1757603690022 0.1487362761162752 414
1757603690134 0.41575578027272553 415
1757603690246 1.5962341293416316 416
1757603690359 9.461325980709693 417
1757603690473 1.2468278528914105 418
1757603690587 3.2523438473833255 419
1757603690700 0.35439811598685 420
1757603690813 1.3586583720387042 421
1757603690924 1.4447858826856357 422
1757603691038 0.47780785845938906 423
1757603691151 0.3538507269066532 424
1757603691268 0.013691349811324239 425
1757603691383 2.3807369802694063 426
1757603691497 0.16113014409999885 427
1757603691611 0.3437436654277239 428
1757603691725 0.003590114511744797 429
1757603691839 1.58846194124084 430
1757603691954 1.3717567068266512 431
1757603692067 3.602553368159085 432
1757603692183 0.18878453011505616 433
1757603692299 0.6973082635199742 434
1757603692414 2.8223940756203154 435
1757603692528 4.56624936018169 436
1757603692642 4.771331583721291 437
1757603692757 2.2179593212738964 438
1757603692870 0.5851346367564484 439
1757603692984 0.44429559259902185 440
1757603693098 2.111279668835246 441
1757603693214 3.4174547628706855 442
1757603693330 0.09986696571593065 443
1757603693479 2.8746200986439465 444
1757603693605 1.2227856301405793 445
1757603693721 0.07422231026585707 446
1757603693836 2.743707314736617 447
1757603693951 0.0946184555957129 448
1757603694067 4.674973089234756 449
1757603694182 0.0266622918591342 450
1757603694300 1.3622105555567956 451
1757603694416 1.5046878356376914 452
1757603694532 0.12999864198108516 453
1757603694646 1.69462972095393 454
1757603694761 0.6514774483667625 455
1757603694876 0.44124699962920794 456
1757603694992 1.1739525632904095 457
1757603695109 3.4042923436822656 458
1757603695226 5.771452080429279 459
1757603695346 7.84030608685374 460
1757603695462 3.6648096569505757 461
1757603695579 0.7356596647066024 462
1757603695694 0.9587184430441243 463
1757603695811 0.2954832908228588 464
1757603695926 2.641622220562709 465
1757603696045 2.888559187090909 466
1757603696161 0.018458576819653356 467
1757603696278 4.559120016826671e-05 468
1757603696397 4.574542782196545 469
1757603696514 1.8505198455497855 470
1757603696629 2.2692363232387964 471
1757603696744 7.040911420743372 472
1757603696859 0.17233883621764565 473
1757603696975 2.561709842483743 474
1757603697092 0.04486795019439713 475
1757603697210 0.013450714288058517 476
1757603697335 7.799473925545776 477
1757603697452 0.011954956960306958 478
1757603697574 0.1896747562551665 479
1757603697691 0.0462969350445419 480
1757603697807 0.02104341087979815 481
1757603697924 2.383273972396738 482
1757603698039 0.6842083288590003 483
1757603698153 0.4736348960726616 484
1757603698269 0.03715371734606474 485
1757603698386 0.009328403449623976 486
1757603698501 0.013288177989682853 487
1757603698616 0.4515205413981445 488
1757603698754 3.363904595772583 489
1757603698873 0.004080093727411919 490
1757603698990 1.5961116561739315 491
1757603699107 1.8600729066981394 492
1757603699223 5.859889682177192 493
1757603699340 0.1224110110897587 494
1757603699456 0.16593058018976486 495
1757603699572 1.258676379397518 496
1757603699687 0.2607891592770623 497
1757603699805 0.5401384300625485 498
1757603699920 1.119253046247408 499
