1757444504786 160.0594523984562 0
1757444504860 148.04991577251232 1
1757444504929 131.04918642041605 2
1757444504992 130.3609215562361 3
1757444505047 107.25467704225471 4
1757444505104 107.41365632686258 5
1757444505169 105.62608442003672 6
1757444505229 95.61313325233002 7
1757444505292 89.91309599457612 8
1757444505363 81.66268085444786 9
1757444505431 72.93780156262589 10
1757444505496 70.6526421486508 11
1757444505565 68.27404391934188 12
1757444505619 64.90236262451275 13
1757444505681 61.76257636741279 14
1757444505747 54.31012685200779 15
1757444505814 53.2703703103652 16
1757444505880 44.30284414581848 17
1757444505941 45.860873652729346 18
1757444506014 40.95990630725225 19
1757444506077 40.8668219829557 20
1757444506137 34.222576325902644 21
1757444506195 35.25558611953359 22
1757444506255 33.45674230401606 23
1757444506316 32.364226877807255 24
1757444506379 26.782679484588073 25
1757444506446 25.140573168976452 26
1757444506513 24.98764555762391 27
1757444506583 20.498536567373897 28
1757444506647 25.066777404792518 29
1757444506707 18.39504184763291 30
1757444506775 21.492902847356508 31
1757444506842 17.59877076795402 32
1757444506908 17.411458584515916 33
1757444506971 13.955483692580811 34
1757444507038 14.026944569448718 35
1757444507103 13.8981569245123 36
1757444507162 14.468729604293936 37
1757444507231 14.547506471909522 38
1757444507295 14.735367511953255 39
1757444507367 9.434058116631297 40
1757444507434 11.62177009219388 41
1757444507497 9.544100634146517 42
1757444507556 9.145256964566881 43
1757444507615 9.256234051747963 44
1757444507669 9.190527958545657 45
1757444507732 9.900870901336107 46
1757444507793 8.701516147979163 47
1757444507856 8.827159631134961 48
1757444507924 6.9941356774257875 49
1757444507990 8.154137854344837 50
1757444508055 6.9576096109573005 51
1757444508124 8.516376300870755 52
1757444508192 5.926118514793991 53
1757444508257 5.793889396927733 54
1757444508317 5.21067742298773 55
1757444508385 5.26777694592628 56
1757444508452 4.926233386146178 57
1757444508518 5.6601767497683255 58
1757444508587 6.225456232825498 59
1757444508655 5.562741836705309 60
1757444508713 4.418656999197101 61
1757444508763 5.834996107547855 62
1757444508826 8.11832350109444 63
1757444508893 5.128791121689222 64
1757444508954 2.5847990017857283 65
1757444509019 4.020471181151772 66
1757444509090 3.9176679173992426 67
1757444509157 5.629931902177506 68
1757444509226 3.2726706073488314 69
1757444509287 3.953010039902131 70
1757444509351 2.8894405428483876 71
1757444509414 3.83522854911033 72
1757444509483 4.819708816116923 73
1757444509551 2.7207759467845354 74
1757444509614 4.344200489473394 75
1757444509668 3.5434755013110397 76
1757444509729 13.24448582902419 77
1757444509795 2.6063313983028102 78
1757444509864 3.6439002027983496 79
1757444509934 1.8254509444615987 80
1757444510004 6.056392520698076 81
1757444510075 2.757725592272023 82
1757444510146 1.876009172689467 83
1757444510213 3.661967632827961 84
1757444510279 2.350162479798752 85
1757444510347 3.644246979714124 86
1757444510411 2.265499399188845 87
1757444510485 1.9848901335051683 88
1757444510559 2.623509951613569 89
1757444510635 3.0754942711403093 90
1757444510710 1.4967161324367615 91
1757444510780 3.1273302664521205 92
1757444510852 0.986929808902226 93
1757444510924 2.280444375731983 94
1757444510995 2.741564654519494 95
1757444511068 2.7245561653064736 96
1757444511138 2.5437580165243503 97
1757444511208 1.8264385388092867 98
1757444511278 1.919473857295677 99
1757444511348 1.551601426660989 100
1757444511419 3.4571358003140737 101
1757444511489 1.5466053698397513 102
1757444511558 2.308634482670941 103
1757444511631 2.3762789671510585 104
1757444511692 2.899690687257337 105
1757444511759 7.462597052818358 106
1757444511827 3.239118895384131 107
1757444511898 2.297178953752968 108
1757444511966 2.4685934991734864 109
1757444512035 3.263997669131349 110
1757444512101 2.2453480665550414 111
1757444512170 1.3419324153897012 112
1757444512236 2.2074045962669477 113
1757444512300 1.4059089997210648 114
1757444512362 1.6922118052780808 115
1757444512429 1.7854892052874578 116
1757444512497 1.292529678795147 117
1757444512569 1.8876473966611358 118
1757444512639 2.1472061572894163 119
1757444512706 3.27864841472159 120
1757444512776 2.230737641688388 121
1757444512841 1.6929983184216064 122
1757444512914 2.0258040660390506 123
1757444512978 4.860336124746137 124
1757444513044 1.581391662930634 125
1757444513113 3.0917565107511265 126
1757444513177 2.964554439993062 127
1757444513240 1.9568325065678218 128
1757444513309 1.1977529004836658 129
1757444513376 1.9397170731175502 130
1757444513438 3.9294852494799586 131
1757444513509 3.573341560550425 132
1757444513573 2.9111606282778206 133
1757444513644 1.381126952475673 134
1757444513699 1.3222471317484976 135
1757444513762 2.243349838088886 136
1757444513830 1.4894939541712298 137
1757444513899 3.3667122340580242 138
1757444513972 2.6400489126558666 139
1757444514047 3.3318443830261733 140
1757444514121 1.1888946438519612 141
1757444514193 4.198313544123813 142
1757444514266 1.283640701321347 143
1757444514337 1.9400827900727318 144
1757444514409 1.1207363709385798 145
1757444514480 1.2402451233266387 146
1757444514552 2.2858632655079836 147
1757444514626 2.8362003467556325 148
1757444514699 1.2723351829894878 149
1757444514774 1.4239604659668625 150
1757444514854 1.9334325954227722 151
1757444514933 1.1998567989436735 152
1757444515005 1.2027039123393877 153
1757444515078 1.2374696397518257 154
1757444515150 3.5127041468743823 155
1757444515221 1.023638139584944 156
1757444515295 2.846650980617098 157
1757444515367 3.1530789474592176 158
1757444515438 2.231670212037283 159
1757444515512 3.6279993010288827 160
1757444515584 1.3193176510052835 161
1757444515657 1.623279649568692 162
1757444515722 3.000323841380326 163
1757444515793 1.408974333199475 164
1757444515864 3.633086421281476 165
1757444515934 1.2231411567829265 166
1757444516010 1.6714972620258408 167
1757444516084 3.0942985836875754 168
1757444516160 2.3692681556274486 169
1757444516233 0.9635876440043444 170
1757444516308 2.1323482799056 171
1757444516381 1.9160264976631698 172
1757444516454 2.5133943975183475 173
1757444516526 2.3805975867265903 174
1757444516602 3.6378210267009186 175
1757444516676 1.6160775044690467 176
1757444516746 1.0124025155763414 177
1757444516819 1.4229097252216467 178
1757444516892 1.2761791944129792 179
1757444516967 1.2654305407517414 180
1757444517041 2.0563063851802896 181
1757444517113 2.9016406162076023 182
1757444517186 3.804995112454273 183
1757444517259 2.173918651138746 184
1757444517331 1.585663152852027 185
1757444517406 1.3490433502478552 186
1757444517481 1.0763950907591706 187
1757444517555 2.6052242292826646 188
1757444517633 4.768301789273748 189
1757444517708 1.3560131315993615 190
1757444517777 1.2523430752970748 191
1757444517846 0.8364923942431399 192
1757444517914 1.8087163865332165 193
1757444517984 1.7818946464153218 194
1757444518053 1.5175908812829397 195
1757444518122 1.2380035044416793 196
1757444518183 2.0285487775754207 197
1757444518246 1.7966569370699677 198
1757444518309 1.0472256880968285 199
1757444518372 2.620053360440581 200
1757444518437 1.678443380757772 201
1757444518507 1.8550167764245737 202
1757444518575 1.3848019158461609 203
1757444518647 2.2865394659700606 204
1757444518735 1.6470743520499307 205
1757444518812 1.377724740860378 206
1757444518883 1.854673322446158 207
1757444518958 1.5852414951288392 208
1757444519034 1.847018633127188 209
1757444519109 2.214439025161708 210
1757444519186 1.9384952146159578 211
1757444519258 2.0832423431847857 212
1757444519327 1.5714613070968915 213
1757444519402 2.5944639743761866 214
1757444519476 2.3806718552723782 215
1757444519552 2.286445517164353 216
1757444519612 1.3895210034270402 217
1757444519673 1.6528708943959374 218
1757444519736 3.421539113953631 219
1757444519801 2.0253347126454586 220
1757444519865 4.375389758649335 221
1757444519934 5.928026889327185 222
1757444520004 1.1676803769545134 223
1757444520079 1.5215635177333582 224
1757444520151 2.0569117109848 225
1757444520228 1.546984534666517 226
1757444520301 1.685149552577628 227
1757444520376 2.6685181546116574 228
1757444520451 2.6132318105394465 229
1757444520527 1.4723688577331238 230
1757444520601 2.121309384582337 231
1757444520679 1.4012385488774914 232
1757444520755 2.6269484379474894 233
1757444520831 2.02383298671697 234
1757444520907 1.7750015802015016 235
1757444520982 4.052529571212819 236
1757444521057 1.0607815060103345 237
1757444521131 2.484362396512004 238
1757444521206 1.9903256847651487 239
1757444521283 1.647472756973501 240
1757444521372 1.9991516603178088 241
1757444521445 1.0718675465532603 242
1757444521514 1.8069820640815404 243
1757444521583 2.039855025246065 244
1757444521650 1.2309670301487838 245
1757444521725 1.8878396642544217 246
1757444521784 1.8484200492380136 247
1757444521855 1.1470096667891934 248
1757444521924 1.4554099465602992 249
1757444521993 1.2488049438970215 250
1757444522064 3.47600693376047 251
1757444522137 0.9201389835183352 252
1757444522210 1.7651026808811299 253
1757444522284 0.603258736009627 254
1757444522353 2.2987604915495687 255
1757444522418 1.3028835566697063 256
1757444522485 1.5978077583920778 257
1757444522558 2.5337191835714927 258
1757444522628 1.5958714129149287 259
1757444522698 1.7499854755734439 260
1757444522769 1.2775835596282372 261
1757444522842 2.2682651117510857 262
1757444522916 3.578302877284675 263
1757444522990 2.3141899345554204 264
1757444523069 2.9654131344907104 265
1757444523146 1.9367333893101797 266
1757444523223 1.4170640740316351 267
1757444523298 1.313268975378763 268
1757444523374 1.1672163457804623 269
1757444523450 1.8703175986394784 270
1757444523525 1.814343553524952 271
1757444523602 1.6428858167729643 272
1757444523689 2.617605152000925 273
1757444523779 1.2429883485323638 274
1757444523872 1.4896978254995132 275
1757444523959 2.071470704140503 276
1757444524043 0.8547242513577882 277
1757444524119 0.8240951868737963 278
1757444524194 4.662860698561389 279
1757444524265 1.4352375337946748 280
1757444524341 2.565437479450773 281
1757444524414 2.2035525742904425 282
1757444524480 1.2172390516255815 283
1757444524548 0.9863785733524869 284
1757444524612 1.5551215603170765 285
1757444524684 3.5562472338009963 286
1757444524757 2.1098491959080907 287
1757444524825 2.1676522674239163 288
1757444524895 3.416256723389706 289
1757444524964 2.973955987527662 290
1757444525033 2.461778105848446 291
1757444525101 1.786906205515765 292
1757444525170 1.475592432418641 293
1757444525244 3.6276120742283924 294
1757444525319 4.0690235759611895 295
1757444525396 2.134116830787343 296
1757444525477 3.3363074153515666 297
1757444525555 3.052275112755269 298
1757444525631 2.0006144073769825 299
1757444525707 2.033122009947083 300
1757444525785 3.964997473750064 301
1757444525849 1.5329165380435585 302
1757444525914 1.8311228721149664 303
1757444525980 1.887118717419264 304
1757444526046 1.1714899390240512 305
1757444526113 1.0788850244017036 306
1757444526181 1.242774722194122 307
1757444526254 1.1059772185896346 308
1757444526327 3.0369835913079832 309
1757444526407 1.2623472027665479 310
1757444526486 2.8561870342536717 311
