1757656871035 159.71612900988438 0
1757656871122 159.67349658794058 1
1757656871210 159.6316748189508 2
1757656871296 159.58986401764983 3
1757656871385 159.54806428729876 4
1757656871471 159.50627562494844 5
1757656871556 159.46449802766443 6
1757656871640 159.4227314925132 7
1757656871726 159.38097601656196 8
1757656871814 159.33923159687865 9
1757656871897 159.297498230532 10
1757656871979 159.25577591459162 11
1757656872063 159.21406464612775 12
1757656872154 159.1723644222115 13
1757656872242 159.1306752399147 14
1757656872326 159.08899709631007 15
1757656872407 159.04732998847098 16
1757656872489 159.00567391347158 17
1757656872571 158.96402886838692 18
1757656872655 158.92239485029268 19
1757656872738 158.88077185626537 20
1757656872823 158.83915988338234 21
1757656872910 158.79755892872163 22
1757656872998 158.7559689893621 23
1757656873086 158.71439006238336 24
1757656873177 158.6728221448658 25
1757656873268 158.63126523389062 26
1757656873368 158.58971932653972 27
1757656873454 158.54818441989582 28
1757656873546 158.50666051104244 29
1757656873629 158.46514759706383 30
1757656873713 158.42364567504507 31
1757656873796 158.38215474207195 32
1757656873881 158.34067479523102 33
1757656873964 158.29920583160967 34
1757656874050 158.257747848296 35
1757656874137 158.21630084237893 36
1757656874226 158.1748648109482 37
1757656874315 158.1334397510942 38
1757656874401 158.0920256599081 39
1757656874486 158.05062253448193 40
1757656874571 158.00923037190853 41
1757656874653 157.96784916928135 42
1757656874736 157.9264789236947 43
1757656874819 157.88511963224366 44
1757656874902 157.84377129202412 45
1757656874993 157.80243390013266 46
1757656875080 157.76110745366663 47
1757656875162 157.71979194972425 48
1757656875249 157.67848738540442 49
1757656875336 157.63719375780684 50
1757656875424 157.59591106403198 51
1757656875508 157.55463930118106 52
1757656875599 157.5133784663561 53
1757656875684 157.47212855665987 54
1757656875771 157.43088956919595 55
1757656875859 157.38966150106856 56
1757656875943 157.34844434938282 57
1757656876031 157.3072381112446 58
1757656876116 157.26604278376047 59
1757656876202 157.22485836403789 60
1757656876289 157.18368484918489 61
1757656876378 157.1425222363105 62
1757656876464 157.10137052252432 63
1757656876549 157.06022970493683 64
1757656876635 157.01909978065927 65
1757656876712 156.97798074680358 66
1757656876795 156.93687260048256 67
1757656876879 156.89577533880964 68
1757656876966 156.8546889588992 69
1757656877052 156.81361345786618 70
1757656877139 156.7725488328265 71
1757656877220 156.73149508089662 72
1757656877308 156.69045219919397 73
1757656877393 156.64942018483663 74
1757656877482 156.60839903494352 75
1757656877568 156.56738874663415 76
1757656877650 156.52638931702904 77
1757656877734 156.48540074324924 78
1757656877818 156.44442302241674 79
1757656877906 156.40345615165427 80
1757656877991 156.36250012808526 81
1757656878080 156.32155494883384 82
1757656878170 156.28062061102509 83
1757656878258 156.23969711178466 84
1757656878358 156.19878444823914 85
1757656878448 156.1578826175158 86
1757656878535 156.11699161674258 87
1757656878621 156.07611144304835 88
1757656878706 156.03524209356263 89
1757656878788 155.9947384320074 90
1757656878871 155.9540679897234 91
1757656878949 155.9134083158909 92
1757656879033 155.87275938387475 93
1757656879117 155.8321211908334 94
1757656879206 155.79149373392286 95
1757656879292 155.75087701029997 96
1757656879381 155.7102710171223 97
1757656879469 155.66967575154808 98
1757656879557 155.62909121073645 99
1757656879651 155.58851739184718 100
1757656879742 155.54795429204086 101
1757656879830 155.5074019084788 102
1757656879920 155.4668602383231 103
1757656880012 155.4263292787365 104
1757656880100 155.38580902688273 105
1757656880192 155.34529947992596 106
1757656880282 155.30480063503137 107
1757656880371 155.26431248936476 108
1757656880458 155.2238350400927 109
1757656880546 155.1833682843826 110
1757656880639 155.1429122194025 111
1757656880730 155.1024668423212 112
1757656880814 155.06203215030834 113
1757656880903 155.02160814053425 114
1757656880991 154.98119481017 115
1757656881079 154.94079215638743 116
1757656881168 154.90040017635914 117
1757656881256 154.86001886725847 118
1757656881349 154.81964822625955 119
1757656881440 154.77928825053712 120
1757656881528 154.73893893726685 121
1757656881615 154.69860028362507 122
1757656881706 154.6582722867888 123
1757656881799 154.61795494393593 124
1757656881889 154.57764825224498 125
1757656881981 154.53735220889538 126
1757656882070 154.49706681106716 127
1757656882161 154.4567920559411 128
1757656882252 154.4165279406988 129
1757656882343 154.37627446252264 130
1757656882435 154.3360316185956 131
1757656882523 154.2957994061015 132
1757656882610 154.25557782222495 133
1757656882701 154.2153668641512 134
1757656882783 154.17516652906636 135
1757656882868 154.13497681415717 136
1757656882952 154.09479771661123 137
1757656883043 154.05462923361677 138
1757656883134 154.01447136236285 139
1757656883222 153.9743241000393 140
1757656883314 153.93418744383658 141
1757656883410 153.894061390946 142
1757656883498 153.85394593855958 143
1757656883586 153.81384108387002 144
1757656883673 153.77374682407083 145
1757656883760 153.73366315635633 146
1757656883850 153.69359007792147 147
1757656883938 153.653527585962 148
1757656884027 153.61347567767436 149
1757656884113 153.5734343502558 150
1757656884202 153.53340360090428 151
1757656884297 153.4933834268185 152
1757656884387 153.45337382519796 153
1757656884476 153.41337479324278 154
1757656884567 153.37338632815394 155
1757656884655 153.33340842713312 156
1757656884741 153.29344108738272 157
1757656884823 153.25348430610592 158
1757656884906 153.2135380805066 159
1757656884993 153.1736024077894 160
1757656885081 153.13367728515973 161
1757656885173 153.0937627098237 162
1757656885267 153.0538586789882 163
1757656885359 153.01396518986084 164
1757656885448 152.97408223964993 165
1757656885540 152.93420982556458 166
1757656885629 152.8943479448146 167
1757656885717 152.85449659461057 168
1757656885803 152.81465577216383 169
1757656885897 152.77482547468637 170
1757656885987 152.735005699391 171
1757656886075 152.69519644349126 172
1757656886163 152.6553977042014 173
1757656886252 152.61560947873642 174
1757656886340 152.57583176431203 175
1757656886429 152.53606455814477 176
1757656886516 152.49630785745182 177
1757656886604 152.45656165945115 178
1757656886695 152.41682596136144 179
1757656886785 152.37710076040216 180
1757656886869 152.33738605379335 181
1757656886960 152.2976818387561 182
1757656887046 152.2579881125119 183
1757656887135 152.21830487228317 184
1757656887227 152.17863211529303 185
1757656887318 152.1389698387654 186
1757656887405 152.09931803992473 187
1757656887500 152.0596767159964 188
1757656887627 152.0200458642065 189
1757656887720 151.98042548178182 190
1757656887815 151.94081556594983 191
1757656887910 151.90121611393886 192
1757656888003 151.86162712297784 193
1757656888096 151.8220485902966 194
1757656888187 151.7824805131255 195
1757656888276 151.74292288869583 196
1757656888369 151.7033757142394 197
1757656888474 151.663838986989 198
1757656888566 151.624312704178 199
1757656888659 151.58479686304054 200
1757656888752 151.54529146081146 201
1757656888843 151.50579649472638 202
1757656888931 151.46631196202165 203
1757656889019 151.42683785993432 204
1757656889108 151.38737418570219 205
1757656889199 151.34792093656378 206
1757656889294 151.3084781097584 207
1757656889385 151.26904570252606 208
1757656889476 151.22962371210738 209
1757656889572 151.1902121357439 210
1757656889673 151.1508109706778 211
1757656889765 151.11142021415202 212
1757656889856 151.0720398634102 213
1757656889941 151.03266991569672 214
1757656890040 150.9933103682567 215
1757656890129 150.95396121833596 216
1757656890222 150.9146224631811 217
1757656890316 150.87529410003947 218
1757656890409 150.83597612615904 219
1757656890502 150.79666853878854 220
1757656890597 150.7573713351776 221
1757656890690 150.7180845125763 222
1757656890780 150.6788080682357 223
1757656890869 150.6395419994074 224
1757656890958 150.6002863033439 225
1757656891047 150.56104097729823 226
1757656891140 150.5218060185243 227
1757656891238 150.4825814242768 228
1757656891330 150.4433671918109 229
1757656891424 150.40416331838273 230
1757656891518 150.36496980124912 231
1757656891613 150.32578663766745 232
1757656891705 150.28661382489605 233
1757656891800 150.24745136019382 234
1757656891894 150.2082992408205 235
1757656891987 150.16915746403646 236
1757656892082 150.1300260271029 237
1757656892174 150.09090492728157 238
1757656892269 150.05179416183515 239
1757656892361 150.012693728027 240
1757656892452 149.97360362312102 241
1757656892543 149.93452384438208 242
1757656892640 149.8954543890757 243
1757656892736 149.85639525446797 244
1757656892834 149.81734643782596 245
1757656892920 149.77830793641726 246
1757656893008 149.73927974751032 247
1757656893104 149.7002618683742 248
1757656893198 149.6612542962788 249
1757656893291 149.6222570284946 250
1757656893388 149.58327006229297 251
1757656893488 149.5442933949459 252
1757656893583 149.5053270237261 253
1757656893677 149.46637094590702 254
1757656893772 149.42742515876287 255
1757656893862 149.38848965956853 256
1757656893956 149.3495644455996 257
1757656894047 149.3106495141325 258
1757656894143 149.27174486244428 259
1757656894238 149.23285048781273 260
1757656894330 149.1939663875163 261
1757656894420 149.15509255883427 262
1757656894516 149.11622899904663 263
1757656894609 149.077375705434 264
1757656894697 149.0385326752778 265
1757656894792 148.99969990586015 266
1757656894887 148.96087739446392 267
1757656894969 148.92206513837263 268
1757656895057 148.88326313487053 269
1757656895151 148.8444713812427 270
1757656895242 148.80568987477483 271
1757656895332 148.7669186127533 272
1757656895423 148.72815759246532 273
1757656895516 148.68940681119884 274
1757656895609 148.6506662662423 275
1757656895698 148.61193595488513 276
1757656895792 148.57321587441731 277
1757656895884 148.53450602212968 278
1757656895981 148.4958063953136 279
1757656896073 148.45711699126127 280
1757656896169 148.4184378072657 281
1757656896263 148.37976884062041 282
1757656896356 148.34111008861979 283
1757656896454 148.30246154855888 284
1757656896546 148.2638232177335 285
1757656896641 148.22519509344005 286
1757656896733 148.18657717297586 287
1757656896826 148.14796945363878 288
1757656896918 148.10937193272747 289
1757656897006 148.0707846075413 290
1757656897092 148.03220747538035 291
1757656897182 147.99364053354535 292
1757656897278 147.9550837793379 293
1757656897372 147.9165372100602 294
1757656897465 147.87800082301513 295
1757656897559 147.83947461550636 296
1757656897653 147.80095858483833 297
1757656897751 147.76245272831602 298
1757656897844 147.72395704324532 299
1757656897939 147.68547152693264 300
1757656898032 147.64699617668532 301
1757656898127 147.60853098981121 302
1757656898220 147.57007596361905 303
1757656898314 147.53163109541808 304
1757656898407 147.49319638251848 305
1757656898514 147.454771822231 306
1757656898609 147.41635741186718 307
1757656898704 147.3779531487392 308
1757656898803 147.33955903016005 309
1757656898898 147.30117505344333 310
1757656898986 147.26280121590335 311
1757656899076 147.22443751485525 312
1757656899173 147.1860839476148 313
1757656899271 147.14774051149845 314
1757656899366 147.10940720382345 315
1757656899463 147.0710840219077 316
1757656899557 147.0327709630698 317
1757656899659 146.99446802462913 318
1757656899755 146.9561752039057 319
1757656899852 146.91789249822025 320
1757656899947 146.8796199048943 321
1757656900039 146.84135742125002 322
1757656900135 146.80310504461028 323
1757656900232 146.76486277229864 324
1757656900330 146.7266306016395 325
1757656900429 146.6884085299578 326
1757656900528 146.65019655457928 327
1757656900624 146.6119946728304 328
1757656900722 146.57380288203825 329
1757656900817 146.53562117953072 330
1757656900914 146.49744956263643 331
1757656901008 146.45928802868454 332
1757656901101 146.42113657500505 333
1757656901200 146.3829951989287 334
1757656901301 146.34486389778687 335
1757656901398 146.3067426689116 336
1757656901496 146.26863150963572 337
1757656901595 146.2305304172928 338
1757656901691 146.192439389217 339
1757656901786 146.15435842274326 340
1757656901882 146.11628751520723 341
1757656901986 146.07822666394526 342
1757656902087 146.04017586629436 343
1757656902186 146.00213511959234 344
1757656902288 145.96410442117755 345
1757656902384 145.9260837683893 346
1757656902485 145.88807315856738 347
1757656902584 145.8500725890523 348
1757656902683 145.81208205718548 349
1757656902780 145.77410156030882 350
1757656902878 145.736131095765 351
1757656902978 145.69817066089746 352
1757656903072 145.6602202530503 353
1757656903169 145.62227986956827 354
1757656903270 145.5843495077969 355
1757656903371 145.5464291650824 356
1757656903478 145.50851883877172 357
1757656903578 145.47061852621246 358
1757656903674 145.4327282247529 359
1757656903770 145.3948479317421 360
1757656903867 145.35697764452976 361
1757656903961 145.31911736046635 362
1757656904056 145.281267076903 363
1757656904152 145.2434267911915 364
1757656904248 145.20559650068438 365
1757656904350 145.16777620273496 366
1757656904448 145.12996589469708 367
1757656904543 145.09216557392543 368
1757656904647 145.05437523777536 369
1757656904744 145.01659488360292 370
1757656904840 144.97882450876477 371
1757656904935 144.94106411061844 372
1757656905035 144.90331368652207 373
1757656905122 144.8655732338345 374
1757656905221 144.82784274991528 375
1757656905318 144.7901222321246 376
1757656905414 144.7524116778235 377
1757656905507 144.7147110843735 378
1757656905606 144.67702044913705 379
1757656905703 144.6393397694772 380
1757656905799 144.6016690427576 381
1757656905898 144.5640082663428 382
1757656905997 144.52635743759788 383
1757656906093 144.48871655388868 384
1757656906189 144.45108561258175 385
1757656906285 144.41346461104433 386
1757656906384 144.37585354664432 387
1757656906481 144.33825241675044 388
1757656906578 144.30066121873193 389
1757656906677 144.26307994995884 390
1757656906773 144.22550860780188 391
1757656906868 144.18794718963255 392
1757656906966 144.15039569282288 393
1757656907066 144.1128541147457 394
1757656907155 144.07532245277457 395
1757656907250 144.03780070428365 396
1757656907349 144.00028886664785 397
1757656907447 143.96278693724278 398
1757656907545 143.92529491344476 399
1757656907645 143.88781279263074 400
1757656907758 143.85034057217842 401
1757656907857 143.8128782494662 402
1757656907954 143.7754258218731 403
1757656908048 143.737983286779 404
1757656908145 143.7005506415643 405
1757656908243 143.6631278836101 406
1757656908337 143.62571501029834 407
1757656908435 143.58831201901154 408
1757656908539 143.55091890713297 409
1757656908638 143.51353567204652 410
1757656908739 143.47616231113685 411
1757656908837 143.43879882178928 412
1757656908938 143.40144520138983 413
1757656909037 143.3641014473252 414
1757656909130 143.3267675569828 415
1757656909222 143.28944352775076 416
1757656909318 143.2521293570178 417
1757656909416 143.21482504217346 418
1757656909518 143.17753058060782 419
1757656909618 143.14024596971186 420
1757656909723 143.10297120687707 421
1757656909823 143.06570628949575 422
1757656909924 143.0284512149608 423
1757656910024 142.99120598066582 424
1757656910122 142.95397058400513 425
1757656910220 142.91674502237382 426
1757656910321 142.87952929316756 427
1757656910421 142.84232339378272 428
1757656910521 142.80512732161637 429
1757656910621 142.76794107406633 430
1757656910725 142.73076464853102 431
1757656910826 142.69359804240966 432
1757656910930 142.656441253102 433
1757656911030 142.6192942780086 434
1757656911128 142.58215711453073 435
1757656911217 142.54502976007026 436
1757656911313 142.5079122120298 437
1757656911408 142.47080446781266 438
1757656911508 142.43370652482272 439
1757656911607 142.39661838046476 440
1757656911707 142.35954003214408 441
1757656911805 142.32247147726673 442
1757656911907 142.2854127132394 443
1757656912008 142.24836373746956 444
1757656912105 142.21132454736528 445
1757656912209 142.17429514033535 446
1757656912330 142.1372755137893 447
1757656912428 142.1002656651372 448
1757656912529 142.06326559178996 449
1757656912629 142.0262752911591 450
1757656912732 141.98929476065683 451
1757656912830 141.9523239976961 452
1757656912931 141.91536299969047 453
1757656913031 141.87841176405425 454
1757656913137 141.84147028820237 455
1757656913224 141.8045385695505 456
1757656913325 141.76761660551495 457
1757656913426 141.73070439351278 458
1757656913537 141.69380193096165 459
1757656913638 141.65690921528005 460
1757656913735 141.6200262438869 461
1757656913836 141.5831530142021 462
1757656913938 141.546289523646 463
1757656914035 141.50943576963982 464
1757656914135 141.47259174960527 465
1757656914234 141.43575746096488 466
1757656914332 141.39893290114182 467
1757656914436 141.36211806756 468
1757656914536 141.32531295764394 469
1757656914632 141.28851756881886 470
1757656914731 141.25173189851063 471
1757656914832 141.2149559441459 472
1757656914929 141.17818970315187 473
1757656915027 141.1414331729566 474
1757656915124 141.10468635098866 475
1757656915215 141.0679492346774 476
1757656915307 141.0312218214528 477
1757656915408 140.99450410874553 478
1757656915507 140.95779609398696 479
1757656915608 140.92109777460914 480
1757656915705 140.88440914804482 481
1757656915805 140.8477302117274 482
1757656915907 140.81106096309094 483
1757656916005 140.7744013995702 484
1757656916102 140.73775151860065 485
1757656916200 140.7011113176184 486
1757656916301 140.66448079406027 487
1757656916398 140.62785994536375 488
1757656916494 140.591248768967 489
1757656916595 140.55464726230886 490
1757656916693 140.51805542282887 491
1757656916792 140.4814732479672 492
1757656916894 140.44490073516474 493
1757656916990 140.40833788186305 494
1757656917088 140.37178468550437 495
1757656917187 140.33524114353165 496
1757656917285 140.29870725338844 497
1757656917384 140.26218301251902 498
1757656917482 140.22566841836831 499
