1757452635750 169.38634097125345 0
1757452635824 169.12978799096558 1
1757452635903 168.87362631194586 2
1757452635976 168.6178553373684 3
1757452636049 168.36247447131754 4
1757452636119 168.10748311878658 5
1757452636186 167.85288068567635 6
1757452636250 167.59866657879388 7
1757452636313 167.34484020585074 8
1757452636382 167.09140097546222 9
1757452636453 166.8383482971453 10
1757452636528 166.58568158131777 11
1757452636601 166.33340023929657 12
1757452636678 166.08150368329652 13
1757452636753 165.82999132642902 14
1757452636827 165.57886258270065 15
1757452636900 165.3281168670116 16
1757452636987 165.07775359515463 17
1757452637063 164.82777218381344 18
1757452637128 164.57817205056156 19
1757452637209 164.32895261386065 20
1757452637287 164.08011329305955 21
1757452637364 163.83165350839272 22
1757452637438 163.58357268097873 23
1757452637514 163.33587023281916 24
1757452637593 163.08854558679732 25
1757452637667 162.84159816667648 26
1757452637739 162.5950273970991 27
1757452637813 162.34883270358495 28
1757452637885 162.10301351253017 29
1757452637963 161.8575692512057 30
1757452638038 161.61249934775608 31
1757452638111 161.36780323119802 32
1757452638189 161.12348033141916 33
1757452638257 160.87953007917665 34
1757452638323 160.63595190609587 35
1757452638391 160.3927452446691 36
1757452638473 160.14990952825428 37
1757452638543 159.90744419107355 38
1757452638615 159.66534866821192 39
1757452638691 159.42362239561618 40
1757452638767 159.18226481009327 41
1757452638840 158.94127534930934 42
1757452638916 158.700653451788 43
1757452638994 158.46039855690944 44
1757452639073 158.22051010490873 45
1757452639148 157.98098753687492 46
1757452639221 157.74183029474938 47
1757452639293 157.50303782132468 48
1757452639370 157.26460956024334 49
1757452639449 157.02654495599637 50
1757452639525 156.78884345392206 51
1757452639671 156.55150450020471 52
1757452639752 156.31452754187342 53
1757452639825 156.07791202680048 54
1757452639904 155.84165740370048 55
1757452639986 155.60576312212885 56
1757452640061 155.37022863248043 57
1757452640136 155.1350533859885 58
1757452640216 154.90023683472322 59
1757452640276 154.66577843159055 60
1757452640339 154.43167763033085 61
1757452640409 154.1979338855177 62
1757452640481 153.96454665255652 63
1757452640556 153.7315153876834 64
1757452640631 153.49883954796377 65
1757452640708 153.26651859129123 66
1757452640785 153.0345519763862 67
1757452640858 152.80293916279456 68
1757452640935 152.57167961088666 69
1757452641017 152.34077278185586 70
1757452641096 152.1102181377173 71
1757452641171 151.88001514130667 72
1757452641248 151.650163256279 73
1757452641322 151.4206619471074 74
1757452641399 151.19151067908166 75
1757452641476 150.96270891830721 76
1757452641551 150.7342561317039 77
1757452641629 150.5061517870044 78
1757452641703 150.27839535275342 79
1757452641780 150.05098629830627 80
1757452641858 149.8239240938274 81
1757452641935 149.5972082102896 82
1757452642016 149.37083811947247 83
1757452642097 149.14481329396133 84
1757452642176 148.9191332071458 85
1757452642250 148.69379733321878 86
1757452642324 148.46880514717523 87
1757452642395 148.24415612481073 88
1757452642461 148.01984974272045 89
1757452642527 147.7958854782979 90
1757452642604 147.57226280973362 91
1757452642681 147.34898121601412 92
1757452642755 147.12604017692053 93
1757452642831 146.9034391730274 94
1757452642909 146.6811776857016 95
1757452642992 146.459255197101 96
1757452643076 146.23767119017324 97
1757452643152 146.0164251486547 98
1757452643231 145.79551655706913 99
1757452643310 145.57494490072645 100
1757452643384 145.3547096657217 101
1757452643462 145.1348103389337 102
1757452643540 144.91524640802388 103
1757452643620 144.69601736143514 104
1757452643695 144.47712268839055 105
1757452643771 144.25856187889232 106
1757452643850 144.04033442372057 107
1757452643928 143.82243981443193 108
1757452644006 143.60487754335867 109
1757452644084 143.3876471036073 110
1757452644158 143.17074798905753 111
1757452644237 142.9541796943609 112
1757452644305 142.7379417149399 113
1757452644374 142.52203354698645 114
1757452644442 142.30645468746098 115
1757452644513 142.09120463409113 116
1757452644589 141.87628288537076 117
1757452644663 141.66168894055838 118
1757452644738 141.4474222996765 119
1757452644816 141.23348246351014 120
1757452644890 141.01986893360564 121
1757452644965 140.8065812122697 122
1757452645043 140.59361880256813 123
1757452645122 140.38098120832458 124
1757452645202 140.16866793411958 125
1757452645280 139.95667848528927 126
1757452645354 139.74501236792423 127
1757452645430 139.53366908886844 128
1757452645506 139.32264815571793 129
1757452645582 139.11194907681994 130
1757452645659 138.90157136127146 131
1757452645736 138.6915145189182 132
1757452645823 138.4817780603536 133
1757452645899 138.27236149691748 134
1757452645973 138.06326434069499 135
1757452646053 137.8544861045155 136
1757452646113 137.6460263019513 137
1757452646177 137.43788444731675 138
1757452646247 137.23006005566697 139
1757452646311 137.02255264279665 140
1757452646380 136.815361725239 141
1757452646449 136.60848682026483 142
1757452646526 136.40192744588097 143
1757452646599 136.19568312082956 144
1757452646676 135.98975336458668 145
1757452646756 135.7841376973614 146
1757452646832 135.5788356400945 147
1757452646910 135.37384671445756 148
1757452646987 135.16917044285162 149
1757452647066 134.96480634840617 150
1757452647144 134.7607539549781 151
1757452647223 134.55701278715046 152
1757452647301 134.3535823702315 153
1757452647382 134.15046223025342 154
1757452647457 133.94765189397134 155
1757452647537 133.74515088886224 156
1757452647610 133.54295874312376 157
1757452647684 133.34107498567317 158
1757452647757 133.13949914614622 159
1757452647835 132.93823075489613 160
1757452647917 132.73726934299236 161
1757452647993 132.5366144422197 162
1757452648069 132.33626558507706 163
1757452648147 132.13622230477625 164
1757452648229 131.93648413524124 165
1757452648309 131.73705061110678 166
1757452648378 131.5379212677174 167
1757452648450 131.3390956411264 168
1757452648528 131.14057326809464 169
1757452648604 130.94235368608952 170
1757452648686 130.74443643328402 171
1757452648762 130.5468210485554 172
1757452648837 130.34950707148425 173
1757452648917 130.1524940423535 174
1757452648999 129.95578150214715 175
1757452649074 129.75936899254935 176
1757452649155 129.56325605594333 177
1757452649235 129.3674422354102 178
1757452649314 129.17192707472805 179
1757452649390 128.97671011837082 180
1757452649464 128.7817909115072 181
1757452649541 128.5871689999996 182
1757452649619 128.39284393040302 183
1757452649695 128.1988152499643 184
1757452649770 128.00508250662068 185
1757452649847 127.8116452489988 186
1757452649926 127.61850302641398 187
1757452650005 127.42565538886876 188
1757452650085 127.23310188705211 189
1757452650159 127.04084207233831 190
1757452650238 126.84887549678584 191
1757452650318 126.65720171313647 192
1757452650386 126.46582027481409 193
1757452650458 126.27473073592373 194
1757452650532 126.08393265125054 195
1757452650604 125.8934255762587 196
1757452650682 125.70320906709043 197
1757452650762 125.51328268056493 198
1757452650842 125.32364597417735 199
1757452650921 125.13429850609776 200
1757452650996 124.94523983517017 201
1757452651076 124.75646952091135 202
1757452651152 124.56798712351004 203
1757452651227 124.37979220382567 204
1757452651309 124.19188432338758 205
1757452651389 124.00426304439378 206
1757452651466 123.81692792971009 207
1757452651544 123.62987854286908 208
1757452651624 123.44311444806898 209
1757452651701 123.25663521017272 210
1757452651781 123.07044039470695 211
1757452651860 122.88452956786094 212
1757452651932 122.69890229648576 213
1757452652010 122.51355814809293 214
1757452652087 122.3284966908538 215
1757452652163 122.14371749359825 216
1757452652240 121.9592201258138 217
1757452652319 121.77500415764467 218
1757452652393 121.59106915989068 219
1757452652464 121.40741470400623 220
1757452652535 121.22404036209942 221
1757452652609 121.04094570693096 222
1757452652682 120.85813031191314 223
1757452652761 120.67559375110905 224
1757452652839 120.49333559923124 225
1757452652915 120.31135543164112 226
1757452652994 120.12965282434757 227
1757452653070 119.94822735400635 228
1757452653146 119.76707859791877 229
1757452653226 119.58620613403092 230
1757452653301 119.40560954093262 231
1757452653380 119.22528839785645 232
1757452653459 119.04524228467672 233
1757452653539 118.86547078190854 234
1757452653618 118.68597347070686 235
1757452653693 118.50674993286547 236
1757452653771 118.32779975081594 237
1757452653852 118.14912250762686 238
1757452653929 117.97071778700261 239
1757452654011 117.79258517328263 240
1757452654092 117.61472425144025 241
1757452654172 117.43713460708189 242
1757452654254 117.25981582644594 243
1757452654335 117.08276749640189 244
1757452654410 116.90598920444944 245
1757452654479 116.72948053871731 246
1757452654551 116.55324108796255 247
1757452654623 116.37727044156934 248
1757452654696 116.2015681895482 249
1757452654770 116.02613392253505 250
1757452654847 115.85096723179002 251
1757452654930 115.67606770919684 252
1757452655007 115.50143494726154 253
1757452655087 115.3270685391118 254
1757452655169 115.15296807849587 255
1757452655250 114.97913315978158 256
1757452655331 114.80556337795547 257
1757452655411 114.63225832862175 258
1757452655490 114.45921760800157 259
1757452655570 114.28644081293179 260
1757452655647 114.11392754086431 261
1757452655726 113.94167738986489 262
1757452655803 113.76968995861249 263
1757452655883 113.597964846398 264
1757452655962 113.42650165312362 265
1757452656043 113.25529997930177 266
1757452656122 113.08435942605406 267
1757452656199 112.91367959511066 268
1757452656277 112.7432600888091 269
1757452656356 112.57310051009344 270
1757452656435 112.40320046251335 271
1757452656507 112.23355955022322 272
1757452656584 112.06417737798112 273
1757452656662 111.89505355114801 274
1757452656725 111.72618767568675 275
1757452656797 111.55757935816123 276
1757452656868 111.38922820573536 277
1757452656945 111.22113382617232 278
1757452657021 111.05329582783338 279
1757452657094 110.88571381967732 280
1757452657172 110.71838741125924 281
1757452657249 110.5513162127298 282
1757452657328 110.38449983483429 283
1757452657406 110.21793788891162 284
1757452657483 110.05162998689364 285
1757452657564 109.88557574130398 286
1757452657640 109.71977476525728 287
1757452657721 109.5542266724583 288
1757452657802 109.388931077201 289
1757452657882 109.22388759436757 290
1757452657965 109.05909583942767 291
1757452658047 108.8945554284374 292
1757452658127 108.73026597803849 293
1757452658204 108.56622710545741 294
1757452658285 108.40243842850438 295
1757452658362 108.2388995655726 296
1757452658437 108.07561013563729 297
1757452658511 107.91256975825483 298
1757452658585 107.7497780535619 299
1757452658656 107.58723464227447 300
1757452658729 107.42493914568708 301
1757452658800 107.26289118567186 302
1757452658874 107.1010903846777 303
1757452658953 106.93953636572931 304
1757452659029 106.77822875242637 305
1757452659105 106.61716716894271 306
1757452659179 106.45635124002533 307
1757452659258 106.29578059099359 308
1757452659337 106.13545484773834 309
1757452659417 105.97537363672105 310
1757452659500 105.81553658497288 311
1757452659578 105.65594332009385 312
1757452659654 105.49659347025205 313
1757452659730 105.33748666418262 314
1757452659804 105.178622531187 315
1757452659882 105.02000070113206 316
1757452659962 104.86162080444916 317
1757452660045 104.70348247213336 318
1757452660121 104.54558533574252 319
1757452660194 104.38792902739651 320
1757452660273 104.23051317977627 321
1757452660354 104.07333742612296 322
1757452660429 103.91640140023718 323
1757452660510 103.75970473647806 324
1757452660640 103.60324706976239 325
1757452660702 103.44702803556382 326
1757452660763 103.291047269912 327
1757452660825 103.13530440939168 328
1757452660895 102.97979909114196 329
1757452660969 102.82453095285533 330
1757452661044 102.66949963277692 331
1757452661118 102.5147047697036 332
1757452661194 102.36014600298317 333
1757452661270 102.20582297251352 334
1757452661348 102.05173531874176 335
1757452661426 101.89788268266344 336
1757452661504 101.74426470582158 337
1757452661587 101.59088103030604 338
1757452661663 101.43773129875252 339
1757452661742 101.28481515434183 340
1757452661821 101.13213224079895 341
1757452661901 100.97968220239228 342
1757452661978 100.82746468393285 343
1757452662055 100.67547933077334 344
1757452662134 100.52372578880745 345
1757452662212 100.37220370446889 346
1757452662293 100.2209127247307 347
1757452662375 100.06985249710435 348
1757452662455 99.91902266963892 349
1757452662524 99.76842289092033 350
1757452662596 99.61805281007047 351
1757452662671 99.46791207674637 352
1757452662749 99.3180003411395 353
1757452662825 99.16831725397478 354
1757452662902 99.01886246650992 355
1757452662981 98.86963563053448 356
1757452663058 98.72063639836918 357
1757452663140 98.571864422865 358
1757452663219 98.42331935740245 359
1757452663293 98.27500085589065 360
1757452663371 98.12690857276661 361
1757452663451 97.97904216299443 362
1757452663535 97.83140128206446 363
1757452663615 97.68398558599253 364
1757452663699 97.53679473131905 365
1757452663778 97.38982837510834 366
1757452663856 97.24308617494779 367
1757452663933 97.09656778894703 368
1757452664017 96.95027287573716 369
1757452664095 96.80420109446992 370
1757452664176 96.65835210481696 371
1757452664253 96.51272556696898 372
1757452664326 96.36732114163503 373
1757452664403 96.22213849004154 374
1757452664479 96.07717727393178 375
1757452664552 95.93243715556486 376
1757452664628 95.78791779771505 377
1757452664705 95.64361886367095 378
1757452664779 95.49954001723475 379
1757452664854 95.35568092272142 380
1757452664930 95.21204124495789 381
1757452665005 95.06862064928234 382
1757452665083 94.92541880154337 383
1757452665158 94.78243536809927 384
1757452665235 94.63967001581719 385
1757452665317 94.49712241207239 386
1757452665398 94.35479222474743 387
1757452665474 94.21267912223146 388
1757452665553 94.07078277341942 389
1757452665634 93.92910284771126 390
1757452665727 93.78763901501115 391
1757452665802 93.64639094572675 392
1757452665884 93.5053583107684 393
1757452665963 93.36454078154844 394
1757452666041 93.2239380299803 395
1757452666124 93.0835497284779 396
1757452666202 92.94337554995475 397
1757452666276 92.80341516782326 398
1757452666351 92.66366825599394 399
1757452666427 92.52413448887475 400
1757452666506 92.38481354137012 401
1757452666577 92.24570508888044 402
1757452666652 92.10680880730114 403
1757452666730 91.96812437302198 404
1757452666806 91.82965146292631 405
1757452666884 91.69138975439034 406
1757452666963 91.55333892528229 407
1757452667040 91.41549865396178 408
1757452667119 91.27786861927895 409
1757452667210 91.14044850057378 410
1757452667289 91.00323797767538 411
1757452667368 90.86623673090112 412
1757452667443 90.72944444105602 413
1757452667513 90.59286078943191 414
1757452667594 90.45648545780678 415
1757452667669 90.32031812844386 416
1757452667745 90.18435848409115 417
1757452667823 90.04860620798048 418
1757452667900 89.91306098382677 419
1757452667982 89.77772249582742 420
1757452668062 89.64259042866146 421
1757452668138 89.50766446748888 422
1757452668217 89.37294429794989 423
1757452668297 89.2384296061641 424
1757452668376 89.10412007872995 425
1757452668455 88.97001540272386 426
1757452668534 88.8361152656995 427
1757452668612 88.70241935568714 428
1757452668687 88.56892736119283 429
1757452668763 88.43563897119776 430
1757452668841 88.30255387515746 431
1757452668922 88.16967176300118 432
1757452669009 88.03699232513102 433
1757452669086 87.90451525242133 434
1757452669164 87.77224023621797 435
1757452669241 87.6401669683375 436
1757452669319 87.5082951410666 437
1757452669397 87.37662444716126 438
1757452669476 87.24515457984609 439
1757452669557 87.11388523281359 440
1757452669636 86.98281610022347 441
1757452669715 86.85194687670192 442
1757452669793 86.72127725734087 443
1757452669871 86.59080693769734 444
1757452669953 86.46053561379269 445
1757452670037 86.3304629821119 446
1757452670117 86.20058873960285 447
1757452670198 86.07091258367574 448
1757452670279 85.94143421220222 449
1757452670360 85.81215332351478 450
1757452670438 85.683069616406 451
1757452670514 85.55418279012788 452
1757452670591 85.42549254439118 453
1757452670664 85.29699857936458 454
1757452670739 85.16870059567415 455
1757452670816 85.04059829440256 456
1757452670894 84.91269137708834 457
1757452670975 84.78497954572535 458
1757452671059 84.6574625027619 459
1757452671139 84.53013995110011 460
1757452671220 84.40301159409537 461
1757452671303 84.27607713555541 462
1757452671380 84.14933627973971 463
1757452671458 84.02278873135889 464
1757452671538 83.89643419557396 465
1757452671618 83.77027237799558 466
1757452671697 83.64430298468345 467
1757452671774 83.5185257221456 468
1757452671855 83.39294029733767 469
1757452671935 83.26754641766234 470
1757452672013 83.14234379096844 471
1757452672093 83.01733212555054 472
1757452672173 82.89251113014802 473
1757452672266 82.76788051394458 474
1757452672344 82.64343998656742 475
1757452672421 82.51918925808664 476
1757452672502 82.39512803901461 477
1757452672583 82.27125604030516 478
1757452672656 82.14757297335304 479
1757452672733 82.0240785499931 480
1757452672824 81.90077248249987 481
1757452672903 81.77765448358657 482
1757452672981 81.65472426640468 483
1757452673062 81.53198154454314 484
1757452673141 81.40942603202782 485
1757452673222 81.28705744332069 486
1757452673299 81.16487549331924 487
1757452673378 81.04287989735585 488
1757452673457 80.92107037119703 489
1757452673535 80.79944663104288 490
1757452673613 80.67800839352628 491
1757452673693 80.55675537571238 492
1757452673769 80.43568729509785 493
1757452673847 80.31480386961023 494
1757452673929 80.19410481760728 495
1757452674011 80.07358985787639 496
1757452674091 79.95325870963377 497
1757452674170 79.83311109252395 498
1757452674257 79.7131467266191 499
