1757430798434 7.225598105778396 0
1757430798551 40.306254958130665 1
1757430798656 52.53410832245533 2
1757430798761 20.167833217878364 3
1757430798867 17.487890283833188 4
1757430798975 1.6378257646276564 5
1757430799081 34.1862436663757 6
1757430799188 26.86087729424816 7
1757430799298 51.90577190018826 8
1757430799406 11.877163102877324 9
1757430799513 5.8403219149029235 10
1757430799617 72.62403414264243 11
1757430799722 74.9414726646043 12
1757430799829 17.99371813643583 13
1757430799936 15.322894139677045 14
1757430800049 7.11262505404412 15
1757430800166 2.2256938853570927 16
1757430800285 37.66973086140609 17
1757430800400 47.13926592081662 18
1757430800514 8.302706107909033 19
