1757434736281 169.17582318790855 0
1757434736350 166.75656722846963 1
1757434736414 165.51880913738725 2
1757434736469 164.2860291709637 3
1757434736525 163.06376298263103 4
1757434736579 161.85188974090048 5
1757434736630 160.65031660163174 6
1757434736686 159.45895144688618 7
1757434736742 158.27770300757538 8
1757434736799 157.1064808549009 9
1757434736849 155.9451953924976 10
1757434736908 154.79375784864848 11
1757434736964 153.6520802685729 12
1757434737017 152.52007550678735 13
1757434737073 151.39765721953844 14
1757434737115 150.28473985730704 15
1757434737156 149.18123865738337 16
1757434737203 148.08706963651173 17
1757434737255 147.00214958360496 18
1757434737303 145.92639605252728 19
1757434737356 144.8597273549452 20
1757434737408 143.80206255324603 21
1757434737460 142.75332145352303 22
1757434737507 141.71342459862652 23
1757434737556 140.68229326128062 24
1757434737610 139.659849437265 25
1757434737660 138.64601583866062 26
1757434737716 137.6407158871593 27
1757434737774 136.64387370743617 28
1757434737829 135.65541412058502 29
1757434737884 134.67526263761474 30
1757434737939 133.70334545300776 31
1757434738010 132.73958943833878 32
1757434738086 131.78392213595382 33
1757434738135 130.83627175270868 34
1757434738184 129.89656715376643 35
1757434738242 128.96473785645335 36
1757434738299 128.04071402417281 37
1757434738360 127.12442646037628 38
1757434738414 126.2158066025914 39
1757434738469 125.31478651650598 40
1757434738518 124.42129889010808 41
1757434738572 123.53527702788095 42
1757434738621 122.65665484505277 43
1757434738672 121.7853668619006 44
1757434738724 120.92134819810792 45
1757434738778 120.06453456717516 46
1757434738834 119.21486227088319 47
1757434738892 118.37226819380852 48
1757434738952 117.53668979789045 49
1757434739006 116.70806511704934 50
1757434739065 115.88633275185522 51
1757434739119 115.07143186424713 52
1757434739178 114.26330217230155 53
1757434739230 113.46188394505079 54
1757434739291 112.66711799734921 55
1757434739347 111.87894568478885 56
1757434739399 111.09730889866191 57
1757434739456 110.3221500609714 58
1757434739508 109.5534121194881 59
1757434739567 108.79103854285465 60
1757434739627 108.03497331573517 61
1757434739684 107.28516093401086 62
1757434739747 106.54154640002072 63
1757434739807 105.80407521784682 64
1757434739862 105.07269338864442 65
1757434739919 104.34734740601542 66
1757434739979 103.62798425142574 67
1757434740038 102.91455138966572 68
1757434740093 102.20699676435312 69
1757434740151 101.50526879347846 70
1757434740207 100.8093163649923 71
1757434740258 100.11908883243396 72
1757434740315 99.43453601060138 73
1757434740369 98.75560817126164 74
1757434740427 98.08225603890186 75
1757434740482 97.4144307865201 76
1757434740556 96.75208403145565 77
1757434740616 96.09516783125873 78
1757434740678 95.44363467959889 79
1757434740737 94.79743750221188 80
1757434740795 94.15652965288467 81
1757434740853 93.52086490947818 82
1757434740907 92.89039746998729 83
1757434740965 92.26508194863807 84
1757434741023 91.64487337202158 85
1757434741081 91.02972717526393 86
1757434741138 90.41959919823238 87
1757434741197 89.81444568177726 88
1757434741258 89.21422326400881 89
1757434741318 88.61888897660943 90
1757434741378 88.02840024118022 91
1757434741437 87.44271486562212 92
1757434741494 86.86179104055073 93
1757434741546 86.28558733574516 94
1757434741608 85.71406269662994 95
1757434741670 85.14717644079006 96
1757434741725 84.58488825451889 97
1757434741785 84.0271581893982 98
1757434741844 83.47394665891059 99
1757434741902 82.9252144350836 100
1757434741963 82.3809226451653 101
1757434742026 81.84103276833106 102
1757434742087 81.30550663242147 103
1757434742147 80.77430641071044 104
1757434742205 80.24739461870423 105
1757434742264 79.7247341109699 106
1757434742325 79.20628807799393 107
1757434742387 78.69202004307027 108
1757434742453 78.18189385921737 109
1757434742518 77.67587370612445 110
1757434742582 77.17392408712615 111
1757434742647 76.6760098262058 112
1757434742712 76.18209606502653 113
1757434742777 75.69214825999046 114
1757434742840 75.20613217932546 115
1757434742906 74.72401390019908 116
1757434742972 74.24575980585965 117
1757434743038 73.77133658280424 118
1757434743103 73.30071121797303 119
1757434743171 72.83385099597017 120
1757434743237 72.37072349631052 121
1757434743301 71.91129659069237 122
1757434743368 71.45553844029563 123
1757434743436 71.00341749310526 124
1757434743505 70.55490248126006 125
1757434743570 70.10996241842606 126
1757434743635 69.66856659719458 127
1757434743693 69.2306845865048 128
1757434743747 68.79628622909034 129
1757434743808 68.36534163894983 130
1757434743868 67.93782119884114 131
1757434743938 67.5136955577992 132
1757434744003 67.0929356286769 133
1757434744068 66.67551258570924 134
1757434744136 66.2613978621 135
1757434744202 65.85056314763139 136
1757434744267 65.44298038629579 137
1757434744332 65.03862177394974 138
1757434744399 64.63745975599002 139
1757434744464 64.23946702505137 140
1757434744532 63.84461651872574 141
1757434744598 63.45288141730307 142
1757434744677 63.064235141532976 143
1757434744739 62.67865135040762 144
1757434744800 62.296103938965196 145
1757434744857 61.91656703611402 146
1757434744917 61.54001500247693 147
1757434744963 61.166422428255984 148
1757434745008 60.795764131117004 149
1757434745059 60.428015154093984 150
1757434745117 60.063150763513086 151
1757434745177 59.701146446936164 152
1757434745242 59.341977911123244 153
1757434745304 58.98562108001437 154
1757434745366 58.632052092730206 155
1757434745430 58.281247301591314 156
1757434745493 57.933183270155965 157
1757434745553 57.587836771276315 158
1757434745610 57.245184785172796 159
1757434745671 56.90520449752641 160
1757434745733 56.56787329758895 161
1757434745795 56.23316877631091 162
1757434745854 55.9010687244867 163
1757434745910 55.57155113091747 164
1757434745970 55.24459418059087 165
1757434746031 54.920176252878115 166
1757434746088 54.598275919747415 167
1757434746150 54.27887194399462 168
1757434746205 53.96194327749009 169
1757434746266 53.647469059442 170
1757434746325 53.33542861467592 171
1757434746381 53.02580145193041 172
1757434746443 52.71856726216859 173
1757434746499 52.41370591690537 174
1757434746559 52.111197466550486 175
1757434746621 51.81102213876681 176
1757434746686 51.51316033684412 177
1757434746745 51.21759263808801 178
1757434746805 50.92429979222377 179
1757434746864 50.633262719815335 180
1757434746928 50.344462510698854 181
1757434746982 50.05788042243088 182
1757434747038 49.773497878751094 183
1757434747106 49.49129646805938 184
1757434747170 49.21125794190705 185
1757434747236 48.933364213502216 186
1757434747298 48.65759735622902 187
1757434747362 48.38393960218076 188
1757434747424 48.11237334070665 189
1757434747491 47.84288111697214 190
1757434747558 47.57544563053274 191
1757434747614 47.31004973392089 192
1757434747679 47.0466764312464 193
1757434747738 46.78530887680956 194
1757434747797 46.52593037372741 195
1757434747858 46.268524372572756 196
1757434747922 46.01307447002584 197
1757434747979 45.75956440753856 198
1757434748045 45.50797807001124 199
1757434748108 45.25829948448162 200
1757434748173 45.01051281882607 201
1757434748234 44.76460238047305 202
1757434748292 44.52055261512832 203
1757434748349 44.27834810551215 204
1757434748417 44.03797357010839 205
1757434748478 43.79941386192494 206
1757434748543 43.56265396726602 207
1757434748601 43.32767900451568 208
1757434748665 43.09447422293275 209
1757434748728 42.863025001456904 210
1757434748789 42.63331684752599 211
1757434748855 42.405335395904196 212
1757434748918 42.17906640752123 213
1757434748982 41.95449576832227 214
1757434749044 41.73160948812862 215
1757434749108 41.51039369950895 216
1757434749174 41.29083465666104 217
1757434749244 41.07291873430393 218
1757434749311 40.85663242658038 219
1757434749376 40.64196234596955 220
1757434749441 40.42889522220969 221
1757434749506 40.217417901231066 222
1757434749574 40.007517344098474 223
1757434749631 39.79918062596395 224
1757434749694 39.592394935028935 225
1757434749753 39.387147571516216 226
1757434749817 39.18342594665142 227
1757434749879 38.98121758165385 228
1757434749945 38.78051010673693 229
1757434750008 38.581291260117666 230
1757434750073 38.38354888703549 231
1757434750131 38.18727093878014 232
1757434750189 37.992445471728615 233
1757434750251 37.799060646391055 234
1757434750314 37.60710472646538 235
1757434750381 37.416566077900946 236
1757434750446 37.227433167970574 237
1757434750513 37.03969456435147 238
1757434750585 36.85333893421455 239
1757434750653 36.66835504332217 240
1757434750731 36.48473175513432 241
1757434750793 36.30245802992307 242
1757434750854 36.12152292389529 243
1757434750917 35.94191558832329 244
1757434750980 35.763625268683896 245
1757434751041 35.58664130380511 246
1757434751102 35.41095312502097 247
1757434751161 35.236550255334095 248
1757434751225 35.06342230858608 249
1757434751292 34.891558988635495 250
1757434751354 34.72095008854359 251
1757434751419 34.55158548976741 252
1757434751482 34.38345516136063 253
1757434751544 34.2165491591815 254
1757434751606 34.050857625108314 255
1757434751660 33.88637078626211 256
1757434751718 33.723078954236534 257
1757434751783 33.56097252433488 258
1757434751848 33.40004197481413 259
1757434751916 33.24027786613606 260
1757434751983 33.08167084022527 261
1757434752054 32.92421161973398 262
1757434752119 32.76789100731379 263
1757434752184 32.61269988489408 264
1757434752257 32.45862921296704 265
1757434752324 32.305670029879465 266
1757434752398 32.15381345113096 267
1757434752464 32.00305066867866 268
1757434752531 31.85337295024847 269
1757434752597 31.704771638652527 270
1757434752662 31.557238151113186 271
1757434752729 31.410763978592946 272
1757434752793 31.26534068513083 273
1757434752860 31.120959907184847 274
1757434752929 30.977613352980406 275
1757434752992 30.835292801864913 276
1757434753056 30.693990103668206 277
1757434753124 30.55369717806894 278
1757434753194 30.414406013966786 279
1757434753260 30.2761086688606 280
1757434753326 30.13879726823207 281
1757434753393 30.0024640049352 282
1757434753467 29.867101138591458 283
1757434753533 29.732700994990406 284
1757434753599 29.59925596549594 285
1757434753664 29.466758506457968 286
1757434753726 29.3352011386295 287
1757434753789 29.20457644658921 288
1757434753853 29.074877078169155 289
1757434753920 28.946095743887927 290
1757434753990 28.818225216388953 291
1757434754057 28.69125832988402 292
1757434754124 28.565187979601873 293
1757434754189 28.440007121241884 294
1757434754255 28.31570877043288 295
1757434754324 28.192286002196784 296
1757434754392 28.069731950417307 297
1757434754461 27.948039807313528 298
1757434754529 27.82720282291828 299
1757434754598 27.707214304561337 300
1757434754698 27.588067616357424 301
1757434754776 27.469756178698873 302
1757434754842 27.352273467752955 303
1757434754908 27.23561301496387 304
1757434754969 27.119768406559288 305
1757434755030 27.004733283061466 306
1757434755097 26.890501338802828 307
1757434755160 26.777066321445975 308
1757434755222 26.664422031508217 309
1757434755286 26.552562321890314 310
1757434755347 26.441481097409675 311
1757434755414 26.331172314337852 312
1757434755477 26.221629979942147 313
1757434755527 26.112848152031606 314
1757434755578 26.004820938507073 315
1757434755639 25.897542496915392 316
1757434755690 25.791007034007713 317
1757434755751 25.68520880530188 318
1757434755809 25.580142114648808 319
1757434755877 25.475801313802826 320
1757434755945 25.372180801995995 321
1757434756014 25.269275025516315 322
1757434756082 25.167078477289795 323
1757434756150 25.065585696466385 324
1757434756218 24.964791268009655 325
1757434756286 24.864689822290334 326
1757434756354 24.76527603468344 327
1757434756423 24.666544625169198 328
1757434756491 24.56849035793759 329
1757434756557 24.47110804099656 330
1757434756628 24.374392525783712 331
1757434756696 24.278338706781664 332
1757434756765 24.18294152113695 333
1757434756834 24.088195948282262 334
1757434756903 23.994097009562267 335
1757434756971 23.900639767862884 336
1757434757040 23.80781932724383 337
1757434757108 23.715630832574583 338
1757434757177 23.62406946917377 339
1757434757247 23.533130462451677 340
1757434757313 23.442809077556184 341
1757434757382 23.353100619021852 342
1757434757449 23.264000430422264 343
1757434757519 23.17550389402546 344
1757434757593 23.087606430452663 345
1757434757658 23.00030349834 346
1757434757715 22.913590594003367 347
1757434757782 22.82746325110636 348
1757434757848 22.74191704033119 349
1757434757914 22.656947569052676 350
1757434757981 22.572550481015163 351
1757434758047 22.48872145601239 352
1757434758113 22.405456209570332 353
1757434758182 22.322750492632856 354
1757434758253 22.240600091250307 355
1757434758321 22.15900082627089 356
1757434758390 22.077948553034943 357
1757434758459 21.997439161071874 358
1757434758530 21.917468573799987 359
1757434758600 21.838032748228954 360
1757434758670 21.75912767466506 361
1757434758737 21.68074937641911 362
1757434758806 21.602893909516922 363
1757434758875 21.52555736241263 364
1757434758943 21.448735855704474 365
1757434759011 21.372425541853094 366
1757434759080 21.29662260490263 367
1757434759149 21.22132326020415 368
1757434759216 21.14652375414169 369
1757434759284 21.072220363860758 370
1757434759351 20.998409396999307 371
1757434759417 20.925087191421184 372
1757434759483 20.852250114951946 373
1757434759552 20.779894565117125 374
1757434759621 20.70801696888289 375
1757434759687 20.63661378239896 376
1757434759756 20.56568149074401 377
1757434759823 20.495216607673232 378
1757434759894 20.425215675368285 379
1757434759961 20.35567526418952 380
1757434760028 20.286591972430397 381
1757434760096 20.217962426074152 382
1757434760166 20.14978327855267 383
1757434760234 20.082051210507615 384
1757434760306 20.014762929553598 385
1757434760376 19.94791517004356 386
1757434760446 19.881504692836327 387
1757434760513 19.815528285066208 388
1757434760585 19.749982759914662 389
1757434760654 19.684864956384118 390
1757434760741 19.620171739073797 391
1757434760812 19.555899997957496 392
1757434760881 19.492046648163555 393
1757434760950 19.428608629756592 394
1757434761021 19.36558290752145 395
1757434761092 19.302966470748874 396
1757434761160 19.24075633302331 397
1757434761233 19.178949532012528 398
1757434761302 19.11754312925916 399
1757434761371 19.056534209974124 400
1757434761441 18.995919882831927 401
1757434761511 18.93569727976779 402
1757434761584 18.87586355577667 403
1757434761654 18.816415888714015 404
1757434761720 18.757351479098347 405
1757434761786 18.698667549915683 406
1757434761850 18.640361346425635 407
1757434761918 18.582430135969314 408
1757434761986 18.524871207778954 409
1757434762058 18.46768187278923 410
1757434762129 18.410859463450326 411
1757434762198 18.354401333542636 412
1757434762268 18.2983048579932 413
1757434762338 18.242567432693676 414
1757434762407 18.187186474320114 415
1757434762475 18.132159420154213 416
1757434762541 18.077483727906277 417
1757434762609 18.0231568755397 418
1757434762678 17.96917636109709 419
1757434762750 17.915539702527887 420
1757434762820 17.862244437517614 421
1757434762898 17.809288123318623 422
1757434762965 17.756668336582326 423
1757434763046 17.704382673192985 424
1757434763122 17.652428748103 425
1757434763192 17.60080419516965 426
1757434763261 17.54950666699329 427
1757434763332 17.498533834757044 428
1757434763402 17.447883388067876 429
1757434763471 17.397553034799184 430
1757434763540 17.347540500934674 431
1757434763608 17.29784353041378 432
1757434763677 17.248459884978324 433
1757434763746 17.199387344020685 434
1757434763812 17.15062370443324 435
1757434763881 17.102166780459168 436
1757434763951 17.054014403544624 437
1757434764012 17.00616442219223 438
1757434764070 16.958614701815854 439
1757434764133 16.911363124596672 440
1757434764198 16.86440758934059 441
1757434764268 16.817746011336876 442
1757434764339 16.771376322218096 443
1757434764409 16.72529646982127 444
1757434764478 16.679504418050293 445
1757434764549 16.633998146739536 446
1757434764622 16.58877565151881 447
1757434764696 16.543834943679325 448
1757434764769 16.49917405004101 449
1757434764839 16.45479101282095 450
1757434764913 16.41068388950304 451
1757434764987 16.366850752708704 452
1757434765060 16.323289690068904 453
1757434765130 16.279998804097158 454
1757434765201 16.23697621206384 455
1757434765273 16.19422004587142 456
1757434765343 16.15172845193097 457
1757434765417 16.109499591039707 458
1757434765484 16.067531638259588 459
1757434765549 16.025822782797075 460
1757434765617 15.984371227883903 461
1757434765685 15.94317519065892 462
1757434765741 15.902232902050988 463
1757434765796 15.861542606662963 464
1757434765862 15.821102562656625 465
1757434765928 15.780911041638667 466
1757434765996 15.74096632854775 467
1757434766065 15.701266721542455 468
1757434766136 15.661810531890357 469
1757434766209 15.622596083857964 470
1757434766281 15.583621714601707 471
1757434766353 15.544885774059873 472
1757434766438 15.506386624845492 473
1757434766514 15.468122642140193 474
1757434766585 15.430092213588974 475
1757434766657 15.392293739195942 476
1757434766732 15.354725631220926 477
1757434766803 15.317386314077062 478
1757434766872 15.28027422422924 479
1757434766940 15.243387810093445 480
1757434767010 15.206725531937058 481
1757434767078 15.170285861779966 482
1757434767180 15.134067283296549 483
1757434767249 15.098068291718594 484
1757434767322 15.062287393739016 485
1757434767393 15.026723107416442 486
1757434767466 14.99137396208061 487
1757434767538 14.95623849823867 488
1757434767609 14.921315267482264 489
1757434767680 14.886602832395416 490
1757434767752 14.85209976646327 491
1757434767819 14.817804653981627 492
1757434767889 14.783716089967237 493
1757434767955 14.74983268006895 494
1757434768023 14.716153040479591 495
1757434768099 14.682675797848608 496
1757434768168 14.649399589195564 497
1757434768241 14.61632306182431 498
1757434768312 14.583444873237966 499
