1757444865288 169.17582318790855 0
1757444865358 168.10899764415828 1
1757444865418 167.48998432965314 2
1757444865481 166.8685281713994 3
1757444865541 166.24976275108696 4
1757444865607 165.63365499708718 5
1757444865675 165.02020261300063 6
1757444865746 164.40938441759562 7
1757444865812 163.80119816625424 8
1757444865878 163.19562280993995 9
1757444865947 162.59265618192705 10
1757444866019 161.99227736423848 11
1757444866089 161.39448426721674 12
1757444866161 160.7992561028793 13
1757444866232 160.2065908578208 14
1757444866305 159.61646787299756 15
1757444866378 159.02888521044812 16
1757444866447 158.44382233902084 17
1757444866528 157.86127739539805 18
1757444866602 157.2812299752824 19
1757444866670 156.70367828920746 20
1757444866740 156.12860205870126 21
1757444866811 155.5559995673638 22
1757444866883 154.9858506615286 23
1757444866954 154.41815369708496 24
1757444867022 153.85288864416037 25
1757444867091 153.29005393016405 26
1757444867158 152.7296296480148 27
1757444867224 152.1716142958797 28
1757444867293 151.61598808847464 29
1757444867363 151.06274959397012 30
1757444867434 150.51187914789344 31
1757444867499 149.96337538767142 32
1757444867561 149.4172187686655 33
1757444867622 148.87340799681877 34
1757444867687 148.33192666011234 35
1757444867760 147.79276297621306 36
1757444867824 147.25591422834862 37
1757444867890 146.7213611697709 38
1757444867957 146.18910267453958 39
1757444868025 145.6591196098389 40
1757444868092 145.13141091571774 41
1757444868159 144.60595757489898 42
1757444868224 144.08275859270717 43
1757444868293 143.5617950664716 44
1757444868366 143.04306606609168 45
1757444868435 142.52655280257878 46
1757444868504 142.01225440971317 47
1757444868574 141.50015221127182 48
1757444868640 140.99024540422866 49
1757444868708 140.48251542421755 50
1757444868779 139.97696153072576 51
1757444868851 139.47356527034316 52
1757444868922 138.97232596439633 53
1757444868992 138.47322526953806 54
1757444869063 137.97626256826726 55
1757444869139 137.48141962641375 56
1757444869206 136.9886958869882 57
1757444869277 136.49807322411948 58
1757444869349 136.00955114067588 59
1757444869417 135.52311161821453 60
1757444869481 135.03875421881372 61
1757444869544 134.5564610305957 62
1757444869608 134.07623167420743 63
1757444869674 133.59804834348034 64
1757444869742 133.1219107169951 65
1757444869812 132.64780109344363 66
1757444869884 132.1757192087115 67
1757444869952 131.70564746550983 68
1757444870029 131.23758565640657 69
1757444870093 130.77151916020452 70
1757444870146 130.3074377629264 71
1757444870212 129.84533988845286 72
1757444870280 129.3852081982702 73
1757444870350 128.92704262398397 74
1757444870418 128.47082592582808 75
1757444870488 128.0165580899647 76
1757444870559 127.5642219769479 77
1757444870628 127.1138176268958 78
1757444870696 126.66532799987985 79
1757444870768 126.21875318938443 80
1757444870838 125.7740762542025 81
1757444870908 125.331297340601 82
1757444870979 124.89039960530476 83
1757444871049 124.45138324678555 84
1757444871117 124.01423151891758 85
1757444871187 123.57894467180488 86
1757444871257 123.14550605569511 87
1757444871327 122.71391597175818 88
1757444871398 122.28415786584557 89
1757444871468 121.85623208963206 90
1757444871532 121.43012218381017 91
1757444871597 121.00582855000403 92
1757444871664 120.5833348229907 93
1757444871732 120.16264145379375 94
1757444871801 119.74373217052477 95
1757444871873 119.32660747306225 96
1757444871943 118.91125118210849 97
1757444872011 118.49766384585789 98
1757444872079 118.08582937686602 99
1757444872148 117.6757483711094 100
1757444872215 117.26740483226578 101
1757444872286 116.86079940356525 102
1757444872355 116.45591617908256 103
1757444872425 116.05275584877832 104
1757444872494 115.65130533930918 105
1757444872566 115.25155577969396 106
1757444872635 114.85350654251387 107
1757444872705 114.4571419469152 108
1757444872779 114.0624627974449 109
1757444872850 113.6694534989255 110
1757444872925 113.27811490084852 111
1757444872998 112.88843149524604 112
1757444873068 112.50040417604887 113
1757444873139 112.11401752180679 114
1757444873207 111.7292724703947 115
1757444873276 111.34615368619379 116
1757444873345 110.9646621505327 117
1757444873414 110.58478261294378 118
1757444873484 110.20651609772389 119
1757444873551 109.82984743888187 120
1757444873622 109.4547777032022 121
1757444873692 109.0812918085012 122
1757444873760 108.70939086357518 123
1757444873833 108.3390598693847 124
1757444873902 107.97029997626665 125
1757444873971 107.60309626766818 126
1757444874043 107.23744993500036 127
1757444874115 106.8733461435447 128
1757444874185 106.51078612532473 129
1757444874255 106.14975512680961 130
1757444874328 105.79025442017813 131
1757444874400 105.4322693324459 132
1757444874475 105.07580117549438 133
1757444874543 104.72083535624975 134
1757444874618 104.36737322584808 135
1757444874689 104.01540027049559 136
1757444874759 103.66491788013937 137
1757444874831 103.31591161964046 138
1757444874903 102.96838291731781 139
1757444874972 102.62231741606736 140
1757444875050 102.2777165821451 141
1757444875120 101.93456613586716 142
1757444875191 101.59286758099614 143
1757444875263 101.25260932445637 144
1757444875330 100.91378376626447 145
1757444875400 100.5763911467687 146
1757444875471 100.24041737923525 147
1757444875539 99.90586405935456 148
1757444875604 99.57271717362549 149
1757444875670 99.24097835377684 150
1757444875737 98.91063366102455 151
1757444875807 98.58168476271985 152
1757444875879 98.25411779420868 153
1757444875951 97.92793445805768 154
1757444876023 97.6031209631609 155
1757444876097 97.27967904689703 156
1757444876172 96.95759499113112 157
1757444876246 96.63687056765492 158
1757444876319 96.3174921307322 159
1757444876391 95.99946148617272 160
1757444876463 95.68276506007143 161
1757444876533 95.36740469186493 162
1757444876602 95.05336687891672 163
1757444876672 94.7406534939031 164
1757444876742 94.42925110489799 165
1757444876814 94.11916161743413 166
1757444876887 93.81037166974255 167
1757444876959 93.50288319983304 168
1757444877031 93.19668291554493 169
1757444877103 92.89177278698949 170
1757444877176 92.58813959107025 171
1757444877247 92.28578532962814 172
1757444877320 91.98469684809125 173
1757444877396 91.68487617966214 174
1757444877468 91.38631023775838 175
1757444877540 91.08900108657983 176
1757444877605 90.79293570700291 177
1757444877676 90.49811619386409 178
1757444877748 90.2045295949725 179
1757444877823 89.91217803544416 180
1757444877897 89.62104862949909 181
1757444877971 89.33114353217951 182
1757444878041 89.04245241165877 183
1757444878113 88.75496873822863 184
1757444878183 88.46869345414149 185
1757444878254 88.18361383930386 186
1757444878326 87.89973212206709 187
1757444878397 87.61703564502189 188
1757444878468 87.335526665241 189
1757444878542 87.05519258943114 190
1757444878613 86.77603570304473 191
1757444878686 86.49804347640614 192
1757444878772 86.22121822301332 193
1757444878842 85.94554747631419 194
1757444878913 85.67103357752136 195
1757444878988 85.39766412271622 196
1757444879063 85.12544148049867 197
1757444879138 84.85435330909763 198
1757444879214 84.58440200417611 199
1757444879288 84.31557528562861 200
1757444879363 84.04787557586054 201
1757444879438 83.78129065595395 202
1757444879510 83.51582297473914 203
1757444879583 83.25146037401177 204
1757444879649 82.9882053287127 205
1757444879722 82.72604574088116 206
1757444879792 82.4649841112575 207
1757444879864 82.20500840165835 208
1757444879935 81.94612113831562 209
1757444880009 81.68831034236113 210
1757444880089 81.43157856521351 211
1757444880148 81.17591388686135 212
1757444880211 80.9213188836083 213
1757444880275 80.66778169384509 214
1757444880345 80.41530491846186 215
1757444880416 80.16387675380055 216
1757444880489 79.91349982504221 217
1757444880561 79.66416238603298 218
1757444880633 79.41586708595226 219
1757444880709 79.16860223570687 220
1757444880785 78.92237050818504 221
1757444880859 78.67716027091463 222
1757444880945 78.43297422020606 223
1757444881020 78.18980315104514 224
1757444881092 77.94764147770867 225
1757444881164 77.70649073342207 226
1757444881234 77.46633942714354 227
1757444881307 77.22719031252107 228
1757444881389 76.98903195182483 229
1757444881463 76.75186712114879 230
1757444881539 76.51568443744986 231
1757444881604 76.28048669899052 232
1757444881671 76.04626257699432 233
1757444881739 75.81301489162155 234
1757444881811 75.5807323679457 235
1757444881882 75.34941784775678 236
1757444881953 75.11906010956518 237
1757444882026 74.8896620165253 238
1757444882100 74.6612124001746 239
1757444882174 74.43371414476944 240
1757444882249 74.20715613446792 241
1757444882324 73.9815412743685 242
1757444882397 73.7568585008469 243
1757444882469 73.53311073958653 244
1757444882540 73.31028697878102 245
1757444882613 73.08839016444423 246
1757444882686 72.86740933619126 247
1757444882760 72.64734746011453 248
1757444882832 72.4281936268575 249
1757444882905 72.20995082234188 250
1757444882980 71.99260818784951 251
1757444883057 71.7761687288847 252
1757444883134 71.56062163698098 253
1757444883209 71.34596993698113 254
1757444883282 71.13220287028682 255
1757444883354 70.91932348083768 256
1757444883428 70.70732105952311 257
1757444883500 70.49619866914048 258
1757444883574 70.28594564968976 259
1757444883641 70.07656508258935 260
1757444883711 69.86804635657559 261
1757444883781 69.66039257145378 262
1757444883857 69.45359316432557 263
1757444883932 69.24765125315135 264
1757444884009 69.04255632303004 265
1757444884083 68.83831150984788 266
1757444884156 68.63490860634884 267
1757444884229 68.432342850738 268
1757444884304 68.23061626420701 269
1757444884379 68.02971845190596 270
1757444884452 67.82965259356452 271
1757444884524 67.63040833939668 272
1757444884596 67.43198888627731 273
1757444884671 67.23438393079861 274
1757444884744 67.03759668675822 275
1757444884819 66.84161689677484 276
1757444884893 66.64644779135234 277
1757444884972 66.45207915878707 278
1757444885048 66.2585142460748 279
1757444885121 66.06574288684357 280
1757444885198 65.87376834436914 281
1757444885273 65.68258049726796 282
1757444885351 65.49218262488588 283
1757444885424 65.30256465048751 284
1757444885503 65.11372986928116 285
1757444885579 64.92566824884203 286
1757444885653 64.73838310003538 287
1757444885725 64.55186443441222 288
1757444885794 64.36611557829148 289
1757444885865 64.18112658686792 290
1757444885940 63.996900801712876 291
1757444886019 63.8134283213355 292
1757444886098 63.63071250236055 293
1757444886172 63.44874348628486 294
1757444886248 63.26752464458962 295
1757444886322 63.087046161435374 296
1757444886397 62.90731142296477 297
1757444886474 62.728310655680694 298
1757444886553 62.55004726019448 299
1757444886626 62.37251150503255 300
1757444886704 62.19570680508402 301
1757444886777 62.01962347058286 302
1757444886851 61.844264930507066 303
1757444886926 61.669621536484506 304
1757444887002 61.49569673139533 305
1757444887078 61.32248090795027 306
1757444887152 61.149977522746724 307
1757444887227 60.9781770092698 308
1757444887301 60.80708283765123 309
1757444887377 60.63668548184461 310
1757444887451 60.466988425334954 311
1757444887531 60.2979821822408 312
1757444887604 60.12967024922142 313
1757444887678 59.96204533055705 314
1757444887742 59.79510340490341 315
1757444887812 59.628846902935216 316
1757444887885 59.4632664393924 317
1757444887956 59.298365543115956 318
1757444888031 59.134134866426805 319
1757444888106 58.97057795073149 320
1757444888182 58.80768548718045 321
1757444888258 58.645461029571806 322
1757444888337 58.48389530759539 323
1757444888412 58.322991887271925 324
1757444888488 58.16274153654288 325
1757444888559 58.00314783348452 326
1757444888633 57.84420158400435 327
1757444888710 57.685906378068914 328
1757444888787 57.52825305926869 329
1757444888859 57.37124522929688 330
1757444888935 57.214873769145974 331
1757444889014 57.059142292074085 332
1757444889093 56.90404171619718 333
1757444889166 56.74957566617814 334
1757444889244 56.59573509697999 335
1757444889319 56.44252364451206 336
1757444889399 56.28993230031041 337
1757444889477 56.13796471137403 338
1757444889558 55.98661190554013 339
1757444889632 55.83587754074236 340
1757444889703 55.68575268084932 341
1757444889773 55.536240994576104 342
1757444889843 55.387333581555154 343
1757444889917 55.23903412113121 344
1757444889992 55.091333748435254 345
1757444890069 54.94423615329158 346
1757444890145 54.797732506066474 347
1757444890225 54.65182650691533 348
1757444890307 54.50650936117868 349
1757444890383 54.36178477919611 350
1757444890458 54.21764400102337 351
1757444890535 54.07409074703901 352
1757444890609 53.93111629175708 353
1757444890683 53.7887243654513 354
1757444890760 53.64690627683925 355
1757444890836 53.50566576594765 356
1757444890897 53.36499417544477 357
1757444890967 53.22489525496972 358
1757444891038 53.08536038089074 359
1757444891106 52.94639331232013 360
1757444891176 52.80798751085197 361
1757444891247 52.67013955910244 362
1757444891320 52.532852194779394 363
1757444891394 52.39611687882303 364
1757444891466 52.25993739344731 365
1757444891542 52.1243052310042 366
1757444891616 51.989224182708675 367
1757444891692 51.854685773509004 368
1757444891759 51.720693803485716 369
1757444891827 51.58723982994356 370
1757444891899 51.45432766169748 371
1757444891968 51.321948888170795 372
1757444892038 51.190107326783306 373
1757444892106 51.05879459884081 374
1757444892175 50.928014530239764 375
1757444892245 50.79775877393435 376
1757444892317 50.6680311641708 377
1757444892395 50.53882338531946 378
1757444892472 50.41013927985092 379
1757444892550 50.28197056332123 380
1757444892626 50.15432108630133 381
1757444892700 50.0271825953044 382
1757444892778 49.900558948878995 383
1757444892857 49.77444192426873 384
1757444892935 49.6488353878784 385
1757444893013 49.523731147457134 386
1757444893099 49.39913307714591 387
1757444893177 49.27503301497629 388
1757444893259 49.15143484270671 389
1757444893334 49.028330428429804 390
1757444893409 48.905723661404046 391
1757444893484 48.783606439563584 392
1757444893562 48.661982659550794 393
1757444893640 48.540844248923534 394
1757444893732 48.420195111593245 395
1757444893804 48.30002720452538 396
1757444893880 48.18034443878682 397
1757444893951 48.06113880053631 398
1757444894025 47.942414207883886 399
1757444894101 47.82416267596885 400
1757444894177 47.70638812983331 401
1757444894257 47.58908261338621 402
1757444894334 47.47225005849179 403
1757444894413 47.355882537619415 404
1757444894489 47.23998398934679 405
1757444894567 47.12454651449609 406
1757444894644 47.00957405825104 407
1757444894722 46.89505874958066 408
1757444894796 46.781004540168425 409
1757444894870 46.66740358692586 410
1757444894941 46.55425984793113 411
1757444895019 46.44156746403784 412
1757444895093 46.32932354861411 413
1757444895168 46.217531082337295 414
1757444895247 46.106182292386485 415
1757444895337 45.99528115239217 416
1757444895409 45.88481991545839 417
1757444895481 45.77480256125441 418
1757444895561 45.665221369927266 419
1757444895644 45.55608032708227 420
1757444895722 45.4473717397139 421
1757444895796 45.33909959926468 422
1757444895868 45.231256239382525 423
1757444895939 45.12384565724951 424
1757444896010 45.01686021297448 425
1757444896081 44.91030390938244 426
1757444896153 44.80416913285225 427
1757444896227 44.69845989175629 428
1757444896301 44.59316859855403 429
1757444896376 44.48829926707078 430
1757444896451 44.38384433565861 431
1757444896526 44.2798078235024 432
1757444896603 44.176182194660406 433
1757444896683 44.07297147358471 434
1757444896760 43.97016814985475 435
1757444896835 43.8677762530985 436
1757444896916 43.76578829823312 437
1757444896994 43.66420831997217 438
1757444897074 43.56302885838845 439
1757444897152 43.46225395319186 440
1757444897230 43.3618761694302 441
1757444897313 43.26189955172149 442
1757444897395 43.16231668990928 443
1757444897474 43.06313163343249 444
1757444897550 42.96433699675263 445
1757444897624 42.86593683404323 446
1757444897698 42.76792378420738 447
1757444897772 42.67030190606796 448
1757444897845 42.57306386279463 449
1757444897916 42.476213717775295 450
1757444897990 42.379744158272544 451
1757444898079 42.28365925215596 452
1757444898156 42.18795171060882 453
1757444898230 42.09262560589999 454
1757444898307 41.9976736729625 455
1757444898384 41.90309998838303 456
1757444898464 41.80889731067482 457
1757444898539 41.71506972066185 458
1757444898620 41.621610000269264 459
1757444898698 41.52852223447881 460
1757444898777 41.4357992284606 461
1757444898853 41.343445071275404 462
1757444898934 41.25145259117278 463
1757444899016 41.15982588121467 464
1757444899093 41.068559660590786 465
1757444899169 40.977651484209474 466
1757444899247 40.887104508993424 467
1757444899322 40.79691162136654 468
1757444899396 40.70707692407738 469
1757444899473 40.61759332484734 470
1757444899547 40.52846493016347 471
1757444899621 40.439684670097265 472
1757444899702 40.35125665479785 473
1757444899782 40.2631738365282 474
1757444899857 40.175440329026614 475
1757444899928 40.08804910659016 476
1757444899998 40.001004286474135 477
1757444900070 39.914298864853606 478
1757444900142 39.82793696242954 479
1757444900216 39.74191159710008 480
1757444900293 39.656226892941454 481
1757444900369 39.57087588942115 482
1757444900445 39.485862713920994 483
1757444900521 39.4011804273253 484
1757444900600 39.316833160252685 485
1757444900672 39.23281399485297 486
1757444900748 39.149127064913515 487
1757444900823 39.06576547369953 488
1757444900905 38.98273335809985 489
1757444900980 38.90002384234611 490
1757444901059 38.817641066362235 491
1757444901134 38.735578175198405 492
1757444901213 38.65383931174795 493
1757444901286 38.572417641733 494
1757444901362 38.49131731095139 495
1757444901436 38.41053150565161 496
1757444901515 38.33006437447189 497
1757444901576 38.24990912404276 498
1757444901651 38.17006990577943 499
