1757610005276 123.10049181493912 0
1757610005370 99.79423856079191 1
1757610005464 77.14599338388362 2
1757610005554 62.52285048668658 3
1757610005638 51.31861196659335 4
1757610005730 38.6045184386401 5
1757610005819 29.854254371492992 6
1757610005904 25.32934294202799 7
1757610005992 20.935695280180155 8
1757610006080 17.191360778631147 9
1757610006170 13.970845493286458 10
1757610006262 11.797530123195498 11
1757610006350 9.276308059793987 12
1757610006441 10.002238251615083 13
1757610006522 8.34149559473714 14
1757610006606 6.177015645838693 15
1757610006690 4.730678847029456 16
1757610006778 4.215842054909308 17
1757610006865 3.5748709225723716 18
1757610006953 6.385201328728021 19
1757610007036 3.441610276110946 20
1757610007119 2.6417041698927144 21
1757610007190 3.0016605905743265 22
1757610007269 2.0264520788499687 23
1757610007347 3.6434529886962737 24
1757610007419 4.443905549666518 25
1757610007495 2.5240533857238194 26
1757610007576 3.569229055123298 27
1757610007658 3.765313744602078 28
1757610007738 2.28462299691408 29
1757610007817 4.403403839915383 30
1757610007897 2.817973326118499 31
1757610007979 2.3605916313013866 32
1757610008061 3.3832525336256425 33
1757610008143 1.7199783439804293 34
1757610008225 3.859647593565789 35
1757610008306 1.94456885986407 36
1757610008386 2.527654292927218 37
1757610008470 2.6348794865536482 38
1757610008553 2.897225202698769 39
1757610008627 3.410960665609691 40
1757610008698 1.8319557333425098 41
1757610008769 0.9931572747049328 42
1757610008833 1.751769704892201 43
1757610008910 1.8343566741760853 44
1757610008988 2.83912690251539 45
1757610009068 3.474101921406144 46
1757610009150 2.406835779678088 47
1757610009228 2.1803579917821487 48
1757610009301 1.2449259451116295 49
1757610009384 1.9829055463420795 50
1757610009466 1.608205141383112 51
1757610009546 2.3445258115271965 52
1757610009633 2.2514688316884315 53
1757610009712 1.9469474146072179 54
1757610009794 1.6056096785590501 55
1757610009880 1.4881110762233103 56
1757610009968 1.469414422967528 57
1757610010047 1.5018633600469458 58
1757610010125 2.6207405926905856 59
1757610010202 2.6401790960195695 60
1757610010280 3.692078352156245 61
1757610010359 2.808896820355326 62
1757610010438 1.4239939062997227 63
1757610010518 1.1724822880865975 64
1757610010596 2.711659120405462 65
1757610010676 0.8245365926122613 66
1757610010757 2.1730855822004274 67
1757610010843 1.4486638071478362 68
1757610010934 1.6783084470608942 69
1757610011019 1.4845804589589924 70
1757610011110 3.001402022035764 71
1757610011186 2.117533373978217 72
1757610011256 1.4137220947803248 73
1757610011329 1.2551755843263421 74
1757610011405 2.7146711075096412 75
1757610011482 1.6990702907514246 76
1757610011561 1.3858903629224286 77
1757610011641 1.5724007801104152 78
1757610011727 1.8174860390432475 79
1757610011815 1.809260994787527 80
1757610011897 2.3338540964201338 81
1757610011983 1.2445935127317664 82
1757610012076 1.3752413621192379 83
1757610012154 2.4535214065919293 84
1757610012236 3.3382885803768803 85
1757610012319 2.240224832002774 86
1757610012402 2.9260410678193836 87
1757610012479 2.11624185573102 88
1757610012554 2.03161747001499 89
1757610012634 0.9242340373846052 90
1757610012709 2.7359380944267677 91
1757610012787 1.8989090425527333 92
1757610012863 1.4514052845381875 93
1757610012942 2.1771026940453777 94
1757610013019 2.3253876428644444 95
1757610013104 1.3696633886547787 96
