1757668334100 169.38634097125342 0
1757668334201 166.82962216760689 1
1757668334287 165.59338482684407 2
1757668334377 164.35444575340912 3
1757668334486 163.1252293261179 4
1757668334640 161.9056079911225 5
1757668334745 160.69550578992866 6
1757668334843 159.49484716666112 7
1757668334943 158.3035571712555 8
1757668335047 157.12156145374658 9
1757668335160 155.94878625944517 10
1757668335273 154.78515842415055 11
1757668335380 153.6306053694015 12
1757668335484 152.48505509776555 13
1757668335583 151.34843618816635 14
1757668335676 150.22067779124845 15
1757668335767 149.10170962477972 16
1757668335856 147.9914619690906 17
1757668335952 146.88986566255045 18
1757668336046 145.7968520970798 19
1757668336148 144.7123532136993 20
1757668336248 143.6363014981143 21
1757668336358 142.56862997633516 22
1757668336461 141.50927221033268 23
1757668336559 140.45816229372858 24
1757668336659 139.41523484752085 25
1757668336764 138.3804250158436 26
1757668336863 137.35366846176072 27
1757668336963 136.33490136309385 28
1757668337061 135.3240604082837 29
1757668337161 134.32108279228498 30
1757668337259 133.32590621249412 31
1757668337361 132.33846886471008 32
1757668337459 131.3587094391274 33
1757668337589 130.38656711636213 34
1757668337692 129.42198156350884 35
1757668337803 128.46489293023046 36
1757668337896 127.51524184487889 37
1757668337985 126.57296941064718 38
1757668338078 125.63801720175255 39
1757668338173 124.71032725965041 40
1757668338267 123.7898420892788 41
1757668338362 122.87650465533287 42
1757668338456 121.97025837856965 43
1757668338557 121.07104713214254 44
1757668338649 120.17881523796535 45
1757668338744 119.29350746310546 46
1757668338842 118.41506901620625 47
1757668338935 117.54344554393833 48
1757668339030 116.67858312747937 49
1757668339125 115.82042827902207 50
1757668339223 114.96892793831063 51
1757668339318 114.1240294692049 52
1757668339412 113.2856806562722 53
1757668339506 112.45382970140672 54
1757668339603 111.62842522047616 55
1757668339733 110.80941623999523 56
1757668339832 109.9967521938261 57
1757668339916 109.19038291990539 58
1757668340002 108.39025865699764 59
1757668340098 107.59633004147459 60
1757668340197 106.80854810412085 61
1757668340288 106.02686426696508 62
1757668340386 105.25123034013664 63
1757668340481 104.48159851874777 64
1757668340576 103.71792137980064 65
1757668340674 102.96015187911955 66
1757668340770 102.20824334830772 67
1757668340869 101.4621494917286 68
1757668340968 100.7218243835115 69
1757668341061 99.98722246458144 70
1757668341157 99.25829853971278 71
1757668341252 98.5350077746067 72
1757668341345 97.81730569299216 73
1757668341442 97.10514817375024 74
1757668341537 96.39849144806159 75
1757668341637 95.69729209657699 76
1757668341733 95.0015070466106 77
1757668341831 94.31109356935578 78
1757668341916 93.62600927712344 79
1757668342009 92.94621212060265 80
1757668342107 92.27166038614314 81
1757668342202 91.60231269305986 82
1757668342302 90.9381279909592 83
1757668342400 90.27906555708682 84
1757668342496 89.6250849936966 85
1757668342595 88.97614622544111 86
1757668342696 88.33220949678281 87
1757668342791 87.69323536942636 88
1757668342888 87.05918471977134 89
1757668342994 86.43001873638578 90
1757668343095 85.8056989174997 91
1757668343193 85.18618706851916 92
1757668343289 84.57144529956017 93
1757668343385 83.96143602300245 94
1757668343482 83.3561219510629 95
1757668343578 82.7554660933887 96
1757668343679 82.15943175466973 97
1757668343778 81.56798253227012 98
1757668343876 80.9810823138791 99
1757668343962 80.39869527518051 100
1757668344051 79.82078587754141 101
1757668344137 79.24731886571878 102
1757668344226 78.67825926558533 103
1757668344320 78.11357238187306 104
1757668344415 77.55322379593542 105
1757668344509 76.99717936352718 106
1757668344608 76.4454052126023 107
1757668344704 75.89786774112957 108
1757668344797 75.35453361492583 109
1757668344892 74.81536976550646 110
1757668344988 74.28034338795354 111
1757668345096 73.74942193880075 112
1757668345197 73.22257313393565 113
1757668345303 72.69976494651863 114
1757668345403 72.18096560491871 115
1757668345500 71.66614359066594 116
1757668345626 71.15526763642038 117
1757668345732 70.64830672395712 118
1757668345833 70.14523008216803 119
1757668345929 69.64600718507903 120
1757668346020 69.15060774988379 121
1757668346115 68.65900173499298 122
1757668346217 68.17115933809944 123
1757668346315 67.68705099425858 124
1757668346415 67.20664737398471 125
1757668346518 66.72991938136224 126
1757668346617 66.25683815217236 127
1757668346715 65.78737505203482 128
1757668346814 65.32150167456439 129
1757668346910 64.85918983954244 130
1757668347007 64.40041159110321 131
1757668347107 63.94513919593451 132
1757668347204 63.49334514149298 133
1757668347307 63.04500213423388 134
1757668347406 62.60008309785484 135
1757668347508 62.158561171554 136
1757668347618 61.720409708302014 137
1757668347718 61.28560227312799 138
1757668347824 60.85411264141932 139
1757668347929 60.42591479723502 140
1757668348018 60.000982931632876 141
1757668348116 59.57929144100983 142
1757668348213 59.16081492545582 143
1757668348313 58.74552818712091 144
1757668348409 58.33340622859548 145
1757668348504 57.92442425130349 146
1757668348605 57.518557653908665 147
1757668348702 57.115782030733634 148
1757668348800 56.71607317019142 149
1757668348897 56.31940705323004 150
1757668348995 55.92575985178921 151
1757668349100 55.53510792726977 152
1757668349198 55.1474278290153 153
1757668349309 54.76269629280575 154
1757668349410 54.38089023936368 155
1757668349510 54.001986772871994 156
1757668349606 53.62596317950398 157
1757668349706 53.25279692596494 158
1757668349808 52.88246565804575 159
1757668349907 52.514947199187866 160
1757668349998 52.15021954906 161
1757668350090 51.78826088214622 162
1757668350204 51.42904954634538 163
1757668350303 51.07256406158188 164
1757668350403 50.718783118427545 165
1757668350503 50.36768557673458 166
1757668350604 50.01925046427958 167
1757668350703 49.673456975418425 168
1757668350807 49.330284469751966 169
1757668350908 48.989712470802516 170
1757668351005 48.651720664700875 171
1757668351105 48.31628889888404 172
1757668351203 47.9833971808033 173
1757668351301 47.6530256766428 174
1757668351402 47.32515471004831 175
1757668351499 46.999764760866306 176
1757668351598 46.67683646389318 177
1757668351695 46.356350607634475 178
1757668351792 46.03828813307415 179
1757668351890 45.72263013245366 180
1757668351986 45.409357848060964 181
1757668352076 45.09845267102921 182
1757668352171 44.789896140145046 183
1757668352271 44.483669940666616 184
1757668352378 44.179755903150955 185
1757668352483 43.87813600229094 186
1757668352585 43.5787923557614 187
1757668352688 43.28170722307475 188
1757668352793 42.9868630044456 189
1757668352899 42.694242239664696 190
1757668352999 42.40382760698169 191
1757668353101 42.11560192199715 192
1757668353197 41.82954813656324 193
1757668353297 41.54564933769343 194
1757668353401 41.26388874648084 195
1757668353498 40.98424971702534 196
1757668353599 40.706715735369315 197
1757668353702 40.431270418441855 198
1757668353798 40.15789751301159 199
1757668353904 39.88658089464786 200
1757668354004 39.617304566690215 201
1757668354097 39.35005265922627 202
1757668354194 39.08480942807774 203
1757668354294 38.82155925379464 204
1757668354399 38.56028664065749 205
1757668354502 38.30097621568767 206
1757668354604 38.04361272766572 207
1757668354703 37.78818104615735 208
1757668354805 37.534666160547545 209
1757668354903 37.283053179082216 210
1757668355001 37.033327327917675 211
1757668355103 36.7854739501777 212
1757668355207 36.539478505018224 213
1757668355322 36.29532656669946 214
1757668355425 36.053003823665584 215
1757668355524 35.812496077631735 216
1757668355623 35.5737892426784 217
1757668355727 35.33686934435306 218
1757668355837 35.101722518779056 219
1757668355937 34.868335011771606 220
1757668356035 34.63669317796098 221
1757668356129 34.40678347992258 222
1757668356223 34.17859248731426 223
1757668356323 33.95210687602028 224
1757668356426 33.727313427302406 225
1757668356528 33.504199026957636 226
1757668356630 33.2827506644828 227
1757668356730 33.06295543224581 228
1757668356834 32.84480052466366 229
1757668356941 32.628273237386956 230
1757668357044 32.413360966491 231
1757668357144 32.200051207673326 232
1757668357244 31.98833155545793 233
1757668357346 31.778189702405488 234
1757668357449 31.569613438330297 235
1757668357550 31.36259064952326 236
1757668357650 31.15710931798125 237
1757668357753 30.95315752064262 238
1757668357874 30.750723428628802 239
1757668357976 30.54979530649211 240
1757668358076 30.350361511469487 241
1757668358171 30.152410492742284 242
1757668358273 29.955930790702016 243
1757668358375 29.76091103622193 244
1757668358477 29.567339949934507 245
1757668358580 29.375206341514765 246
1757668358683 29.184499108969206 247
1757668358785 28.99520723793067 248
1757668358884 28.80731980095865 249
1757668358986 28.620825956845344 250
1757668359088 28.435714949927263 251
1757668359189 28.251976109402342 252
1757668359292 28.06959884865259 253
1757668359392 27.88857266457206 254
1757668359497 27.708887136900387 255
1757668359601 27.530531927561494 256
1757668359707 27.353496780007774 257
1757668359809 27.177771518569422 258
1757668359910 27.003346047809053 259
1757668360014 26.83021035188146 260
1757668360113 26.658354493898532 261
1757668360208 26.48776861529932 262
1757668360299 26.318442935225043 263
1757668360394 26.150367749899235 264
1757668360493 25.98353343201279 265
1757668360595 25.817930430113975 266
1757668360698 25.65354926800332 267
1757668360804 25.490380544133405 268
1757668360903 25.328414931013413 269
1757668361005 25.16764317461853 270
1757668361107 25.008056093803965 271
1757668361214 24.849644579723854 272
1757668361309 24.692399595254603 273
1757668361412 24.536312174423134 274
1757668361517 24.381373421839424 275
1757668361622 24.227574512133852 276
1757668361725 24.07490668939888 277
1757668361830 23.92336126663533 278
1757668361929 23.77292962520303 279
1757668362029 23.62360321427594 280
1757668362126 23.47537355030156 281
1757668362220 23.328232216464784 282
1757668362313 23.182170862155964 283
1757668362417 23.03718120244327 284
1757668362524 22.893255017549293 285
1757668362631 22.7503841523319 286
1757668362730 22.608560515769113 287
1757668362831 22.46777608044828 288
1757668362940 22.328022882059233 289
1757668363043 22.189293018891544 290
1757668363143 22.051578651335863 291
1757668363243 21.914872001389178 292
1757668363352 21.779165352164103 293
1757668363453 21.64445104740206 294
1757668363558 21.51072149099039 295
1757668363663 21.377969146483334 296
1757668363767 21.246186536626876 297
1757668363872 21.115366242887347 298
1757668363967 20.98550090498386 299
1757668364051 20.856583220424476 300
1757668364140 20.728605944046052 301
1757668364236 20.60156188755784 302
1757668364331 20.475443919088754 303
1757668364427 20.350244962738184 304
1757668364520 20.225957998130497 305
1757668364616 20.102576059973064 306
1757668364719 19.98009223761784 307
1757668364817 19.85849967462646 308
1757668364918 19.737791568338864 309
1757668365027 19.617961169445273 310
1757668365131 19.499001781561738 311
1757668365259 19.380906760808962 312
1757668365380 19.263669515394596 313
1757668365486 19.14728350519883 314
1757668365592 19.03174224136331 315
1757668365694 18.91703928588338 316
1757668365798 18.80316825120356 317
1757668365905 18.690122799816304 318
1757668366009 18.577896643863888 319
1757668366113 18.466483544743657 320
1757668366206 18.355877312716206 321
1757668366311 18.24607180651693 322
1757668366420 18.137060932970524 323
1757668366520 18.028838646608637 324
1757668366624 17.92139894929063 325
1757668366729 17.814735889827258 326
1757668366835 17.708843563607488 327
1757668366946 17.60371611222825 328
1757668367054 17.499347723127133 329
1757668367159 17.3957326292181 330
1757668367262 17.29286510853002 331
1757668367371 17.1907394838482 332
1757668367475 17.089350122358717 333
1757668367581 16.988691435295618 334
1757668367690 16.888757877590947 335
1757668367798 16.789543947527633 336
1757668367911 16.691044186395015 337
1757668368013 16.59325317814728 338
1757668368117 16.496165549064543 339
1757668368214 16.39977596741672 340
1757668368311 16.304079143129975 341
1757668368413 16.209069827455984 342
1757668368520 16.114742812643716 343
1757668368625 16.0210929316139 344
1757668368728 15.928115057636157 345
1757668368831 15.83580410400859 346
1757668368937 15.744155023740053 347
1757668369039 15.653162809234901 348
1757668369145 15.562822491980313 349
1757668369249 15.473129142236038 350
1757668369353 15.384077868726738 351
1757668369457 15.29566381833668 352
1757668369561 15.207882175806956 353
1757668369661 15.120728163435082 354
1757668369769 15.034197040777029 355
1757668369872 14.94828410435163 356
1757668369980 14.862984687347334 357
1757668370087 14.778294159331335 358
1757668370186 14.694207925961004 359
1757668370280 14.610721428697662 360
1757668370377 14.527830144522634 361
1757668370490 14.445529585655535 362
1757668370595 14.36381529927488 363
1757668370695 14.282682867240858 364
1757668370798 14.202127905820406 365
1757668370905 14.12214606541438 366
1757668371012 14.042733030287033 367
1757668371114 13.963884518297538 368
1757668371220 13.885596280633738 369
1757668371332 13.807864101548002 370
1757668371444 13.73068379809517 371
1757668371548 13.654051219872633 372
1757668371654 13.577962248762498 373
1757668371760 13.502412798675781 374
1757668371864 13.42739881529863 375
1757668371973 13.352916275840645 376
1757668372077 13.278961188785173 377
1757668372180 13.205529593641591 378
1757668372274 13.132617560699575 379
1757668372376 13.060221190785358 380
1757668372480 12.988336615019907 381
1757668372588 12.916959994579061 382
1757668372692 12.846087520455546 383
1757668372794 12.775715413222956 384
1757668372903 12.705839922801577 385
1757668373008 12.636457328226056 386
1757668373118 12.567563937415 387
1757668373228 12.499156086942369 388
1757668373333 12.431230141810724 389
1757668373438 12.363782495226266 390
1757668373548 12.296809568375652 391
1757668373659 12.230307810204653 392
1757668373785 12.164273697198546 393
1757668373895 12.09870373316428 394
1757668374004 12.03359444901432 395
1757668374109 11.968942402552335 396
1757668374218 11.904744178260485 397
1757668374312 11.840996387088463 398
1757668374416 11.777695666244242 399
1757668374523 11.714838678986448 400
1757668374627 11.652422114418385 401
1757668374733 11.5904426872838 402
1757668374842 11.52889713776414 403
1757668374949 11.46778223127755 404
1757668375056 11.407094758279417 405
1757668375163 11.346831534064487 406
1757668375279 11.286989398570656 407
1757668375388 11.227565216184209 408
1757668375492 11.1685558755467 409
1757668375603 11.109958289363357 410
1757668375712 11.05176939421299 411
1757668375828 10.993986150359412 412
1757668375937 10.93660554156445 413
1757668376047 10.879624574902328 414
1757668376157 10.823040280575656 415
1757668376262 10.766849711732734 416
1757668376360 10.71104994428651 417
1757668376461 10.655638076734814 418
1757668376564 10.600611229982087 419
1757668376672 10.54596654716258 420
1757668376779 10.49170119346492 421
1757668376884 10.437812355958034 422
1757668376991 10.384297243418555 423
1757668377097 10.331153086159535 424
1757668377205 10.278377135860566 425
1757668377312 10.225966665399236 426
1757668377418 10.173918968683918 427
1757668377528 10.122231360487943 428
1757668377639 10.070901176285027 429
1757668377744 10.01992577208608 430
1757668377863 9.969302524277266 431
1757668377976 9.91902882945936 432
1757668378083 9.869102104288464 433
1757668378194 9.81951978531786 434
1757668378298 9.770279328841228 435
1757668378397 9.721378210737074 436
1757668378505 9.672813926314433 437
1757668378632 9.624583990159731 438
1757668378739 9.576685935984951 439
1757668378846 9.529117316476961 440
1757668378958 9.481875703148077 441
1757668379064 9.434958686187748 442
1757668379173 9.388363874315532 443
1757668379280 9.342088894635147 444
1757668379393 9.296131392489723 445
1757668379496 9.250489031318258 446
1757668379608 9.205159492513106 447
1757668379716 9.160140475278704 448
1757668379823 9.115429696491374 449
1757668379931 9.071024890560269 450
1757668380042 9.026923809289398 451
1757668380146 8.98312422174076 452
1757668380276 8.939623914098606 453
1757668380377 8.896420689534725 454
1757668380487 8.853512368074838 455
1757668380591 8.810896786466053 456
1757668380696 8.768571798045375 457
1757668380811 8.726535272609263 458
1757668380921 8.684785096284214 459
1757668381029 8.643319171398405 460
1757668381139 8.602135416354315 461
1757668381245 8.561231765502425 462
1757668381355 8.520606169015865 463
1757668381467 8.480256592766084 464
1757668381574 8.440181018199514 465
1757668381682 8.40037744221521 466
1757668381795 8.360843877043473 467
1757668381907 8.321578350125401 468
1757668382020 8.28257890399348 469
1757668382131 8.243843596153038 470
1757668382242 8.205370498964692 471
1757668382341 8.167157699527735 472
1757668382446 8.1292032995644 473
1757668382554 8.09150541530514 474
1757668382662 8.054062177374693 475
1757668382772 8.016871730679185 476
1757668382879 7.979932234294038 477
1757668382989 7.943241861352809 478
1757668383096 7.90679879893692 479
1757668383201 7.870601247966233 480
1757668383310 7.834647423090539 481
1757668383417 7.798935552581868 482
1757668383523 7.76346387822769 483
1757668383629 7.72823065522493 484
1757668383736 7.693234152074884 485
1757668383843 7.658472650478907 486
1757668383950 7.623944445234965 487
1757668384060 7.589647844134988 488
1757668384171 7.555581167863102 489
1757668384297 7.521742749894557 490
1757668384397 7.488130936395587 491
1757668384498 7.454744086123957 492
1757668384607 7.421580570330385 493
1757668384715 7.388638772660673 494
1757668384824 7.355917089058696 495
1757668384932 7.323413927670081 496
1757668385041 7.291127708746729 497
1757668385153 7.259056864552024 498
1757668385269 7.227199839266857 499
