1757651883861 0.011832162477959419 0
1757651883974 0.5935287396452698 1
1757651884122 0.20659616485755652 2
1757651884244 0.021786288705962355 3
1757651884359 0.12905780312246393 4
1757651884471 4.122308698836011 5
1757651884581 3.633025751603507 6
1757651884688 0.069710807308065 7
1757651884795 0.02876634646491322 8
1757651884905 4.681101421665628 9
1757651885045 6.044128082385201 10
1757651885202 0.4587159973922467 11
1757651885310 2.6275090516394948 12
1757651885421 1.7457940787294586 13
1757651885529 0.08015906958391457 14
1757651885638 2.2471981474258764 15
1757651885746 0.062463750756958064 16
1757651885855 0.7743259300687054 17
1757651885964 2.5647352503212426 18
1757651886071 0.19820714652144328 19
1757651886179 0.6187453345529463 20
1757651886288 1.9239609998734677 21
1757651886398 0.18641372114491395 22
1757651886507 0.08617023353899564 23
1757651886614 0.5499983505902778 24
1757651886723 3.3363855461775316 25
1757651886836 0.42840627402870557 26
1757651886949 0.747585592523957 27
1757651887061 0.18823063959532546 28
1757651887169 0.4128967052107093 29
1757651887278 1.0699516244336678 30
1757651887390 0.0911503518269517 31
1757651887502 0.5855794426322254 32
1757651887615 0.22676839274508923 33
1757651887725 0.0896202039952639 34
1757651887836 5.0087025365168194e-05 35
1757651887950 0.619514924849641 36
1757651888065 2.0412104592348177 37
1757651888172 2.630135137344076 38
1757651888283 1.8782284879179274 39
1757651888395 0.3577123134673152 40
1757651888510 0.015036732751990736 41
1757651888624 0.002525665595640258 42
1757651888740 0.2890242077843868 43
1757651888855 0.42552203679391454 44
1757651888967 1.7838241537013841 45
1757651889079 0.00013146840934022066 46
1757651889190 0.004305437355404325 47
1757651889300 0.09386662722389694 48
1757651889410 0.54460025129295 49
1757651889522 0.6767263444872401 50
1757651889636 0.18278859589270546 51
1757651889746 7.734455874334904 52
1757651889857 3.376889490068241 53
1757651889972 0.621459945821068 54
1757651890086 0.916333642422604 55
1757651890196 5.70357804862024 56
1757651890307 0.049172890981464594 57
1757651890419 0.8409846992764489 58
1757651890529 0.04147806387257354 59
1757651890640 0.4178338494490733 60
1757651890751 0.4782521371785375 61
1757651890863 1.2094359712128098 62
1757651890980 0.7826922203957563 63
1757651891090 0.11728660670855726 64
1757651891201 0.33745860015876816 65
1757651891312 1.2343696849104044 66
1757651891433 0.0007125157347143402 67
1757651891554 1.3020869154248325 68
1757651891674 0.005757339587714044 69
1757651891793 0.20152784481345368 70
1757651891911 0.07324362681882579 71
1757651892029 0.17671707949471543 72
1757651892147 0.10555701121638589 73
1757651892265 0.756610037149523 74
1757651892387 0.5562040824230698 75
1757651892507 1.182496882544201 76
1757651892627 1.5459498509138676 77
1757651892746 7.434063841975798 78
1757651892859 0.02590724518669708 79
1757651892978 0.25782318792447684 80
1757651893096 1.349289128826855 81
1757651893214 0.16594410554565778 82
1757651893331 0.03402137361299147 83
1757651893450 1.1853881117484635 84
1757651893570 0.0934993229307928 85
1757651893690 0.3833848507570857 86
1757651893810 0.903062026506405 87
1757651893929 0.21141171735749503 88
1757651894047 1.2894480533866166 89
1757651894164 9.695961630820369 90
1757651894282 3.084569352860649 91
1757651894402 4.209664248604025 92
1757651894522 8.050339220241836 93
1757651894639 1.971758559614901 94
1757651894757 1.2998481312099264 95
1757651894874 3.458942546728775 96
1757651894987 0.974891943580882 97
1757651895101 2.434441210860749 98
1757651895213 0.13741901904590004 99
1757651895324 2.9876055414056237 100
1757651895435 0.0862852521466665 101
1757651895553 1.1245486462217442 102
1757651895684 3.423945816910875 103
1757651895796 0.45330682622651514 104
1757651895910 0.18777438481280712 105
1757651896034 2.161522624337026 106
1757651896164 0.14268413583401346 107
1757651896275 9.758893163449056 108
1757651896387 5.032577743700567 109
1757651896498 0.01850190097185798 110
1757651896610 0.06458725178279978 111
1757651896722 0.19200507284934346 112
1757651896833 0.11567163427162222 113
1757651896946 5.995750293601802 114
1757651897057 1.0801372086651033 115
1757651897175 0.23124175264332347 116
1757651897286 2.9657622651716253 117
1757651897396 0.35266758949901084 118
1757651897506 0.055323300205606926 119
1757651897618 0.010730257489402003 120
1757651897728 1.7730664270073502 121
1757651897840 1.719764374037722 122
1757651897953 0.913238648026484 123
1757651898067 0.3837714511672964 124
1757651898180 0.6188013994091788 125
1757651898292 0.4018097358389521 126
1757651898406 0.1377944646256097 127
1757651898518 0.5525159345392553 128
1757651898629 0.36723365786021417 129
1757651898741 1.2718884835802446 130
1757651898851 1.00764770631127 131
1757651898964 0.1335974645274533 132
1757651899073 0.5911584790703267 133
1757651899184 0.13542710415180914 134
1757651899294 0.9059299926762242 135
1757651899409 0.44023481493626804 136
1757651899527 0.03048891039474958 137
1757651899646 1.408422105499175 138
1757651899760 0.1464158920556348 139
1757651899875 0.022474213815971405 140
1757651899986 1.5155399245563999 141
1757651900098 2.641169361272019 142
1757651900207 0.4979527484330695 143
1757651900320 0.1591029791750262 144
1757651900431 0.11557548324187626 145
1757651900542 0.6995126587600147 146
1757651900653 18.422771201667075 147
1757651900771 0.6833588925351455 148
1757651900887 0.494497462434489 149
1757651901006 0.49726667860141227 150
1757651901119 2.1866557125907864 151
1757651901230 0.22328252362351564 152
1757651901340 0.45800406572648306 153
1757651901451 7.810572851925551 154
1757651901562 0.42696789604806956 155
1757651901674 0.45565106460829535 156
1757651901787 0.5367848785944538 157
1757651901899 3.3830058933110103 158
1757651902014 0.9780229215518141 159
1757651902123 1.125821134973251 160
1757651902234 0.4622841240817334 161
1757651902344 1.596287439834133 162
1757651902454 0.8971315277866966 163
1757651902566 0.03621147310608668 164
1757651902674 0.00026708553622024217 165
1757651902787 0.3632209119329405 166
1757651902906 7.866568957437931 167
1757651903021 1.2855102058442889 168
1757651903136 0.14828088842017167 169
1757651903254 0.7153390855967274 170
1757651903369 0.4573522165945194 171
1757651903479 0.042269582682563894 172
1757651903593 0.08159159395739603 173
1757651903709 0.4874062452802335 174
1757651903820 0.0791736361309733 175
1757651903930 6.6431293783322145 176
1757651904045 0.911169178243661 177
1757651904157 6.7845206548089925 178
1757651904269 0.9744342734743197 179
1757651904381 1.49429197858591 180
1757651904494 0.06127885866366979 181
1757651904605 1.8432104957437911 182
1757651904715 0.14746493224315563 183
1757651904824 1.6403494393542073 184
1757651904934 1.5243136507309971 185
1757651905045 0.20068324168337212 186
1757651905155 0.24627756086661812 187
1757651905265 0.535893815236507 188
1757651905377 3.5983203736359064 189
1757651905488 0.8627712259093507 190
1757651905597 1.623746107595334 191
1757651905710 0.34804665300724513 192
1757651905820 0.55574212411551 193
1757651905931 0.12761353138659295 194
1757651906045 0.1285815607142996 195
1757651906156 4.268106237753487 196
1757651906268 1.3414558970856503 197
1757651906381 1.9355160951251065 198
1757651906492 0.09542446238330428 199
1757651906603 0.10298892232206665 200
1757651906716 0.9294431229785225 201
1757651906829 0.10975662921243212 202
1757651906948 0.4541935172911068 203
1757651907060 0.2226347370724244 204
1757651907172 0.007041411180365495 205
1757651907284 0.1826901761411415 206
1757651907396 0.034448495628530654 207
1757651907508 1.150020558235791 208
1757651907619 0.3885412336982857 209
1757651907733 2.406533698626717 210
1757651907846 0.05266105692393896 211
1757651907958 0.18062353841697867 212
1757651908072 0.5736098609042526 213
1757651908184 5.05724675239713 214
1757651908300 0.41956017209108254 215
1757651908412 0.04564252268974544 216
1757651908527 0.06280394362685891 217
1757651908649 2.7657912182435527 218
1757651908776 1.7112193142459933 219
1757651908892 0.1654065893879513 220
1757651909012 0.29321160445840416 221
1757651909126 0.7185863821103711 222
1757651909242 0.6192824020490607 223
1757651909355 1.0341729557722454 224
1757651909470 0.731677866364729 225
1757651909584 0.15406400005034732 226
1757651909697 0.26994806827368933 227
1757651909811 4.720285030746608 228
