1757430800667 42.436525999729014 0
1757430800773 45.15339578470218 1
1757430800889 26.791973572590837 2
1757430800999 1.6906804285524089 3
1757430801108 5.200540102812424 4
1757430801220 20.28490757966439 5
1757430801336 11.203065580258718 6
1757430801444 20.099921567637107 7
1757430801551 19.101411079674158 8
1757430801656 46.81539391280899 9
1757430801766 12.712669331110735 10
1757430801876 34.8414496765071 11
1757430801984 92.83092404962345 12
1757430802096 55.39393120079222 13
1757430802202 4.284151114347966 14
1757430802315 5.720421237599146 15
1757430802421 45.98151187402655 16
1757430802531 26.9654924326463 17
1757430802640 42.67184799176324 18
1757430802750 12.069639581403685 19
1757430802856 45.893194437693396 20
1757430802962 46.935457664047846 21
1757430803136 45.446954047847704 22
1757430803255 48.01591261141574 23
1757430803382 18.006560775290154 24
1757430803491 15.350199227849298 25
1757430803600 70.92626344884421 26
1757430803707 3.844135340440026 27
1757430803818 16.842890759677733 28
1757430803928 44.439781399402534 29
1757430804037 27.61087941505006 30
1757430804143 8.958301658460588 31
1757430804251 2.022176264262253 32
1757430804359 21.042558821733067 33
1757430804467 20.46266945665791 34
1757430804576 23.300442213053262 35
1757430804685 5.420611834925833 36
1757430804792 1.9336428032197004 37
1757430804901 64.25098859226068 38
1757430805008 9.35176693677935 39
1757430805117 27.00431409418081 40
1757430805225 54.02645572792627 41
1757430805334 62.12242042207548 42
1757430805440 24.531036429006846 43
1757430805548 43.574866748010095 44
1757430805656 2.4892588451619138 45
1757430805765 31.589745246053027 46
1757430805871 6.894003255267465 47
1757430805978 3.4492057292835243 48
1757430806086 33.63708578927534 49
1757430806196 10.154659486387413 50
1757430806309 26.45411698877724 51
1757430806418 54.32693383177484 52
1757430806528 9.584930447932694 53
1757430806640 33.195796254323966 54
1757430806757 37.229497787095966 55
1757430806879 51.15622720251764 56
1757430806995 0.009342985280358616 57
1757430807116 73.41570209567011 58
1757430807233 38.01070852957352 59
1757430807350 10.234545890900591 60
1757430807468 30.992606319838018 61
1757430807587 38.776677073892664 62
1757430807702 7.288185898588187 63
1757430807819 11.727998201414971 64
1757430807935 1.7379459296526356 65
1757430808051 45.069955036879 66
1757430808167 1.4015752991155426 67
1757430808277 42.387060856620636 68
1757430808396 36.59529992234106 69
1757430808507 38.380083784859934 70
1757430808614 24.719352328789228 71
1757430808720 69.53840367269197 72
1757430808828 38.54811739881413 73
1757430808935 22.97360082885391 74
1757430809045 27.6593767114561 75
1757430809156 74.23725528521273 76
1757430809263 29.730037551737407 77
1757430809376 11.701838394585671 78
1757430809493 18.185857604320788 79
1757430809607 5.268793596655983 80
1757430809719 30.113363029512772 81
1757430809830 12.31607553265295 82
1757430809947 9.931600359817976 83
1757430810057 21.854823726509288 84
1757430810176 23.27229350751686 85
1757430810294 10.390109647498514 86
1757430810413 2.4529525277443627 87
1757430810528 9.657927567083311 88
1757430810649 22.60131424969207 89
1757430810765 2.659057202586549 90
1757430810880 19.518829850417077 91
1757430810996 6.379655632725053 92
1757430811115 33.72883790576088 93
1757430811230 42.51515739019794 94
1757430811350 5.985643567948283 95
1757430811467 21.287206185358833 96
1757430811579 4.086863539414508 97
1757430811686 17.04721395301233 98
1757430811799 28.783694486079092 99
1757430811910 24.311075090613887 100
1757430812019 90.3317829560953 101
1757430812129 6.544884587051589 102
1757430812242 40.92643339757746 103
1757430812371 11.256509444124365 104
1757430812488 71.89778861092796 105
1757430812623 35.9548495735218 106
1757430812756 13.613395005562024 107
1757430812873 21.385960520921003 108
1757430812991 11.680264284512532 109
1757430813110 30.862278800282226 110
1757430813226 51.66829256533429 111
1757430813345 32.162843386201736 112
1757430813468 46.56628918619944 113
1757430813588 34.51411629312373 114
1757430813704 24.091005652906095 115
1757430813824 31.605676875080523 116
1757430813939 10.321035859852422 117
1757430814056 93.83764776505325 118
1757430814172 7.91684853042531 119
1757430814290 35.74791928256211 120
1757430814411 16.340858526351045 121
1757430814527 17.519359028429783 122
1757430814641 6.112521430013316 123
1757430814750 33.42967633305883 124
1757430814860 25.16118747939864 125
1757430814969 3.2285126268620994 126
1757430815077 63.4518853693059 127
1757430815186 22.885031710063963 128
1757430815294 36.98134287352271 129
1757430815403 4.783048597734037 130
1757430815518 20.5531497531289 131
1757430815627 10.842202287440237 132
1757430815737 15.603570999305438 133
1757430815846 104.60191088889138 134
1757430815955 49.05794852737503 135
1757430816065 90.30273983983028 136
1757430816176 11.702167639662388 137
1757430816285 1.4270127185252202 138
1757430816394 17.2653184763364 139
1757430816505 21.26241944841043 140
1757430816617 2.1017231742078386 141
1757430816725 51.41490346674992 142
1757430816836 27.442159884052924 143
1757430816944 10.252399138786332 144
1757430817054 23.798395647129166 145
1757430817163 76.78614821810127 146
1757430817275 7.024157819782991 147
1757430817390 70.0571264491697 148
1757430817512 8.40590417827164 149
1757430817629 14.323265754444895 150
1757430817745 43.07849265882439 151
1757430817861 0.3949147135397588 152
1757430817975 41.62530165768813 153
1757430818093 28.769082992548018 154
1757430818209 77.03107090455484 155
1757430818325 28.634011943203987 156
1757430818444 6.359702434235567 157
1757430818560 17.08841521668975 158
1757430818676 12.326005593105677 159
1757430818790 10.443107306314765 160
1757430818908 29.767934482480715 161
1757430819022 8.969894874122293 162
1757430819138 15.066737935935393 163
1757430819253 48.553586434049265 164
1757430819363 37.40029419548408 165
1757430819479 39.87482805897008 166
1757430819595 10.42578057268059 167
1757430819709 11.642722771767549 168
1757430819821 48.50595006683058 169
1757430819936 26.661643679912903 170
1757430820051 3.30745554219461 171
1757430820161 34.80687394711432 172
1757430820281 6.6222985197091555 173
1757430820390 4.458409044936763 174
1757430820506 18.896435320286102 175
1757430820623 7.460265687938199 176
1757430820735 12.819378131088445 177
1757430820846 66.73021945589015 178
1757430820956 0.9753649845082731 179
1757430821064 18.809310211114155 180
1757430821180 11.74493371329431 181
1757430821294 3.33775214943762 182
1757430821404 39.86324505530086 183
1757430821517 79.83217720635038 184
1757430821627 19.57721277940261 185
1757430821737 5.801341561176324 186
1757430821848 45.87948373671784 187
1757430821958 21.567088553607473 188
1757430822070 43.00478359641111 189
1757430822183 7.921524214440922 190
1757430822294 9.351497930749542 191
1757430822405 31.93284622405361 192
1757430822517 42.49723867056024 193
1757430822628 7.331941267044309 194
1757430822749 8.174746639942667 195
1757430822861 3.06961920041493 196
1757430822977 20.25649795386217 197
1757430823087 43.93313565118513 198
1757430823200 18.420717650126115 199
1757430823311 52.09364802395122 200
1757430823422 53.796705847946605 201
1757430823535 21.909089942145528 202
1757430823646 55.938727364105326 203
1757430823756 49.92424665207413 204
1757430823867 20.719278684279228 205
1757430823978 23.994188346121238 206
1757430824089 31.336830925388735 207
1757430824203 5.816217361967307 208
1757430824313 37.79347882888007 209
1757430824425 66.5346627943851 210
1757430824538 44.00852853951354 211
1757430824649 78.49087884870865 212
1757430824758 83.4429196648957 213
1757430824867 14.324870311970415 214
1757430824976 26.95125597232972 215
1757430825084 1.3126184946874362 216
1757430825192 28.595253613739274 217
1757430825300 32.91666409670143 218
1757430825409 76.6935888324201 219
1757430825522 22.54392144111395 220
1757430825634 11.482763210817398 221
1757430825748 15.701042585300952 222
1757430825857 52.912223339788675 223
1757430825969 9.69391149907072 224
1757430826081 2.470270872149156 225
1757430826194 43.783597045630806 226
1757430826307 21.67085374209624 227
1757430826418 41.234830298449275 228
1757430826530 27.990111095664215 229
1757430826640 10.299686966108904 230
1757430826753 15.336105956654066 231
1757430826863 63.666109006047996 232
1757430826976 24.056458836515223 233
1757430827086 0.4300531545682205 234
1757430827197 25.84552492281577 235
1757430827318 10.263987400353097 236
1757430827428 32.378372835753126 237
1757430827541 14.88652315015612 238
1757430827656 20.46995379864166 239
1757430827774 30.11572123875756 240
1757430827893 9.544811126732894 241
1757430828016 21.408720797039123 242
1757430828134 6.0386143223772155 243
1757430828256 11.945018335410703 244
1757430828375 1.9201082633433038 245
1757430828492 32.23222881724937 246
1757430828606 15.95538444851516 247
1757430828720 60.6337451301355 248
1757430828834 0.25600051527825296 249
1757430828950 76.60367207463179 250
1757430829073 63.84338404686055 251
1757430829187 40.7644450806212 252
1757430829299 27.59548835311316 253
1757430829413 2.954855373854871 254
1757430829524 21.8662543312618 255
1757430829646 16.534826030661097 256
1757430829758 16.092247037705153 257
1757430829874 15.151267805821377 258
1757430829987 51.87346522726199 259
1757430830100 42.74411349498929 260
1757430830222 6.9830297632137865 261
1757430830344 4.664968453007158 262
1757430830458 4.984313751139784 263
1757430830574 2.4664743369067437 264
1757430830687 31.38564545852651 265
1757430830801 1.5158306697460953 266
1757430830918 17.181502047069063 267
1757430831029 6.975762587836925 268
1757430831144 43.27092308182797 269
1757430831264 18.303244481476444 270
1757430831380 8.521592476828227 271
1757430831492 20.434468034905166 272
1757430831605 56.745536021552276 273
1757430831719 2.837295163027893 274
1757430831832 12.588448668898183 275
1757430831945 22.669988306141892 276
1757430832060 6.593781689930802 277
1757430832174 20.167105814490927 278
1757430832289 24.33601925384868 279
1757430832402 10.830432244781312 280
1757430832517 35.740169263586104 281
1757430832632 1.4304237679062406 282
1757430832749 11.148787315177934 283
1757430832859 14.89761798605257 284
1757430832972 53.62189961790079 285
1757430833083 40.515865286111925 286
1757430833194 65.98281473396702 287
1757430833306 1.6682763102329368 288
1757430833421 18.931342840132757 289
1757430833535 66.47248385860465 290
1757430833652 57.41843871876943 291
1757430833764 30.803444194648424 292
1757430833877 52.622470756117664 293
1757430833988 21.38444467886897 294
1757430834104 20.276624470919526 295
1757430834216 92.42246559612545 296
1757430834332 2.743974090116961 297
1757430834449 33.14286687586557 298
1757430834566 12.121513120425556 299
1757430834685 14.616558394126486 300
1757430834802 44.28535797922482 301
1757430834924 37.159708558053886 302
1757430835041 49.51525918028143 303
1757430835155 0.022760895671522147 304
1757430835269 5.756378006466545 305
1757430835380 36.16636404286617 306
1757430835492 67.4142000733369 307
1757430835607 0.46044627182166414 308
1757430835729 8.630756735195202 309
1757430835851 30.641711130551105 310
1757430835969 5.217483253793359 311
1757430836086 0.0073172315003344895 312
1757430836204 2.4919768219249785 313
1757430836319 31.540473472447342 314
1757430836438 78.9885476569396 315
1757430836556 37.71028358469666 316
1757430836675 7.716151928320494 317
1757430836794 10.18202060882409 318
1757430836909 3.1071001071754782 319
1757430837028 8.017139783579593 320
1757430837147 73.01814687477504 321
1757430837263 3.3244319768863853 322
1757430837382 17.412423724658215 323
1757430837496 29.967540652296616 324
1757430837618 34.83268632863187 325
1757430837741 13.3419374717461 326
1757430837889 24.77224228494317 327
1757430838018 34.78914946836703 328
1757430838144 30.72297678484998 329
1757430838266 44.21393540401144 330
1757430838391 44.63673295126068 331
1757430838516 30.058724191341348 332
1757430838636 10.613149024533614 333
1757430838753 38.959036001155894 334
1757430838867 33.20557697117419 335
1757430838982 10.240606763311753 336
1757430839093 15.90992376850321 337
1757430839205 5.591056287291672 338
1757430839318 14.827414919144344 339
1757430839432 53.79602172496798 340
1757430839547 25.772313827800293 341
1757430839666 46.02762454045581 342
1757430839780 2.6578047620959877 343
1757430839892 9.422348198886887 344
1757430840005 54.65706611342049 345
1757430840117 47.8490829425137 346
1757430840237 35.08732282100282 347
1757430840353 34.230654167266856 348
1757430840468 14.307203096165223 349
1757430840582 9.609111767473633 350
1757430840696 53.83914659482224 351
1757430840813 35.34858758687449 352
1757430840925 74.77410874874899 353
1757430841039 12.997275483678644 354
1757430841154 75.02956733759257 355
1757430841273 1.2179773510771983 356
1757430841397 20.70755718312227 357
1757430841514 34.96020845992759 358
1757430841635 23.40291463817905 359
1757430841758 38.60158197517085 360
1757430841880 93.25949703926722 361
1757430842000 83.53367070566428 362
1757430842120 32.667801987905044 363
1757430842243 12.0551249298462 364
1757430842363 20.357277590692938 365
1757430842485 0.04600478767576172 366
1757430842604 34.203494685139866 367
1757430842725 10.722736587978947 368
1757430842849 51.05281805260679 369
1757430842974 1.7599233925051887 370
1757430843100 18.23085186875606 371
1757430843227 12.245305948051765 372
1757430843350 9.999840305365522 373
1757430843474 16.36690929664518 374
1757430843598 30.527551898970852 375
1757430843722 0.0005961796625455932 376
1757430843846 8.438128201583392 377
1757430843967 10.032347018316639 378
1757430844089 42.71431331131495 379
1757430844206 23.692456713473657 380
1757430844326 2.0068139412549835 381
1757430844444 95.17141646581149 382
1757430844568 11.884599455513841 383
1757430844683 37.248573924209744 384
1757430844805 12.371583519952525 385
1757430844921 15.518153654455553 386
1757430845052 15.434766811622731 387
1757430845170 52.98969724486506 388
1757430845293 5.3083367666339925 389
1757430845410 51.84118176334703 390
1757430845531 10.268515762824697 391
1757430845649 1.1023999674310054 392
1757430845777 7.382165163534862 393
1757430845898 3.530363825824992 394
1757430846012 9.961056186584209 395
1757430846135 53.11363596213861 396
1757430846252 20.826867105049327 397
1757430846376 43.50737829411885 398
1757430846491 14.373803150046529 399
1757430846612 2.371605279244783 400
1757430846729 9.624183455969797 401
1757430846846 29.24587253974525 402
1757430846968 17.590100867793243 403
1757430847096 6.802608000538318 404
1757430847218 8.918305528256683 405
1757430847342 23.517352942840315 406
1757430847465 10.168775068301494 407
1757430847585 36.309968950575495 408
1757430847707 65.95001059185854 409
1757430847829 35.560302659845085 410
1757430847952 48.56696167656821 411
1757430848071 73.30092606352476 412
1757430848193 6.610781499365671 413
1757430848310 44.175422030018034 414
1757430848427 17.04272449070878 415
1757430848544 25.397544406704426 416
1757430848663 26.101222367560837 417
1757430848781 43.26579935835036 418
1757430848901 35.37964190719812 419
1757430849024 102.4999051792669 420
1757430849150 8.617470133959614 421
1757430849278 73.66125950372738 422
1757430849405 23.659422524509115 423
1757430849529 11.541420800944298 424
1757430849663 33.294191807208925 425
1757430849796 8.0061903855865 426
1757430849924 2.44648321929885 427
1757430850047 90.79755924416996 428
1757430850180 28.33256566898908 429
1757430850309 47.750116556830974 430
1757430850439 34.52465088235286 431
1757430850564 67.9931366561464 432
1757430850695 48.48251334979044 433
1757430850819 24.370479697186113 434
1757430850943 44.430801046016235 435
1757430851064 12.950474866083454 436
1757430851189 16.486170549473613 437
1757430851309 0.2068133634081462 438
1757430851434 10.295099627973366 439
1757430851558 31.442172087258076 440
1757430851678 86.76164373169941 441
1757430851806 56.353415105272994 442
1757430851928 38.75082842660068 443
1757430852054 16.768110447164478 444
1757430852174 53.5209687922428 445
1757430852302 37.04524110708448 446
1757430852428 21.301378004929752 447
1757430852548 14.9650694656416 448
1757430852676 0.4042864255549566 449
1757430852804 39.84113399320486 450
1757430852931 2.32516599965309 451
1757430853054 47.850505021616684 452
1757430853207 12.803210983456887 453
1757430853408 14.337680250065112 454
1757430853542 19.525701575835892 455
1757430853672 19.96937481836473 456
1757430853802 10.00563296468238 457
1757430853930 16.456323776290333 458
1757430854061 42.995207491902235 459
1757430854187 65.09013480361894 460
1757430854314 34.67594433040972 461
1757430854443 47.38911682639446 462
1757430854571 15.330277209573977 463
1757430854700 7.3588825563719995 464
1757430854821 32.73593678509636 465
1757430854937 19.29346925578863 466
1757430855054 31.701860915533103 467
1757430855172 68.09695919737798 468
1757430855289 14.93711423007558 469
1757430855405 21.64711242353103 470
1757430855522 41.23867335869936 471
1757430855638 1.6289223828703163 472
1757430855759 35.412727158546325 473
1757430855878 76.72310892596961 474
1757430855996 21.1117535740538 475
1757430856115 44.56470892278585 476
1757430856231 27.23708460152325 477
1757430856350 44.75613245802499 478
1757430856469 16.976961571678597 479
1757430856586 2.3526681761245447 480
1757430856704 18.504316497426437 481
1757430856822 26.95621696525612 482
1757430856938 72.95860349108173 483
1757430857055 12.743399544146849 484
1757430857172 44.14579640480043 485
1757430857286 6.519798367764963 486
1757430857448 3.805469782869529 487
1757430857558 34.44007526063957 488
1757430857671 70.8696545825752 489
1757430857789 24.84026348962587 490
1757430857906 1.2223257778657677 491
1757430858023 34.75480371437135 492
1757430858139 27.884145298663853 493
1757430858253 35.65007837873166 494
1757430858370 35.39296725946219 495
1757430858488 16.226152937107216 496
1757430858609 36.03624449653278 497
1757430858726 49.981532889829495 498
1757430858844 51.25293724707382 499
