1757436120713 133.64023924662976 0
1757436120800 79.11225195206845 1
1757436120888 37.52538508295623 2
1757436120976 39.68493294588293 3
1757436121063 42.21357919806715 4
1757436121151 15.927237782327477 5
1757436121239 17.456747573581005 6
1757436121331 13.87446574056951 7
1757436121424 2.189918575884724 8
1757436121514 17.501248983707722 9
1757436121603 1.2790257966972254 10
1757436121692 3.137092731850948 11
1757436121783 36.14746894368507 12
1757436121876 7.179441831423562 13
1757436121966 1.576455503208844 14
1757436122055 1.4317008043867878 15
1757436122143 0.5445359919210734 16
1757436122232 14.099817372415666 17
1757436122323 0.5847068627043579 18
1757436122417 0.004247454967862863 19
1757436122511 0.5920426472587133 20
1757436122605 21.077517954076683 21
1757436122695 1.3507874097337103 22
1757436122785 44.8654904009677 23
1757436122876 6.5803236861728704 24
1757436122965 7.0351916129327 25
1757436123056 29.023904843990618 26
1757436123147 3.422561046702974 27
1757436123236 1.0927970922159755 28
1757436123326 22.94862075259104 29
1757436123415 0.1841252485841021 30
1757436123507 34.30779323848597 31
1757436123597 7.070615930947606 32
1757436123689 39.27264513613389 33
1757436123783 0.3882288868946417 34
1757436123878 0.7110154433672249 35
1757436123973 27.49218901254337 36
1757436124066 6.746163655399026 37
1757436124157 3.7444481456318424 38
1757436124248 5.270534217595566 39
1757436124338 1.0544916278375303 40
1757436124431 5.0666486936486965 41
1757436124526 5.126852672581548 42
1757436124619 10.330738214092799 43
1757436124709 39.187040281292795 44
