1757673707707 86.76609902911707 0
1757673707825 33.49212647134835 1
1757673707934 22.499651571083042 2
1757673708041 10.199610200626552 3
1757673708150 1.9342688980981297 4
1757673708258 3.74431640761949 5
1757673708374 0.3739306057997473 6
1757673708483 0.9634122956612656 7
1757673708594 0.008658749852048437 8
1757673708704 0.8687373281073731 9
1757673708817 0.010009155489874157 10
1757673708926 1.3614450833380483 11
1757673709038 0.2831940844817493 12
1757673709149 0.11307322879907894 13
1757673709262 0.010870616221771458 14
1757673709371 0.41242053935932393 15
1757673709482 0.7402895986600828 16
1757673709595 10.872071854753736 17
1757673709881 0.0036476367750216017 18
1757673709993 1.5140275473964824 19
1757673710102 0.29583835932300595 20
1757673710213 1.9312752961858746 21
1757673710324 0.6187604436408383 22
1757673710438 1.9323133255033778 23
1757673710550 0.29145487458619695 24
1757673710662 6.168260634289012 25
1757673710774 0.0004944548359992263 26
1757673710885 5.392108346724248 27
1757673710997 0.8880397650071282 28
1757673711108 0.03661094924338139 29
1757673711216 0.4862481869010457 30
1757673711326 0.40351860852804766 31
1757673711437 0.00105901711289302 32
1757673711546 0.6002364555471933 33
1757673711655 0.13423220761980661 34
1757673711766 3.0014833171282658 35
1757673711875 1.3416442318867903 36
1757673711985 0.35356016292030207 37
1757673712098 0.0034941056303243174 38
1757673712209 0.7845565718638087 39
1757673712320 0.014543847930706127 40
1757673712434 0.5076234804431411 41
1757673712544 0.11857553920382193 42
1757673712654 1.3822893528874838 43
1757673712765 0.3361258768023833 44
1757673712876 0.016354406002139606 45
1757673712987 1.8051972189528411 46
1757673713099 1.4455832495016345 47
1757673713211 1.7652129067520679 48
1757673713321 0.984874733369018 49
1757673713433 0.35676425397794187 50
1757673713542 2.1180534547829315 51
1757673713651 0.008689812226345368 52
1757673713762 1.267490151454643 53
1757673713887 0.1738893221635772 54
1757673714000 2.050201108931861 55
1757673714112 0.05904174512277963 56
1757673714221 3.1585388391964577 57
1757673714334 1.566622648394883 58
1757673714454 0.19386447841510157 59
1757673714564 0.019438515301163466 60
1757673714675 0.0003142340766778284 61
1757673714787 1.486834015457775 62
1757673714949 4.458255701368517 63
1757673715150 5.093479886920788 64
1757673715355 2.876076668871714 65
1757673715556 0.5253105525365406 66
1757673715754 0.8325140809724911 67
1757673715958 0.3745653060533877 68
1757673716132 3.8255076218280477 69
1757673716271 3.2297338883867943 70
1757673716434 0.10565225306680778 71
1757673716577 0.1443612117218206 72
1757673716721 7.970344900055487 73
1757673716864 2.123298658708241 74
1757673717005 0.23056223699655046 75
1757673717161 0.005859712262860302 76
1757673717310 4.562279731352269 77
1757673717459 0.06486299407425229 78
1757673717612 0.8532959553318793 79
1757673717755 0.900138410400114 80
1757673717902 0.044050377148172344 81
1757673718042 0.34434652057607823 82
1757673718190 0.7542890466640049 83
1757673718342 0.00016034879141559768 84
1757673718484 1.2455564319167096 85
1757673718630 0.10032356754630777 86
1757673718812 1.918804332998458 87
1757673718960 0.23612771093612614 88
1757673719104 0.5217381543668058 89
1757673719256 0.7239599334116368 90
1757673719402 0.2843205279155056 91
1757673719554 0.16660318795468876 92
1757673719699 0.08235686364668117 93
1757673719860 0.09920849516410063 94
1757673720005 1.5004327812564713 95
1757673720149 1.9490621907534018 96
1757673720288 0.2950816185172999 97
1757673720436 2.261144001581946 98
1757673720574 0.46308340508495 99
1757673720721 2.8875632208260793e-05 100
1757673720855 0.5002237227914172 101
1757673720993 0.05960460590266554 102
1757673721142 0.8056748406884066 103
1757673721300 4.821415721802571 104
1757673721458 3.347612960007037 105
1757673721600 2.3551481096537383 106
1757673721750 0.3026674729565219 107
1757673721909 0.2645269486040802 108
1757673722058 15.828973094175957 109
1757673722234 0.707669264365895 110
1757673722388 0.5638726250407503 111
1757673722715 0.15507519065008313 112
1757673722827 0.04884892323592631 113
1757673722937 0.5190437347284106 114
1757673723049 7.9875687039933965 115
1757673723160 0.006179369828583002 116
1757673723270 0.10660753773251017 117
1757673723382 0.25083998913057737 118
1757673723491 0.1554722571893289 119
1757673723604 1.2080245413969513 120
1757673723714 0.1739786559621561 121
1757673723832 0.06298842760957508 122
1757673723950 4.937709072351702 123
1757673724061 2.0658858588311966 124
1757673724173 0.04991864894826071 125
1757673724287 0.4230066348286545 126
1757673724397 1.2777832865648475 127
1757673724508 2.712140885328853 128
1757673724619 0.644509225992798 129
1757673724730 0.26148060961927116 130
1757673724841 0.576231979128017 131
1757673724953 0.6689159490303217 132
1757673725065 7.548976811880945 133
1757673725175 0.8382310321987089 134
1757673725286 4.433392551589111 135
1757673725397 0.2569081066684733 136
1757673725510 0.30802735953605137 137
1757673725622 0.40354382583772913 138
1757673725733 0.22784726747093012 139
1757673725846 2.625644066268243 140
1757673725961 0.6451695302655008 141
1757673726073 1.1741570090686804 142
1757673726183 2.6747260117865057 143
1757673726294 1.6960913191128149 144
1757673726411 2.35129524950876 145
1757673726525 0.1600699387573789 146
1757673726638 0.02430794722099787 147
1757673726750 1.819032198836185 148
1757673726861 134.00740464773818 149
1757673726971 2.287453788722111 150
1757673727082 0.7237228478913742 151
1757673727194 0.5824402439580328 152
1757673727305 0.6228588204934588 153
1757673727416 0.097704509504012 154
1757673727528 5.59411014874052 155
1757673727641 0.15980695423815805 156
1757673727750 0.15674811606213457 157
1757673727861 0.5114467124314701 158
1757673727971 7.87134673001261e-05 159
1757673728083 0.010548026058379676 160
1757673728195 0.04277922936730207 161
1757673728307 0.000791500151874842 162
1757673728417 2.6768163422387055 163
1757673728529 0.898356887814357 164
1757673728640 0.20165072900719622 165
1757673728753 1.971536370665869 166
1757673728863 0.2053208933697281 167
1757673728975 0.1165281152227887 168
1757673729087 0.2803129644374659 169
1757673729200 0.5175641139195811 170
1757673729312 0.6838271224139457 171
1757673729422 0.763095050431428 172
1757673729534 1.3574515797265876 173
1757673729647 0.5489163340836322 174
1757673729759 0.24424491989924568 175
1757673729870 0.5853228064426816 176
1757673729981 1.573032020946044 177
1757673730092 0.7906122304464896 178
1757673730207 0.4248140948235333 179
1757673730319 0.7597116692919701 180
1757673730432 0.4501431955538651 181
1757673730544 4.37840181602356 182
1757673730656 9.031223725659798 183
1757673730768 1.5363961387568639 184
1757673730879 0.0437660642545023 185
1757673730992 0.46555785089568885 186
1757673731103 1.6336298133263032 187
1757673731218 0.5406855701993577 188
1757673731330 0.19612569935800195 189
1757673731441 0.07391452129064165 190
1757673731554 0.4796690577975999 191
1757673731667 0.01771688194475489 192
1757673731780 0.3946532599429838 193
1757673731894 0.3861274871685236 194
1757673732005 0.06635800618336822 195
1757673732119 0.5570506275940336 196
1757673732233 2.34565594758448 197
1757673732347 0.09242072308234427 198
1757673732457 0.7059778666496087 199
1757673732572 1.0842354537173533 200
1757673732685 0.32480538957563754 201
1757673732795 0.2007268630902864 202
1757673732907 0.1498880092680802 203
1757673733020 0.0004011258579672972 204
1757673733130 1.8328553359659367 205
1757673733241 0.4073960420754639 206
1757673733353 0.42472678070418785 207
1757673733466 0.5918131798285915 208
1757673733581 0.22739599636638708 209
1757673733692 1.4966987790984454 210
1757673733812 1.3367979551176068 211
1757673733931 4.470003556776785 212
1757673734045 0.2903162161425016 213
1757673734158 0.30129978443480465 214
1757673734273 1.6236648804466884 215
1757673734386 2.1782560853747253 216
1757673734500 0.2625754969280276 217
1757673734614 0.055773640249364376 218
1757673734727 0.06359315439511501 219
1757673734839 0.28252869583668005 220
1757673734955 0.00040447829835336794 221
1757673735066 0.02178855393398453 222
1757673735178 1.277587548063387 223
1757673735291 0.5731388977970965 224
1757673735404 0.30666506298554286 225
1757673735520 1.573740863726492 226
1757673735632 18.44757870980448 227
1757673735746 0.8510508179664291 228
1757673735857 1.445888606633396 229
1757673735971 0.08212064050177979 230
1757673736084 2.2577280746946755 231
1757673736199 2.1838933699955123 232
1757673736315 2.2854043664254595 233
1757673736446 0.23818369433637887 234
1757673736561 0.10621408599332051 235
1757673736676 1.9330084286615175 236
1757673736790 0.38410603563906354 237
1757673736905 1.2623000455145905 238
1757673737019 0.19585227151647874 239
1757673737133 1.5836216206249303 240
1757673737248 0.8693626969991476 241
1757673737361 0.3496317343745327 242
1757673737477 0.8984841268197025 243
1757673737591 18.617671848887657 244
1757673737703 0.7572881216746097 245
1757673737816 1.8909063588501016 246
1757673737929 0.7847736966271424 247
1757673738044 1.4198281709874758 248
1757673738157 2.22973331346496 249
1757673738273 0.3459013201329342 250
1757673738385 0.07082222732738534 251
1757673738500 4.182847851536742e-06 252
1757673738614 0.15507131301168992 253
1757673738728 0.03554635052430862 254
1757673738842 0.4195842470820089 255
1757673738958 0.13980587563346963 256
1757673739074 0.8674796474646663 257
1757673739186 0.006577560186490135 258
1757673739299 0.0077024527927362875 259
1757673739411 0.4265480065222031 260
1757673739525 8.492674532743082e-05 261
1757673739639 0.021330097340413332 262
1757673739754 0.673461890019292 263
1757673739868 0.6359201741925903 264
1757673739981 0.2171812182185267 265
1757673740095 0.029234921515286564 266
1757673740206 0.9826886183701073 267
1757673740321 0.1056910921769786 268
1757673740436 4.868393775167764 269
1757673740550 0.5648877088733351 270
1757673740666 0.16555757639990462 271
1757673740781 0.03650466482704668 272
1757673740896 0.2600997315400366 273
1757673741010 0.385941654156983 274
1757673741123 0.7649640566197594 275
1757673741236 1.2343841368831725 276
1757673741350 0.7830795288874463 277
1757673741462 0.09470542922932354 278
1757673741577 2.8730633781114667 279
1757673741692 0.3764112632343967 280
1757673741808 0.2067953761527097 281
1757673741922 1.186475239936802 282
1757673742033 0.06153049427181669 283
1757673742146 6.1690086083802305 284
1757673742261 0.7999070519416788 285
1757673742376 0.021545897933463665 286
1757673742491 0.2854517497704261 287
1757673742604 0.06840693199530357 288
1757673742718 0.6292418010261298 289
1757673742834 0.032209975356999335 290
1757673742949 0.34339330342074725 291
1757673743063 0.007420366204183324 292
1757673743177 0.0009790963417900447 293
1757673743290 1.4011521256660886 294
1757673743407 0.25919049217549534 295
1757673743519 0.13658330919946807 296
1757673743635 0.07106876222534503 297
1757673743749 2.668563943009225 298
1757673743875 1.039217991853435 299
1757673743992 1.634053352399497 300
1757673744110 0.09587741373766896 301
1757673744223 0.46899109156089747 302
1757673744338 0.057477636478909674 303
1757673744454 0.005185279413634463 304
1757673744569 0.7106929750863017 305
1757673744685 0.7613731796927727 306
1757673744801 0.9665069009942246 307
1757673744919 0.3383338918275121 308
1757673745031 1.7425205683478675 309
1757673745148 3.1988305240952464 310
1757673745262 4.807326749736618 311
1757673745376 0.737889865554777 312
1757673745490 0.49048628297589225 313
1757673745605 0.08237791317650635 314
1757673745722 0.8415499548422913 315
1757673745837 0.4240116164423457 316
1757673745953 0.5931370630393008 317
1757673746070 0.4517918833379466 318
1757673746184 0.8165809371452528 319
1757673746302 0.34959078797702736 320
1757673746425 0.241659518779847 321
1757673746546 0.20587921878307566 322
1757673746662 0.1773567523904854 323
1757673746778 0.0005354235043813378 324
1757673746896 1.482451707728376 325
1757673747011 0.8825592461071701 326
1757673747126 0.1697682275913011 327
1757673747244 1.4208800597084887 328
1757673747362 1.416760154238865 329
1757673747481 0.3544541103101588 330
1757673747601 1.01360286925119 331
1757673747741 1.2466336522936856 332
1757673747860 0.7073515872521596 333
1757673747981 0.00037914230650445903 334
1757673748098 0.3423498018401442 335
1757673748216 6.824161618485553 336
1757673748332 0.15825765826229918 337
1757673748450 0.015336465087349323 338
1757673748566 0.1238828499170207 339
1757673748684 0.00037282106155820977 340
1757673748801 0.10084697211514108 341
1757673748916 0.2547130538099845 342
1757673749032 0.07194146611444739 343
1757673749150 0.15406314486665895 344
1757673749266 0.5523599012206128 345
1757673749383 0.003924690456813821 346
1757673749498 0.8410638907814127 347
1757673749617 5.405021697857062e-05 348
1757673749735 0.2995098875261215 349
1757673749850 0.02035103835411865 350
1757673749968 2.030662953143872 351
1757673750084 0.0378461316604276 352
1757673750199 0.3888460445018386 353
1757673750317 0.536569341429187 354
1757673750433 1.4749991911326878 355
1757673750551 0.18471737805458746 356
1757673750668 0.07340635500760367 357
1757673750784 0.05014656021946954 358
1757673750901 0.03933074489094721 359
1757673751015 2.508513775692833 360
1757673751131 1.1290550224914893 361
1757673751251 0.030241306394855495 362
1757673751367 1.916416187477858 363
1757673751482 0.7571050689058761 364
1757673751598 1.8118073777300312 365
1757673751713 0.047226628592331565 366
1757673751830 0.0661930809949277 367
1757673751946 0.5272917757069081 368
1757673752063 0.4162514645699721 369
1757673752180 0.013061644663636851 370
1757673752296 0.07131194543640362 371
1757673752414 0.057242389799239714 372
1757673752532 6.142055465820527 373
1757673752656 0.2552497343441283 374
1757673752794 1.0211768451436174 375
1757673752973 1.156282229366858 376
1757673753157 1.0535908680734347 377
1757673753334 0.7837524584926391 378
1757673753515 0.5143130911872548 379
1757673753689 2.0035477180598424 380
1757673753903 0.10956656228264976 381
1757673754083 0.0022098798993332213 382
1757673754232 7.489123194617962 383
1757673754380 0.3060816458123344 384
1757673754563 0.06950487618767316 385
1757673754707 0.03237221799312697 386
1757673754856 0.4277133864305548 387
1757673755012 0.5259613011563462 388
1757673755169 2.3883999064271095 389
1757673755321 0.5641099412632427 390
1757673755463 0.41565576096028184 391
1757673755606 0.499505192164406 392
1757673755753 0.015063085812575523 393
1757673755899 0.11337661493773982 394
1757673756048 0.8769441111740854 395
1757673756198 0.12321803559628046 396
1757673756342 0.008864598183544986 397
1757673756504 0.26797704315391313 398
1757673756662 0.7205163134184417 399
1757673756805 0.004141891959260103 400
1757673756956 0.3239580603413 401
1757673757111 0.45472720391070176 402
1757673757264 16.083143471929386 403
1757673757420 0.0393279182114251 404
1757673757574 1.079298343086868 405
1757673757719 0.5635299180254402 406
1757673757864 0.1584508910397762 407
1757673758016 0.023486222726784006 408
1757673758155 0.04237562914078617 409
1757673758306 4.945461020031152 410
1757673758457 0.03180552496211204 411
1757673758600 0.7453006338315786 412
1757673758741 1.1254622988228915 413
1757673758883 0.13046145563477368 414
1757673759027 0.3306527428225694 415
1757673759175 0.30849445246356266 416
1757673759320 0.01184378196990044 417
1757673759471 1.2189670274929458 418
1757673759623 0.3489861492130699 419
1757673759776 0.9223586478334699 420
1757673759925 0.3726918353017665 421
1757673760073 16.668599529806272 422
1757673760222 3.5763753134682768 423
1757673760371 0.22076332626044184 424
1757673760525 0.029694741783055537 425
1757673760680 0.37745509981589737 426
1757673760839 2.3097865947564427 427
1757673760965 0.24198854801093497 428
1757673761170 0.04731019943592553 429
1757673761340 2.5490529545772316 430
1757673761519 1.0802774061524132 431
1757673761673 0.7822245734613689 432
1757673761802 1.1204202238849412 433
1757673761924 0.004071336507574789 434
1757673762049 0.2360786820219819 435
1757673762201 3.4698223493497715 436
1757673762324 0.7843702013502876 437
1757673762447 0.25945662514929435 438
1757673762934 0.2289718884976343 439
1757673763054 0.3435245241749024 440
1757673763194 0.0389426530618382 441
1757673763315 0.8790084424576776 442
1757673763444 0.0002546778250147367 443
1757673763605 0.6738176351700612 444
1757673763738 0.3648924868357887 445
1757673763884 1.5919390046766235 446
1757673764002 0.1379914138598679 447
1757673764120 0.7289964112369026 448
1757673764245 1.4910519094515804 449
1757673764372 0.4426935789744027 450
1757673764490 0.7710399836081787 451
1757673764615 2.651890488182602 452
1757673764743 7.807146301880364 453
1757673764868 8.273866144359483 454
1757673764990 1.3012930354806933 455
1757673765115 0.3213205354897941 456
1757673765239 0.7247328420404678 457
1757673765362 0.08094870582915349 458
1757673765489 0.43628999134234564 459
1757673765607 0.9390073691360212 460
1757673765726 0.021924776698654433 461
1757673765844 0.25107510226643764 462
1757673765973 0.43996937861131596 463
1757673766092 0.43196517667782347 464
1757673766212 0.013663598993268024 465
1757673766330 0.009127877737498827 466
1757673766460 0.3633046754647894 467
1757673766582 0.002661492955981741 468
1757673766706 0.12311786004667047 469
1757673766831 1.3144894532800497 470
1757673766957 0.003596659184397293 471
1757673767080 0.19297877929705093 472
1757673767207 1.0046780766491608 473
1757673767332 0.24693462815568407 474
1757673767457 0.5214960975651445 475
1757673767581 0.34921830618953037 476
1757673767699 0.0005064356822603055 477
1757673767825 1.7923276823182317 478
1757673767946 0.32004213931522046 479
1757673768066 0.8121624479066724 480
1757673768184 0.04203532189086405 481
1757673768306 1.5818863344701015 482
1757673884511 0.8399771618276118 483
1757673884655 0.04893079722514141 484
1757673884820 0.04860872123771192 485
1757673884943 0.2238027675386488 486
1757673885078 0.28206485090026734 487
1757673885200 0.5777855777535623 488
1757673885319 0.049658518930617276 489
1757673885437 0.5083364122229375 490
1757673885555 0.3008837337114821 491
1757673885674 2.886320964263793 492
1757673885793 0.14861962383198446 493
1757673885917 0.7205302869171193 494
1757673886088 0.27245434145493425 495
1757673886256 0.2621167863537045 496
1757673886377 0.5226546237414754 497
1757673886498 0.03453624476137873 498
1757673886618 2.0694349770634783 499
