1757436175582 1.381763038256195 0
1757436175675 0.480559652786168 1
1757436175769 0.41583099349314107 2
1757436175863 0.8586016834169814 3
1757436175958 0.14393242375971688 4
1757436176052 0.25786103702992996 5
1757436176146 0.20711801209350766 6
1757436176240 0.0028639232435890673 7
1757436176336 1.281691119231871 8
1757436176433 0.8462264204172647 9
1757436176528 1.2475850883177535 10
1757436176623 0.2482938734158979 11
1757436176716 2.1570882657347217 12
1757436176816 1.5855191943417635 13
1757436176916 4.036054898585337 14
1757436177018 0.8169094213576175 15
1757436177120 0.7392695282433216 16
1757436177214 0.8248722797797371 17
1757436177311 1.2207442166402744 18
1757436177407 0.670439710403039 19
1757436177502 0.1842278001072689 20
1757436177599 3.1653177775981267 21
1757436177697 1.9075844496648924 22
1757436177790 0.9119137163081585 23
1757436177888 1.2695348676419476 24
1757436177986 1.7498446366855456 25
1757436178088 2.076964297142136 26
1757436178191 1.6765150177249206 27
1757436178282 29.049852801970623 28
1757436178373 0.018902169032342327 29
1757436178470 1.2091116945928635 30
1757436178563 0.5383998286478838 31
1757436178655 0.04366599730433199 32
1757436178749 0.7008866290811451 33
1757436178842 0.07472367083373482 34
1757436178939 1.2535851380790464 35
1757436179038 2.2325187750737734 36
1757436179126 2.8526520136410802 37
1757436179214 8.492354272166283 38
1757436179308 0.025607488748846982 39
1757436179403 0.03489887276113859 40
1757436179499 0.2153677968617466 41
1757436179593 0.5362506519646794 42
1757436179688 0.13120339128209882 43
1757436179785 0.0022289941655293426 44
1757436179882 0.005206748487159443 45
1757436179978 0.06817206338639634 46
1757436180075 1.6286678873667424 47
1757436180171 0.10418682244671676 48
1757436180268 0.3056625297246303 49
1757436180364 0.0018138566341132486 50
1757436180461 5.883136985031022 51
1757436180560 0.02170079460736448 52
1757436180657 1.4159132120886255 53
1757436180754 0.04799943193141251 54
1757436180847 0.0830932087759892 55
1757436180943 0.060009057223395466 56
1757436181044 0.4207110429836177 57
1757436181141 12.401648704184634 58
1757436181235 1.0635882590705577 59
1757436181330 0.11328994695670463 60
1757436181425 16.27048742671064 61
1757436181522 1.801209258966153 62
1757436181616 0.17649993180336163 63
1757436181711 0.8071502666177598 64
1757436181806 0.1697093110403695 65
1757436181907 0.544730968834958 66
1757436182006 0.42447639213707794 67
1757436182103 1.1698981527350771 68
1757436182198 0.016131347259942922 69
1757436182296 0.16918568839783008 70
1757436182396 0.9028935725304851 71
1757436182496 0.09985071962828555 72
1757436182594 0.1584746578396045 73
1757436182692 1.462322820357644 74
1757436182786 0.7629817435575277 75
1757436182884 0.19809904035288267 76
1757436182981 1.8836764226611005 77
1757436183079 0.8326317934782733 78
1757436183178 0.7974646555211065 79
1757436183274 0.20190237207946898 80
1757436183372 0.12247361403192727 81
1757436183468 0.05598310081942278 82
1757436183566 0.0026165914346006794 83
1757436183662 1.3098579377484934 84
1757436183758 0.7513597849332659 85
1757436183853 0.35226403149428287 86
1757436183950 0.4128582250825817 87
1757436184047 2.368959171017693 88
1757436184144 0.20647601129239262 89
1757436184238 1.9173482167798679 90
1757436184333 1.9882698662753782 91
1757436184432 0.018662306982974674 92
1757436184529 0.01717232343297613 93
1757436184627 1.8242081332453777 94
1757436184726 0.7027577825628606 95
1757436184827 0.0007413477296105303 96
1757436184925 0.0268019570062568 97
1757436185024 0.3749374121145009 98
1757436185122 5.697938284143607 99
1757436185219 0.21684212805141856 100
1757436185318 2.407226960751131 101
1757436185417 3.0718605367057066 102
1757436185514 0.0007618756275832729 103
1757436185613 8.372788749700055 104
1757436185712 0.011151034302622395 105
1757436185810 1.6482212423905058 106
1757436185909 0.007758551707768954 107
1757436186011 2.3529717018721037 108
1757436186110 0.021987243577698996 109
1757436186209 0.2856892713298306 110
1757436186308 0.48537246615710156 111
1757436186406 0.16068009933795077 112
1757436186504 2.019935509513363 113
1757436186604 0.43318852223225035 114
1757436186702 6.124794319015955 115
1757436186798 0.07445869791281334 116
1757436186893 3.1664386810873366 117
1757436186992 1.0356198679506583 118
1757436187093 1.842891772134589 119
1757436187192 1.574518558863994 120
1757436187292 0.5320485696420405 121
1757436187391 10.028709929760819 122
1757436187490 0.29175171514379555 123
1757436187589 0.013676839881460122 124
1757436187684 0.005046646418263318 125
1757436187781 0.06345882751925754 126
1757436187880 0.147110832753285 127
1757436187979 0.04119631416511323 128
1757436188077 0.5962658711070682 129
1757436188174 0.3113717468823742 130
1757436188273 2.104213801360706 131
1757436188371 11.080460252619085 132
1757436188468 1.9537482089156841 133
1757436188567 1.3792608172225507 134
1757436188665 0.04794120168133219 135
1757436188764 0.6926652391784877 136
1757436188862 0.06569109037379232 137
1757436188959 2.1963106615874217 138
1757436189055 0.3313402533747646 139
1757436189151 0.2077871163443049 140
1757436189249 0.021214460595378046 141
1757436189347 1.8162722391318178 142
1757436189448 0.7773434113099937 143
1757436189549 0.3689622270537019 144
1757436189650 0.8982406097929949 145
1757436189752 0.8470049691451764 146
1757436189852 1.6404413809013374 147
1757436189949 0.16860010213490975 148
1757436190048 0.6136901482853617 149
1757436190147 0.26910115390811606 150
1757436190246 6.424447445612535 151
1757436190345 11.298966664209312 152
1757436190445 0.3152626974461939 153
1757436190545 1.8533396532078632 154
1757436190645 3.4075938073737198 155
1757436190744 2.486387155297481 156
1757436190843 2.9027070540145554 157
1757436190943 0.10953613836428872 158
1757436191042 0.6903033702656345 159
1757436191138 0.937623918945711 160
1757436191238 0.1777951592361941 161
1757436191339 0.45133109919370706 162
1757436191441 0.9701551646569602 163
1757436191544 0.0050908137117153624 164
1757436191645 0.5929653453145795 165
1757436191747 0.10413348900090262 166
1757436191847 1.5088633060404528 167
1757436191948 0.19661900242203198 168
1757436192042 0.042250657991941346 169
1757436192138 0.2990689251872412 170
1757436192234 0.38259749893655787 171
1757436192333 1.1406407578873718 172
1757436192432 0.38353897560162303 173
1757436192533 0.13180372396659648 174
1757436192633 0.37877964054100455 175
1757436192734 0.1376945605506424 176
1757436192833 4.649631607070371 177
1757436192933 0.4053829299119743 178
1757436193033 0.018785382927693394 179
1757436193136 1.716132600713345 180
1757436193234 1.1155758316019104 181
1757436193336 0.6789813232231445 182
1757436193435 0.08277290226224716 183
1757436193533 7.02808238928361 184
1757436193628 0.01815167726020302 185
1757436193729 1.7325345593160137 186
1757436193829 0.107098585189339 187
1757436193929 0.08143041519714074 188
1757436194030 1.046910582187062 189
1757436194131 4.940179411528358 190
1757436194231 0.04079488668207269 191
1757436194330 0.288361055351538 192
1757436194432 2.0703230578156666 193
1757436194534 0.11362650069241748 194
1757436194633 1.0816459341771478 195
1757436194733 0.0014613734267840267 196
1757436194833 0.001523694059178876 197
1757436194935 1.0953834433342284 198
1757436195036 0.026382688925273005 199
1757436195137 0.37863542153556023 200
1757436195236 0.023551663894334326 201
1757436195334 11.852305037270392 202
1757436195435 0.4349092702218354 203
1757436195534 0.1867841266054514 204
1757436195636 0.6485669700761901 205
1757436195737 0.9464585219847785 206
1757436195836 0.10282017099441605 207
1757436195933 2.0077039060277824 208
1757436196032 0.010901325976304294 209
1757436196132 0.9304441181125466 210
1757436196232 0.1595812308946893 211
1757436196332 0.13157109724562982 212
1757436196432 0.49606703313387607 213
1757436196531 1.5844736620264916 214
1757436196632 0.1223666233294227 215
1757436196734 0.5463184338435997 216
1757436196834 1.8541274222787427 217
1757436196936 1.6143674406231203 218
1757436197035 0.14996650920943883 219
1757436197138 1.9297042505428466 220
1757436197241 1.4229941872296137 221
1757436197341 2.7356890857733625 222
1757436197441 0.26032009888978286 223
1757436197542 1.4184767459158805 224
1757436197643 0.10885145207547464 225
1757436197745 1.25933650443903 226
1757436197845 0.3753161038890733 227
1757436197946 0.19666074597916564 228
1757436198045 0.6555661795005981 229
1757436198144 0.055830996643112925 230
1757436198242 1.0470799331371654 231
1757436198342 0.6385994582748308 232
1757436198442 3.7180942763025855 233
1757436198544 0.8309361047168451 234
1757436198646 3.477466219894732e-05 235
1757436198750 0.04084995783690567 236
1757436198853 0.08927092434555856 237
1757436198956 1.5953646684471494 238
1757436199059 0.03564262401516028 239
1757436199161 0.2558754948166591 240
1757436199260 0.052506920474402405 241
1757436199362 0.43532468150992476 242
1757436199455 1.2507722612665808 243
1757436199551 0.0279981851575745 244
1757436199648 0.43258756400126697 245
1757436199748 0.20160142353875346 246
1757436199848 2.8412356347000007 247
1757436199948 0.1558967354987383 248
1757436200049 0.12669149572405186 249
1757436200151 2.2147986820932637 250
1757436200251 1.6225501952381827 251
1757436200351 0.8814142055213199 252
1757436200453 0.6626392263241874 253
1757436200552 0.6491987170696752 254
1757436200652 0.07077695219068203 255
1757436200752 0.607215208970052 256
1757436200849 0.2139574016217445 257
1757436200948 1.2840732745567447 258
1757436201048 0.9782407562265379 259
1757436201149 0.01254893112241875 260
1757436201250 0.28929512746972885 261
1757436201350 1.119215653484513 262
1757436201451 3.399216129383272 263
1757436201552 0.002447684557664371 264
1757436201654 0.7459443078765486 265
1757436201755 0.23372889353956658 266
1757436201855 0.7798429829322546 267
1757436201953 0.142120649596763 268
1757436202052 0.6726033873734527 269
1757436202150 13.532302286214199 270
1757436202250 0.11409470836920367 271
1757436202351 3.5940173895398058 272
1757436202453 0.9316044259437406 273
1757436202553 1.555760837036919 274
1757436202653 0.3382286688995781 275
1757436202753 2.0525819980982645 276
1757436202853 4.017279639625978 277
1757436202954 5.672140963879279 278
1757436203060 0.10187855685802166 279
1757436203162 0.07604003401679328 280
1757436203265 3.704395823862888 281
1757436203367 3.5818231860559164 282
1757436203467 0.45415943553312715 283
1757436203569 0.0014335876738349636 284
1757436203671 1.9923106800897064 285
1757436203772 0.6288002823989033 286
1757436203874 0.3284116646007868 287
1757436203974 1.3459823467328331 288
1757436204074 7.377575988307261 289
1757436204176 0.00011188470151590461 290
1757436204273 0.031172012579122207 291
1757436204374 0.8122943638447407 292
1757436204475 0.06163106037650541 293
1757436204575 18.066496160136747 294
1757436204675 0.4906452727332598 295
1757436204776 1.5990426584628525 296
1757436204877 1.6231564625272852 297
1757436204978 0.4244980889892324 298
1757436205078 1.2803026129156136 299
1757436205178 0.1454923146227694 300
1757436205279 0.061929138998365385 301
1757436205380 5.3993369777902585 302
1757436205483 0.5205389149821228 303
1757436205584 1.1560312592931863 304
1757436205689 0.20062295444762973 305
1757436205793 0.014926264651072576 306
1757436205895 0.11945565140526028 307
1757436205999 0.9387772535180819 308
1757436206101 0.006159865541343606 309
1757436206206 1.7730690661322352 310
1757436206309 1.9128374441094445 311
1757436206413 0.021176157270446336 312
1757436206516 0.14131101201476373 313
1757436206617 0.20924453696028703 314
1757436206720 12.605174949657181 315
1757436206823 0.8996598581690434 316
1757436206925 2.903779703290117 317
1757436207026 1.5380495253147342 318
1757436207127 2.4884445124121544 319
1757436207225 5.322489866680416 320
1757436207329 0.11672998357838235 321
1757436207432 0.3790992580810552 322
1757436207533 3.2521660549929523 323
1757436207634 1.2441748882356625 324
1757436207735 0.5321443607406628 325
1757436207837 0.16036912054746721 326
1757436207938 0.9649506855052505 327
1757436208040 0.025208214362682363 328
1757436208140 0.52106210798191 329
1757436208242 1.2944862564602975 330
1757436208343 0.04747190321079328 331
1757436208442 4.400113897487665 332
1757436208543 0.13023120563687052 333
1757436208643 1.0270599175189392 334
1757436208742 0.653123335824221 335
1757436208843 0.010164985981667155 336
1757436208944 0.37434642450139466 337
1757436209049 0.7287039640562555 338
1757436209153 7.139076204777068 339
1757436209255 1.7111272992701185 340
1757436209370 0.5614536280020579 341
1757436209471 2.7938339254606994 342
1757436209573 0.16707722667209188 343
1757436209674 0.2747239170870794 344
1757436209776 0.11053841811210564 345
1757436209881 7.707271893670455 346
1757436209984 0.25541093290503525 347
1757436210085 0.019719423992501442 348
1757436210187 0.25842348295739803 349
1757436210291 24.428790662279177 350
1757436210394 0.01340220483280118 351
1757436210498 0.2691946810204933 352
1757436210601 1.9040023148950167 353
1757436210705 0.0015672177500739598 354
1757436210853 3.566656652321233 355
1757436210957 1.3227482856765622 356
1757436211061 0.7866780838595376 357
1757436211167 0.5357507157191089 358
1757436211270 0.38881521048643547 359
1757436211373 0.4200077457757258 360
1757436211476 0.00818186744733887 361
1757436211578 2.3882162455563116 362
1757436211679 0.04862213989928146 363
1757436211781 1.405643884233705 364
1757436211885 0.011746646485525687 365
1757436211989 0.6636480941963261 366
1757436212090 0.34131303894073567 367
1757436212193 3.8979606664146313 368
1757436212295 1.1719390755477432 369
1757436212398 0.15766934228387558 370
1757436212501 0.16615859656034607 371
1757436212604 2.1840291836054564 372
1757436212706 0.5773610087906594 373
1757436212808 0.6690623261765413 374
1757436212910 1.978128564505889 375
1757436213016 0.5151528258732342 376
1757436213118 0.08940310170861303 377
1757436213219 0.1525874892097951 378
1757436213323 8.017779782751582 379
1757436213424 0.6462056033145542 380
1757436213528 0.9096265575951459 381
1757436213629 0.6338610743015621 382
1757436213734 0.6922857501971063 383
1757436213860 0.8441205241235087 384
1757436213966 0.009458781269457761 385
1757436214070 0.010129725032687099 386
1757436214170 10.196074058495318 387
1757436214271 1.818270867763976 388
1757436214373 1.6995336496857083 389
1757436214478 0.49008165777073787 390
1757436214582 1.094466517537096 391
1757436214686 0.3975493371777451 392
1757436214788 0.2777512798807377 393
1757436214888 0.0006953468343039596 394
1757436214991 0.049065771428404556 395
1757436215096 2.4266918659736385 396
1757436215201 3.161138023955099 397
1757436215307 0.4532283104852681 398
1757436215410 0.2599858713708205 399
1757436215512 3.957805192034632 400
1757436215624 0.1993679911748055 401
1757436215730 7.320543138799347 402
1757436215833 9.830785496086861 403
1757436215939 0.39562926002121396 404
1757436216043 0.02204597056747092 405
1757436216147 0.6448811502105355 406
1757436216250 0.782554012881997 407
1757436216353 0.9450217197768502 408
1757436216458 0.4003528283194471 409
1757436216562 1.5317362481940524 410
1757436216668 0.01404578010267933 411
1757436216774 0.4716730355232417 412
1757436216879 0.018287684775343496 413
1757436216981 0.19862726581838938 414
1757436217084 1.5356501763175225 415
1757436217186 0.17461963926846918 416
1757436217289 1.8745830801479442 417
1757436217393 0.0003801175514946015 418
1757436217496 1.2975449429212098 419
1757436217603 0.013129900286620852 420
1757436217707 0.32601847088839264 421
1757436217812 0.793455943836521 422
1757436217915 1.3099180968389728 423
1757436218018 1.1516531602976925 424
1757436218119 1.7173527800139874e-06 425
1757436218220 0.15387902949457616 426
1757436218324 0.13436203315402917 427
1757436218427 1.8699764632352063 428
1757436218534 0.39593749442744625 429
1757436218641 0.04401341297271717 430
1757436218748 1.1014514206886032 431
1757436218852 0.0010256555616969534 432
1757436218956 1.478004553614599 433
1757436219059 0.20784302740057528 434
1757436219162 6.726491987798193 435
1757436219266 0.0004084986798945773 436
1757436219372 2.0296271180370495 437
1757436219477 21.028318518702648 438
1757436219582 1.5650521242605306 439
1757436219679 1.7718047658646197 440
1757436219778 0.11233914272898053 441
1757436219879 0.2693394319977895 442
1757436219982 0.9148571519083176 443
1757436220087 3.0041053190987106 444
1757436220192 0.011098549596651165 445
1757436220297 0.5832307983437758 446
1757436220403 2.231915488512718 447
1757436220509 1.0569230277994373 448
1757436220615 0.43217235414041605 449
1757436220723 0.014775736806533131 450
1757436220829 0.6603586562497609 451
1757436220936 2.189194704360512 452
1757436221041 1.0683173320614354 453
1757436221145 1.0638173092610521 454
1757436221250 4.526343868675249 455
1757436221358 0.9001760249514161 456
