1757432534107 166.9790913541011 0
1757432534161 165.14379882038847 1
1757432534213 165.10267376140783 2
1757432534267 170.99184633422882 3
1757432534322 164.46651577328817 4
1757432534371 164.50580682375107 5
1757432534416 164.30580565123952 6
1757432534470 167.12034413244035 7
1757432534523 159.54174365568676 8
1757432534578 158.468146696779 9
1757432534632 163.21555097551175 10
1757432534682 153.41575548095125 11
1757432534732 158.98744811545328 12
1757432534786 164.98194300053544 13
1757432534840 154.7411109351498 14
1757432534896 159.20308752990846 15
1757432534950 169.89312973772113 16
1757432535003 161.07657042474855 17
1757432535061 162.52940520841378 18
1757432535115 157.07205904176521 19
1757432535170 153.1990814911936 20
1757432535227 159.71311371386676 21
1757432535279 161.03477123663455 22
1757432535336 153.16254705971232 23
1757432535386 147.22514074863054 24
1757432535435 162.05676906128198 25
1757432535488 150.40052562714934 26
1757432535537 155.30000154321496 27
1757432535591 169.76637054116833 28
1757432535648 157.53679325222782 29
1757432535704 150.0724654992183 30
1757432535760 149.7506576665981 31
1757432535811 147.08680371695505 32
1757432535862 145.71570576632982 33
1757432535915 154.11100210417874 34
1757432535967 145.44069101514683 35
1757432536016 142.95030402577586 36
1757432536072 148.66483991770596 37
1757432536126 150.45664576011447 38
1757432536179 148.09052998934274 39
1757432536235 148.42108970106256 40
1757432536286 142.75927992812663 41
1757432536341 140.0927638587172 42
1757432536398 144.90612183448934 43
1757432536453 143.77692684404875 44
1757432536509 146.40514880927873 45
1757432536564 140.34591215246724 46
1757432536616 141.98392335880294 47
1757432536673 147.30198892876115 48
1757432536723 139.49132890478947 49
1757432536776 140.6688559938827 50
1757432536832 145.23948490288092 51
1757432536888 138.1630697646408 52
1757432536944 136.78585108765313 53
1757432537003 139.42741495418636 54
1757432537061 132.76736521246738 55
1757432537112 139.21676307938114 56
1757432537166 135.4114019146107 57
1757432537221 143.38412267895072 58
1757432537274 132.91091314120908 59
1757432537330 138.77287749876837 60
1757432537378 139.6199874493693 61
1757432537425 137.24573456740768 62
1757432537471 133.37926050021886 63
1757432537520 133.83880529331304 64
1757432537575 133.13401328342425 65
1757432537629 132.55504454799944 66
1757432537681 127.04465962073402 67
1757432537734 131.1789850036696 68
1757432537790 134.1484996763164 69
1757432537849 137.45604595259206 70
1757432537909 131.55874568435274 71
1757432537960 133.86146705968068 72
1757432538014 130.06028640010996 73
1757432538068 133.06472741934218 74
1757432538123 132.2671366859778 75
1757432538175 134.41293889810018 76
1757432538229 129.84646266623415 77
1757432538285 129.35604446546216 78
1757432538339 132.62136514128395 79
1757432538393 129.0016577456688 80
1757432538450 129.01252952544195 81
1757432538513 124.64486953740479 82
1757432538565 127.56575310796512 83
1757432538623 126.18715258275064 84
1757432538677 129.35901558953057 85
1757432538734 129.71832506836517 86
1757432538794 129.0200067620019 87
1757432538850 129.13173267442033 88
1757432538907 126.20432790362028 89
1757432538967 122.12107258731555 90
1757432539023 120.15209318410963 91
1757432539083 120.73667524053526 92
1757432539137 122.1547467929991 93
1757432539196 124.93784546388636 94
1757432539248 117.32294821660955 95
1757432539308 130.15798079183426 96
1757432539364 119.24076815002431 97
1757432539412 115.96253792327464 98
1757432539462 122.43829502162629 99
1757432539516 121.30697834978686 100
1757432539575 120.41532026884305 101
1757432539630 123.35955401397533 102
1757432539686 118.44116042524635 103
1757432539744 116.61483398717198 104
1757432539798 112.88996731652723 105
1757432539858 116.18301099286757 106
1757432539914 117.71346874305257 107
1757432539968 124.12311594576177 108
1757432540024 119.47436783197368 109
1757432540078 120.27310775565724 110
1757432540134 116.88742214297139 111
1757432540191 111.57559729036157 112
1757432540244 115.85417924438727 113
1757432540305 115.67016698793098 114
1757432540366 113.10140458913945 115
1757432540423 115.8585207548473 116
1757432540476 114.04202024612418 117
1757432540532 114.16364492434823 118
1757432540591 117.17735323269217 119
1757432540647 112.59574817846104 120
1757432540708 108.24102346070588 121
1757432540766 111.00475631902417 122
1757432540822 112.60670694164824 123
1757432540874 112.9591979636812 124
1757432540923 112.39501417237138 125
1757432540990 111.53973515373737 126
1757432541050 112.56194341500273 127
1757432541108 113.1178085462608 128
1757432541165 110.10334851134687 129
1757432541223 107.76055530023599 130
1757432541278 106.20839048910742 131
1757432541336 107.28906178864997 132
1757432541392 108.74737667470234 133
1757432541442 113.92916274136638 134
1757432541497 105.44161278179047 135
1757432541555 106.67165084275456 136
1757432541611 110.71460708030891 137
1757432541670 103.50952550929354 138
1757432541725 105.71270023624027 139
1757432541780 106.28596912966958 140
1757432541837 105.9390354441622 141
1757432541894 103.65786788871874 142
1757432541952 108.47578097957712 143
1757432542014 103.09569367693466 144
1757432542077 98.7384311576758 145
1757432542135 108.71667468449493 146
1757432542189 102.22849000332933 147
1757432542249 103.18592132491192 148
1757432542309 98.71856264041143 149
1757432542367 98.78603882879214 150
1757432542425 105.30241012564157 151
1757432542479 105.28373933262806 152
1757432542534 99.39436780688548 153
1757432542590 102.26090846884719 154
1757432542649 100.01418240924512 155
1757432542706 102.81658872340802 156
1757432542763 102.91714126953394 157
1757432542816 105.6477533879039 158
1757432542873 99.3079445980215 159
1757432542926 94.96607319072346 160
1757432542986 101.61388555894393 161
1757432543054 95.58786591406499 162
1757432543118 98.6059648332115 163
1757432543180 95.41457122524967 164
1757432543251 100.50829234667819 165
1757432543307 97.05028848482578 166
1757432543368 97.63355182454421 167
1757432543424 95.67281135664935 168
1757432543476 94.15820116064263 169
1757432543530 95.41525954577584 170
1757432543593 99.90848014343183 171
1757432543649 92.86233677608449 172
1757432543705 99.97847143224163 173
1757432543767 100.29766923536955 174
1757432543827 97.20179430393387 175
1757432543887 91.51652249583697 176
1757432543943 93.71630908551818 177
1757432544002 91.55767709565845 178
1757432544062 97.89513495769255 179
1757432544122 96.81697368370189 180
1757432544179 88.29424582439968 181
1757432544234 94.10837192075803 182
1757432544294 94.55639017466703 183
1757432544350 84.4458559270174 184
1757432544408 90.47334990121125 185
1757432544468 87.64320190676018 186
1757432544526 88.0818711255121 187
1757432544586 88.79875612827402 188
1757432544639 93.67518567366612 189
1757432544700 92.86379452511788 190
1757432544763 94.53591290671982 191
1757432544823 93.2380088783093 192
1757432544880 89.05737740534273 193
1757432544934 90.67258971413655 194
1757432544994 90.80193635275803 195
1757432545051 95.712571252049 196
1757432545117 89.0210573316829 197
1757432545173 96.60528905038022 198
1757432545237 94.31317746754124 199
1757432545298 89.87639292766083 200
1757432545349 88.73248811338556 201
1757432545408 90.09691538500071 202
1757432545460 85.32025106326498 203
1757432545518 89.06050959481115 204
1757432545581 89.1249126454932 205
1757432545639 89.90957742953297 206
1757432545700 88.34309604149223 207
1757432545759 92.34576211010598 208
1757432545812 89.23614031687798 209
1757432545872 77.48470879557227 210
1757432545934 95.76313551582838 211
1757432545989 90.86606042697314 212
1757432546049 86.84570566328028 213
1757432546109 85.04700314638153 214
1757432546169 92.41128825125494 215
1757432546231 82.7549344758871 216
1757432546292 78.76870639043796 217
1757432546344 83.46116979601953 218
1757432546404 82.87307837008753 219
1757432546464 82.21701576018057 220
1757432546525 80.88590521960147 221
1757432546584 89.76440117734283 222
1757432546643 80.8012285566711 223
1757432546701 90.22272807632281 224
1757432546764 83.58345943806557 225
1757432546825 76.6346872228398 226
1757432546883 85.97541753896918 227
1757432546935 73.69685584092203 228
1757432546991 85.36303675453298 229
1757432547049 83.35206700274018 230
1757432547106 81.35642990548911 231
1757432547165 81.75131103141962 232
1757432547224 83.66980627374649 233
1757432547285 77.54356933387908 234
1757432547341 82.31312601775278 235
1757432547402 83.47203180264485 236
1757432547459 82.8844678041742 237
1757432547513 85.58527220639617 238
1757432547574 87.47705912391503 239
1757432547636 85.30403299884246 240
1757432547694 82.1342415974305 241
1757432547756 74.15552963038017 242
1757432547818 85.79569047661425 243
1757432547879 79.32745164180244 244
1757432547943 72.89884917187753 245
1757432548001 84.27242292204981 246
1757432548067 81.57989391130691 247
1757432548122 81.11028324454298 248
1757432548182 78.90988102544449 249
1757432548245 78.07962270496046 250
1757432548306 78.97929797491156 251
1757432548369 72.61883410240237 252
1757432548429 82.8411466283679 253
1757432548487 76.89676998078261 254
1757432548549 74.57466641062504 255
1757432548617 74.6258935854545 256
1757432548675 74.75083917014554 257
1757432548744 83.17083551381384 258
1757432548805 73.65816450793162 259
1757432548866 80.32076946701676 260
1757432548927 84.22598949703348 261
1757432548988 70.3029234481306 262
1757432549049 75.94569121702452 263
1757432549106 81.99786322938824 264
1757432549165 76.01317466837429 265
1757432549229 78.32203271873063 266
1757432549290 70.80145708930448 267
1757432549355 71.26298863234052 268
1757432549416 79.66760353617872 269
1757432549478 72.37388532636555 270
1757432549536 77.90510876480398 271
1757432549596 73.49492465091737 272
1757432549658 79.2840283878491 273
1757432549716 77.13691315097878 274
1757432549780 73.441291193595 275
1757432549841 65.98374593095295 276
1757432549897 72.83974511703369 277
1757432549955 75.38629444733279 278
1757432550020 75.0280512508331 279
1757432550082 73.2761998489758 280
1757432550138 70.04237244463393 281
1757432550203 76.71243080114927 282
1757432550262 73.96410220936443 283
1757432550327 71.09912299569038 284
1757432550383 66.70853667197245 285
1757432550441 70.4934251588142 286
1757432550500 84.32925062679935 287
1757432550561 74.46013934338505 288
1757432550619 72.12379797714141 289
1757432550682 71.3927213150617 290
1757432550748 73.16242510612153 291
1757432550809 80.40683913876106 292
1757432550867 64.8297113568306 293
1757432550931 72.80569482482053 294
1757432550993 75.15901425972521 295
1757432551057 72.06887003266677 296
1757432551117 71.43641403657422 297
1757432551173 67.5980189067874 298
1757432551235 69.19634581901025 299
1757432551296 71.16106578225684 300
1757432551353 64.90522339423352 301
1757432551417 69.74157885530174 302
1757432551473 69.16360843835893 303
1757432551531 75.63073531501968 304
1757432551592 64.78363808515087 305
1757432551651 78.11399455044733 306
1757432551716 72.96720399825314 307
1757432551775 72.47642484154352 308
1757432551836 67.75789438377869 309
1757432551894 69.10201190933513 310
1757432551955 66.13556409991618 311
1757432552017 67.28159529718371 312
1757432552080 74.40288466070403 313
1757432552141 70.3162459385962 314
1757432552207 73.09983697767404 315
1757432552267 64.50175118446786 316
1757432552329 60.43975574348442 317
1757432552390 72.76764197163051 318
1757432552453 65.01450888266451 319
1757432552516 70.62431187812022 320
1757432552583 62.90656428355463 321
1757432552640 66.86038629994067 322
1757432552702 59.77761172969356 323
1757432552766 61.311229004401696 324
1757432552827 63.657998546108914 325
1757432552886 68.18385845756538 326
1757432552947 69.61592075559892 327
1757432553009 64.41380507678981 328
1757432553070 61.242529937868795 329
1757432553138 71.3471682191506 330
1757432553197 67.29638033116893 331
1757432553262 64.44251726884907 332
1757432553321 67.77779028976677 333
1757432553383 64.98005336488747 334
1757432553441 71.36186615675878 335
1757432553502 70.04681906590065 336
1757432553559 65.8775330996927 337
1757432553621 69.24756019789004 338
1757432553680 69.85001728531203 339
1757432553743 71.09579860225756 340
1757432553803 54.631804641048156 341
1757432553866 64.62245638861634 342
1757432553928 66.49251235326628 343
1757432553990 58.16083913067625 344
1757432554052 62.587942928926566 345
1757432554112 65.80473700707093 346
1757432554173 66.20470529902455 347
1757432554237 68.73973637376858 348
1757432554302 53.38059326015371 349
1757432554365 69.49005880550529 350
1757432554430 62.65700034449281 351
1757432554490 59.68597300552432 352
1757432554553 71.66901814648764 353
1757432554613 59.8449547267359 354
1757432554677 65.13260468095338 355
1757432554739 64.45481060984935 356
1757432554804 60.00721478115549 357
1757432554869 62.698200415582825 358
1757432554929 62.10048109921394 359
1757432554991 62.94987349556629 360
1757432555052 69.34514504098901 361
1757432555112 57.39247562080895 362
1757432555174 63.209233769714636 363
1757432555236 61.09635663762489 364
1757432555301 48.0249017365089 365
1757432555368 60.460157111354675 366
1757432555435 61.84836038349399 367
1757432555499 68.46969020204426 368
1757432555556 59.330360390753924 369
1757432555617 57.331841274234826 370
1757432555680 67.77066027868051 371
1757432555739 62.207835165114375 372
1757432555799 66.5847021499558 373
1757432555867 61.43545283785608 374
1757432555933 65.3346277650168 375
1757432555993 61.97285623765779 376
1757432556057 63.20817256891024 377
1757432556117 57.194574972521146 378
1757432556180 57.10591627306437 379
1757432556242 60.775270339203296 380
1757432556299 65.39643697985154 381
1757432556361 56.19912407634467 382
1757432556424 52.72278501721717 383
1757432556490 65.83841616056179 384
1757432556555 55.230976513229535 385
1757432556621 62.27238867537423 386
1757432556685 63.939139344030295 387
1757432556745 58.44262001306897 388
1757432556845 62.46416416143946 389
1757432556909 62.28749845660209 390
1757432556964 57.077226252680916 391
1757432557018 62.75090409432949 392
1757432557079 57.96131190811303 393
1757432557145 58.64283368567716 394
1757432557207 56.52593426290802 395
1757432557270 57.166960335985 396
1757432557335 65.68147121375158 397
1757432557400 58.79610258231327 398
1757432557465 55.517402366416796 399
1757432557549 53.77824049811557 400
1757432557612 68.76763834207264 401
1757432557675 68.07675902718984 402
1757432557733 62.64908260509198 403
1757432557795 51.66060938121137 404
1757432557860 49.5877853881549 405
1757432557925 45.01776583256868 406
1757432557987 62.29450731034416 407
1757432558049 56.9862454377137 408
1757432558113 44.8335541250387 409
1757432558175 64.47290538506411 410
1757432558240 51.205519151425904 411
1757432558302 49.84460468555909 412
1757432558366 57.09499210101291 413
1757432558432 59.42189234600346 414
1757432558496 55.123132413088086 415
1757432558563 59.800988518244424 416
1757432558628 49.320143224562266 417
1757432558694 59.90778763560407 418
1757432558759 54.842178442222725 419
1757432558829 61.9187692400821 420
1757432558895 58.8703610578549 421
1757432558955 56.55630304518591 422
1757432559020 64.08797087132983 423
1757432559082 62.506844748168696 424
1757432559143 48.4062081524355 425
1757432559205 60.13061862259834 426
1757432559266 51.98374179589116 427
1757432559333 53.95321456986247 428
1757432559401 63.615185002336545 429
1757432559465 40.740747408861694 430
1757432559532 56.33583434619517 431
1757432559589 63.45800579249778 432
1757432559649 53.44998022557303 433
1757432559713 51.795577941357365 434
1757432559774 50.70209821789299 435
1757432559845 59.447663468536604 436
1757432559910 54.643540073585115 437
1757432559972 58.89679907028529 438
1757432560040 60.37235865552936 439
1757432560107 54.85013002750477 440
1757432560174 63.0862724084827 441
1757432560242 49.84689345811663 442
1757432560304 56.367172243793576 443
1757432560368 58.60261995841118 444
1757432560433 56.02763384179925 445
1757432560498 56.83940312604517 446
1757432560567 54.00259629486709 447
1757432560630 53.90066935996324 448
1757432560697 55.48921805937331 449
1757432560765 55.33121753929487 450
1757432560827 47.45060138089355 451
1757432560890 48.31983479047104 452
1757432560950 58.143661457461704 453
1757432561018 56.99784303416087 454
1757432561083 54.00671884997388 455
1757432561154 50.51514755030569 456
1757432561215 54.74724906638749 457
1757432561279 53.81988471943117 458
1757432561341 49.54933203629739 459
1757432561402 52.12800235839241 460
1757432561468 50.756602397116446 461
1757432561536 51.97579406801351 462
1757432561593 49.558609081607585 463
1757432561656 60.15459508258677 464
1757432561720 41.376933310178536 465
1757432561783 61.347618509160775 466
1757432561845 66.5039521797929 467
1757432561908 59.01545769095148 468
1757432561973 50.3864257464268 469
1757432562044 47.50272284576483 470
1757432562110 48.58453902117011 471
1757432562195 57.86671053537076 472
1757432562264 40.44025276180346 473
1757432562340 57.01092125466561 474
1757432562404 45.63741761143955 475
1757432562469 36.42002070989294 476
1757432562536 57.668004334259415 477
1757432562603 52.633858432017284 478
1757432562666 47.59934713302423 479
1757432562734 54.408755360032124 480
1757432562799 58.186286389868364 481
1757432562865 57.392317581925646 482
1757432562932 58.02202431550146 483
1757432562996 47.16639754444966 484
1757432563063 49.04702461602935 485
1757432563130 47.96697798937985 486
1757432563199 44.473602955986124 487
1757432563263 48.884798483142475 488
1757432563328 44.01353536017568 489
1757432563394 56.85236078528652 490
1757432563459 57.00464523600269 491
1757432563521 48.47159494365399 492
1757432563585 50.85016147993992 493
1757432563645 43.873524111475774 494
1757432563716 51.87129715682537 495
1757432563781 48.28900540484774 496
1757432563846 43.114153337231244 497
1757432563910 41.777427651663295 498
1757432563980 48.46383592544846 499
