1757449916273 40.17428710147695 0
1757449916351 9.341878042426366 1
1757449916427 2.644784565641025 2
1757449916500 1.894204507234729 3
1757449916567 0.3846641265647811 4
1757449916633 0.7816128651634507 5
1757449916689 0.9402261430683528 6
1757449916753 1.6993007155495854 7
1757449916822 1.3249886532966824 8
1757449916891 0.7155403428549372 9
1757449916965 1.240183441353211 10
1757449917043 0.5390538337583124 11
1757449917117 1.0641461161444448 12
1757449917191 1.0032015268313712 13
1757449917271 2.877694066132745 14
1757449917338 0.5905398430474185 15
1757449917406 1.0411759538095757 16
1757449917480 1.3697856183609154 17
1757449917547 1.8067233322834677 18
1757449917605 0.4733388127863305 19
1757449917663 1.5764558109614306 20
1757449917729 1.7925736289577516 21
1757449917797 1.2416841323779981 22
1757449917870 1.5934651062085399 23
1757449917944 1.4509836291602234 24
1757449918016 1.5291478077530816 25
1757449918094 1.0619832701252445 26
1757449918160 1.957363833054571 27
1757449918232 1.5919870127222457 28
1757449918301 0.5946666811447957 29
1757449918367 1.3544432627344916 30
1757449918430 1.1588860018856737 31
1757449918495 0.8883153116552236 32
1757449918562 0.8225501596377334 33
1757449918629 1.5835046384947848 34
1757449918689 1.147127088825055 35
1757449918756 1.6200875152862313 36
1757449918820 1.623891280789357 37
1757449918889 2.262789619278354 38
1757449918953 0.7928399714670353 39
1757449919026 1.0268646751465182 40
1757449919112 0.755261656185217 41
1757449919182 1.0077906303488338 42
1757449919250 0.49845917478480095 43
1757449919317 0.6926762042937951 44
1757449919391 0.4320885593445978 45
1757449919458 2.267247031234507 46
1757449919522 0.449505465194343 47
1757449919587 0.8143153898695459 48
1757449919655 1.0217784843315516 49
1757449919723 1.464713215257623 50
1757449919790 0.28293217350422506 51
1757449919855 3.6385581571475205 52
1757449919923 0.9656625631090401 53
1757449919993 2.3191353205142393 54
1757449920063 0.47340658893418597 55
1757449920131 1.4256387881195458 56
1757449920196 0.6324669453753504 57
1757449920270 1.480200538888984 58
1757449920343 2.2181641663104887 59
1757449920415 0.49166237200424856 60
1757449920488 1.0654832575909805 61
1757449920560 0.8947774208668782 62
1757449920637 0.6815113433636941 63
1757449920701 0.6490313089162967 64
1757449920766 0.4749075412568853 65
1757449920836 1.7452079751991991 66
1757449920907 1.0180044099535461 67
1757449920981 0.46076416164984946 68
1757449921054 0.4977731090988331 69
1757449921130 8.860320282171278 70
1757449921205 0.9122378954741329 71
1757449921280 1.0797129737301 72
1757449921366 0.6638252824988857 73
1757449921443 1.432438908376334 74
1757449921516 1.4409795023801453 75
1757449921591 0.6378839859440147 76
1757449921663 0.9847747593149186 77
1757449921738 0.5297141097658177 78
1757449921811 0.4231364162068628 79
1757449921887 0.8939757096365859 80
1757449921966 1.1379128323271375 81
1757449922039 0.5175237699770425 82
1757449922115 2.4520575305937435 83
1757449922189 0.9936316586306818 84
1757449922269 1.27899057561876 85
1757449922346 0.7922569241939523 86
1757449922424 0.703997341833653 87
1757449922500 1.0320343779693137 88
1757449922575 0.7475104168021679 89
1757449922652 2.132873730741415 90
1757449922722 0.9011258353475046 91
1757449922793 1.056891535874757 92
1757449922864 0.5463559339333734 93
1757449922937 1.017406052913108 94
1757449923003 0.8367337470286194 95
1757449923069 1.0360023584827867 96
1757449923138 1.112550085792495 97
1757449923202 1.0912568440749983 98
1757449923270 9.390789317953134 99
1757449923340 1.4031018407169875 100
1757449923409 0.6214876623916514 101
1757449923476 0.9681210955175792 102
1757449923545 1.129704728799672 103
1757449923614 0.5909786533333858 104
1757449923685 0.649609883864802 105
1757449923751 1.0251550542907457 106
1757449923814 0.6433461871080004 107
1757449923882 1.988260810332675 108
1757449923945 0.725641844900548 109
1757449924013 0.8317447998818597 110
1757449924080 0.9105010719649711 111
1757449924152 2.1319480757748033 112
1757449924225 0.7589241180457622 113
1757449924297 0.5553379138102026 114
1757449924380 0.5077257153218648 115
1757449924457 0.940512516655011 116
1757449924537 2.2233832471263746 117
1757449924620 1.286962262290718 118
1757449924698 0.9807652149200463 119
1757449924770 0.7981495212721812 120
