1757452558161 168.8626692863435 0
1757452558233 166.33168411447824 1
1757452558307 163.83890991302187 2
1757452558384 161.38376979750907 3
1757452558460 158.96569559290253 4
1757452558533 156.58412770210387 5
1757452558605 154.23851497644915 6
1757452558680 151.92831458816013 7
1757452558756 149.65299190472086 8
1757452558831 147.41202036515085 9
1757452558902 145.20488135814637 10
1757452558978 143.03106410206124 11
1757452559048 140.89006552669986 12
1757452559120 138.78139015689467 13
1757452559202 136.70454999784127 14
1757452559276 134.65906442216487 15
1757452559342 132.64446005869158 16
1757452559410 130.6602706828988 17
1757452559477 128.70603710902003 18
1757452559549 126.78130708377797 19
1757452559614 124.88563518172253 20
1757452559681 123.0185827021486 21
1757452559748 121.17971756757014 22
1757452559816 119.36861422372736 23
1757452559882 117.58485354110294 24
1757452559950 115.82802271792568 25
1757452560021 114.0977151846382 26
1757452560083 112.39353050980696 27
1757452560146 110.71507430745297 28
1757452560200 109.06195814578129 29
1757452560257 107.43379945728874 30
1757452560321 105.83022145022849 31
1757452560392 104.25085302141157 32
1757452560461 102.69532867032459 33
1757452560529 101.16328841454424 34
1757452560601 99.65437770642878 35
1757452560678 98.16824735106701 36
1757452560757 96.70455342546657 37
1757452560833 95.26295719896154 38
1757452560911 93.8431250548224 39
1757452560986 92.44472841304885 40
1757452561061 91.06744365432871 41
1757452561139 89.71095204514455 42
1757452561216 88.37493966401128 43
1757452561298 87.05909732882704 44
1757452561366 85.7631205253211 45
1757452561431 84.48670933658205 46
1757452561502 83.22956837364976 47
1757452561573 81.9914067071553 48
1757452561643 80.77193779999307 49
1757452561720 79.57087944100897 50
1757452561800 78.38795367969026 51
1757452561875 77.22288676184104 52
1757452561953 76.07540906622896 53
1757452562028 74.94525504218842 54
1757452562102 73.83216314816585 55
1757452562175 72.73587579119261 56
1757452562252 71.65613926727201 57
1757452562327 70.59270370266586 58
1757452562402 69.54532299606798 59
1757452562475 68.51375476165026 60
1757452562551 67.49776027296893 61
1757452562630 66.4971044077174 62
1757452562704 65.51155559331347 63
1757452562778 64.54088575330776 64
1757452562853 63.584870254601476 65
1757452562931 62.64328785546084 66
1757452563011 61.71592065431654 67
1757452563086 60.80255403933604 68
1757452563165 59.90297663875723 69
1757452563238 59.016980271972045 70
1757452563314 58.14435990134839 71
1757452563386 57.28491358477955 72
1757452563459 56.43844242895 73
1757452563526 55.60475054330667 74
1757452563593 54.783644994725215 75
1757452563666 53.97493576286063 76
1757452563740 53.17843569617207 77
1757452563815 52.39396046861145 78
1757452563889 51.621328536965954 79
1757452563969 50.860361098844656 80
1757452564044 50.110882051299356 81
1757452564119 49.37271795007008 82
1757452564194 48.645697969446005 83
1757452564275 47.92965386273226 84
1757452564353 47.224419923313604 85
1757452564428 46.529832946305994 86
1757452564508 45.845732190787004 87
1757452564586 45.17195934259659 88
1757452564663 44.508358477699325 89
1757452564741 43.854776026099955 90
1757452564818 43.211060736303544 91
1757452564895 42.577063640312254 92
1757452564975 41.95263801915064 93
1757452565051 41.33763936891131 94
1757452565127 40.731925367313316 95
1757452565204 40.1353558407653 96
1757452565281 39.54779273192605 97
1757452565356 38.969100067754674 98
1757452565428 38.39914392804318 99
1757452565497 37.83779241442418 100
1757452565563 37.284915619846394 101
1757452565635 36.74038559851109 102
1757452565708 36.20407633626236 103
1757452565780 35.675863721424385 104
1757452565853 35.15562551607908 105
1757452565932 34.6432413277773 106
1757452566013 34.138592581677074 107
1757452566090 33.64156249310265 108
1757452566166 33.152036040517686 109
1757452566244 32.66989993890651 110
1757452566319 32.19504261355721 111
1757452566394 31.727354174240666 112
1757452566469 31.26672638977927 113
1757452566545 30.81305266299961 114
1757452566624 30.36622800606339 115
1757452566700 29.92614901617071 116
1757452566773 29.49271385163017 117
1757452566848 29.06582220829027 118
1757452566922 28.645375296326648 119
1757452567000 28.231275817379736 120
1757452567076 27.823427942037558 121
1757452567155 27.421737287658594 122
1757452567235 27.026110896529268 123
1757452567320 26.636457214351392 124
1757452567390 26.25268606905428 125
1757452567461 25.874708649926767 126
1757452567540 25.502437487064288 127
1757452567611 25.135786431126277 128
1757452567682 24.7746706333991 129
1757452567758 24.419006526160047 130
1757452567835 24.068711803337777 131
1757452567915 23.723705401464724 132
1757452567994 23.383907480917024 133
1757452568075 23.049239407437792 134
1757452568150 22.719623733939194 135
1757452568227 22.3949841825794 136
1757452568306 22.075245627110018 137
1757452568382 21.760334075490118 138
1757452568462 21.450176652762664 139
1757452568542 21.14470158418955 140
1757452568621 20.843838178641164 141
1757452568703 20.547516812236807 142
1757452568779 20.255668912232046 143
1757452568853 19.96822694114931 144
1757452568931 19.68512438114814 145
1757452569012 19.406295718631352 146
1757452569089 19.131676429083623 147
1757452569164 18.861202962138986 148
1757452569242 18.594812726873727 149
1757452569318 18.33244407732139 150
1757452569393 18.074036298206366 151
1757452569459 17.819529590892977 152
1757452569530 17.56886505954661 153
1757452569601 17.321984697503833 154
1757452569676 17.078831373848228 155
1757452569752 16.839348820188988 156
1757452569829 16.60348161763901 157
1757452569909 16.371175183989653 158
1757452569986 16.142375761079116 159
1757452570069 15.917030402351529 160
1757452570147 15.69508696060381 161
1757452570226 15.476494075917584 162
1757452570302 15.261201163773269 163
1757452570378 15.049158403343586 164
1757452570458 14.840316725963868 165
1757452570533 14.634627803776334 166
1757452570611 14.43204403854593 167
1757452570686 14.2325185506449 168
1757452570766 14.036005168203772 169
1757452570847 13.84245841642605 170
1757452570911 13.65183350706427 171
1757452570977 13.464086328054906 172
1757452571051 13.279173433309813 173
1757452571122 13.097052032661729 174
1757452571195 12.917679981961653 175
1757452571269 12.741015773325625 176
1757452571345 12.567018525528859 177
1757452571422 12.395647974544808 178
1757452571493 12.226864464227127 179
1757452571567 12.06062893713228 180
1757452571641 11.896902925480722 181
1757452571719 11.735648542254527 182
1757452571795 11.57682847242944 183
1757452571869 11.420405964339265 184
1757452571946 11.266344821170646 185
1757452572022 11.114609392586306 186
1757452572098 10.965164566474654 187
1757452572168 10.817975760824016 188
1757452572241 10.673008915719533 189
1757452572317 10.530230485460889 190
1757452572396 10.38960743079901 191
1757452572473 10.251107211290032 192
1757452572549 10.114697777764615 193
1757452572629 9.980347564911025 194
1757452572704 9.84802548397017 195
1757452572781 9.717700915540908 196
1757452572858 9.589343702493963 197
1757452572945 9.462924142992893 198
1757452573032 9.338412983620332 199
1757452573114 9.215781412608063 200
1757452573189 9.095001053169286 201
1757452573264 8.976043956931555 202
1757452573339 8.858882597468837 203
1757452573417 8.74348986393126 204
1757452573482 8.629839054771006 205
1757452573549 8.517903871562927 206
1757452573618 8.40765841291847 207
1757452573687 8.299077168491461 208
1757452573758 8.192135013074433 209
1757452573833 8.086807200783998 210
1757452573917 7.983069359334099 211
1757452573996 7.8808974843956765 212
1757452574079 7.780267934041479 213
1757452574161 7.681157423274758 214
1757452574235 7.583543018640563 215
1757452574312 7.487402132918394 216
1757452574392 7.392712519894988 217
1757452574473 7.299452269215982 218
1757452574558 7.207599801315356 219
1757452574637 7.117133862421417 220
1757452574713 7.028033519638129 221
1757452574791 6.9402781561007725 222
1757452574876 6.853847466204703 223
1757452574954 6.768721450906137 224
1757452575033 6.6848804130938975 225
1757452575112 6.602304953031031 226
1757452575189 6.520975963865262 227
1757452575264 6.440874627207184 228
1757452575339 6.361982408775239 229
1757452575419 6.284281054106464 230
1757452575495 6.2077525843319386 231
1757452575569 6.132379292016069 232
1757452575641 6.058143737058647 233
1757452575712 5.985028742658798 234
1757452575786 5.913017391339884 235
1757452575865 5.842093021034341 236
1757452575948 5.772239221227724 237
1757452576028 5.703439829160908 238
1757452576108 5.635678926089633 239
1757452576186 5.568940833600518 240
1757452576263 5.503210109982725 241
1757452576342 5.43847154665436 242
1757452576417 5.374710164642847 243
1757452576494 5.311911211118434 244
1757452576572 5.250060155980031 245
1757452576648 5.189142688492615 246
1757452576728 5.129144713975357 247
1757452576806 5.070052350539799 248
1757452576882 5.0118519258772345 249
1757452576961 4.954529974094623 250
1757452577041 4.898073232598253 251
1757452577120 4.84246863902446 252
1757452577198 4.787703328216687 253
1757452577279 4.733764629248172 254
1757452577357 4.680640062489602 255
1757452577433 4.6283173367210235 256
1757452577516 4.576784346287354 257
1757452577589 4.526029168296858 258
1757452577661 4.476040059861885 259
1757452577735 4.426805455381302 260
1757452577810 4.37831396386393 261
1757452577884 4.330554366292385 262
1757452577960 4.283515613026757 263
1757452578037 4.237186821247428 264
1757452578111 4.191557272436549 265
1757452578187 4.146616409897501 266
1757452578267 4.102353836311834 267
1757452578346 4.058759311333085 268
1757452578422 4.015822749216892 269
1757452578499 3.9735342164869403 270
1757452578576 3.9318839296360975 271
1757452578654 3.890862252862291 272
1757452578731 3.8504596958385373 273
1757452578810 3.8106669115166674 274
1757452578887 3.771474693964186 275
1757452578965 3.7328739762338023 276
1757452579044 3.694855828265124 277
1757452579124 3.6574114548180208 278
1757452579210 3.6205321934372012 279
1757452579289 3.584209512447516 280
1757452579364 3.5484350089795145 281
1757452579438 3.5132004070248284 282
1757452579514 3.4784975555208955 283
1757452579587 3.4443184264646156 284
1757452579660 3.410655113054488 285
1757452579735 3.377499827860766 286
1757452579811 3.34484490102328 287
1757452579888 3.3126827784764337 288
1757452579968 3.2810060202010187 289
1757452580049 3.2498072985024233 290
1757452580125 3.2190793963148123 291
1757452580203 3.188815205530938 292
1757452580279 3.159007725357147 293
1757452580355 3.1296500606932374 294
1757452580435 3.100735420536758 295
1757452580517 3.0722571164114174 296
1757452580599 3.0442085608191936 297
1757452580675 3.0165832657158544 298
1757452580752 2.989374841009449 299
1757452580829 2.962576993081491 300
1757452580903 2.936183523330478 301
1757452580977 2.9101883267373627 302
1757452581054 2.8845853904527288 303
1757452581129 2.8593687924052595 304
1757452581206 2.8345326999312315 305
1757452581281 2.8100713684247047 306
1757452581358 2.785979140008074 307
1757452581446 2.7622504422226983 308
1757452581522 2.7388797867393113 309
1757452581592 2.7158617680878883 310
1757452581668 2.6931910624066773 311
1757452581730 2.6708624262101477 312
1757452581801 2.648870695175518 313
1757452581876 2.6272107829475972 314
1757452581948 2.605877679961695 315
1757452582024 2.584866452284275 316
1757452582098 2.5641722404711356 317
1757452582174 2.543790258442816 318
1757452582251 2.52371579237698 319
1757452582329 2.503944199617523 320
1757452582409 2.484470907600155 321
1757452582489 2.465291412794196 322
1757452582564 2.4464012796603547 323
1757452582641 2.427796139624235 324
1757452582718 2.409471690065347 325
1757452582795 2.39142369332138 326
1757452582875 2.373647975707491 327
1757452582951 2.3561404265504344 328
1757452583034 2.338896997237245 329
1757452583121 2.3219137002782833 330
1757452583200 2.3051866083844494 331
1757452583281 2.2887118535583095 332
1757452583357 2.2724856261989417 333
1757452583440 2.256504174220313 334
1757452583519 2.240763802182951 335
1757452583595 2.225260870438736 336
1757452583669 2.2099917942885927 337
1757452583744 2.1949530431529083 338
1757452583819 2.1801411397544728 339
1757452583897 2.165552659313752 340
1757452583978 2.1511842287563154 341
1757452584054 2.1370325259322205 342
1757452584134 2.1230942788471885 343
1757452584214 2.1093662649053906 344
1757452584292 2.095845310163663 345
1757452584373 2.082528288596973 346
1757452584456 2.06941212137499 347
1757452584535 2.056493776149567 348
1757452584612 2.0437702663529786 349
1757452584691 2.0312386505067663 350
1757452584768 2.018896031541007 351
1757452584846 2.0067395561238537 352
1757452584928 1.9947664140012198 353
1757452585006 1.9829738373464099 354
1757452585085 1.971359100119581 355
1757452585164 1.95991951743687 356
1757452585242 1.9486524449490514 357
1757452585318 1.937555278229569 358
1757452585395 1.9266254521718063 359
1757452585475 1.9158604403954624 360
1757452585555 1.9052577546618947 361
1757452585626 1.8948149442982631 362
1757452585703 1.8845295956304033 363
1757452585783 1.874399331424237 364
1757452585861 1.864421810335622 365
1757452585942 1.8545947263685116 366
1757452586020 1.8449158083412895 367
1757452586098 1.8353828193611694 368
1757452586179 1.8259935563065186 369
1757452586262 1.816745849317006 370
1757452586341 1.807637561291441 371
1757452586421 1.7986665873932066 372
1757452586504 1.7898308545631367 373
1757452586584 1.7811283210397713 374
1757452586663 1.772556975886837 375
1757452586747 1.7641148385278733 376
1757452586827 1.7557999582878752 377
1757452586911 1.7476104139418667 378
1757452586991 1.7395443132702786 379
1757452587069 1.7315997926210398 380
1757452587145 1.7237750164782968 381
1757452587224 1.7160681770376152 382
1757452587304 1.7084774937876221 383
1757452587381 1.7010012130979497 384
1757452587461 1.693637607813403 385
1757452587542 1.6863849768542527 386
1757452587620 1.6792416448225695 387
1757452587694 1.6722059616144924 388
1757452587770 1.6652763020383585 389
1757452587853 1.6584510654385942 390
1757452587931 1.6517286753252813 391
1757452588008 1.6451075790093246 392
1757452588088 1.638586247243121 393
1757452588169 1.6321631738666542 394
1757452588247 1.6258368754589325 395
1757452588326 1.6196058909946953 396
1757452588403 1.6134687815062847 397
1757452588482 1.6074241297506469 398
1757452588564 1.601470539881344 399
1757452588643 1.5956066371255195 400
1757452588721 1.5898310674657437 401
1757452588798 1.5841424973266625 402
1757452588876 1.5785396132663774 403
1757452588958 1.573021121672481 404
1757452589035 1.567585748462685 405
1757452589110 1.5622322387899712 406
1757452589191 1.5569593567521816 407
1757452589265 1.5517658851060079 408
1757452589345 1.5466506249852907 409
1757452589424 1.5416123956235737 410
1757452589505 1.536650034080842 411
1757452589586 1.531762394974395 412
1757452589663 1.5269483502137757 413
1757452589745 1.5222067887397022 414
1757452589840 1.5175366162669486 415
1757452589918 1.5129367550310868 416
1757452589998 1.5084061435390816 417
1757452590082 1.5039437363236294 418
1757452590159 1.4995485037012093 419
1757452590240 1.495219431533794 420
1757452590323 1.4909555209941538 421
1757452590403 1.4867557883347007 422
1757452590484 1.4826192646598293 423
1757452590559 1.4785449957016912 424
1757452590639 1.4745320415993493 425
1757452590717 1.4705794766812796 426
1757452590797 1.46668638925114 427
1757452590878 1.4628518813767921 428
1757452590956 1.4590750686824887 429
1757452591035 1.4553550801442137 430
1757452591111 1.4516910578881028 431
1757452591189 1.4480821569919156 432
1757452591272 1.4445275452894966 433
1757452591363 1.4410264031781927 434
1757452591442 1.4375779234291792 435
1757452591522 1.4341813110006458 436
1757452591600 1.4308357828538067 437
1757452591675 1.4275405677716841 438
1757452591752 1.4242949061806336 439
1757452591830 1.4210980499745582 440
1757452591911 1.4179492623417804 441
1757452592004 1.414847817594524 442
1757452592082 1.4117930010009763 443
1757452592163 1.4087841086198765 444
1757452592246 1.4058204471376141 445
1757452592325 1.4029013337077738 446
1757452592402 1.4000260957931092 447
1757452592480 1.3971940710099056 448
1757452592557 1.3944046069746838 449
1757452592621 1.3916570611532268 450
1757452592700 1.38895080071188 451
1757452592779 1.3862852023710965 452
1757452592860 1.383659652261202 453
1757452592938 1.3810735457803214 454
1757452593021 1.3785262874544668 455
1757452593101 1.3760172907997283 456
1757452593182 1.3735459781865464 457
1757452593263 1.3711117807060373 458
1757452593356 1.368714138038331 459
1757452593442 1.3663524983229027 460
1757452593527 1.3640263180308558 461
1757452593614 1.3617350618391404 462
1757452593694 1.3594782025066618 463
1757452593774 1.3572552207522697 464
1757452593854 1.3550656051345804 465
1757452593932 1.3529088519336177 466
1757452594020 1.3507844650342422 467
1757452594127 1.3486919558113362 468
1757452594213 1.3466308430167229 469
1757452594311 1.344600652667799 470
1757452594406 1.34260091793784 471
1757452594498 1.3406311790479635 472
1757452594589 1.338690983160733 473
1757452594678 1.3367798842753509 474
1757452594770 1.33489744312445 475
1757452594850 1.3330432270724366 476
1757452594930 1.331216810015362 477
1757452595017 1.3294177722823208 478
1757452595098 1.3276457005383209 479
1757452595181 1.3259001876886316 480
1757452595261 1.3241808327845743 481
1757452595343 1.3224872409307298 482
1757452595424 1.3208190231935517 483
1757452595506 1.3191757965113564 484
1757452595587 1.3175571836056774 485
1757452595670 1.315962812893949 486
1757452595747 1.3143923184035153 487
1757452595824 1.3128453396869395 488
1757452595900 1.3113215217385796 489
1757452595983 1.309820514912439 490
1757452596065 1.308341974841245 491
1757452596145 1.3068855623567586 492
1757452596224 1.3054509434112782 493
1757452596307 1.304037789000337 494
1757452596386 1.3026457750865617 495
1757452596467 1.3012745825246805 496
1757452596548 1.2999238969876712 497
1757452596628 1.2985934088940108 498
1757452596710 1.2972828133360368 499
