1757675527534 157.58739451608187 0
1757675527643 142.32719620587235 1
1757675527740 134.3018745469702 2
1757675527837 130.77980953165138 3
1757675527934 127.61993668843947 4
1757675528023 120.77377164639037 5
1757675528143 117.00898936519482 6
1757675528260 109.45056029569507 7
1757675528359 104.63140729326402 8
1757675528480 99.71056853432869 9
1757675528605 99.05089777028445 10
1757675528715 86.24994632352309 11
1757675528826 86.78615939908235 12
1757675528926 80.96567239173103 13
1757675529025 75.12187591904791 14
1757675529138 73.28590582680684 15
1757675529234 69.8203953645459 16
1757675529330 66.29502611831906 17
1757675529427 64.07128726930742 18
1757675529519 63.986303783656574 19
1757675529605 59.1696984812397 20
1757675529739 56.633259754919386 21
1757675529848 53.55428154136845 22
1757675529957 49.02381719520533 23
1757675530040 48.49934103596147 24
1757675530128 45.688460556134345 25
1757675530221 40.464829835401204 26
1757675530317 41.55578278316733 27
1757675530408 38.39383000403771 28
1757675530499 35.51364130617902 29
1757675530593 35.75769207412522 30
1757675530687 32.07263645641417 31
1757675530791 28.73405839529758 32
1757675530883 30.132524915496855 33
1757675530971 26.879989907041992 34
1757675531064 26.444338987033348 35
1757675531156 25.572896187669272 36
1757675531249 27.20520243622498 37
1757675531340 25.47673584612552 38
1757675531434 22.096638219772615 39
1757675531529 20.186250475889025 40
1757675531620 21.685419392237662 41
1757675531710 19.227609005852173 42
1757675531803 16.89623786453654 43
1757675531898 15.898588056360579 44
1757675531999 18.523609719740737 45
1757675532081 15.094390352178884 46
1757675532172 16.482954029310708 47
1757675532268 13.619306265665353 48
1757675532367 17.04838539080867 49
1757675532461 13.64744881928021 50
1757675532559 11.72830907252166 51
1757675532651 12.878387680584307 52
1757675532743 10.913009034873049 53
1757675532836 11.221508127065785 54
1757675532929 11.112320041789479 55
1757675533021 10.660202809364685 56
1757675533115 9.69821155837872 57
1757675533205 10.98981113221056 58
1757675533303 10.694331886755696 59
1757675533395 9.093730374652194 60
1757675533487 7.145523469336681 61
1757675533579 8.61801778159836 62
1757675533670 5.722319283614198 63
1757675533766 5.547290637185874 64
1757675533858 6.898880154121466 65
1757675533949 7.471463583036023 66
1757675534035 5.7088781439883185 67
1757675534124 6.220977995604046 68
1757675534217 6.751486568489831 69
1757675534306 6.330866086423933 70
1757675534400 5.623888352520504 71
1757675534493 4.504480793432217 72
1757675534589 5.96675849642514 73
1757675534676 3.9982752792135727 74
1757675534769 3.9361046738904215 75
1757675534859 3.835262735109986 76
1757675534954 3.400534419970932 77
1757675535047 4.475614817319617 78
1757675535139 4.419659743769028 79
1757675535228 4.057485046092346 80
1757675535318 4.726515549443384 81
1757675535411 2.5351852537662136 82
1757675535498 3.2015395221565073 83
1757675535594 5.125819047350544 84
1757675535684 1.8951219708998024 85
1757675535771 4.371488967057747 86
1757675535865 3.7867019670260267 87
1757675535961 2.0057850867620375 88
1757675536053 3.324817903335219 89
1757675536143 3.459930652623342 90
1757675536235 1.6563947517404003 91
1757675536327 2.1638704727773224 92
1757675536422 1.9468206363463807 93
1757675536533 3.773617015892297 94
1757675536623 3.091083741456948 95
1757675536717 2.3420271381658386 96
1757675536805 1.5176423312805236 97
1757675536900 3.464087665057361 98
1757675536992 1.5059941937242223 99
1757675537087 2.4885893577867404 100
1757675537179 2.5468468665408595 101
1757675537268 2.3180760610825266 102
1757675537364 1.2134517170511838 103
1757675537463 2.055541496278366 104
1757675537566 1.2255063090814948 105
1757675537667 1.526906745421807 106
1757675537758 0.8042167619595054 107
1757675537853 1.7665255923742509 108
1757675537941 2.1997748268575736 109
1757675538036 2.042244438701543 110
1757675538124 1.3533853897724692 111
1757675538215 2.3175295476404187 112
1757675538314 0.5710813542318458 113
1757675538405 1.4353244661625575 114
1757675538506 2.422031511468938 115
1757675538602 1.6234924756209632 116
1757675538694 2.394254305691817 117
1757675538789 1.751213835480799 118
1757675538879 1.6541065428765356 119
1757675538972 1.2019484316729692 120
1757675539083 1.2738863189372425 121
1757675539178 1.6852375366214492 122
1757675539271 1.2722583013070898 123
1757675539364 2.3400752994758536 124
1757675539461 0.9490882038312286 125
1757675539556 1.8278826837738489 126
1757675539646 1.851648187531035 127
1757675539739 1.2532298551640941 128
1757675539832 0.9256778624936863 129
1757675539928 0.6631090840741564 130
1757675540022 1.3560813910587761 131
1757675540110 2.3642503928681275 132
1757675540201 1.8544702915093376 133
1757675540298 1.6408244997591948 134
1757675540394 0.8613110661649768 135
1757675540489 2.2027204792542943 136
1757675540585 0.8645937090860284 137
1757675540682 1.4415249039514129 138
1757675540775 1.1558958660881693 139
1757675540873 1.2197586973055312 140
1757675540968 1.40094684596132 141
1757675541064 1.178505774037412 142
1757675541164 0.844924668567385 143
1757675541256 2.125089897023961 144
1757675541353 1.1927657312477808 145
1757675541450 1.4212537970839665 146
1757675541545 1.3898656823007627 147
1757675541639 1.0131984317384795 148
1757675541731 0.9411042065786976 149
1757675541832 0.8393729791005141 150
1757675541929 1.0557295959884083 151
1757675542022 0.7470790482288258 152
1757675542115 1.881960987294147 153
1757675542204 0.8765905029242257 154
1757675542294 1.3757095822680219 155
1757675542394 0.5894854352038512 156
1757675542494 1.3916760465763842 157
1757675542590 1.1437997716552206 158
1757675542681 1.0871058798308357 159
1757675542777 1.3043882695101738 160
1757675542872 1.038495027937658 161
1757675542969 1.0837325895392826 162
1757675543066 1.3272005383900791 163
1757675543169 0.8230685787595245 164
1757675543267 0.7317370676409678 165
1757675543363 1.3248505046331898 166
1757675543464 2.6190850110538246 167
1757675543557 1.8624266607977695 168
1757675543655 0.7180861796795971 169
1757675543752 2.4959833548229953 170
1757675543846 1.2221222621137575 171
1757675543940 1.3865891285390275 172
1757675544042 1.758552971199239 173
1757675544134 0.44119403094835574 174
1757675544230 1.3080632140946453 175
1757675544329 1.1000212589394056 176
1757675544426 1.325924037599823 177
1757675544526 1.6581524286752878 178
1757675544630 0.7981504498658706 179
1757675544727 0.7282347204712154 180
1757675544821 0.990801640821626 181
1757675544917 1.0383456138287936 182
1757675545013 1.2512508857598648 183
1757675545110 2.74321302699167 184
1757675545205 1.0604196794046352 185
1757675545307 2.0230672937361565 186
1757675545399 0.8520228501346648 187
1757675545493 1.4232452075299775 188
1757675545591 1.4118250861824555 189
1757675545688 1.402615350716126 190
1757675545782 1.4889949758342895 191
1757675545876 1.495612614831065 192
1757675545970 1.8822676127207338 193
1757675546065 1.1800416637837452 194
1757675546156 1.8112268413232524 195
1757675546251 1.1000175183394798 196
1757675546349 1.527248271630475 197
1757675546446 0.7015408613294214 198
1757675546559 0.844126114294018 199
1757675546661 1.273126067069945 200
1757675546756 2.7193772559022986 201
1757675546848 0.606109923661757 202
1757675546945 1.1667747959128503 203
1757675547042 0.8334980627063728 204
1757675547138 1.050712944580186 205
1757675547233 2.9275618791109643 206
1757675547329 1.5780454228435996 207
1757675547430 0.7328453670376774 208
1757675547540 1.8353994466063401 209
1757675547639 1.1264702791896695 210
1757675547736 0.921097334860778 211
1757675547833 0.8364996450569862 212
1757675547933 1.8839039478996455 213
1757675548031 1.582150236273666 214
1757675548132 1.940533723816262 215
1757675548217 0.7830077459343684 216
1757675548312 1.2277968682051452 217
1757675548408 1.4787032850880737 218
1757675548505 1.5672666187510238 219
1757675548598 1.6861138041951014 220
1757675548697 0.8325758677325198 221
1757675548793 1.1631263270855858 222
1757675548893 1.441870554635812 223
1757675548991 1.1721268697853582 224
1757675549108 0.8695189011247412 225
1757675549212 2.0057008554583113 226
1757675549309 1.3228519063577102 227
1757675549407 0.6857151926662395 228
1757675549504 1.8857860791395504 229
1757675549601 1.3650895591681869 230
1757675549700 0.856406959997945 231
1757675549800 1.765155409766036 232
1757675549899 1.4712943219314845 233
1757675549993 1.8371075256337794 234
1757675550096 1.4193135433325728 235
1757675550187 0.6471055304322606 236
1757675550281 0.6583904858734615 237
1757675550379 1.8108209198926757 238
1757675550477 0.8588240693376008 239
1757675550577 1.4218393521170145 240
1757675550671 0.837981446061839 241
1757675550777 1.7745811826796223 242
1757675550876 0.889542609469783 243
1757675550972 1.0976481983055404 244
1757675551076 0.7184059232061701 245
1757675551174 0.894182845553812 246
1757675551270 1.689800724508021 247
1757675551369 1.33997255315594 248
1757675551466 0.8629035251452937 249
1757675551574 1.5559839981838965 250
1757675551673 1.1312909055723073 251
1757675551770 2.01962696580963 252
1757675551868 0.8283502795023114 253
1757675551964 1.3513627279115876 254
1757675552093 1.227509993734608 255
1757675552190 0.5825024885319151 256
1757675552281 1.3359963071689314 257
1757675552378 1.1252827203065205 258
1757675552472 1.2096857714834124 259
1757675552568 1.954557176828402 260
1757675552669 1.4531452049180953 261
1757675552768 1.7190326547917867 262
1757675552865 0.5316480472264966 263
1757675552962 1.7375564783908362 264
1757675553065 1.1152914885121472 265
1757675553163 1.0257315848934132 266
1757675553268 0.5963864272385093 267
1757675553368 1.3670533682739532 268
1757675553464 1.1142041960078743 269
1757675553566 2.0889353095618013 270
1757675553662 1.153709491422249 271
1757675553763 1.5815903230005999 272
1757675553866 0.5879231525387195 273
1757675553965 0.9027970449771135 274
1757675554068 1.0532683180669935 275
1757675554171 1.596354034873655 276
1757675554262 0.9657410159833074 277
1757675554364 1.0425351725591145 278
1757675554463 1.7391540510365429 279
1757675554559 0.9093274508434622 280
1757675554657 2.160482795779971 281
1757675554758 1.0911580806653405 282
1757675554856 1.2679850430609931 283
1757675554951 1.4509205806688132 284
1757675555044 2.5953478244195534 285
1757675555147 1.472231048651269 286
1757675555240 1.775149909941935 287
1757675555346 1.2032648121351048 288
1757675555442 0.6873116606201728 289
1757675555538 1.550709895206799 290
1757675555636 1.4483562307063764 291
1757675555736 0.981079584924831 292
1757675555837 1.1566148398424763 293
1757675555942 1.207878577112302 294
1757675556037 1.4041460719947372 295
1757675556140 1.2908496975566772 296
1757675556269 1.074118984802105 297
1757675556368 0.6840234404461677 298
1757675556477 1.3965574797740012 299
1757675556585 0.6082917639822738 300
1757675556680 1.3260847464676002 301
1757675556779 1.5820096248884181 302
1757675556873 2.2307482356657093 303
1757675556955 1.0308143345155891 304
1757675557052 1.5293474809651295 305
1757675557153 1.8838331544926683 306
1757675557253 1.4946693778961875 307
1757675557353 1.3560854891811165 308
1757675557452 0.8313453848193445 309
1757675557556 1.2456074401262374 310
1757675557659 1.0829370496192223 311
1757675557760 2.640306151190895 312
1757675557863 0.7238740884649681 313
1757675557962 0.9959178324337232 314
1757675558063 1.6189842773984102 315
1757675558166 0.9305545312790876 316
1757675558266 1.5946657981923578 317
1757675558366 0.37438862000006473 318
1757675558465 1.0343974259134137 319
1757675558572 0.6469559253794089 320
1757675558676 1.1646530855976973 321
1757675558778 0.7497679222485619 322
1757675558875 0.3842506211922184 323
1757675558977 1.2817026344064413 324
1757675559092 1.5670065993671525 325
1757675559196 0.9867935497049283 326
1757675559299 0.9248392010448571 327
1757675559400 0.7769256628283009 328
1757675559502 0.737726194264483 329
1757675559604 1.0010421288644127 330
1757675559705 1.1653620513752476 331
1757675559809 1.4893961542196132 332
1757675559908 0.6992628727756695 333
1757675560011 1.0851873340798868 334
1757675560107 0.6564030586853883 335
1757675560206 1.7027234458609144 336
1757675560301 1.5621819611015162 337
1757675560405 1.1828785671069204 338
1757675560504 1.7233155730610423 339
1757675560607 0.7956591150174658 340
1757675560706 0.8594319960835093 341
1757675560809 1.6851327958315236 342
1757675560915 0.5145349862445064 343
1757675561015 1.1710013082929087 344
1757675561147 1.2066003623909447 345
1757675561261 3.5409629380274743 346
1757675561379 1.295540899694337 347
1757675561493 1.1911537160651826 348
1757675561605 1.582658016079704 349
1757675561703 1.2726818644205742 350
1757675561806 2.017040076191291 351
1757675561907 1.4124272997332632 352
1757675562010 1.2558856331260557 353
1757675562111 0.6000543652070842 354
1757675562208 0.8329605864881874 355
1757675562302 0.9996666816308225 356
1757675562408 0.8784475843383491 357
1757675562509 1.2142482820394211 358
1757675562612 1.2654650712338635 359
1757675562712 0.722018407489867 360
1757675562813 1.5091859703595936 361
1757675562915 2.252836667158087 362
1757675563018 0.7544536051901418 363
1757675563118 0.912152218018994 364
1757675563219 1.0394014445366337 365
1757675563315 1.8789500231648637 366
1757675563417 0.8194981625797858 367
1757675563518 0.898180119933356 368
1757675563619 0.7092538515987412 369
1757675563718 1.0799141466731452 370
1757675563822 0.4493659934942488 371
1757675563924 1.049719409064795 372
1757675564029 1.070884328343573 373
1757675564135 1.532967399643915 374
1757675564240 3.0916767520089072 375
1757675564332 0.6445548529838295 376
1757675564437 0.82968824163423 377
1757675564539 0.640053420811315 378
1757675564641 1.0196478409519347 379
1757675564742 0.7401164105275778 380
1757675564840 1.123828041205322 381
1757675564944 1.7286804561107398 382
1757675565050 1.9961850893017854 383
1757675565154 1.1855531236523513 384
1757675565251 1.1477389496439323 385
1757675565352 1.504654715031288 386
1757675565456 1.3185424017829275 387
1757675565559 0.6249788720873619 388
1757675565659 1.0415868680276255 389
1757675565761 1.213631761633883 390
1757675565866 1.2740137738726423 391
1757675565971 0.6473839079284205 392
1757675566073 1.170542521463908 393
1757675566209 0.9226279621271425 394
1757675566316 1.3003778314249694 395
1757675566418 0.9899949759899177 396
1757675566537 1.0313978002456394 397
1757675566640 0.7316100854535982 398
1757675566746 0.5690198840741258 399
1757675566844 1.432575557424194 400
1757675566946 1.1829859057146996 401
1757675567048 1.0862714123753272 402
1757675567147 1.04919581837387 403
1757675567246 1.6053780803803817 404
1757675567346 0.9536291593625476 405
1757675567453 1.2234730822169146 406
1757675567571 0.9026738469020265 407
1757675567677 1.4962387320674322 408
1757675567776 0.7539784602473725 409
1757675567883 1.695658662147561 410
1757675567980 1.1823558392776052 411
1757675568084 1.413613725717026 412
1757675568186 1.2645681198317125 413
1757675568286 2.847575825526394 414
1757675568379 0.7283390709924753 415
1757675568479 1.398097496535862 416
1757675568584 0.6806434371338888 417
1757675568685 0.743645709038891 418
1757675568787 1.506719318615111 419
1757675568883 1.4044404344470887 420
1757675568984 0.8390876033610176 421
1757675569103 1.2895365822049563 422
1757675569209 0.6795166825739121 423
1757675569349 1.0175685225718023 424
1757675569471 0.8442899523026136 425
1757675569588 0.7233438334599471 426
1757675569711 0.5855549331517099 427
1757675569827 1.0851328930282325 428
1757675569951 1.010252456665336 429
1757675570069 1.1394102528327876 430
1757675570178 2.131042009400295 431
1757675570276 0.9337167391133936 432
1757675570370 1.1598382034672126 433
1757675570474 0.7196271528976386 434
1757675570579 1.6954890820324315 435
1757675570685 0.8640745805800977 436
1757675570782 0.8138844640265043 437
1757675570883 1.8536756932124197 438
1757675570985 0.6491538770475879 439
1757675571089 1.731815257286954 440
1757675571194 0.7715765091092168 441
1757675571296 0.7895988407685086 442
1757675571395 1.9615130764349478 443
1757675571497 0.8848051139615789 444
1757675571601 0.8894165166818633 445
1757675571706 1.0059633706412519 446
1757675571810 0.5860749441099601 447
1757675571912 2.1152271747888274 448
1757675572014 0.8476473762451575 449
1757675572119 1.048160417989391 450
1757675572218 0.3980255597853437 451
1757675572321 1.3435287716938298 452
1757675572412 0.7310250798969845 453
1757675572520 0.7279479158909513 454
1757675572618 0.7337398284209212 455
1757675572719 0.9376268725359518 456
1757675572819 1.3077470510709683 457
1757675572919 0.7329655490835201 458
1757675573023 1.250965389489903 459
1757675573132 0.6321866469966324 460
1757675573235 0.9458669024863435 461
1757675573345 1.1442967146935132 462
1757675573446 1.3347325114844266 463
1757675573548 0.9755748540644141 464
1757675573652 1.0738234089157157 465
1757675573750 1.3358138921605938 466
1757675573851 1.6320254092957218 467
1757675573952 0.745371539120204 468
1757675574081 0.9468270425165781 469
1757675574198 1.6779974249236096 470
1757675574323 2.0201988306246617 471
1757675574430 0.7999042142419329 472
1757675574539 0.5451040277891795 473
1757675574646 0.8772561525890207 474
1757675574751 2.203355964697852 475
1757675574854 0.5468059470929502 476
1757675574953 0.6767098994468271 477
1757675575058 1.6747455368002193 478
1757675575162 0.7534485130531072 479
1757675575264 0.587475509307412 480
1757675575373 1.3421701766200653 481
1757675575477 1.21660482548892 482
1757675575584 1.1739110964961952 483
1757675575687 0.8655342866322254 484
1757675575787 0.9747046515728842 485
1757675575894 1.334634982047849 486
1757675576001 0.7047920344676879 487
1757675576109 0.8244494103498081 488
1757675576217 0.9793233316385175 489
1757675576316 2.2685927744603704 490
1757675576415 1.2121697121158013 491
1757675576532 2.4990275942703133 492
1757675576642 0.616823582908645 493
1757675576742 1.0232079858857581 494
1757675576847 0.8831431159528528 495
1757675576949 0.7032100648644886 496
1757675577047 0.5260203084599895 497
1757675577148 1.0274489610534498 498
1757675577254 1.90508238366614 499
