1757588220857 3919.0187478278526 0
1757588220917 29097234031877.168 1
1757588220981 2.2734032604685223e+23 2
1757588221057 1.776238380336278e+33 3
1757588221128 1.387797245935804e+43 4
1757588221187 1.0843033329019448e+53 5
1757588221245 8.47179745589908e+62 6
1757588221315 6.61912123258858e+72 7
1757588221474 5.171602144618963e+82 8
1757588221594 4.040637390133972e+92 9
1757588221648 3.157000492688104e+102 10
1757588221704 2.4666039410436775e+112 11
1757588221759 1.9271884866865074e+122 12
1757588221814 1.5057364505975585e+132 13
1757588221874 1.176450707505157e+142 14
1757588221935 9.191756410227855e+151 15
1757588221996 7.181634161633193e+161 16
1757588222063 5.611100526352831e+171 17
1757588222122 4.384022968621455e+181 18
1757588222176 3.4252919367839726e+191 19
1757588222231 2.6762233994149627e+201 20
1757588222293 2.0909667893302942e+211 21
1757588222357 1.6336984853499214e+221 22
1757588222420 1.2764290445232115e+231 23
1757588222479 9.972899652615296e+240 24
1757588222542 7.791951139617433e+250 25
1757588222602 6.087948808976882e+260 26
1757588222662 4.756590491472585e+270 27
1757588222724 3.716383598726369e+280 28
1757588222788 2.9036569529462435e+290 29
1757588222850 2.2686634671626943e+300 30
1757588222913 inf 31
