1757438359336 139.63018388542096 0
1757438359393 122.23450875172341 1
1757438359451 111.03874293800223 2
1757438359505 91.22369999441493 3
1757438359566 82.18284461633814 4
1757438359627 71.79843543565046 5
1757438359687 62.53828185190602 6
1757438359748 53.32478140604509 7
1757438359798 43.72252405017814 8
1757438359848 38.63396910042355 9
1757438359905 36.08364596047733 10
1757438359967 29.6069868616359 11
1757438360027 28.15298195531484 12
1757438360087 22.09834678640267 13
1757438360152 21.34582361321827 14
1757438360206 16.34825571539424 15
1757438360260 16.25492703865702 16
1757438360310 14.172067547568988 17
1757438360365 12.065461926333867 18
1757438360428 12.623652607974927 19
1757438360489 12.226511755490362 20
1757438360550 6.503417471237303 21
1757438360610 6.723028643509239 22
1757438360677 8.85421406195789 23
1757438360741 6.191620582889641 24
1757438360798 3.52693652192899 25
1757438360851 7.309291541687001 26
1757438360906 3.6541187509156643 27
1757438360971 2.9446849907025436 28
1757438361029 3.4824419592797757 29
1757438361079 2.5942490839939025 30
1757438361133 1.8522967779964616 31
1757438361186 1.8732400874021184 32
1757438361242 1.7155687836277809 33
1757438361290 1.7576626410637504 34
1757438361336 3.750769690617279 35
1757438361392 2.4308876836079722 36
1757438361450 2.2254862892111213 37
1757438361511 0.8673267395140121 38
1757438361568 3.7907646112563382 39
1757438361629 2.847527673863576 40
1757438361694 2.216709640151253 41
1757438361755 0.6829624042807063 42
1757438361819 1.6747390728788218 43
1757438361881 0.7844523360943434 44
1757438361944 1.3297948378475413 45
1757438362004 0.9842988760634768 46
1757438362076 0.8803574715015661 47
1757438362140 0.8758959105764382 48
1757438362199 1.956912304952838 49
1757438362258 0.9773835403952426 50
1757438362318 1.5125642196951008 51
1757438362386 1.7796777828259767 52
1757438362446 0.9515374038394526 53
1757438362505 1.6540870668387186 54
1757438362568 1.8626354044628437 55
1757438362629 1.0974287968771907 56
1757438362692 0.6895675058909673 57
1757438362761 0.7594082323608911 58
1757438362814 1.707515777874637 59
1757438362875 0.9503826803195944 60
1757438362936 1.8176600145748827 61
1757438362995 1.186923199051036 62
1757438363074 2.1218699305899387 63
1757438363140 1.9196580686175457 64
1757438363201 0.34163985538052355 65
1757438363261 0.4835991913974953 66
1757438363351 0.8254963093183354 67
1757438363417 1.0560462458102104 68
1757438363484 0.5212715985412696 69
1757438363543 1.136780505399098 70
1757438363606 1.412658167670342 71
1757438363669 2.879625544455115 72
1757438363735 1.1475560463913792 73
1757438363801 1.128208556003488 74
1757438363861 1.1554239285492918 75
1757438363925 1.6130920159058844 76
1757438363985 1.5998926585976563 77
1757438364046 2.114861573996592 78
1757438364106 1.0399623159919427 79
1757438364165 0.9942536121261382 80
1757438364221 1.694568232712391 81
1757438364282 1.0005450403528569 82
1757438364340 1.1712311192538056 83
1757438364408 1.5989533469567123 84
1757438364475 2.1623880262175246 85
1757438364541 1.301944452505674 86
1757438364605 1.0207890573248615 87
1757438364667 1.4760014228960538 88
1757438364731 1.37066957608633 89
1757438364792 1.2357703313812896 90
1757438364843 1.4256523028420376 91
1757438364911 0.8094795681614131 92
1757438364976 1.0499658253171589 93
1757438365037 1.093042045517201 94
1757438365098 1.692005021797454 95
1757438365163 1.3351835201371904 96
