1757673528421 0.5944566997332258 0
1757673528563 0.3703268260623202 1
1757673528702 4.6006322370038335 2
1757673528846 1.8047643959636133 3
1757673528982 0.999480835778646 4
1757673529160 5.389415326354506 5
1757673529307 0.004710422114249289 6
1757673529449 0.6395579737716649 7
1757673529590 0.25735197522518005 8
1757673529734 6.276143949817523 9
1757673529871 0.15704357350374656 10
1757673530008 0.05438850470538792 11
1757673530151 0.27802752482973425 12
1757673530294 1.5875133399353072 13
1757673530437 0.11379158455329044 14
1757673530578 0.6058461236344476 15
1757673530720 0.03812892353483461 16
1757673530865 0.7312550627123454 17
1757673531007 0.2465736585793444 18
1757673531151 0.06803277935089322 19
1757673531303 0.023287005219917653 20
1757673531453 0.10623951592968077 21
1757673531591 0.015082126118271331 22
1757673531739 0.010764402296299094 23
1757673531880 1.6973385277902269 24
1757673532023 0.07574847047412814 25
1757673532163 0.04791684726881818 26
1757673532310 0.048637252191100676 27
1757673532482 0.017450567800261208 28
1757673532622 0.14629455866569763 29
1757673532765 0.5702243528343222 30
1757673532903 0.4108542159939478 31
1757673533054 0.8141331503386376 32
1757673533230 0.4028513829507415 33
1757673533377 0.048492931181814684 34
1757673533521 0.27184906040800394 35
1757673533664 1.077926083930621 36
1757673533830 0.03102082004629004 37
1757673533985 0.3568360312497675 38
1757673534134 0.030581077705537557 39
1757673534390 0.5125501439890029 40
1757673534565 0.02160269780117952 41
1757673534684 0.6411228174521869 42
1757673534801 0.24744092651305968 43
1757673534913 0.03735755227642014 44
1757673535033 0.11237001611215122 45
1757673535143 0.013710395653621435 46
1757673535256 0.0009127177087294127 47
1757673535368 0.3153225508518012 48
1757673535481 0.14698913283625228 49
1757673535592 0.7468430785143717 50
1757673535702 0.13956624543233934 51
1757673535818 7.442501795890864 52
1757673535929 0.9800277003664356 53
1757673536042 0.48742483472926296 54
1757673536156 0.05180976144665315 55
1757673536268 0.9763461586176794 56
1757673536387 2.908796898601779e-05 57
1757673536500 0.5972068655107068 58
1757673536614 0.05976256554876853 59
1757673536726 0.20533976298121387 60
1757673536836 0.40770680808422416 61
1757673536949 0.7766216508369582 62
1757673537061 2.1556554194971453 63
1757673537173 0.01237821388200027 64
1757673537287 0.07520451332244524 65
1757673537400 0.34120289517081215 66
1757673537512 0.4904965739944006 67
1757673537625 0.33337949505531844 68
1757673537738 0.0574610560814063 69
1757673537851 3.144474935716556 70
1757673537962 0.004616751790351788 71
1757673538075 0.023892989464441083 72
1757673538188 0.15995579226836293 73
1757673538300 0.03068014441229584 74
1757673538412 0.1807321322898048 75
1757673538523 0.00412368152175388 76
1757673538637 0.283452045217386 77
1757673538750 0.20528311511870376 78
1757673538863 0.5050768005830746 79
1757673538977 0.00014077495729758444 80
1757673539091 0.22275465794836088 81
1757673539204 0.020923457370804564 82
1757673539319 0.028057387001243307 83
1757673539431 0.16359249808556728 84
1757673539544 1.8301267444647107 85
1757673539657 0.26664573691311755 86
1757673539770 1.0705036674574941 87
1757673539883 2.6652201322331726 88
1757673539996 0.37311072798582146 89
1757673540108 0.12199992688366282 90
1757673540222 0.46499507086211395 91
1757673540335 0.11979186479521564 92
1757673540447 17.63638052852314 93
1757673540561 3.8357932745676204 94
1757673540672 0.32422975499900064 95
1757673540786 0.5202216831506999 96
1757673540899 0.8952935032495603 97
1757673541014 0.0012769538192157438 98
1757673541124 0.02765289875569566 99
1757673541240 0.06027878474745747 100
1757673541354 0.24119445583865273 101
1757673541468 0.5025220016296165 102
1757673541582 0.34863856418848377 103
1757673541697 0.4095825955870501 104
1757673541810 0.053146391228851134 105
1757673541924 0.003777708350329421 106
1757673542038 0.2478395648233082 107
1757673542153 1.7317159318511814 108
1757673542266 0.17619255466789385 109
1757673542379 0.13363008546970714 110
1757673542492 0.15535625967028505 111
1757673542606 0.8519074925222427 112
1757673542720 0.273280853894586 113
1757673542835 0.29447945255005176 114
1757673542950 0.3305972614360472 115
1757673543064 0.20858786024634432 116
1757673543176 0.25050586627105503 117
1757673543290 0.6163136456314607 118
1757673543403 0.013091396170979343 119
1757673543514 1.2780216640617046 120
1757673543628 0.7072531141334802 121
1757673543746 0.0007237266270429033 122
1757673543864 0.20399747722053987 123
1757673543980 0.04319857947258139 124
1757673544094 0.8262412535609999 125
1757673544209 0.023996076251992605 126
1757673544324 0.1506272975295572 127
1757673544437 0.4568274093398244 128
1757673544552 0.23683471235580522 129
1757673544666 0.49381783065819357 130
1757673544781 1.3443293644215426 131
1757673544895 0.24174711605575414 132
1757673545011 0.7830889496615184 133
1757673545126 0.3422703833000853 134
1757673545239 0.0042239598290470266 135
1757673545352 0.02407130640317135 136
1757673545469 0.2285649418881063 137
1757673545581 0.435804121881799 138
1757673545695 0.0435979288794516 139
1757673545815 0.06428261578658888 140
1757673545930 0.8628127842230637 141
1757673546046 0.37138311042897426 142
1757673546161 0.9732692978034961 143
1757673546275 0.23945953704336775 144
1757673546398 1.0275669947601307 145
1757673546513 0.547666993852506 146
1757673546629 0.36177212553505356 147
1757673546740 0.1629876466878337 148
1757673546853 1.6910666403464971 149
1757673546966 0.2721635818060982 150
1757673547081 4.877607214496563e-06 151
1757673547196 0.0008142853876382292 152
1757673547309 1.8509642924411525 153
1757673547425 0.18866210287411084 154
1757673547540 1.4560898960427375 155
1757673547655 0.006068846647740032 156
1757673547771 0.7857097016944687 157
1757673547885 1.109738911233361 158
1757673547996 0.0004767694259886148 159
1757673548113 0.04113965140372754 160
1757673548227 0.10586932620036589 161
1757673548342 0.1845416480801149 162
1757673548457 0.6828401461965956 163
1757673548572 0.13362130624980367 164
1757673548687 0.007270820837390444 165
1757673548803 0.10062890454313565 166
1757673548917 0.01726306418713996 167
1757673549031 0.6273402275759374 168
1757673549147 0.5841298417854202 169
1757673549261 0.1908694297375125 170
1757673549374 0.061511474946482445 171
1757673549487 0.13716334607170866 172
1757673549603 0.004498192091417404 173
1757673549718 0.058147791974976624 174
1757673549834 0.06520893179430472 175
1757673549948 33.07133807869389 176
1757673550062 0.0028768298453594127 177
1757673550177 1.8574726571373625 178
1757673550290 0.015645481070356744 179
1757673550404 0.011070491263746415 180
1757673550520 0.06532803873285571 181
1757673550636 1.3143416414451978 182
1757673550749 2.124943468814561 183
1757673550864 0.3248877711203194 184
1757673550978 2.06692376140129 185
1757673551093 0.10788414163576455 186
1757673551206 0.06532760465317937 187
1757673551321 0.11337028665103603 188
1757673551437 0.1923087638189404 189
1757673551552 0.014526587717132885 190
1757673551667 0.35389992216177724 191
1757673551783 5.759786788579516 192
1757673551897 0.2678428865888858 193
1757673552011 0.04613141700048019 194
1757673552127 1.904240074166073e-05 195
1757673552242 0.03904046098712294 196
1757673552358 0.4557709987154878 197
1757673552472 0.4656538858823128 198
1757673552586 6.988017861884357e-05 199
1757673552702 0.45386449724975786 200
1757673552818 0.302376138834384 201
1757673552933 0.3403186154803306 202
1757673553048 0.2676938703066718 203
1757673553165 0.06981182857663686 204
1757673553282 0.1151124035242891 205
1757673553397 0.04764196091340379 206
1757673553513 0.390592580567933 207
1757673553629 0.0006257510269609056 208
1757673553746 1.309127466494223 209
1757673553864 0.530035657934946 210
1757673553981 0.32421099651229657 211
1757673554100 0.26540198686495703 212
1757673554215 1.113790363227283 213
1757673554332 1.1319350537177442 214
1757673554447 0.031480145265474845 215
1757673554564 0.012132718598718756 216
1757673554683 0.007906748800171833 217
1757673554800 0.3158165664431242 218
1757673554916 0.765618605967053 219
1757673555033 0.47907916531880174 220
1757673555152 0.6156360635172834 221
1757673555269 0.12335750114982107 222
1757673555386 0.33621351101556873 223
1757673555503 0.5029065914432221 224
1757673555618 0.27045197297215096 225
1757673555735 0.0006490667724133521 226
1757673555873 0.018489796830833755 227
1757673556001 0.006557173669223027 228
1757673556125 0.66014499958919 229
1757673556244 1.963622552306931 230
1757673556376 0.23694057092670837 231
1757673556496 4.6892684820088005e-05 232
1757673556614 0.0006547360458524338 233
1757673556732 0.12885508415950292 234
1757673556848 0.0004777550141238634 235
1757673556965 6.780949469923197 236
1757673557081 0.00018641892495456071 237
1757673557197 0.0006077291457874612 238
1757673557314 0.29354121910725717 239
1757673557432 0.10175859824670132 240
1757673557547 0.016641275585774988 241
1757673557666 0.2510751816903964 242
1757673557787 0.09478215647845695 243
1757673557906 0.3731001134890115 244
1757673558023 0.7751399630794378 245
1757673558144 0.042225179418029356 246
1757673558260 1.1168447994426127 247
1757673558376 0.005663416875297049 248
1757673558492 0.2516177899493897 249
1757673558608 6.059316281917678 250
1757673558724 0.002463576366439409 251
1757673558840 0.07433901504781196 252
1757673558956 0.40222803409141406 253
1757673559073 0.1804312056981354 254
1757673559212 0.9292388815929042 255
1757673559328 9.254519769741332e-05 256
1757673559448 0.14603290190865995 257
1757673559566 0.589901886262022 258
1757673559683 0.23218159418715018 259
1757673559800 0.5699310988661846 260
1757673559918 0.7149078509698296 261
1757673560033 0.2871546538986288 262
1757673560150 0.6948470102403974 263
1757673560266 0.08669831308425151 264
1757673560383 0.00131893209885317 265
1757673560501 0.0338892715417664 266
1757673560619 0.4312900602991431 267
1757673560737 0.08843459450388973 268
1757673560856 0.5611489291115204 269
1757673560977 0.13349873432254586 270
1757673561094 8.930729771850134 271
1757673561213 0.09343678011168861 272
1757673561329 0.011950181772188841 273
1757673561447 1.4493926162983382 274
1757673561564 0.15188708117866492 275
1757673561680 2.4095342443970655 276
1757673561798 1.4784594567910398 277
1757673561915 0.0912661852112954 278
1757673562035 0.09199578081312784 279
1757673562152 0.5862848437023667 280
1757673562270 0.28349817141217776 281
1757673562390 0.4223878123789549 282
1757673562508 0.001337881920657918 283
1757673562627 0.5388848295975914 284
1757673562744 0.023654676126335244 285
1757673562861 0.11168393655256607 286
1757673562979 0.11501545852336062 287
1757673563096 0.023834793519881957 288
1757673563216 0.45008317532584 289
1757673563333 1.2794641849902564 290
1757673563453 0.006919089071269134 291
1757673563570 0.025695315818815786 292
1757673563687 0.5750263111004129 293
1757673563818 0.22134973022165974 294
1757673563939 0.00015632047369988934 295
1757673564058 1.5742872309684202 296
1757673564178 0.4268184396934261 297
1757673564296 0.8613779302880108 298
1757673564414 0.055482815972072226 299
1757673564537 0.4074672630264264 300
1757673564730 0.21453399910294152 301
1757673564912 0.026994661334259547 302
1757673565093 1.2260161973712402 303
1757673565267 0.36337958518318386 304
1757673565445 1.8597274288522994 305
1757673565587 0.0003748509287813285 306
1757673565733 0.8286535226165996 307
1757673565907 0.11509688269047351 308
1757673566060 0.038218487997699044 309
1757673566214 0.19318561891038308 310
1757673566386 1.3617928897713534 311
1757673566551 0.03962358385904743 312
1757673566707 0.006088582962019876 313
1757673566860 9.501383750971787 314
1757673567018 0.29305522954242097 315
1757673567170 0.5299032671042232 316
1757673567312 17.070849904777006 317
1757673567458 0.5570540461563402 318
1757673567604 0.023677026065056932 319
1757673567758 1.179468345193483 320
1757673567915 0.012294759831523151 321
1757673568099 0.08637039168775625 322
1757673568265 0.1228302293360953 323
1757673568419 0.7157837767903428 324
1757673568575 0.5941858987731902 325
1757673568739 0.08833898844904986 326
1757673568891 0.0650766128641734 327
1757673569039 0.05514839468349378 328
1757673569200 0.0782175750107943 329
1757673569359 0.07919818918085583 330
1757673569511 0.6841669028320871 331
1757673569664 0.009739198197391446 332
1757673569809 0.09717910514887734 333
1757673569958 0.4531028641126425 334
1757673570106 0.2422414849958238 335
1757673570252 1.2422230200956859 336
1757673570398 0.33663573187699375 337
1757673570558 0.0036226765975434566 338
1757673570720 0.3719338130100379 339
1757673570881 0.09979166537458146 340
1757673571033 0.3851459359545969 341
1757673571188 0.038022555490011364 342
1757673571348 0.15626907595678685 343
1757673571538 3.918275980740767 344
1757673571694 0.07786300796739559 345
1757673572004 0.000818561636123275 346
1757673572137 0.4422184693646287 347
1757673572254 0.06777401537417274 348
1757673572373 0.020114671015305716 349
1757673572492 1.5026750659152097 350
1757673572611 0.10608254873543288 351
1757673572728 2.9163639656379763 352
1757673572845 0.038920989276042366 353
1757673572962 0.00103366064165618 354
1757673573081 0.3318582270790173 355
1757673573198 0.03502877844136231 356
1757673573316 0.23355926580671799 357
1757673573434 0.20861285228465135 358
1757673573559 1.5425618175785483 359
1757673573688 0.40078327602064173 360
1757673573832 0.00021914681837494375 361
1757673573956 0.5423456397958469 362
1757673574076 0.007970332125741969 363
1757673574197 0.546523730513995 364
1757673574325 0.02662997987495704 365
1757673574457 0.027789163881586577 366
1757673574606 0.04601099350714246 367
1757673574737 0.8574725428269518 368
1757673574861 0.09868698733459935 369
1757673574981 0.48524496920439003 370
1757673575102 0.488509620852177 371
1757673575221 0.05744112325405442 372
1757673575342 0.0374136752001462 373
1757673575462 2.0525312933085518 374
1757673575580 2.177422659955789 375
1757673575700 1.3986065199766868 376
1757673575827 0.04540878838872363 377
1757673575989 0.23360037034029216 378
1757673576105 0.188867103463818 379
