1757652406113 96.7888531029318 0
1757652406226 31.035165616938784 1
1757652406347 19.23753605944545 2
1757652406530 9.26510843772704 3
1757652406659 8.488399892025994 4
1757652406763 3.447161908491175 5
1757652406866 4.130809100389737 6
1757652406972 0.9399165517810847 7
1757652407080 0.22778350668910033 8
1757652407189 0.0014815331684964927 9
1757652407296 0.02438850293718648 10
1757652407401 1.100817214199568 11
1757652407509 0.012486460596819236 12
1757652407615 0.3935330254358452 13
1757652407723 5.203459400957288e-07 14
1757652407831 0.16438138938350624 15
1757652407937 0.22482758933044253 16
1757652408045 0.0974380791132173 17
1757652408152 1.9645690139128404 18
1757652408260 0.30350241422889657 19
1757652408368 1.9138366774717932 20
1757652408476 0.3090090952672917 21
1757652408583 3.5044563225569343 22
1757652408691 0.004950486950227158 23
1757652408801 0.0902658286747509 24
1757652408908 0.0010101143956482744 25
1757652409016 0.4414770821863951 26
1757652409123 0.5847186240069395 27
1757652409229 0.07139466651462237 28
1757652409337 0.0003468248527948382 29
1757652409447 0.12692598792597518 30
1757652409556 0.7561641663941798 31
1757652409691 1.855837182378943 32
1757652409808 0.009619861957125136 33
1757652409924 0.0016389251097461395 34
1757652410039 0.04771113662425782 35
1757652410154 0.06514571330628481 36
1757652410273 1.2662308043708632 37
1757652410389 0.10638145713165645 38
1757652410508 0.22373677511575632 39
1757652410629 0.13748569588553267 40
1757652410751 0.36558519051321203 41
1757652410869 0.6983202904388905 42
1757652410993 0.00012568258869785726 43
1757652411106 0.0742777304994145 44
1757652411218 0.49148166438096313 45
1757652411335 0.10280568273345904 46
1757652411455 2.316131572209012 47
1757652411575 2.7506474340310487 48
1757652411694 0.25968104728662145 49
1757652411810 0.009879320625919893 50
1757652411929 0.3884048993173667 51
1757652412045 0.2820918319421915 52
1757652412161 0.06434538264086684 53
1757652412269 0.4248905803666219 54
1757652412379 0.5534494807687017 55
1757652412489 0.09729881442782176 56
1757652412603 1.041745154802728 57
1757652412716 0.7661878826761133 58
1757652412827 1.7918034226409851 59
1757652412936 0.9997617019076385 60
1757652413050 0.3127229224838325 61
1757652413171 0.7487471224925806 62
1757652413291 0.0771915844705016 63
1757652413412 0.08554276842544953 64
1757652413533 0.16819536475063607 65
1757652413652 2.716417838169788 66
1757652413769 0.04960732106389347 67
1757652413921 4.991535000117956 68
1757652414044 1.3193402446789873 69
1757652414166 0.8723085621767357 70
1757652414299 0.010422902539069015 71
1757652414421 0.14327468185004563 72
1757652414549 0.517752275472402 73
1757652414673 0.02609952062298151 74
1757652414795 0.9650623580026906 75
1757652414921 0.05450659818217315 76
1757652415039 0.43266412053004505 77
1757652415156 0.0002994157874454881 78
1757652415278 2.042269962500788 79
1757652415397 6.360400975286718 80
1757652415517 0.34725088467779297 81
1757652415638 0.10574287737688541 82
1757652415759 0.8487392289344922 83
1757652415878 0.00986537742464214 84
1757652415994 1.4056523103782048 85
1757652416110 0.48358995930648124 86
1757652416226 2.462473797503051 87
1757652416342 0.09741281036974864 88
1757652416459 0.6546846368424646 89
1757652416575 0.17282146996372977 90
1757652416690 2.072513915851685 91
1757652416803 1.8878357575974063 92
1757652416916 1.3887172080800552 93
1757652417025 0.32189474832509324 94
1757652417133 0.11256252138238769 95
1757652417242 0.0747017746425623 96
1757652417350 4.419418056663972 97
1757652417458 0.6476334933089076 98
1757652417568 1.0294804626741922 99
1757652417676 2.6930490683501107 100
1757652417783 0.4744306422492907 101
1757652417890 0.05848758586775875 102
1757652418012 0.005852349718873127 103
1757652418142 0.8651725066763766 104
1757652418256 0.00884500392421806 105
1757652418391 5.142384898255583 106
1757652418504 2.059404061103147 107
1757652418625 1.53858679773747 108
1757652418747 0.5511995999661188 109
1757652418861 0.4351550982794418 110
1757652418975 1.0425316810747487 111
1757652419090 1.1635246057739825 112
1757652419203 0.18729342391351544 113
1757652419317 0.23032829803218047 114
1757652419430 0.022758744248748707 115
1757652419540 26.545292058401113 116
1757652419651 4.445322689405496 117
1757652419761 0.07527293367552403 118
1757652419872 0.5475489156467789 119
1757652419985 0.013707826296366793 120
1757652420097 0.7913586767880523 121
1757652420207 0.07521908247995504 122
1757652420318 0.813137655776891 123
1757652420430 0.0033939373555131043 124
1757652420541 1.9840584122058584 125
1757652420662 0.09840780004400318 126
1757652420780 0.48482723632226193 127
1757652420903 3.7228296592457206 128
1757652421021 0.7640884322650443 129
1757652421150 0.030457203005176254 130
1757652421261 0.0013176405287433429 131
1757652421373 0.14225957750340515 132
1757652421482 0.944603711745786 133
1757652421594 1.9500632481397546 134
1757652421707 1.0659759035481777 135
1757652421819 0.5513220046054323 136
1757652421931 1.6265172209089698 137
1757652422041 0.3974820631150498 138
1757652422150 0.5355498347261135 139
1757652422259 0.06649766923334507 140
1757652422373 3.3497147596925805 141
1757652422480 0.05224866911969587 142
1757652422587 0.3354384823534138 143
1757652422697 1.3514572881434654 144
1757652422807 0.17153876988975295 145
1757652422918 0.3837553687483463 146
1757652423028 0.4650271282602478 147
1757652423136 0.0004730475634663388 148
1757652423247 7.85511041666704e-05 149
1757652423357 0.7279281384546133 150
1757652423469 0.03681467642471923 151
1757652423581 1.348313309961853 152
1757652423691 0.5424390956614834 153
1757652423805 4.091238725623274 154
1757652423917 0.40476912265210463 155
1757652424028 1.3043231456251678 156
1757652424139 4.01836066696306e-05 157
1757652424250 0.04558978406530473 158
1757652424361 1.0501775042250792 159
1757652424471 1.347848594505959 160
1757652424581 14.868684827850227 161
1757652424691 0.22668452905951791 162
1757652424802 2.3864017330621112 163
1757652424914 16.937752320410148 164
1757652425024 0.16785568767321316 165
1757652425136 0.12428093124284667 166
1757652425246 0.0005265764874349325 167
1757652425357 0.5797327949181299 168
1757652425468 9.442749095983705 169
1757652425581 0.5099559118206305 170
1757652425693 4.946295193273548 171
1757652425805 1.1793233444353772 172
1757652425922 0.05319996922011429 173
1757652426037 4.201590605435756 174
1757652426149 0.055110144464156095 175
1757652426262 0.045489587964051906 176
1757652426384 0.3527296924480819 177
1757652426507 1.7483504636577398 178
1757652426627 0.3320952040298988 179
1757652426745 0.33081020092223057 180
1757652426991 0.8988140399346172 181
1757652427110 0.6376859316362108 182
1757652427224 1.436333030313636 183
1757652427335 0.1395508311212981 184
1757652427444 0.02189953425448537 185
1757652427560 0.02607411411033649 186
1757652427674 0.1723041726328831 187
1757652427787 0.06713642347204593 188
1757652427900 1.4267020848813976 189
1757652428012 0.551459648133301 190
1757652428125 2.084160996683805 191
1757652428237 0.008061677946590722 192
1757652428350 1.584352104387206 193
1757652428462 0.1559518804899352 194
1757652428583 0.17991986505468238 195
1757652428707 9.696485112538987 196
1757652428835 0.64406810497422 197
1757652428949 0.08714879950729175 198
1757652429062 0.41061961013234854 199
1757652429175 7.373965181438769 200
1757652429288 0.09454714374892663 201
1757652429400 0.04658499251541225 202
1757652429516 1.5282762465469135 203
1757652429644 0.028469257322731086 204
1757652429767 0.06811457430007588 205
1757652429889 0.004040526142445283 206
1757652430012 1.544969415230903 207
1757652430129 1.0564180981952926 208
1757652430243 1.8922001152264833 209
1757652430358 0.6129309705266326 210
1757652430472 0.47709795266970206 211
1757652430587 1.5447867464211558 212
1757652430711 2.412867698939106 213
1757652430834 0.36863603290890196 214
1757652430949 156.548766351597 215
1757652431063 8.40939613406102e-05 216
1757652431178 1.7427120875201656 217
1757652431292 0.9665922553632803 218
1757652431407 0.7319420357158248 219
1757652431524 0.2777007543638596 220
1757652431644 0.4966980875143261 221
1757652431763 0.6243891340282547 222
1757652431879 0.541582693192277 223
1757652431994 3.602743382614466e-05 224
1757652432111 0.25268808728671543 225
1757652432226 0.2700193498094729 226
1757652432339 0.22637846006498946 227
1757652432452 4.167258043841778 228
1757652432566 0.07785293310086881 229
1757652432679 5.695713479810984 230
1757652432793 0.07044797736059243 231
1757652432908 1.830119928720795 232
1757652433023 0.1651245519459523 233
1757652433138 1.0637033739915465 234
1757652433252 0.2589578349114172 235
1757652433365 1.501908107809581 236
1757652433483 0.7867622691333706 237
1757652433598 3.996854910116615 238
1757652433712 0.6027999812637247 239
1757652433828 0.28076868594047777 240
1757652433948 0.7762816449984965 241
1757652434072 0.4409244699155983 242
1757652434193 2.0551737856883654 243
1757652434316 0.019308562875315727 244
1757652434438 0.6654977046513458 245
1757652434561 0.03600671346151706 246
1757652434684 0.0952217243803786 247
1757652434806 0.7071863788845468 248
1757652434940 6.269226767926639 249
1757652435063 0.04421557856684344 250
1757652435185 0.23633282737290584 251
1757652435307 0.6828637460906505 252
1757652435431 1.1285781249428966 253
1757652435553 1.1663029539940675 254
1757652435675 1.4746271753892266 255
1757652435790 0.14028082857302562 256
1757652435905 1.5982310458649829 257
1757652436020 0.44410895072008305 258
1757652436136 0.6223642398108342 259
1757652436261 0.858161188852194 260
1757652436387 0.3310071332888515 261
1757652436506 5.601988057404924 262
1757652436620 0.6584198976015367 263
1757652436736 1.2740729501851051 264
1757652436849 0.000293027693899902 265
1757652436962 0.5646705370981983 266
1757652437077 0.47225953126763165 267
1757652437196 2.2206584347215483 268
1757652437317 0.014955810370912726 269
1757652437435 0.44576197224738145 270
1757652437556 6.229611169151791 271
1757652437676 1.0276056852646114 272
1757652437797 0.33470239089524007 273
1757652437915 3.94742303777848 274
