1757674896457 16.67593249180038 0
1757674896552 2.99070178918288 1
1757674896653 1.793566784034189 2
1757674896755 0.5440966820366931 3
1757674896850 2.554542699557654 4
1757674896942 1.430222510072841 5
1757674897034 1.2599020817734754 6
1757674897123 0.7655778488162186 7
1757674897218 1.5320437150422042 8
1757674897315 0.7377526249255217 9
1757674897417 1.0052509325406358 10
1757674897519 0.7196553848715062 11
1757674897614 0.6537271728854185 12
1757674897708 0.681384967418248 13
1757674897805 0.5812480304623511 14
1757674897896 0.7871641041086863 15
1757674897987 0.4994325003455013 16
1757674898084 0.7138890469353031 17
1757674898185 0.7463042381019045 18
1757674898288 0.6472559417180552 19
1757674898395 0.8738945811035911 20
1757674898509 0.7042001172717116 21
1757674898597 0.7759370698433019 22
1757674898686 0.8207812030626804 23
1757674898780 1.2165488204063755 24
1757674898878 0.636765910631351 25
1757674898977 0.24228159145912934 26
1757674899075 0.6926822981195402 27
1757674899177 0.36317015703410727 28
1757674899281 0.643741434481367 29
1757674899380 0.8781582968360037 30
1757674899480 0.4607554241321739 31
1757674899578 0.29336096594581607 32
1757674899671 0.5220967765206012 33
1757674899762 0.9383117866257972 34
1757674899853 0.5302138670769027 35
1757674899945 0.24774620755870713 36
1757674900039 0.5598986388304079 37
1757674900142 0.3865673593195864 38
1757674900246 0.5139023021791324 39
1757674900344 0.5802739889085585 40
1757674900440 0.3321226418995483 41
1757674900531 0.26671250590428086 42
1757674900622 0.227262460239385 43
1757674900718 0.39651178410633514 44
1757674900812 0.284380561396638 45
1757674900904 0.2543280907492034 46
1757674900999 0.4848549972850917 47
1757674901101 0.38470695695968316 48
1757674901208 0.3503406000652819 49
1757674901312 0.3239093870356985 50
1757674901413 0.2496332229235269 51
1757674901515 0.2552550983199721 52
1757674901609 0.4429961742525364 53
1757674901691 0.3953990766938074 54
1757674901782 0.191318071316356 55
1757674901877 0.35542481779999274 56
1757674901976 0.19875621711202882 57
1757674902079 0.18094764548462847 58
1757674902176 0.17015588682702 59
1757674902276 0.696175062398724 60
1757674902376 0.16288679262506023 61
1757674902473 0.26081223329627146 62
1757674902574 0.153466763305955 63
1757674902674 0.2128069790211143 64
1757674902769 0.2792009082597728 65
1757674902868 0.23460884890710404 66
1757674902968 0.3287602844473178 67
1757674903067 0.17244840160470853 68
1757674903165 0.2387556578676436 69
1757674903266 0.49947129524814926 70
1757674903362 0.23658460996017877 71
1757674903459 0.144630063716382 72
1757674903558 0.19749590502548375 73
1757674903650 0.22421734967728751 74
1757674903746 0.17451626421559718 75
1757674903837 0.18415929707998668 76
1757674903928 0.21769948775176848 77
1757674904019 0.2139900938400287 78
1757674904111 0.1199322345841832 79
1757674904206 0.20826672235381913 80
1757674904306 0.12937415883381145 81
1757674904402 0.21044592763401962 82
1757674904499 0.12318467116565046 83
1757674904598 0.22351697835007306 84
1757674904699 0.34827526282443816 85
1757674904795 0.3470913668599387 86
1757674904893 0.11710943237485605 87
1757674904989 0.2909344005692952 88
1757674905084 0.22772470278293744 89
1757674905184 0.17602465055948857 90
1757674905289 0.11099165463818175 91
1757674905388 0.1830608451677279 92
1757674905488 0.2073394416524679 93
1757674905584 0.07741720155507044 94
1757674905683 0.20733316777077185 95
1757674905785 0.1117957163511148 96
1757674905889 0.13215492859577163 97
1757674905991 0.07531387341713712 98
1757674906095 0.22931843295246712 99
1757674906218 0.18725960537395236 100
1757674906322 0.19667830269552433 101
1757674906434 0.15790994646820705 102
1757674906544 0.24783975232613448 103
1757674906645 0.16836918118872682 104
1757674906750 0.19000078462255843 105
1757674906854 0.10080766912669013 106
1757674906956 0.116582518727439 107
1757674907053 0.15803391735974492 108
1757674907154 0.10527861328698997 109
1757674907252 0.15781768381915337 110
1757674907355 0.168323403475038 111
1757674907464 0.08413300784559687 112
1757674907566 0.19612917034215835 113
1757674907666 0.1802055836139241 114
1757674907755 0.1688583339752734 115
1757674907848 0.15057368746771632 116
1757674907949 0.24598279523204056 117
1757674908052 0.10292729367400073 118
1757674908149 0.20041843992707295 119
1757674908250 0.14133598507018877 120
1757674908348 0.0524093074706837 121
1757674908449 0.31292992893112903 122
1757674908548 0.13686358949943664 123
1757674908646 0.152580973838426 124
1757674908743 0.1888493960639506 125
1757674908843 0.2216185986411956 126
1757674908948 0.10330906644693494 127
1757674909049 0.1473852531450837 128
1757674909145 0.09320243292481364 129
1757674909244 0.18403575363544214 130
1757674909343 0.12268396192582177 131
1757674909440 0.14405810607478522 132
1757674909536 0.1493358243880156 133
1757674909632 0.10328487232819747 134
1757674909725 0.1304802438873735 135
1757674909816 0.08144811748098385 136
1757674909912 0.09148649337174476 137
1757674910009 0.10341206788727215 138
1757674910107 0.16890007205071744 139
1757674910206 0.2490919408829778 140
1757674910304 0.16416144893275741 141
1757674910403 0.21477949456626427 142
1757674910504 0.1501811410036545 143
1757674910601 0.1118540376321816 144
1757674910701 0.12190349203882347 145
1757674910800 0.14854585544276444 146
1757674910899 0.12803266383169867 147
1757674910996 0.10442202309134421 148
1757674911092 0.1044250224081049 149
1757674911191 0.1896006205881472 150
1757674911290 0.1745062613112511 151
1757674911389 0.07235543223350074 152
1757674911488 0.28225717111218734 153
1757674911589 0.09324632169647469 154
1757674911688 0.1374627581722877 155
1757674911784 0.23258566495307598 156
1757674911878 0.15453982143888417 157
1757674911978 0.13351977325933578 158
1757674912077 0.2543723922847503 159
1757674912176 0.1377592559577033 160
1757674912272 0.1555791694305746 161
1757674912373 0.13544121692834335 162
1757674912469 0.0636423950008014 163
1757674912572 0.12736510520705055 164
1757674912678 0.08613979057245186 165
1757674912780 0.2080591949809648 166
1757674912880 0.1261036013245024 167
1757674912978 0.2026111403070672 168
1757674913077 0.11744952533182393 169
1757674913180 0.0931778956413244 170
1757674913278 0.16785978098641668 171
1757674913374 0.14483246430382896 172
1757674913471 0.3329468701343708 173
1757674913570 0.20871448393589492 174
1757674913672 0.20191835573559405 175
1757674913772 0.16067145602742028 176
1757674913862 0.1110622042522451 177
1757674913967 0.029952095744705795 178
1757674914067 0.1600423006331165 179
1757674914166 0.16796847920241706 180
1757674914265 0.1688369757842454 181
1757674914364 0.11674551543348477 182
1757674914462 0.18129306895782063 183
1757674914563 0.05992465725742086 184
1757674914660 0.2438633114363796 185
1757674914762 0.13173597371736492 186
1757674914856 0.1702391067622957 187
1757674914958 0.05952094488885001 188
1757674915054 0.12151128322752752 189
1757674915154 0.20700498849168097 190
1757674915254 0.11007666470437591 191
1757674915355 0.06531537036020749 192
1757674915453 0.16148439986064653 193
1757674915552 0.12007554465414627 194
1757674915648 0.10804310109138593 195
1757674915747 0.12574876798796256 196
1757674915840 0.1306301174616056 197
1757674915935 0.11723630713369357 198
1757674916039 0.10326213185805533 199
1757674916140 0.17628150518337612 200
1757674916241 0.10819824466010704 201
1757674916355 0.09270880732358755 202
1757674916460 0.09111814035923835 203
1757674916559 0.05146917668557602 204
1757674916657 0.14357719696599272 205
1757674916759 0.2851966127913973 206
1757674916857 0.2645459731590815 207
1757674916960 0.08655617354641269 208
1757674917060 0.19689690613115424 209
1757674917158 0.14588201142011792 210
1757674917258 0.11849295078584955 211
1757674917360 0.21214763862738756 212
1757674917461 0.09991233581689608 213
1757674917561 0.10822318670314043 214
1757674917660 0.1711550122063443 215
1757674917757 0.0712362336371247 216
1757674917854 0.10721183495293796 217
1757674917946 0.09681816425179415 218
1757674918044 0.1335142645570948 219
1757674918138 0.06270154881966675 220
1757674918236 0.07387107574648083 221
1757674918341 0.148530739092567 222
1757674918445 0.10424144224321023 223
1757674918547 0.1501565896040451 224
1757674918645 0.0602185601169311 225
1757674918746 0.13917126227617369 226
1757674918851 0.07609409585996843 227
1757674918964 0.08354191096718142 228
1757674919069 0.10851007010132575 229
1757674919168 0.19480780972870756 230
1757674919267 0.2449233470054314 231
1757674919350 0.07449538396242832 232
1757674919450 0.16514436376542127 233
1757674919568 0.10779691865457365 234
1757674919689 0.08693190943452211 235
1757674919802 0.07564891625003964 236
1757674919908 0.12431479757663426 237
1757674920029 0.10240681350056846 238
1757674920152 0.05606948470748813 239
1757674920271 0.09068508314075137 240
1757674920373 0.07294400112396772 241
1757674920475 0.055728116100778526 242
1757674920579 0.1440769041523089 243
1757674920683 0.05719347580763208 244
1757674920787 0.08432644612625062 245
1757674920889 0.10172556303578965 246
1757674920992 0.15505130063300074 247
1757674921095 0.1352665082798401 248
1757674921199 0.1118203861635895 249
1757674921298 0.1115222012925384 250
1757674921405 0.10865122781186017 251
1757674921506 0.09477825906601957 252
1757674921605 0.06954205812848237 253
1757674921707 0.1628356469788973 254
1757674921807 0.08825843882525322 255
1757674921904 0.10237471682145226 256
1757674921996 0.23037135259057645 257
1757674922093 0.126293708362907 258
1757674922196 0.23240872583690675 259
1757674922297 0.10770842728047124 260
1757674922400 0.2345882464349411 261
1757674922501 0.12890041451820675 262
1757674922604 0.19482060839507986 263
1757674922706 0.08428133324051774 264
1757674922810 0.14731290727316515 265
1757674922906 0.05062784884323211 266
1757674923007 0.10965285563821685 267
1757674923114 0.13790635473714008 268
1757674923216 0.09499705363763829 269
1757674923322 0.07559591490653428 270
1757674923427 0.08407711335463287 271
1757674923533 0.20166847854716508 272
1757674923639 0.20910415743514796 273
1757674923744 0.14859751339379917 274
1757674923846 0.11111393645991621 275
1757674923940 0.21927733298311453 276
1757674924039 0.14163336114845956 277
1757674924146 0.1300574944644047 278
1757674924250 0.0748035990551687 279
1757674924361 0.0950854454280365 280
1757674924462 0.203893414752513 281
1757674924570 0.08089934069847297 282
1757674924674 0.18918615816805298 283
1757674924778 0.05918453026325854 284
1757674924880 0.1219772117665853 285
1757674924984 0.11062378756905616 286
1757674925088 0.09982573472710278 287
1757674925191 0.08212148090797367 288
1757674925293 0.15608683866159725 289
1757674925396 0.15374853948415712 290
1757674925504 0.21175521868135222 291
1757674925607 0.1019000872425115 292
1757674925712 0.12943651290638392 293
1757674925813 0.0723957074824442 294
1757674925913 0.07797175830312601 295
1757674926005 0.07882852533175394 296
1757674926106 0.12797756235620822 297
1757674926212 0.16661342971601997 298
1757674926329 0.08117592153036898 299
1757674926451 0.12843613369759 300
1757674926566 0.1546143534705228 301
1757674926686 0.09834773169979506 302
1757674926794 0.14251124173667515 303
1757674926898 0.13262137407521357 304
1757674927005 0.1725091589706228 305
1757674927112 0.05451126724711154 306
1757674927215 0.1518417966814868 307
1757674927321 0.0941275928460498 308
1757674927424 0.1371762398035372 309
1757674927528 0.07632212432204757 310
1757674927633 0.21179620323891887 311
1757674927738 0.12729550712365023 312
1757674927839 0.11813241634424441 313
1757674927935 0.056513917733622625 314
1757674928031 0.08866061518456184 315
1757674928128 0.11628444473008422 316
1757674928232 0.16600262628416007 317
1757674928339 0.1341379808972396 318
1757674928444 0.10372498249726315 319
1757674928548 0.09181718763296773 320
1757674928655 0.12636586092735835 321
1757674928761 0.12143196981102976 322
1757674928866 0.22872622808998258 323
1757674928980 0.14725807473336783 324
1757674929084 0.1215460160429986 325
1757674929185 0.13127660220743465 326
1757674929289 0.12814930095069865 327
1757674929392 0.13702935958301413 328
1757674929496 0.07650861841035399 329
1757674929595 0.10503651916899005 330
1757674929698 0.12956158951451976 331
1757674929800 0.15133043753480654 332
1757674929905 0.13496901913493267 333
1757674930004 0.11298173620093956 334
1757674930103 0.07578882445454907 335
1757674930205 0.1401138279742324 336
1757674930310 0.12251138519797931 337
1757674930416 0.07187518476895724 338
1757674930520 0.1146112701714265 339
1757674930619 0.15526153682031096 340
1757674930726 0.07430984530244543 341
1757674930829 0.1734586397417254 342
1757674930933 0.06788031663625134 343
1757674931040 0.15670985946351076 344
1757674931141 0.07109365189501092 345
1757674931239 0.17932043028958045 346
1757674931344 0.11951713047999067 347
1757674931447 0.08635000710616973 348
1757674931554 0.1528786483184296 349
1757674931656 0.09746197255029608 350
1757674931759 0.08098262812868944 351
1757674931865 0.10806512488762593 352
1757674931971 0.08348123082807403 353
1757674932068 0.20186195425844497 354
1757674932170 0.11737435959888942 355
1757674932279 0.09555195738448248 356
1757674932380 0.07828934432347505 357
1757674932482 0.15721786283108125 358
1757674932585 0.08391634113478254 359
1757674932690 0.13547334301269112 360
1757674932790 0.10284605441690395 361
1757674932895 0.08737041587580713 362
1757674932999 0.07936177807486809 363
1757674933103 0.06572854807060036 364
1757674933206 0.13083772777561636 365
1757674933313 0.10397235245036329 366
1757674933415 0.1310447629013737 367
1757674933518 0.14549931695894375 368
1757674933618 0.05581765929717943 369
1757674933721 0.18727541976107323 370
1757674933824 0.12163270324199249 371
1757674933930 0.12438434607741122 372
1757674934034 0.18095311395749136 373
1757674934131 0.2010880912258733 374
1757674934235 0.11430190447954611 375
1757674934339 0.1109495977287679 376
1757674934442 0.1196336822511944 377
1757674934547 0.09581005062481479 378
1757674934650 0.07615229506565639 379
1757674934752 0.09028659420618027 380
1757674934853 0.1402538613572864 381
1757674934960 0.19392478285381284 382
1757674935107 0.08269198566495242 383
1757674935211 0.15760457532684544 384
1757674935320 0.14176267350119506 385
1757674935422 0.17004594608700843 386
1757674935526 0.1578762780500439 387
1757674935629 0.09279402335572925 388
1757674935736 0.2229356904208872 389
1757674935844 0.05192379278200219 390
1757674935945 0.09884354136242406 391
1757674936048 0.15092043987333834 392
1757674936145 0.11566859623567727 393
1757674936249 0.1562308549995098 394
1757674936366 0.18943793278604318 395
1757674936474 0.07072787425064408 396
1757674936581 0.09411352134921039 397
1757674936685 0.11344417764439002 398
1757674936789 0.10627936984376236 399
1757674936896 0.09718724137305186 400
1757674937002 0.08342789982688578 401
1757674937108 0.06500012911053564 402
1757674937213 0.10612202759817456 403
1757674937317 0.13235915936838333 404
1757674937424 0.11773174073629808 405
1757674937528 0.09655675912323887 406
1757674937631 0.09876696657248021 407
1757674937742 0.18952023510124247 408
1757674937850 0.15100714944437651 409
1757674937964 0.07033867139976864 410
1757674938066 0.06266150533558552 411
1757674938164 0.1726222494237477 412
1757674938266 0.14988732188213608 413
1757674938376 0.14547878600481243 414
1757674938483 0.1254666569567593 415
1757674938588 0.13270435769246827 416
1757674938690 0.07170961181661074 417
1757674938788 0.23431796276765893 418
1757674938895 0.14505447334087684 419
1757674939001 0.11158622073559994 420
1757674939106 0.07621495259395009 421
1757674939210 0.10290523092686112 422
