1757609130533 156.57414026111704 0
1757609130619 150.5917071505172 1
1757609130697 139.7521957562448 2
1757609130774 137.91767513028947 3
1757609130852 129.67812125601242 4
1757609130933 124.10145081998716 5
1757609131018 115.50642843472501 6
1757609131102 112.85309341457823 7
1757609131174 104.61397174883166 8
1757609131253 103.60814843079936 9
1757609131334 98.69408640284998 10
1757609131414 91.3935637480209 11
1757609131495 85.68170856000584 12
1757609131582 87.15984810332638 13
1757609131662 78.86312172398561 14
1757609131746 74.32285912110042 15
1757609131828 70.93633784500625 16
1757609131912 70.63565454104494 17
1757609131994 63.60875329974898 18
1757609132067 65.01343116417534 19
1757609132142 59.25479077762599 20
1757609132218 54.32675086501446 21
1757609132301 54.059650467490876 22
1757609132384 48.9274532411517 23
1757609132472 47.4662660075209 24
1757609132553 49.95359904189874 25
1757609132633 44.96945630801977 26
1757609132716 42.435944577559795 27
1757609132799 38.080398864502 28
1757609132885 39.99681761416902 29
1757609132966 36.45650606631882 30
1757609133049 37.88841596323156 31
1757609133130 33.21113825249695 32
1757609133200 33.20568519636682 33
1757609133275 30.692035730334002 34
1757609133355 30.021157691814814 35
1757609133436 27.77844156486041 36
1757609133518 31.359132444323638 37
1757609133597 26.47817954463637 38
1757609133675 25.487162609913597 39
1757609133756 22.970070415834808 40
1757609133834 24.587761373375166 41
1757609133911 20.011262716684314 42
1757609133996 22.158502483176118 43
1757609134080 23.56285104929014 44
1757609134160 18.000353880063155 45
1757609134247 18.663119892370663 46
1757609134326 16.938746214586736 47
1757609134391 15.984847514150117 48
1757609134464 16.897735372861547 49
1757609134542 15.928087480646328 50
1757609134626 13.068394007780107 51
1757609134706 14.567517349666653 52
1757609134784 16.52221197429753 53
1757609134867 13.495623908860226 54
1757609134945 13.63352451751779 55
1757609135025 15.560026218433984 56
1757609135101 13.159811215891862 57
1757609135179 12.456789378396968 58
1757609135254 11.452209707461355 59
1757609135333 9.535537827105529 60
1757609135411 9.82464700382033 61
1757609135487 9.812301269021306 62
1757609135565 9.096366714303281 63
1757609135646 10.429557643853075 64
1757609135724 12.503079590482034 65
1757609135804 8.54310239702031 66
1757609135883 9.119869296151862 67
1757609135961 7.7079711340611325 68
1757609136043 8.728413438732822 69
1757609136124 7.485882943704969 70
1757609136204 7.683156030333229 71
1757609136283 6.04897905554332 72
1757609136364 9.360205601906404 73
1757609136439 7.3366161915333805 74
1757609136517 5.651860618064461 75
1757609136596 7.651900301943039 76
1757609136675 5.809583227387618 77
1757609136755 7.212941017601101 78
1757609136834 7.877263869378162 79
1757609136913 5.190587288166832 80
1757609136993 5.392267293507003 81
1757609137071 5.885677833314272 82
1757609137150 3.4277811620397842 83
1757609137224 6.324995089737108 84
1757609137297 6.511977617880681 85
1757609137376 5.997094573283672 86
1757609137460 6.424921599127744 87
1757609137540 3.84650754745187 88
1757609137620 5.793308510969924 89
1757609137700 4.598515303291236 90
1757609137784 5.730005295343433 91
1757609137862 6.641385631434096 92
1757609137947 5.302068061760001 93
1757609138026 4.633380394631483 94
1757609138104 4.539049845481488 95
1757609138187 4.239068428876075 96
1757609138271 3.812836529290028 97
1757609138358 3.8566512826055392 98
1757609138441 4.226356199081368 99
1757609138517 3.5874067574771327 100
1757609138596 3.861236083170701 101
1757609138676 2.965435064539591 102
1757609138755 3.946607102143613 103
1757609138833 3.9181382759682055 104
1757609138917 6.26981458254342 105
1757609138997 3.8911033125585752 106
1757609139075 4.193672052563891 107
1757609139157 2.358228990731822 108
1757609139238 2.871738053950955 109
1757609139315 2.6565589547260267 110
1757609139396 4.770944862760666 111
1757609139480 2.915367433222321 112
1757609139560 2.9550288038249874 113
1757609139641 3.009967942234588 114
1757609139722 3.5470930145878885 115
1757609139804 3.8785259301659454 116
1757609139883 2.794207951035766 117
1757609139967 2.7804024473939712 118
1757609140047 2.4307867266965184 119
1757609140131 4.278563390404671 120
1757609140213 3.5968134864198187 121
1757609140296 2.9531008194373225 122
1757609140376 1.8605167904375421 123
1757609140457 3.6104349653169825 124
1757609140538 2.9635738460268817 125
1757609140623 3.041193120343323 126
1757609140703 4.0548108619570655 127
1757609140783 3.174777370778648 128
1757609140861 2.0322090049490025 129
1757609140948 4.594870867273034 130
1757609141029 2.360682989898009 131
1757609141111 1.9412733923450025 132
1757609141189 3.604306334079724 133
1757609141272 2.8026591732513166 134
1757609141348 2.128714953675566 135
1757609141434 3.474814716872953 136
1757609141515 3.3489833535428284 137
1757609141597 2.6889411024670884 138
1757609141678 2.676379871080563 139
1757609141757 2.9390930417174594 140
1757609141838 3.51192007869361 141
1757609141920 4.027886027622469 142
1757609142003 2.2931563469673373 143
1757609142084 2.3376317592642355 144
1757609142164 3.237773636733995 145
1757609142247 4.081479784424182 146
1757609142331 1.7539289791875934 147
1757609142409 2.7672016436765645 148
1757609142493 3.386553515696254 149
1757609142574 2.8038201561537757 150
1757609142653 3.749792523067929 151
1757609142737 2.156481773143805 152
1757609142819 2.140240351118144 153
1757609142900 1.9439291044950835 154
1757609142982 2.5617120409848577 155
1757609143064 2.18541472598853 156
1757609143147 1.7851164598071647 157
1757609143231 2.396492460774792 158
1757609143307 1.954760293330591 159
1757609143386 3.727270355477637 160
1757609143469 1.4290034172261317 161
1757609143563 1.9343413553750972 162
1757609143646 2.8943965596013626 163
1757609143731 2.931977349552353 164
1757609143817 2.213730146854816 165
1757609143902 2.4387629736084655 166
1757609143984 1.7807806172031297 167
1757609144066 1.6212679597754969 168
1757609144151 2.2540160420039634 169
1757609144233 3.385590266772244 170
1757609144313 1.4325109719979012 171
1757609144394 1.3870185408847195 172
1757609144478 3.9501921859707805 173
1757609144565 2.4512821151622477 174
1757609144649 3.506136491928505 175
1757609144735 1.8651024626210155 176
1757609144818 3.064019545964549 177
1757609144900 1.8414237379008271 178
1757609144985 1.950583398882917 179
1757609145071 1.712554848594083 180
1757609145152 2.4239847547349265 181
1757609145233 3.010427683906926 182
1757609145315 2.5043818982498656 183
1757609145395 1.794377200867851 184
1757609145474 2.8521161543090114 185
1757609145558 2.495675573909488 186
1757609145640 3.5825975741179135 187
1757609145721 1.2088721509078486 188
1757609145804 2.6549042721879803 189
1757609145889 3.831611340703367 190
1757609145970 3.946525222709776 191
1757609146053 1.9818127233610194 192
1757609146147 1.7594590849161422 193
1757609146230 1.9508153051169919 194
1757609146309 3.1714563706861543 195
1757609146394 2.3344314030471813 196
1757609146478 2.2091123709460216 197
1757609146562 1.2236942833732325 198
1757609146646 3.2293769112550064 199
1757609146729 2.113725980260257 200
1757609146809 1.905770381661737 201
1757609146894 1.8331746940590388 202
1757609146980 2.3297420423160036 203
1757609147071 2.0000303500805066 204
1757609147150 3.90193417703901 205
1757609147234 2.473703485045428 206
1757609147318 2.9332557305237112 207
1757609147399 2.1372443267365875 208
1757609147484 1.6026523724749773 209
1757609147568 2.38208432916579 210
1757609147650 2.6364403063940545 211
1757609147735 2.306674026550459 212
1757609147814 2.699041311400299 213
1757609147913 1.8175692448625456 214
1757609148000 2.043957846762984 215
1757609148083 3.181246522993973 216
1757609148168 1.9810473799789994 217
1757609148253 1.342431458987376 218
1757609148336 1.3065072430074276 219
1757609148421 2.95861568044219 220
1757609148504 1.6234720295426193 221
1757609148591 1.5919301831986097 222
1757609148676 2.0697088251978517 223
1757609148759 3.0888498424383615 224
1757609148844 1.8255964994764096 225
1757609148925 4.581061762190601 226
1757609149009 3.1453278321768714 227
1757609149092 1.9076057216798645 228
1757609149176 2.41104420204074 229
1757609149261 2.2289881805838867 230
1757609149346 4.429794998930172 231
1757609149429 2.167529319814509 232
1757609149516 2.1782614081518097 233
1757609149604 2.5944733468148553 234
1757609262702 2.2894797051941502 235
1757609262787 1.6854947828313698 236
1757609262876 1.569995118997004 237
1757609262963 1.9657757623710221 238
1757609263068 1.782579057130625 239
1757609263172 1.8168693458504375 240
1757609263264 2.4458342718769224 241
1757609263351 1.9930153937132093 242
1757609263438 2.7757503082209682 243
1757609263523 3.0380606130175223 244
1757609263609 1.2983075038278147 245
1757609263696 2.9290927497124066 246
1757609263781 2.619132171398099 247
1757609263865 1.6994500815293623 248
1757609263951 1.0385215440656188 249
1757609264037 2.1634364281420164 250
1757609264121 1.7678593656099326 251
1757609264208 1.6796582653482879 252
1757609264294 2.0426303219396726 253
1757609264394 2.6222412505632544 254
1757609264492 1.6114800511202962 255
1757609264577 1.0529475656311449 256
1757609264661 2.6268247510049587 257
1757609264740 2.152501218292807 258
1757609264823 2.0244084813345733 259
1757609264919 2.1666503830812807 260
1757609265004 3.121022436688271 261
1757609265091 1.6216566780864012 262
1757609265181 3.296704649904925 263
1757609265266 1.6541013829253977 264
1757609265353 1.3038793799497186 265
1757609265443 1.698819124386946 266
1757609265533 1.4922398187309407 267
1757609265620 1.2117224286469281 268
1757609265707 2.9971583597385436 269
1757609265795 1.5105885168530848 270
1757609265885 2.8283919156503163 271
1757609265973 2.65878305867053 272
1757609266060 1.728629933773126 273
1757609266146 1.6683243599353679 274
1757609266233 2.5124368159640795 275
1757609266321 2.0406859253019243 276
1757609266406 2.8636336364933097 277
1757609266490 2.401789606245891 278
1757609266576 2.5963271337201683 279
1757609266662 3.1979045425093973 280
1757609266744 1.092207237144706 281
1757609266827 1.5102238831089603 282
1757609266909 2.833936058134949 283
1757609266994 2.2846701835183767 284
1757609267077 2.9084451116279055 285
1757609267162 1.566322754157882 286
1757609267245 3.9497812035321553 287
1757609267328 2.2201594944917353 288
1757609267412 2.387294779354742 289
1757609267497 1.3282112865214397 290
1757609267584 1.761942361642505 291
1757609267669 1.8006828879090844 292
1757609267754 1.6927125482570897 293
1757609267844 1.6264218197414473 294
1757609267929 1.1960009832597285 295
1757609268015 1.4820078056113926 296
1757609268103 2.101205202174654 297
1757609268195 2.254234282102856 298
1757609268283 1.1454051259648868 299
1757609268375 0.8986441184253298 300
1757609268462 2.3726725742706343 301
1757609268550 2.4142767961508302 302
1757609268637 2.3917938857233856 303
1757609268725 0.7011187015907777 304
1757609268806 1.0246905709082161 305
1757609268899 2.178894566137974 306
1757609268995 1.924886756173323 307
1757609269084 1.9947072231250995 308
1757609269167 2.0860420671180875 309
1757609269254 1.8615888364438848 310
1757609269341 1.4217125646998516 311
1757609269428 2.2916377409720354 312
1757609269515 2.570545773435015 313
1757609269599 1.9033879609959377 314
1757609269688 2.292636186461127 315
1757609269774 2.080902589989854 316
1757609269860 2.1581326050993743 317
1757609269948 2.0018223587520034 318
1757609270036 1.995202079917602 319
1757609270122 1.9402346466325628 320
1757609270226 1.7752411767451068 321
1757609270318 3.0722494340352755 322
1757609270404 2.445773952897416 323
1757609270492 2.2656752187007645 324
1757609270580 2.1655245466269544 325
1757609270664 2.1898030918530096 326
1757609270754 2.329107196787419 327
1757609270838 1.512727870532285 328
1757609270927 1.7277699556943777 329
1757609271018 1.7300376216597357 330
1757609271106 2.175504690339955 331
1757609271195 1.4231017203425362 332
1757609271282 2.2721698057851962 333
1757609271371 2.912736843984703 334
1757609271459 1.5743988433609897 335
1757609271546 2.4161321541514615 336
1757609271634 1.2458859846734034 337
1757609271722 2.339419056039791 338
1757609271807 1.9571058153825016 339
1757609271896 1.695931375299433 340
1757609271984 1.386202982141339 341
1757609272075 2.361339509033998 342
1757609272168 2.6739677965359396 343
1757609272255 1.9821894205413377 344
1757609272346 1.7923895310374842 345
1757609272441 1.7438968815575204 346
1757609272533 2.6178148883407446 347
1757609272622 2.317739569405399 348
1757609272711 1.6620393179098985 349
1757609272796 1.3433882994823758 350
1757609272885 3.0288393887660243 351
1757609272980 2.8707904050861135 352
1757609273073 1.423405000316298 353
1757609273166 2.964015397078227 354
1757609273254 2.485718385832462 355
1757609273346 1.474747042650868 356
1757609273442 2.750214152569459 357
1757609273534 1.0242046644579212 358
1757609273627 1.615167048616116 359
1757609273722 1.15694052105847 360
1757609273817 2.139847184768309 361
1757609273907 1.8780061437544202 362
1757609273997 3.241243956006993 363
1757609274091 3.14386138617737 364
1757609274181 2.1127276716531167 365
1757609274270 2.487748698919372 366
1757609274361 2.1867991134682483 367
1757609274455 1.0276521312024605 368
1757609274550 1.6483827313753545 369
1757609274640 1.4157608212143313 370
1757609274737 2.342749417017359 371
1757609274824 2.450426506629017 372
1757609274908 1.1509895792843445 373
1757609274998 2.7453612488138983 374
1757609275093 2.5584401230813865 375
1757609275184 1.3713861292599832 376
1757609275274 2.193295074335641 377
1757609275360 1.9113019813921188 378
1757609275454 1.266650652488898 379
1757609275543 2.0660474608701414 380
1757609275636 1.7355792336475944 381
1757609275724 2.7229935844631337 382
1757609275818 1.975520682896772 383
1757609275909 1.6101313131071417 384
1757609276001 2.802316452431625 385
1757609276096 2.1424486447684115 386
1757609276184 1.755176714760412 387
1757609276275 3.5209642483617607 388
1757609276365 2.2496553958463403 389
1757609276463 1.7225125955167182 390
1757609276554 2.996685725962383 391
1757609276643 2.0739073964577877 392
1757609276736 2.0100096234036076 393
1757609276826 1.926448996116279 394
1757609276914 2.4496069647142984 395
1757609277007 1.6866030003307042 396
1757609277099 3.812514085039938 397
1757609277190 2.042420000889171 398
1757609277283 1.7870209323441004 399
1757609277374 1.539850463581284 400
1757609277466 1.4554906494596591 401
1757609277552 1.8962222220106828 402
1757609277642 2.7083600192543114 403
1757609277732 4.058351643379576 404
1757609277822 1.8610484705421546 405
1757609277914 1.9016618417459081 406
1757609278003 3.339461329278318 407
1757609278096 2.8570368755869184 408
1757609278187 1.9854415069102758 409
1757609278276 1.5105092996411156 410
1757609278369 1.3165498981798347 411
1757609278460 2.055327587917355 412
1757609278550 2.4048778250277474 413
1757609278659 0.6112938137134292 414
1757609278751 1.9952106758217383 415
1757609278843 0.8461903258829508 416
1757609278927 2.117801285087655 417
1757609279017 1.8767673136905483 418
1757609279109 1.41903059942245 419
1757609279202 1.8942001266199682 420
1757609279293 3.5964071843907517 421
1757609279384 1.50601208879313 422
1757609279476 1.6776630178643095 423
1757609279568 2.6742909119352287 424
1757609279660 2.7653617735138467 425
1757609279752 2.80752388940596 426
1757609279842 1.8341584037504137 427
1757609279936 3.0783702873690197 428
1757609280029 2.39666410347715 429
1757609280122 2.4142776265847457 430
1757609280212 1.3486241221722925 431
1757609280302 2.2198395186183797 432
1757609280391 1.8573507436775882 433
1757609280482 1.9477235826662544 434
1757609280571 2.6655240963005076 435
1757609280665 2.1074017732998995 436
1757609280753 1.9228542234201973 437
1757609280844 1.3167360918903372 438
1757609280930 1.8507131529152268 439
1757609281016 1.327740978976047 440
1757609281111 3.2816649419966146 441
1757609281204 1.44792941974579 442
1757609281295 1.3229772521346508 443
1757609281383 2.064541661508797 444
1757609281478 2.8296373323333985 445
1757609281570 2.3970085349159396 446
1757609281662 1.7029635344849512 447
1757609281756 2.668205541110484 448
1757609281848 5.939336193470705 449
1757609281946 0.7423646108726724 450
1757609282038 3.0037293646268126 451
1757609282131 1.611736306311418 452
1757609282223 2.6461805944787193 453
1757609282316 1.8141932467516266 454
1757609282408 0.8155789721318287 455
1757609282502 1.8214319482172443 456
1757609282592 0.8995349684018364 457
1757609282683 1.141735939478437 458
1757609282774 3.10901557107834 459
1757609282884 1.4675277823126276 460
1757609282968 1.7104236662709749 461
1757609283055 1.992135898087354 462
1757609283154 2.7659682454311154 463
1757609283253 1.9789210657284764 464
1757609283350 2.248673226553868 465
1757609283445 0.8425741014517479 466
1757609283537 1.493141365978415 467
1757609283631 2.637219890583377 468
1757609283724 2.6680357993905663 469
1757609283821 1.9618611782513908 470
1757609283911 1.1448786337516192 471
1757609283998 1.8866338256994954 472
1757609284092 2.81136201002398 473
1757609284186 2.0438306733065272 474
1757609284277 1.2690531975509998 475
1757609284369 3.178089389078739 476
1757609284471 2.147942308732229 477
1757609284567 2.3388254339319983 478
1757609284657 2.508618043123777 479
1757609284751 2.190760551885467 480
1757609284842 1.9720903632256053 481
1757609284929 1.3821046064031126 482
1757609285018 1.980912874477661 483
1757609285110 2.2782027445257502 484
1757609285210 2.2628157586531983 485
1757609285300 2.796568286754413 486
1757609285390 0.9111703686455189 487
1757609285484 2.9943995385126034 488
1757609285576 1.1547222002016748 489
1757609285669 1.8026336135582866 490
1757609285762 2.2350182101050837 491
1757609285856 2.4521391772272456 492
1757609285947 2.0049566282192153 493
1757609286042 2.3239948576949336 494
1757609286133 3.9325003758864683 495
1757609286224 2.364867561842419 496
1757609286312 2.027571562684442 497
1757609286410 1.5200977919375547 498
1757609286503 2.716935427913198 499
