1757441996389 115.87122373267658 0
1757441996487 102.150203643683 1
1757441996588 80.15392418459807 2
1757441996688 35.46014139110026 3
1757441996786 24.517699262136382 4
1757441996884 79.44057741861886 5
1757441996981 22.759685467515173 6
1757441997079 33.58226586792456 7
1757441997179 35.61690179913732 8
1757441997279 32.68757250155231 9
1757441997378 1.931428388632416 10
1757441997479 4.263335616492002 11
1757441997578 34.602093118932515 12
1757441997679 3.258437230624419 13
1757441997779 3.048554051682234 14
1757441997882 80.53009463320824 15
1757441997984 1.7672992869287558 16
1757441998086 2.563396080499757 17
1757441998186 0.9651711678483592 18
1757441998288 1.6505751471276229 19
1757441998388 27.91567007671134 20
1757441998494 87.98115778553681 21
1757441998602 13.420797843558963 22
1757441998697 53.71235008669913 23
1757441998797 20.032067701001097 24
1757441998898 21.13766755513193 25
1757441998999 34.94520979310659 26
1757441999099 27.661352407433274 27
1757441999197 47.6588998169419 28
1757441999297 0.004095704348980161 29
1757441999400 0.1430791567701362 30
1757441999500 6.486025313494856 31
1757441999599 0.03473320870524702 32
1757441999699 21.280454557453243 33
1757441999798 33.08267601823011 34
1757441999899 0.07129111039771696 35
1757441999998 2.046708952512478 36
1757442000100 8.32309206098388 37
1757442000202 63.59863176368037 38
1757442000302 3.2821115955099387 39
1757442000404 0.12209153530085626 40
1757442000504 5.551398347912366 41
