1757612847186 81.49009839350887 0
1757612847261 45.60094937302694 1
1757612847336 27.3542783979313 2
1757612847416 18.153738207356547 3
1757612847498 16.305556496324282 4
1757612847586 11.621284644147519 5
1757612847663 11.249820190195909 6
1757612847738 8.732536926353495 7
1757612847816 7.631734955359949 8
1757612847892 8.031770206640555 9
1757612847972 11.874470131466403 10
1757612848050 7.857562509578566 11
1757612848130 8.329109153413476 12
1757612848210 7.726699481757402 13
1757612848285 9.279557818698231 14
1757612848366 6.894009173074535 15
1757612848442 7.338826691276223 16
1757612848522 6.934619493298615 17
1757612848601 7.153036209553243 18
1757612848681 7.436889098011725 19
1757612848762 7.771901804764177 20
1757612848838 10.298057710413321 21
1757612848910 8.477098595151162 22
1757612848986 5.751952883487808 23
1757612849064 8.17220647862002 24
1757612849147 7.264864521141968 25
1757612849223 7.754160977573958 26
1757613749605 9.635189062546523 27
1757613749836 8.027372385076363 28
1757613749926 18.369208651155404 29
1757613750019 8.166133227662765 30
1757613750121 7.111941488754374 31
1757613750258 6.554573475171548 32
1757613750388 8.145535576487228 33
1757613750535 9.554742628250004 34
1757613750709 15.403409579366997 35
1757613750906 9.511973214312214 36
1757613751079 7.346221973569202 37
1757613751239 10.602355450092926 38
1757613751406 8.407840881472573 39
1757613751569 7.657791159729632 40
1757613751729 8.974265995235893 41
1757613751870 8.099897051068986 42
1757613752016 10.819049521168104 43
1757613752150 7.9758618367907586 44
1757613752280 6.727078567607107 45
1757613752400 8.52322118770287 46
1757613752532 7.47265250827682 47
1757613752648 9.90036187568254 48
1757613752768 7.254030611964237 49
1757613752886 9.746237708795698 50
1757613752995 9.04718780645279 51
1757613753102 5.905086299984102 52
1757613753205 7.83886003679811 53
1757613753291 8.480348528534998 54
1757613753374 8.124272620616201 55
1757613753468 7.2774221417334655 56
1757613753567 7.88433058128315 57
1757613753675 8.986673489588064 58
1757613753761 9.354278556541672 59
1757613753846 8.849791443028728 60
1757613753931 7.1938096061507055 61
1757613754025 8.52908074430976 62
1757613754117 9.200060516527953 63
1757613754203 8.838448373654591 64
1757613754289 6.386428506626424 65
1757613754376 7.621604924510082 66
1757613754473 7.6958810219725935 67
1757613754566 8.13931363050158 68
1757613754658 8.948046119093291 69
1757613754755 7.776035540021455 70
1757613754847 9.564325439304977 71
1757613754939 7.786542785320945 72
1757613755028 7.453614155357728 73
1757613755117 8.119000623765915 74
1757613755203 8.301867664675257 75
1757613755296 11.894751836946222 76
1757613755389 6.446940842709383 77
1757613755476 9.741162142787225 78
1757613755565 7.0544445038487 79
1757613755652 6.881224408829805 80
1757613755733 9.521335028803378 81
1757613755809 9.047375503329821 82
1757613755896 9.809289999044704 83
1757613755973 9.771130962526218 84
1757613756047 8.89204453029149 85
1757613756122 5.6135383787989195 86
1757613756200 6.999929104277967 87
1757613756283 8.345316264086222 88
1757613756362 9.258048973685966 89
1757613756441 9.853968615805426 90
1757613756517 7.323412252858647 91
1757613756600 8.763064254043982 92
1757613756685 10.762341004777147 93
1757613756768 6.3709050440963075 94
1757613756844 8.310291895397809 95
1757613756922 9.642069603840984 96
1757613757003 6.682568584168482 97
1757613757087 9.535128661795483 98
1757613757168 8.6166440549882 99
1757613757254 4.796869473975589 100
1757613757347 7.978116968374913 101
1757613757435 9.007092237758028 102
1757613757516 6.990544443989181 103
1757613757608 9.10631403698707 104
1757613757695 8.61669401130127 105
1757613757774 7.501124205359508 106
1757613757854 8.434016134355144 107
1757613757943 8.039160152351407 108
1757613758034 9.54298160390156 109
1757613758121 7.0309044893577255 110
1757613758202 9.48281160291435 111
1757613758283 8.549022587309613 112
1757613758363 8.261868115343464 113
1757613758441 7.46705087571196 114
1757613758520 8.370152971061174 115
1757613758601 7.779702772228116 116
1757613758679 9.672143813853529 117
1757613758762 9.65380351247709 118
1757613758839 8.906661783489843 119
1757613758920 7.782478589698604 120
1757613759000 7.333641932288286 121
1757613759078 8.878162988022725 122
1757613759158 6.948145243163683 123
1757613759242 7.637766130463289 124
1757613759322 9.078671766584357 125
1757613759401 7.9669063314670865 126
1757613759484 7.698872223822963 127
1757613759574 9.602027394182624 128
1757613759660 11.188408035260162 129
1757613759744 7.983969323731069 130
1757613759830 7.047366778760872 131
1757613759926 10.170471213209042 132
1757613760019 7.635134561454612 133
1757613760108 10.063651940112312 134
1757613760204 8.11720536449053 135
1757613760297 5.8317865761166505 136
1757613760392 8.350464694142453 137
1757613760476 8.824387930250353 138
1757613760571 9.296662777836426 139
1757613760659 12.716199647798943 140
1757613760750 9.80354079823957 141
1757613760845 8.174341757728008 142
1757613760988 8.138522854393814 143
1757613761088 9.101928256235714 144
1757613761178 10.399995148812376 145
1757613761272 7.431334068680729 146
1757613761366 6.073557045454967 147
1757613761458 9.467181705122359 148
1757613761550 10.932962842352447 149
1757613761641 11.167712651650731 150
