1757629780402 169.38634097125342 0
1757629780488 160.52759722779305 1
1757629780549 156.43585862392283 2
1757629780620 152.39038671893587 3
1757629780700 148.4554433063128 4
1757629780774 144.62703755226283 5
1757629780847 140.90224540253135 6
1757629780925 137.27821045611864 7
1757629781003 133.7521560090949 8
1757629781081 130.32138262509514 9
1757629781156 126.9832659771811 10
1757629781227 123.73525474729423 11
1757629781287 120.57486858464652 12
1757629781354 117.49969612135244 13
1757629781425 114.50739304369537 14
1757629781498 111.5956802174662 15
1757629781574 108.76234186585695 16
1757629781653 106.00522379843302 17
1757629781730 103.32223168975104 18
1757629781811 100.7113294062282 19
1757629781889 98.1705373799087 20
1757629781966 95.69793102781068 21
1757629782042 93.2916392155747 22
1757629782121 90.94984276416962 23
1757629782198 88.67077299844769 24
1757629782276 86.45271033637414 25
1757629782355 84.29398291778955 26
1757629782423 82.19296527159557 27
1757629782497 80.14807702028534 28
1757629782572 78.15778162077085 29
1757629782651 76.22058514048825 30
1757629782731 74.33503506779131 31
1757629782807 72.49971915567052 32
1757629782881 70.71326429786279 33
1757629782958 68.97433543644287 34
1757629783039 67.2816345000128 35
1757629783118 65.63389937163105 36
1757629783190 64.02990288564666 37
1757629783271 62.468451852627496 38
1757629783351 60.94838611159413 39
1757629783430 59.468577608793495 40
1757629783511 58.0279295022674 41
1757629783592 56.62537529149236 42
1757629783675 55.2598779713874 43
1757629783759 53.93042921000598 44
1757629783841 52.63604854924798 45
1757629783922 51.37578262794552 46
1757629784001 50.14870442669535 47
1757629784080 48.95391253382762 48
1757629784159 47.79053043191821 49
1757629784236 46.65770580426831 50
1757629784315 45.55460986079137 51
1757629784393 44.48043668276281 52
1757629784472 43.43440258590377 53
1757629784550 42.415745501284455 54
1757629784628 41.42372437354754 55
1757629784707 40.45761857596572 56
1757629784785 39.51672734186145 57
1757629784862 38.60036921193009 58
1757629784939 37.707881497020345 59
1757629785017 36.83861975593875 60
1757629785096 35.99195728785688 61
1757629785171 35.1672846389118 62
1757629785245 34.36400912260201 63
1757629785323 33.5815543535919 64
1757629785402 32.8193597945489 65
1757629785480 32.07688031564813 66
1757629785556 31.35358576638922 67
1757629785637 30.648960559380246 68
1757629785715 29.96250326575348 69
1757629785793 29.2937262218868 70
1757629785873 28.642155147113893 71
1757629785951 28.00732877211533 72
1757629786028 27.388798477691214 73
1757629786107 26.78612794362432 74
1757629786187 26.198892807351182 75
1757629786264 25.62668033216613 76
1757629786379 25.06908908469121 77
1757629786464 24.52572862135242 78
1757629786548 23.996219183609906 79
1757629786634 23.48019140169681 80
1757629786717 22.97728600662854 81
1757629786827 22.48715355025059 82
1757629786907 22.009454133099972 83
1757629786982 21.543857139861192 84
1757629787057 21.090040982204183 85
1757629787136 20.6476928487974 86
1757629787210 20.216508462295163 87
1757629787287 19.796191843103863 88
1757629787372 19.386455079737352 89
1757629787450 18.987018105576844 90
1757629787530 18.597608481856142 91
1757629787610 18.217961186697824 92
1757629787689 17.847818410030975 93
1757629787768 17.486929354225914 94
1757629787849 17.135050040285694 95
1757629787925 16.791943119439104 96
1757629788005 16.4573776899837 97
1757629788087 16.131129119232146 98
1757629788167 15.812978870418933 99
1757629788248 15.502714334428704 100
1757629788330 15.200128666211292 101
1757629788413 14.905020625752229 102
1757629788494 14.61719442347146 103
1757629788574 14.336459569926127 104
1757629788654 14.062630729697284 105
1757629788734 13.795527579343318 106
1757629788815 13.534974669306363 107
1757629788899 13.280801289661243 108
1757629788979 13.032841339599372 109
1757629789062 12.79093320054321 110
1757629789143 12.554919612789767 111
1757629789222 12.324647555584466 112
1757629789300 12.099968130529444 113
1757629789388 11.880736448233128 114
1757629789473 11.66681151811041 115
1757629789556 11.458056141245438 116
1757629789639 11.254336806231322 117
1757629789720 11.05552358790369 118
1757629789802 10.861490048887086 119
1757629789878 10.672113143875748 120
1757629789958 10.487273126572287 121
1757629790039 10.30685345921 122
1757629790121 10.130740724586737 123
1757629790203 9.958824540540057 124
1757629790286 9.790997476795576 125
1757629790368 9.627154974122181 126
1757629790451 9.467195265729707 127
1757629790532 9.311019300846503 128
1757629790614 9.158530670415928 129
1757629790695 9.00963553485274 130
1757629790776 8.864242553801802 131
1757629790861 8.72226281784326 132
1757629790943 8.583609782089841 133
1757629791027 8.44819920162349 134
1757629791114 8.315949068720041 135
1757629791197 8.18677955181199 136
1757629791276 8.06061293614094 137
1757629791360 7.937373566052562 138
1757629791444 7.816987788888233 139
1757629791529 7.699383900428898 140
1757629791614 7.584492091847816 141
1757629791697 7.472244398130111 142
1757629791778 7.3625746479183345 143
1757629791862 7.255418414744167 144
1757629791947 7.150712969607677 145
1757629792031 7.04839723486667 146
1757629792114 6.9484117393994635 147
1757629792196 6.850698575005727 148
1757629792281 6.7552013540108975 149
1757629792362 6.661865168040554 150
1757629792445 6.570636547932311 151
1757629792525 6.481463424753406 152
1757629792605 6.394295091893322 153
1757629792685 6.309082168201454 154
1757629792767 6.225776562140727 155
1757629792851 6.144331436928939 156
1757629792935 6.064701176640305 157
1757629793018 5.9868413532405 158
1757629793099 5.910708694529224 159
1757629793181 5.836261052965083 160
1757629793260 5.763457375348205 161
1757629793338 5.692257673336752 162
1757629793419 5.622622994774185 163
1757629793504 5.554515395804686 164
1757629793594 5.487897913754874 165
1757629793689 5.422734540760511 166
1757629793776 5.3589901981175165 167
1757629793862 5.2966307113371105 168
1757629793942 5.235622785885606 169
1757629794023 5.175933983589816 170
1757629794103 5.117532699689544 171
1757629794186 5.060388140519274 172
1757629794268 5.004470301801536 173
1757629794361 4.949749947535021 174
1757629794442 4.896198589460895 175
1757629794525 4.843788467091321 176
1757629794615 4.792492528284565 177
1757629794695 4.74228441035156 178
1757629794780 4.693138421679147 179
1757629794861 4.645029523855723 180
1757629794944 4.597933314285345 181
1757629795028 4.5518260092767635 182
1757629795112 4.506684427594242 183
1757629795210 4.462485974457343 184
1757629795289 4.419208625977273 185
1757630774490 4.376830914017713 186
1757630774600 4.3353319114683355 187
1757630774671 4.294691217919664 188
1757630774778 4.254888945728089 189
1757630774991 4.215905706460324 190
1757630775094 4.177722597706754 191
1757630775175 4.140321190253511 192
1757630775266 4.103683515603343 193
1757630775371 4.067792053835655 194
1757630775477 4.0326297217963285 195
1757630775582 3.998179861608242 196
1757630775687 3.964426229493604 197
1757630775803 3.9313529848995286 198
1757630775923 3.8989446799184386 199
1757630776045 3.867186248995209 200
1757630776170 3.8360629989130963 201
1757630776290 3.8055605990508043 202
1757630776410 3.775665071903192 203
1757630776529 3.7463627838583564 204
1757630776663 3.7176404362240203 205
1757630776790 3.6894850564963915 206
1757630776927 3.6618839898647635 207
1757630777060 3.6348248909454126 208
1757630777196 3.608295715738454 209
1757630777331 3.582284713801543 210
1757630777463 3.5567804206344222 211
1757630777583 3.5317716502685608 212
1757630777700 3.5072474880562203 213
1757630777814 3.4831972836534653 214
1757630777928 3.4596106441918026 215
1757630778039 3.4364774276332666 216
1757630778135 3.4137877363039038 217
1757630778224 3.391531910600777 218
1757630778325 3.3697005228677104 219
1757630778428 3.348284371435155 220
1757630778529 3.3272744748196907 221
1757630778626 3.3066620660787516 222
1757630778716 3.2864385873163595 223
1757630778810 3.266595684335707 224
1757630778906 3.2471252014345833 225
1757630779011 3.2280191763397226 226
1757630779112 3.2092698352762588 227
1757630779217 3.190869588168654 228
1757630779319 3.1728110239694267 229
1757630779419 3.1550869061122264 230
1757630779518 3.1376901680858733 231
1757630779613 3.120613909126017 232
1757630779709 3.103851390021256 233
1757630779808 3.087396029030534 234
1757630779916 3.0712413979088393 235
1757630780009 3.055381218038205 236
1757630780104 3.0398093566611757 237
1757630780203 3.024519823213923 238
1757630780296 3.009506765756322 239
1757630780380 2.9947644674963234 240
1757630780467 2.9802873434060753 241
1757630780552 2.966069936927289 242
1757630780635 2.9521069167634395 243
1757630780711 2.9383930737564095 244
1757630780791 2.924923317845332 245
1757630780879 2.911692675105341 246
1757630780965 2.8986962848641156 247
1757630781056 2.885929396894082 248
1757630781144 2.8733873686782325 249
1757630781234 2.861065662747534 250
1757630781327 2.848959844088062 251
1757630781419 2.837065577615884 252
1757630781515 2.825378625717937 253
1757630781608 2.8138948458570523 254
1757630781702 2.80261018823944 255
1757630781793 2.7915206935429304 256
1757630781886 2.780622490704322 257
1757630781989 2.7699117947642593 258
1757630782078 2.7593849047680714 259
1757630782159 2.7490382017210893 260
1757630782250 2.7388681465969387 261
1757630782343 2.7288712783974223 262
1757630782428 2.719044212262572 263
1757630782516 2.7093836376295424 264
1757630782601 2.69988631643901 265
1757630782684 2.690549081387839 266
1757630782770 2.6813688342267437 267
1757630782851 2.6723425441017357 268
1757630782934 2.663467245938218 269
1757630783015 2.654740038866537 270
1757630783096 2.646158084687926 271
1757630783182 2.637718606379731 272
1757630783263 2.62941888663888 273
1757630783347 2.62125626646257 274
1757630783432 2.6132281437651868 275
1757630783512 2.6053319720304775 276
1757630783596 2.5975652589980447 277
1757630783678 2.589925565383256 278
1757630783763 2.5824105036296565 279
1757630783847 2.575017736693034 280
1757630783930 2.5677449768563023 281
1757630784013 2.56058998457438 282
1757630784096 2.5535505673482515 283
1757630784181 2.54662457862745 284
1757630784266 2.53980991674022 285
1757630784356 2.5331045238506085 286
1757630784446 2.526506384941782 287
1757630784534 2.520013526824859 288
1757630784617 2.5136240171726216 289
1757630784698 2.5073359635774035 290
1757630784779 2.5011475126325458 291
1757630784870 2.4950568490368026 292
1757630784962 2.489062194721058 293
1757630785047 2.483161807996826 294
1757630785133 2.4773539827258793 295
1757630785217 2.471637047510547 296
1757630785303 2.466009364904056 297
1757630785389 2.460469330640438 298
1757630785475 2.4550153728834743 299
1757630785563 2.449645951494186 300
1757630785647 2.444359557316374 301
1757630785735 2.439154711479747 302
1757630785823 2.4340299647201835 303
1757630785910 2.428983896716655 304
1757630785998 2.424015115444413 305
1757630786086 2.4191222565439934 306
1757630786172 2.414303982705612 307
1757630786261 2.4095589830686124 308
1757630786347 2.404885972635484 309
1757630786439 2.4002836917001673 310
1757630786525 2.395750905290208 311
1757630786613 2.3912864026224208 312
1757630786694 2.3868889965717357 313
1757630786775 2.3825575231528755 314
1757630786862 2.3782908410144854 315
1757630786948 2.3740878309454847 316
1757630787035 2.3699473953932575 317
1757630787123 2.365868457993382 318
1757630787210 2.3618499631106564 319
1757630787300 2.3578908753910524 320
1757630787390 2.353990179324389 321
1757630787475 2.3501468788173994 322
1757630787562 2.3463599967769593 323
1757630787648 2.3426285747032027 324
1757630787738 2.33895167229227 325
1757630787828 2.335328367048453 326
1757630787920 2.33175775390549 327
1757630788006 2.328238944856788 328
1757630788094 2.3247710685943277 329
1757630788183 2.321353270156047 330
1757630788268 2.3179847105814946 331
1757630788362 2.3146645665755154 332
1757630788449 2.3113920301798014 333
1757630788539 2.3081663084520736 334
1757630788623 2.3049866231527405 335
1757630788710 2.301852210438816 336
1757630788789 2.2987623205649137 337
1757630788872 2.2957162175911687 338
1757630788958 2.292713179097891 339
1757630789047 2.289752495906776 340
1757630789132 2.286833471808527 341
1757630789218 2.283955423296722 342
1757630789306 2.281117679307765 343
1757630789396 2.278319580966776 344
1757630789480 2.275560481339271 345
1757630789567 2.272839745188489 346
1757630789654 2.270156748738214 347
1757630789738 2.267510879440988 348
1757630789826 2.264901535751541 349
1757630789911 2.262328126905332 350
1757630790000 2.2597900727020925 351
1757630790088 2.257286803294201 352
1757630790176 2.2548177589798195 353
1757630790264 2.2523823900006414 354
1757630790382 2.2499801563441575 355
1757630790469 2.2476105275503255 356
1757630790556 2.2452729825225255 357
1757630790646 2.242967009342704 358
1757630790730 2.240692105090625 359
1757630790814 2.238447775667076 360
1757630790894 2.2362335356209937 361
1757630790983 2.2340489079803745 362
1757630791073 2.231893424086896 363
1757630791160 2.2297666234341524 364
1757630791248 2.2276680535094058 365
1757630791334 2.2255972696388127 366
1757630791423 2.2235538348359856 367
1757630791514 2.221537319653845 368
1757630791602 2.2195473020396763 369
1757630791689 2.217583367193311 370
1757630791778 2.2156451074283625 371
1757630791869 2.213732122036429 372
1757630791956 2.2118440171542293 373
1757630792036 2.2099804056335546 374
1757630792115 2.2081409069140054 375
1757630792203 2.2063251468984375 376
1757630792293 2.2045327578310343 377
1757630792372 2.2027633781779867 378
1757630792456 2.2010166525106736 379
1757630792541 2.199292231391312 380
1757630792627 2.1975897712610055 381
1757630792714 2.1959089343301543 382
1757630792801 2.1942493884711345 383
1757630792881 2.1926108071132493 384
1757630792968 2.190992869139835 385
1757630793056 2.1893952587875303 386
1757630793144 2.1878176655476187 387
1757630793233 2.1862597840694193 388
1757630793323 2.18472131406566 389
1757630793410 2.183201960219808 390
1757630793500 2.181701432095301 391
1757630793593 2.1802194440466307 392
1757630793680 2.178755715132249 393
1757630793767 2.177309969029245 394
1757630793856 2.1758819339497615 395
1757630793944 2.174471342559104 396
1757630794032 2.173077931895503 397
1757630794119 2.1717014432915063 398
1757630794208 2.170341622296938 399
1757630794298 2.1689982186034213 400
1757630794382 2.167670985970404 401
1757630794473 2.1663596821526623 402
1757630794557 2.1650640688292633 403
1757630794646 2.1637839115339172 404
1757630794735 2.162518979586734 405
1757630794821 2.161269046027315 406
1757630794904 2.1600338875491825 407
1757630794989 2.1588132844354804 408
1757630795077 2.1576070204959565 409
1757630795167 2.156414883005178 410
1757630795258 2.1552366626419364 411
1757630795350 2.154072153429864 412
1757630795439 2.1529211526791827 413
1757630795527 2.151783460929594 414
1757630795612 2.1506588818942785 415
1757630795701 2.149547222404965 416
1757630795788 2.1484482923580766 417
1757630795876 2.1473619046618917 418
1757630795968 2.14628787518474 419
1757630796057 2.145226022704175 420
1757630796142 2.1441761688571166 421
1757630796229 2.1431381380909573 422
1757630796317 2.1421117576155853 423
1757630796404 2.1410968573563176 424
1757630796492 2.1400932699077324 425
1757630796580 2.139100830488362 426
1757630796688 2.1381193768962463 427
1757630796774 2.137148749465315 428
1757630796858 2.136188791022596 429
1757630796940 2.135239346846209 430
1757630797028 2.13430026462416 431
1757630797115 2.1333713944138886 432
1757630797203 2.1324525886025736 433
1757630797292 2.131543701868172 434
1757630797386 2.130644591141176 435
1757630797474 2.1297551155670784 436
1757630797562 2.1288751364695284 437
1757630797651 2.128004517314154 438
1757630797736 2.1271431236730622 439
1757630797823 2.126290823189979 440
1757630797917 2.12544748554602 441
1757630798012 2.1246129824261004 442
1757630798105 2.123787187485934 443
1757630798197 2.122969976319638 444
1757630798289 2.122161226427932 445
1757630798376 2.1213608171868983 446
1757630798466 2.120568629817304 447
1757630798560 2.119784547354486 448
1757630798648 2.119008454618761 449
1757630798739 2.1182402381863707 450
1757630798827 2.1174797863609416 451
1757630798912 2.1167269891454694 452
1757630798999 2.1159817382147588 453
1757630799090 2.1152439268884127 454
1757630799177 2.1145134501042406 455
1757630799264 2.1137902043921675 456
1757630799351 2.113074087848603 457
1757630799439 2.112365000111241 458
1757630799529 2.111662842334319 459
1757630799619 2.1109675171643105 460
1757630799711 2.1102789287160197 461
1757630799798 2.109596982549123 462
1757630799888 2.108921585645097 463
1757630799977 2.1082526463845577 464
1757630800069 2.1075900745249774 465
1757630800155 2.1069337811788085 466
1757630800245 2.106283678791968 467
1757630800336 2.105639681122695 468
1757630800423 2.1050017032207795 469
1757630800514 2.1043696614071408 470
1757630800605 2.1037434732537474 471
1757630800694 2.1031230575638964 472
1757630800802 2.102508334352821 473
1757630800890 2.1018992248286232 474
1757630800978 2.1012956513735404 475
1757630801072 2.100697537525517 476
1757630801162 2.1001048079601015 477
1757630801254 2.09951738847264 478
1757630801343 2.09893520596077 479
1757630801431 2.0983581884072118 480
1757630801521 2.097786264862852 481
1757630801613 2.0972193654301003 482
1757630801705 2.0966574212465336 483
1757630801797 2.0961003644688163 484
1757630801887 2.09554812825687 485
1757630801976 2.095000646758334 486
1757630802065 2.094457855093256 487
1757630802158 2.0939196893390584 488
1757630802249 2.0933860865157485 489
1757630802341 2.092856984571363 490
1757630802433 2.0923323223676578 491
1757630802526 2.091812039666047 492
1757630802620 2.0912960771137454 493
1757630802708 2.0907843762301703 494
1757630802798 2.090276879393541 495
1757630802891 2.0897735298277094 496
1757630802975 2.0892742715892014 497
1757630803069 2.0887790495544754 498
1757630803159 2.0882878094073836 499
