1757679672254 168.86266928634348 0
1757679672345 168.8497898591889 1
1757679672446 168.83708851009686 2
1757679672542 168.8243881166647 3
1757679672638 168.81168868553064 4
1757679672733 168.79899021662143 5
1757679672825 168.7862927098643 6
1757679672917 168.77359616518626 7
1757679673004 168.7609005825144 8
1757679673095 168.74820596177585 9
1757679673190 168.73551230289777 10
1757679673284 168.72281960580725 11
1757679673378 168.7101278704314 12
1757679673473 168.6974370966973 13
1757679673570 168.68474728453222 14
1757679673656 168.6720584338632 15
1757679673744 168.65937054461745 16
1757679673843 168.64668361672207 17
1757679673948 168.63399765010425 18
1757679674050 168.62131264469116 19
1757679674152 168.6086286004099 20
1757679674260 168.59594551718772 21
1757679674360 168.5832633949518 22
1757679674457 168.5705822336293 23
1757679674557 168.55790203314743 24
1757679674658 168.54522279343334 25
1757679674757 168.53254451441433 26
1757679674857 168.51986719601751 27
1757679674948 168.50719083817012 28
1757679675054 168.49451544079943 29
1757679675161 168.4818410038326 30
1757679675266 168.46916752719693 31
1757679675367 168.45649501081957 32
1757679675469 168.44382345462782 33
1757679675568 168.43115285854893 34
1757679675670 168.4184832225101 35
1757679675772 168.40581454643868 36
1757679675876 168.39314683026183 37
1757679675982 168.38048007390688 38
1757679676079 168.36781427730108 39
1757679676174 168.35514944037175 40
1757679676270 168.34248556304613 41
1757679676365 168.3298226452515 42
1757679676462 168.31716068691526 43
1757679676557 168.30449968796458 44
1757679676651 168.29183964832686 45
1757679676748 168.27918056792933 46
1757679676843 168.26652244669938 47
1757679676940 168.25386528456437 48
1757679677029 168.2412090814515 49
1757679677127 168.2285538372882 50
1757679677223 168.2158995520018 51
1757679677319 168.20324622551962 52
1757679677413 168.19059385776904 53
1757679677523 168.1779424486774 54
1757679677621 168.16529199817208 55
1757679677718 168.1526425061804 56
1757679677814 168.1399939726298 57
1757679677911 168.12734639744764 58
1757679678009 168.11469978056127 59
1757679678105 168.1020541218981 60
1757679678205 168.08940942138554 61
1757679678300 168.07676567895098 62
1757679678395 168.06412289452183 63
1757679678492 168.0514810680255 64
1757679678592 168.0388401993894 65
1757679678685 168.02620028854096 66
1757679678783 168.01356133540762 67
1757679678878 168.0009233399168 68
1757679678976 167.98828630199594 69
1757679679068 167.97565022157252 70
1757679679164 167.96301509857392 71
1757679679260 167.9503809329277 72
1757679679356 167.93774772456118 73
1757679679452 167.92511547340195 74
1757679679545 167.91248417937743 75
1757679679641 167.8998538424151 76
1757679679737 167.88722446244248 77
1757679679832 167.874596039387 78
1757679679929 167.8619685731762 79
1757679680026 167.84934206373757 80
1757679680135 167.83671651099857 81
1757679680233 167.82409191488682 82
1757679680329 167.81146827532973 83
1757679680425 167.79884559225488 84
1757679680520 167.78622386558973 85
1757679680615 167.77360309526193 86
1757679680713 167.76098328119895 87
1757679680809 167.74836442332827 88
1757679680906 167.73574652157757 89
1757679680999 167.7231295758743 90
1757679681092 167.7105135861461 91
1757679681189 167.69789855232048 92
1757679681288 167.68528447432504 93
1757679681386 167.67267135208735 94
1757679681485 167.66005918553498 95
1757679681584 167.64744797459554 96
1757679681683 167.63483771919658 97
1757679681778 167.62222841926575 98
1757679681873 167.60962007473063 99
1757679681974 167.59701268551885 100
1757679682072 167.584406251558 101
1757679682171 167.5718007727757 102
1757679682268 167.55919624909959 103
1757679682367 167.5465926804573 104
1757679682466 167.5339900667765 105
1757679682564 167.5213884079848 106
1757679682660 167.50878770400982 107
1757679682757 167.49618795477923 108
1757679682854 167.48358916022076 109
1757679682949 167.470991320262 110
1757679683046 167.45839443483064 111
1757679683138 167.4457985038543 112
1757679683238 167.43320352726073 113
1757679683335 167.42060950497768 114
1757679683435 167.4080164369327 115
1757679683531 167.39542432305356 116
1757679683626 167.38283316326797 117
1757679683728 167.37024295750362 118
1757679683826 167.35765370568825 119
1757679683923 167.34506540774953 120
1757679684019 167.33247806361524 121
1757679684117 167.31989167321305 122
1757679684213 167.30730623647077 123
1757679684311 167.29472175331605 124
1757679684411 167.28213822367675 125
1757679684508 167.26955564748053 126
1757679684608 167.25697402465516 127
1757679684704 167.24439335512847 128
1757679684805 167.23181363882816 129
1757679684899 167.21923487568202 130
1757679684996 167.20665706561783 131
1757679685089 167.1940802085634 132
1757679685185 167.18150430444652 133
1757679685282 167.16892935319495 134
1757679685384 167.15635535473652 135
1757679685479 167.14378230899902 136
1757679685579 167.13121021591027 137
1757679685677 167.1186390753981 138
1757679685772 167.10606888739034 139
1757679685870 167.09349965181477 140
1757679685968 167.0809313685993 141
1757679686065 167.06836403767167 142
1757679686163 167.05579765895982 143
1757679686261 167.04323223239155 144
1757679686357 167.03066775789475 145
1757679686455 167.01810423539726 146
1757679686553 167.00554166482692 147
1757679686650 166.99298004611165 148
1757679686748 166.98041937917932 149
1757679686845 166.9678596639578 150
1757679686942 166.955300900375 151
1757679687043 166.9427430883588 152
1757679687134 166.9301862278371 153
1757679687235 166.91763031873776 154
1757679687335 166.9050753609888 155
1757679687432 166.89252135451804 156
1757679687543 166.87996829925345 157
1757679687644 166.86741619512293 158
1757679687745 166.8548650420544 159
1757679687846 166.84231483997587 160
1757679687943 166.82976558881523 161
1757679688041 166.81721728850044 162
1757679688144 166.80466993895945 163
1757679688244 166.7921235401202 164
1757679688343 166.77957809191068 165
1757679688448 166.7670335942589 166
1757679688552 166.7544900470928 167
1757679688653 166.7419474503403 168
1757679688752 166.72940580392947 169
1757679688857 166.7168651077883 170
1757679688976 166.70432536184472 171
1757679689082 166.69178656602685 172
1757679689175 166.67924872026256 173
1757679689275 166.66671182448002 174
1757679689389 166.65417587860713 175
1757679689504 166.64164088257192 176
1757679689623 166.6291068363025 177
1757679689726 166.61657373972685 178
1757679689830 166.604041592773 179
1757679689934 166.59151039536903 180
1757679690040 166.57898014744296 181
1757679690149 166.5664508489229 182
1757679690252 166.5539224997369 183
1757679690353 166.541395099813 184
1757679690456 166.52886864907927 185
1757679690555 166.51634314746383 186
1757679690652 166.50381859489477 187
1757679690751 166.49129499130012 188
1757679690850 166.47877233660802 189
1757679690948 166.46625063074654 190
1757679691045 166.45372987364385 191
1757679691140 166.44121006522803 192
1757679691238 166.4286912054272 193
1757679691339 166.41617329416948 194
1757679691442 166.40365633138296 195
1757679691541 166.39114031699583 196
1757679691644 166.37862525093624 197
1757679691744 166.36611113313225 198
1757679691843 166.3535979635121 199
1757679691943 166.34108574200397 200
1757679692045 166.3285744685359 201
1757679692144 166.31606414303613 202
1757679692296 166.30355476543286 203
1757679692470 166.29104633565422 204
1757679692646 166.27853885362842 205
1757679692804 166.26603231928365 206
1757679692960 166.25352673254807 207
1757679693139 166.24102209334993 208
1757679693293 166.22851840161738 209
1757679693435 166.21601565727866 210
1757679693562 166.203513860262 211
1757679693694 166.19101301049562 212
1757679693835 166.17851310790772 213
1757679693968 166.16601415242656 214
1757679694100 166.15351614398034 215
1757679694231 166.14101908249737 216
1757679694369 166.12852296790584 217
1757679694498 166.11602780013402 218
1757679694635 166.1035335791102 219
1757679694754 166.09104030476263 220
1757679694883 166.07854797701953 221
1757679695017 166.06605659580921 222
1757679695147 166.05356616106002 223
1757679695270 166.04107667270014 224
1757679695411 166.0285881306579 225
1757679695544 166.01610053486164 226
1757679695674 166.00361388523964 227
1757679695799 165.99112818172014 228
1757679695925 165.97864342423156 229
1757679696059 165.9661596127021 230
1757679696226 165.95367674706023 231
1757679696358 165.94119482723423 232
1757679696492 165.92871385315235 233
1757679696623 165.91623382474302 234
1757679696756 165.90375474193456 235
1757679696913 165.89127660465536 236
1757679697047 165.87879941283367 237
1757679697184 165.866323166398 238
1757679697314 165.8538478652766 239
1757679697448 165.84137350939787 240
1757679697596 165.82890009869024 241
1757679697732 165.81642763308207 242
1757679697867 165.8039561125017 243
1757679697999 165.7914855368776 244
1757679698137 165.77901590613814 245
1757679698273 165.76654722021172 246
1757679698418 165.75407947902676 247
1757679698551 165.74161268251166 248
1757679698688 165.72914683059489 249
1757679698826 165.71668192320482 250
1757679698955 165.70421796026992 251
1757679699088 165.69175494171859 252
1757679699232 165.67929286747935 253
1757679699371 165.66683173748055 254
1757679699500 165.65437155165074 255
1757679699639 165.64191230991833 256
1757679699780 165.62945401221177 257
1757679699919 165.61699665845958 258
1757679700066 165.6045402485902 259
1757679700210 165.59208478253217 260
1757679700341 165.5796302602139 261
1757679700473 165.56717668156392 262
1757679700608 165.55472404651073 263
1757679700761 165.54227235498283 264
1757679700901 165.52982160690874 265
1757679701038 165.51737180221693 266
1757679701174 165.504922940836 267
1757679701415 165.49247502269438 268
1757679701545 165.48002804772068 269
1757679701645 165.4675820158434 270
1757679701748 165.45513692699112 271
1757679701853 165.44269278109235 272
1757679701955 165.43024957807563 273
1757679702059 165.41780731786955 274
1757679702161 165.40536600040267 275
1757679702262 165.3929256256035 276
1757679702364 165.3804861934007 277
1757679702469 165.36804770372285 278
1757679702576 165.35561015649847 279
1757679702680 165.34317355165618 280
1757679702786 165.3307378891246 281
1757679702887 165.3183031688323 282
1757679702990 165.30586939070793 283
1757679703094 165.29343655468 284
1757679703198 165.2810046606772 285
1757679703298 165.26857370862822 286
1757679703395 165.2561436984616 287
1757679703498 165.24371463010593 288
1757679703600 165.23128650348997 289
1757679703705 165.21885931854231 290
1757679703809 165.20643307519157 291
1757679703916 165.19400777336645 292
1757679704016 165.18158341299556 293
1757679704119 165.16915999400766 294
1757679704229 165.15673751633133 295
1757679704331 165.14431597989528 296
1757679704434 165.1318953846282 297
1757679704539 165.1194757304588 298
1757679704637 165.10705701731567 299
1757679704739 165.09463924512764 300
1757679704841 165.08222241382333 301
1757679704942 165.06980652333147 302
1757679705045 165.05739157358082 303
1757679705146 165.04497756450002 304
1757679705250 165.03256449601787 305
1757679705344 165.02015236806304 306
1757679705445 165.00774118056432 307
1757679705550 164.99533093345045 308
1757679705651 164.98292162665012 309
1757679705755 164.9705132600921 310
1757679705861 164.9581058337052 311
1757679705964 164.94569934741816 312
1757679706065 164.93329380115972 313
1757679706168 164.92088919485866 314
1757679706272 164.9084855284438 315
1757679706395 164.89608280184387 316
1757679706498 164.88368101498773 317
1757679706602 164.87128016780412 318
1757679706705 164.85888026022187 319
1757679706808 164.84648129216976 320
1757679706911 164.8340832635766 321
1757679707016 164.82168617437125 322
1757679707120 164.8092900244825 323
1757679707221 164.79689481383915 324
1757679707319 164.78450054237013 325
1757679707417 164.77210721000415 326
1757679707526 164.7597148166702 327
1757679707632 164.74732336229698 328
1757679707736 164.73493284681348 329
1757679707839 164.72254327014846 330
1757679707940 164.71015463223083 331
1757679708042 164.69776693298948 332
1757679708148 164.6853801723533 333
1757679708252 164.67299435025103 334
1757679708352 164.6606094666117 335
1757679708456 164.6482255213642 336
1757679708560 164.6358425144374 337
1757679708665 164.62346044576017 338
1757679708766 164.61107931526146 339
1757679708870 164.5986991228702 340
1757679708971 164.58631986851526 341
1757679709078 164.57394155212555 342
1757679709177 164.56156417363007 343
1757679709282 164.54918773295773 344
1757679709380 164.53681223003747 345
1757679709482 164.52443766479823 346
1757679709586 164.51206403716898 347
1757679709691 164.49969134707865 348
1757679709794 164.4873195944562 349
1757679709894 164.47494877923066 350
1757679709996 164.46257890133094 351
1757679710107 164.45020996068604 352
1757679710214 164.43784195722495 353
1757679710316 164.42547489087661 354
1757679710419 164.4131087615701 355
1757679710524 164.40074356923438 356
1757679710624 164.38837931379842 357
1757679710727 164.37601599519132 358
1757679710830 164.36365361334202 359
1757679710934 164.35129216817958 360
1757679711035 164.338931659633 361
1757679711140 164.32657208763132 362
1757679711242 164.3142134521036 363
1757679711348 164.30185575297884 364
1757679711447 164.28949899018616 365
1757679711548 164.27714316365456 366
1757679711652 164.2647882733131 367
1757679711757 164.25243431909087 368
1757679711860 164.24008130091693 369
1757679711964 164.22772921872036 370
1757679712068 164.2153780724302 371
1757679712171 164.2030278619756 372
1757679712274 164.19067858728565 373
1757679712375 164.1783302482894 374
1757679712479 164.165982844916 375
1757679712583 164.15363637709447 376
1757679712686 164.14129084475402 377
1757679712791 164.12894624782376 378
1757679712895 164.11660258623283 379
1757679712998 164.10425985991026 380
1757679713097 164.09191806878528 381
1757679713201 164.07957721278697 382
1757679713305 164.0672372918445 383
1757679713408 164.05489830588704 384
1757679713509 164.0425602548437 385
1757679713610 164.03022313864372 386
1757679713713 164.01788695721618 387
1757679713816 164.0055517104903 388
1757679713923 163.99321739839527 389
1757679714028 163.98088402086026 390
1757679714132 163.96855157781442 391
1757679714266 163.956220069187 392
1757679714372 163.94388949490718 393
1757679714477 163.93155985490418 394
1757679714582 163.91923114910713 395
1757679714685 163.90690337744536 396
1757679714788 163.89457653984803 397
1757679714893 163.88225063624435 398
1757679714999 163.86992566656363 399
1757679715106 163.85760163073502 400
1757679715210 163.8452785286878 401
1757679715317 163.83295636035118 402
1757679715419 163.8206351256545 403
1757679715522 163.80831482452697 404
1757679715628 163.7959954568978 405
1757679715733 163.78367702269634 406
1757679715839 163.77135952185182 407
1757679715941 163.75904295429356 408
1757679716046 163.7467273199508 409
1757679716152 163.73441261875286 410
1757679716258 163.722098850629 411
1757679716362 163.70978601550857 412
1757679716470 163.69747411332085 413
1757679716574 163.68516314399517 414
1757679716679 163.6728531074608 415
1757679716785 163.66054400364715 416
1757679716888 163.6482358324834 417
1757679716994 163.63592859389908 418
1757679717097 163.6236222878234 419
1757679717206 163.6113169141857 420
1757679717311 163.59901247291538 421
1757679717414 163.58670896394176 422
1757679717520 163.57440638719424 423
1757679717631 163.56210474260214 424
1757679717739 163.5498040300949 425
1757679717846 163.5375042496018 426
1757679717952 163.5252054010523 427
1757679718061 163.51290748437572 428
1757679718167 163.5006104995015 429
1757679718276 163.48831444635906 430
1757679718381 163.47601932487777 431
1757679718486 163.463725134987 432
1757679718596 163.45143187661623 433
1757679718701 163.4391395496949 434
1757679718806 163.4268481541523 435
1757679718910 163.414557689918 436
1757679719034 163.40226815692134 437
1757679719140 163.38997955509186 438
1757679719246 163.37769188435888 439
1757679719354 163.365405144652 440
1757679719458 163.35311933590054 441
1757679719565 163.34083445803404 442
1757679719670 163.32855051098193 443
1757679719774 163.31626749467372 444
1757679719883 163.30398540903886 445
1757679719989 163.29170425400682 446
1757679720107 163.27942402950714 447
1757679720221 163.26714473546926 448
1757679720329 163.25486637182271 449
1757679720435 163.242588938497 450
1757679720542 163.23031243542158 451
1757679720650 163.21803686252608 452
1757679720756 163.20576221973988 453
1757679720859 163.19348850699265 454
1757679720966 163.18121572421379 455
1757679721077 163.16894387133294 456
1757679721183 163.15667294827958 457
1757679721291 163.14440295498326 458
1757679721397 163.13213389137354 459
1757679721501 163.11986575738004 460
1757679721604 163.10759855293225 461
1757679721709 163.09533227795976 462
1757679721814 163.08306693239211 463
1757679721918 163.07080251615895 464
1757679722024 163.0585390291898 465
1757679722129 163.0462764714143 466
1757679722235 163.03401484276202 467
1757679722345 163.02175414316255 468
1757679722449 163.0094943725455 469
1757679722556 162.99723553084053 470
1757679722662 162.9849776179772 471
1757679722768 162.97272063388516 472
1757679722874 162.96046457849403 473
1757679722980 162.94820945173342 474
1757679723088 162.93595525353297 475
1757679723191 162.92370198382238 476
1757679723297 162.91144964253124 477
1757679723401 162.89919822958925 478
1757679723507 162.886947744926 479
1757679723606 162.87469818847123 480
1757679723712 162.86244956015457 481
1757679723828 162.85020185990575 482
1757679723935 162.83795508765434 483
1757679724041 162.82570924333012 484
1757679724147 162.81346432686271 485
1757679724255 162.8012203381819 486
1757679724360 162.78897727721733 487
1757679724466 162.77673514389872 488
1757679724571 162.76449393815577 489
1757679724677 162.7522536599182 490
1757679724786 162.7400143091158 491
1757679724912 162.72777588567817 492
1757679725019 162.71553838953517 493
1757679725127 162.70330182061645 494
1757679725236 162.6910661788518 495
1757679725340 162.67883146417094 496
1757679725447 162.6665976765037 497
1757679725552 162.65436481577973 498
1757679725655 162.64213288192886 499
