1757652045286 3.503673270935231 0
1757652045399 0.04879249401871032 1
1757652045510 0.768574994430712 2
1757652045619 0.030082967507356687 3
1757652045728 0.08971149011216553 4
1757652045837 0.16464800560355267 5
1757652045952 0.6355276756892447 6
1757652046067 0.19458333619941243 7
1757652046176 0.07349255498086518 8
1757652046286 5.233595745132545 9
1757652046397 0.848291471952671 10
1757652046507 0.724036995621603 11
1757652046615 0.5700758468859763 12
1757652046727 0.25924994847026245 13
1757652046837 0.0523789928067557 14
1757652046948 0.2901209381859149 15
1757652047056 1.6849373304361427e-07 16
1757652047166 0.5675191809822161 17
1757652047278 0.03363956010252823 18
1757652047388 0.1807597981126882 19
1757652047497 0.4391077789178562 20
1757652047606 1.289682729308746 21
1757652047715 0.009377162019327527 22
1757652047824 0.35007715598935196 23
1757652047932 0.1521374539116649 24
1757652048041 2.6424038640334357 25
1757652048150 2.641270479725223 26
1757652048258 0.2789600647587659 27
1757652048367 0.38951916975288864 28
1757652048478 0.4657503141647094 29
1757652048587 1.1233226443096929 30
1757652048696 4.461244564237847 31
1757652048807 0.3142155466132609 32
1757652048917 0.862639840739634 33
1757652049024 0.32449485737387 34
1757652049134 2.834538060930353 35
1757652049242 0.24245814668524127 36
1757652049351 3.220256145174464 37
1757652049463 2.266952242890468 38
1757652049573 0.1399466169251139 39
1757652049682 7.702603305791138e-05 40
1757652049792 0.034264160567967876 41
1757652049901 0.15767504368989535 42
1757652050009 0.00032483471713479385 43
1757652050118 0.8405382625033653 44
1757652050226 1.3233778108839704 45
1757652050336 3.2197507600639605 46
1757652050446 3.43120875062628 47
1757652050557 1.6231343791948816 48
1757652050668 0.14619324323351846 49
1757652050777 2.6572974937807095 50
1757652050886 0.1751405976788443 51
1757652050997 25.979806267857487 52
1757652051107 0.25131692403656153 53
1757652051217 3.84984313978272 54
1757652051328 0.3201438518949382 55
1757652051438 6.426169681723135 56
1757652051548 1.0912261687995817 57
1757652051658 0.04856236915603353 58
1757652051769 1.1696034209197463 59
1757652051878 9.805737008453747 60
1757652051990 0.36195518203564214 61
1757652052101 1.994548435761587 62
1757652052212 6.310987422204428 63
1757652052322 5.234194613495622 64
1757652052430 1.4280797989584146 65
1757652052539 0.5186755727828095 66
1757652052651 8.035029341437872 67
1757652052761 0.12283559205714117 68
1757652052871 0.8573870907326666 69
1757652052981 1.2879427304851732 70
1757652053090 0.03626686059232623 71
1757652053198 0.023504649011079737 72
1757652053309 0.5395799950337442 73
1757652053419 0.5061535997315746 74
1757652053529 10.905841233684972 75
1757652053639 0.5033653113699531 76
1757652053747 0.688039750358903 77
1757652053856 0.3437671535609881 78
1757652053966 8.113446859759547 79
1757652054073 1.7396468926719086 80
1757652054181 4.387068930203097 81
1757652054290 1.318656374373821 82
1757652054398 0.23396700178989688 83
1757652054510 5.488028495615307 84
1757652054620 7.694916545469958 85
1757652054729 16.12205046951342 86
1757652054839 0.5678712929555337 87
1757652054948 0.06260809837099564 88
1757652055057 0.2777273600727709 89
1757652055168 2.297249184169765 90
1757652055276 1.171583043637138 91
1757652055385 0.5963148633818248 92
1757652055494 0.16045072078666495 93
1757652055603 2.947916103148393 94
1757652055712 0.10649828166800845 95
1757652055823 2.854463489944575 96
1757652055934 0.32235659738681616 97
1757652056045 1.7588560208964896 98
1757652056154 0.3287601682037698 99
1757652056265 0.2594121239003725 100
1757652056376 1.569923692036788 101
1757652056486 0.17028249771878542 102
1757652056596 0.24920294185905936 103
1757652056707 0.7854536283866684 104
1757652056817 3.5893197772714545 105
1757652056929 0.03852748522176944 106
1757652057039 0.8491067184955918 107
1757652057151 0.8712839170323027 108
1757652057263 0.114884814365635 109
1757652057375 5.8773166446066165 110
1757652057488 0.15741255693756684 111
1757652057601 0.23268672597082626 112
1757652057713 2.104704944112143 113
1757652057826 0.4928573437677968 114
1757652057944 1.3833794565445063 115
1757652058080 1.2966725707029307 116
1757652058194 5.385014148564578 117
1757652058310 0.6098448106502481 118
1757652058424 0.5798021970548082 119
1757652058543 0.9834598294835809 120
1757652058654 0.0015915576939446432 121
1757652058766 0.6036836710414882 122
1757652058877 7.789603441131409 123
1757652058989 1.3925091665798328 124
1757652059098 3.3304660346335733 125
1757652059209 1.1140079768004005 126
1757652059320 0.1970622923672894 127
1757652059431 0.38276742301708827 128
1757652059542 1.2887829294572446 129
1757652059654 0.4197577125424307 130
1757652059765 0.18139794897451447 131
1757652059877 0.08920385663184192 132
1757652059988 0.17343817093096306 133
1757652060098 0.39579105614727805 134
1757652060215 1.4162794860182915 135
1757652060326 0.8994508453698833 136
1757652060438 0.5622767085091789 137
1757652060550 0.41240603628864875 138
