1757587844419 163.6956238153106 0
1757587844486 234.9148561917482 1
1757587844554 2849.173545668818 2
1757587844616 86127.25582024569 3
1757587844678 2743165.925035544 4
1757587844741 87491000.68158275 5
1757587844805 2790641004.8822126 6
1757587844862 89011153103.29414 7
1757587844919 2839128014563.496 8
1757587844985 90557727789532.72 9
1757587845050 2888458016425516.5 10
1757587845117 9.21311732914829e+16 11
1757587845181 2.9386451330898355e+18 12
1757587845244 9.37319574875608e+19 13
1757587845302 2.9897042536777704e+21 14
1757587845362 9.536055539697313e+22 15
1757587845424 3.0416505292898505e+24 16
1757587845490 9.701745028451204e+25 17
1757587845556 3.0944993742937833e+27 18
1757587845620 9.870313381172494e+28 19
1757587845680 3.148266470882262e+30 20
1757587845736 1.0041810618280523e+32 21
1757587845796 3.2029677737270226e+33 22
1757587845862 1.0216287629302642e+35 23
1757587845924 3.258619514713124e+36 24
1757587845992 1.0393796187974025e+38 25
1757587846060 3.315238207755413e+39 26
1757587846123 1.0574388967601799e+41 27
1757587846187 3.3728406536990344e+42 28
1757587846251 1.0758119556694298e+44 29
1757587846311 3.431443945304609e+45 30
1757587846371 1.0945042474863371e+47 31
1757587846439 3.491065472320542e+48 32
1757587846500 1.1135213189002083e+50 33
1757587846565 3.551722926642975e+51 34
1757587846630 1.1328688129743728e+53 35
1757587846694 3.613434307565763e+54 36
1757587846758 1.1525524708206996e+56 37
1757587846823 3.676217927121473e+57 38
1757587846884 1.172578133303209e+59 39
1757587846949 3.740092415515258e+60 40
1757587847013 1.1929517427712022e+62 41
1757587847075 3.805076726653042e+63 42
1757587847138 1.213679344822693e+65 43
1757587847203 3.8711901437659745e+66 44
1757587847270 1.2347670900982734e+68 45
1757587847334 3.938452285132504e+69 46
1757587847401 1.2562212361062245e+71 47
1757587847463 4.0068831098995176e+72 48
1757587847528 1.2780481490793994e+74 49
1757587847593 4.0765029240053034e+75 50
1757587847653 1.3002543058642888e+77 51
1757587847719 4.147332386204908e+78 52
1757587847783 1.3228462958429463e+80 53
1757587847851 4.219392514200403e+81 54
1757587847920 1.3458308228883005e+83 55
1757587847987 4.292704690877641e+84 56
1757587848055 1.369214707353469e+86 57
1757587848121 4.367290670651157e+87 58
1757587848182 1.3930048880955288e+89 59
1757587848247 4.4431725859197615e+90 60
1757587848311 1.4172084245346294e+92 61
1757587848377 4.520372953633875e+93 62
1757587848443 1.4418324987486947e+95 63
1757587848509 4.598914681977075e+96 64
1757587848575 1.4668844176046544e+98 65
1757587848640 4.678821077164019e+99 66
1757587848704 1.492371614926673e+101 67
1757587848772 4.760115850356046e+102 68
1757587848836 1.5183016537020026e+104 69
1757587848899 4.842823124697295e+105 70
1757587848964 1.5446822283252217e+107 71
1757587849030 4.926967442472748e+108 72
1757587849095 1.5715211668814253e+110 73
1757587849159 5.012573772391049e+111 74
1757587849226 1.598826433469129e+113 75
1757587849297 5.099667516993494e+114 76
1757587849370 1.6266061305634944e+116 77
1757587849435 5.188274520191831e+117 78
1757587849503 1.654868501420614e+119 79
1757587849568 5.27842107493731e+120 80
1757587849636 1.6836219325236228e+122 81
1757587849700 5.370133931022641e+123 82
1757587849763 1.7128749560712972e+125 83
1757587849829 5.46344030301966e+126 84
1757587849892 1.7426362525097956e+128 85
1757587849956 5.558367878354819e+129 86
1757587850020 1.7729146531084918e+131 87
1757587850087 5.6549448255251376e+132 88
1757587850151 1.803719142580575e+134 89
1757587850216 5.753199802456892e+135 90
1757587850279 1.835058861749128e+137 91
1757587850345 5.8531619650093497e+138 92
1757587850414 1.8669431102595127e+140 93
1757587850480 5.95486097562636e+141 94
1757587850544 1.8993813493389426e+143 95
1757587850608 6.058327012138448e+144 96
1757587850669 1.9323832046039977e+146 97
1757587850735 6.163590776717671e+147 98
1757587850799 1.965958468916855e+149 99
1757587850862 6.270683504987929e+150 100
1757587850923 2.0001171052912273e+152 101
1757587850990 6.379636975293743e+153 102
1757587851058 2.0348692498487044e+155 103
1757587851125 6.490483518130241e+156 104
1757587851185 2.070225214826577e+158 105
1757587851250 6.603256025736592e+159 106
1757587851315 2.1061954916378122e+161 107
1757587851378 6.7179879618563795e+162 108
1757587851441 2.1427907539842048e+164 109
1757587851508 6.834713371667661e+165 110
1757587851578 2.1800218610238303e+167 111
1757587851641 6.953466891885486e+168 112
1757587851707 2.2178998605931287e+170 113
1757587851770 7.074283761039358e+171 114
1757587851837 2.2564359924853166e+173 115
1757587851907 7.197199829930415e+174 116
1757587851974 2.295641691785669e+176 117
1757587852041 7.322251572269491e+177 118
1757587852103 2.3355285922646476e+179 119
1757587852167 7.449476095499765e+180 120
1757587852227 2.3761085298301677e+182 121
1757587852287 7.578911151808876e+183 122
1757587852346 2.4173935460396678e+185 123
1757587852415 7.710595149330297e+186 124
1757587852485 2.4593958916733282e+188 125
1757587852554 7.844567163541289e+189 126
1757587852621 2.5021280303693066e+191 127
1757587852686 7.980866948857331e+192 128
1757587852752 2.5456026423221103e+194 129
1757587852817 8.119534950429418e+195 130
1757587852886 2.5898326280454077e+197 131
1757587852951 8.260612316144829e+198 132
1757587853013 2.6348311121998487e+200 133
1757587853072 8.404140908837931e+201 134
1757587853138 2.6806114474879325e+203 135
1757587853207 8.550163318712149e+204 136
1757587853272 2.7271872186160747e+206 137
1757587853335 8.698722875978002e+207 138
1757587853398 2.7745722463256804e+209 139
1757587853464 8.849863663710723e+210 140
1757587853531 2.8227805914942513e+212 141
1757587853598 9.003630530931466e+213 142
1757587853667 2.8718265593079137e+215 143
1757587853733 9.160069105915565e+216 144
1757587853798 2.9217247035061013e+218 145
1757587853869 9.319225809732121e+219 146
1757587853936 2.9724898307003067e+221 147
1757587854002 9.481147870018919e+222 148
1757587854068 3.024137004767698e+224 149
1757587854131 9.645883334996543e+225 150
1757587854195 3.0766815513211538e+227 151
1757587854259 9.813481087725988e+228 152
1757587854325 3.130139062256897e+230 153
1757587854396 9.983990860614038e+231 154
1757587854464 3.18452540038119e+233 155
1757587854532 1.0157463250170989e+235 156
1757587854597 3.2398567041174747e+236 157
1757587854663 1.033394973202413e+238 158
1757587854730 3.296149392295152e+239 159
1757587854796 1.0513502676192787e+241 160
1757587854865 3.3534201690217167e+242 161
1757587854930 1.069617536262803e+244 162
1757587854990 3.411686028639411e+245 163
1757587855054 1.0882021997022994e+247 164
1757587855120 3.4709642607681154e+248 165
1757587855186 1.1071097726897983e+250 166
1757587855257 3.531272455435792e+251 167
1757587855321 1.1263458657964112e+253 168
1757587855386 3.5926285082981367e+254 169
1757587855451 1.1459161870772593e+256 170
1757587855517 3.6550506259488605e+257 171
1757587855579 1.1658265437652336e+259 172
1757587855641 3.7185573313221686e+260 173
1757587855705 1.1860828439941726e+262 174
1757587855773 3.783167469189281e+263 175
1757587855841 1.2066910985521619e+265 176
1757587855912 3.848900211750479e+266 177
1757587855991 1.2276574226649602e+268 178
1757587856056 3.9157750643239545e+269 179
1757587856116 1.2489880378107642e+271 180
1757587856182 3.983811871133889e+272 181
1757587856252 1.27068927356627e+274 182
1757587856320 4.053030821198924e+275 183
1757587856389 1.2927675694849327e+277 184
1757587856455 4.123452454323097e+278 185
1757587856520 1.3152294770077992e+280 186
1757587856585 4.195097667190591e+281 187
1757587856652 1.3380816614075649e+283 188
1757587856723 4.2679877195666586e+284 189
1757587856793 1.3613309037663935e+286 190
1757587856859 4.342144240606158e+287 191
1757587856921 1.3849841029881262e+289 192
1757587856992 4.4175892352715885e+290 193
1757587857064 1.4090482778454495e+292 194
1757587857130 4.494345090863053e+293 195
1757587857201 1.433530569062607e+295 196
1757587857268 4.572434583661069e+296 197
1757587857337 1.4584382414342994e+298 198
1757587857408 4.6518808856853845e+299 199
1757587857476 1.4837786859814657e+301 200
1757587857541 4.732707571570847e+302 201
1757587857612 1.5095594221444366e+304 202
1757587857682 inf 203
1757587857750 inf 204
