1757441433379 0.2533636717273163 0
1757441433474 39.18515887488576 1
1757441433573 19.324615707096502 2
1757441433677 18.01462018370238 3
1757441433778 0.788340620046563 4
1757441433871 0.7805842714452329 5
1757441433966 25.924141357420847 6
1757441434064 1.7895944305063753 7
1757441434164 4.358688036718573 8
1757441434264 0.2592954742189525 9
1757441434362 0.0007958780273670298 10
1757441434459 0.37145970795063193 11
1757441434557 64.0602763240057 12
1757441434661 0.9887404625025826 13
1757441434765 1.0047528410424602 14
1757441434866 53.745765235873414 15
1757441434966 6.3444060494279695 16
1757441435068 1.5849983245351689 17
1757441435167 1.5656640157756025 18
1757441435269 2.5533269020465217 19
1757441435368 0.3169606358599297 20
1757441435468 0.05414668753826794 21
1757441435570 1.5978662904363614 22
1757441435673 59.218276996332186 23
1757441435773 4.582714272563605 24
1757441435873 27.90765248969393 25
1757441435974 9.574528220776282 26
1757441436074 0.03603599036471939 27
1757441436177 3.7774456876042937 28
1757441436279 27.43905866202779 29
1757441436382 15.816853184351723 30
1757441436479 7.1487692668677605 31
1757441436578 18.325559554099822 32
1757441436679 6.175565675229074 33
1757441436779 6.022350743518183 34
1757441436879 2.6900597519669835 35
1757441436980 10.986161260537664 36
1757441437080 40.495916498869725 37
1757441437179 2.4900444384501577 38
1757441437281 12.295198843453557 39
1757441437380 45.394676959441725 40
1757441437479 8.200230064008869 41
1757441437575 0.008535541770126368 42
1757441437672 20.13917229262999 43
1757441437771 20.324940494573944 44
1757441437871 38.218081412890676 45
1757441437971 4.565912744219916 46
1757441438072 60.14968743249027 47
1757441438172 3.893950385674283 48
1757441438274 0.25855900855126457 49
1757441438377 0.01436202053564763 50
1757441438477 26.77750019029663 51
1757441438581 1.0214886109879564 52
1757441438685 33.72631010494388 53
1757441438790 0.16176236423778373 54
1757441438899 5.073279846649089 55
1757441439001 56.72263571709246 56
1757441439102 0.03429953372005579 57
1757441439204 0.04134671307669184 58
1757441439307 20.358323201481337 59
1757441439411 0.16823678325744448 60
1757441439513 11.342283548404152 61
1757441439618 10.478612187112718 62
1757441439714 0.08060433747729782 63
1757441439809 8.748040378179605 64
1757441439905 15.376451113506205 65
1757441440003 8.51678968861992 66
1757441440105 9.466174690217844 67
1757441440207 41.88347882410832 68
1757441440306 0.21251348019942495 69
1757441440406 23.616575628347864 70
1757441440506 0.03360827605791734 71
1757441440605 5.155381654153132 72
1757441440704 11.368411184048123 73
1757441440807 18.633239086778854 74
1757441440907 6.326013305843499 75
1757441441009 9.577802993467811 76
1757441441112 0.8484982309385557 77
1757441441213 1.131777480829134 78
1757441441317 18.08712143412006 79
1757441441422 29.522544805289144 80
1757441441522 73.21076688225712 81
1757441441626 15.305299617220122 82
1757441441733 32.56355987857829 83
1757441441837 3.5168469026531666 84
1757441441940 4.234812244338198 85
1757441442045 10.317362729914237 86
1757441442148 3.98204974797945 87
1757441442250 64.13142181557303 88
1757441442352 4.958072152498176 89
1757441442455 4.636128693383825 90
1757441442556 1.4317644978133615 91
1757441442659 59.17262033322137 92
1757441442760 0.33184136250425017 93
1757441442860 38.24121955407004 94
1757441442961 0.7023766327686274 95
1757441443064 54.867208856453765 96
1757441443167 34.78741319392774 97
1757441443268 6.828658522841721 98
1757441443373 37.00987139257183 99
1757441443477 56.999343713709834 100
1757441443579 0.01814052825231658 101
1757441443681 3.663722405843248 102
1757441443789 2.6636797038768227 103
1757441443885 1.5014736317798159 104
1757441443984 45.928564345533424 105
1757441444084 5.165105529201998 106
1757441444187 126.63013851480436 107
1757441444291 2.5763221977796107 108
1757441444396 2.2986550889140456 109
1757441444500 1.7285284116812194 110
1757441444605 5.719234241142202 111
1757441444709 9.056783159104048 112
1757441444814 0.031466672731331434 113
1757441444920 46.203497942137915 114
1757441445022 25.104076427212924 115
1757441445125 0.7316731574316409 116
1757441445228 35.626295657734495 117
1757441445333 3.766594921665701 118
1757441445436 37.166945729576746 119
1757441445539 0.010368176829108317 120
1757441445645 54.01793926048892 121
1757441445747 18.022856906049547 122
1757441445850 1.9273724304637445 123
1757441445951 5.14377302379838 124
1757441446052 45.457893317596564 125
1757441446153 31.263557337428256 126
1757441446255 8.840539178793495 127
1757441446355 6.818487717322055 128
1757441446455 0.9858074673665029 129
1757441446553 13.613970333479735 130
1757441446651 18.46380680378952 131
1757441446752 0.19806839184854227 132
1757441446855 7.29902630062717 133
1757441446957 10.521915373082544 134
1757441447055 3.7710805684989532 135
1757441447157 47.932751744433524 136
1757441447262 51.72569411195775 137
1757441447364 1.296830249116151 138
1757441447467 3.968485437622051 139
1757441447570 5.805697167675111 140
1757441447673 0.00011091173042352343 141
1757441447774 23.99714366240585 142
1757441447877 51.8250860083194 143
1757441447982 9.921358427477893 144
1757441448086 32.40604068609562 145
1757441448188 2.0466926728555612 146
1757441448292 5.235870278159151 147
1757441448392 41.428001312979234 148
1757441448494 38.20457205835026 149
1757441448594 14.240669321022457 150
1757441448695 18.5481850263306 151
1757441448798 9.183014385385338 152
1757441448900 16.018010061583986 153
1757441449004 8.494356421075592 154
1757441449106 3.758244660942802 155
1757441449209 0.577936438745195 156
1757441449309 6.271582456048034 157
1757441449411 1.1957732398450156 158
1757441449513 1.2545979113403203 159
1757441449615 2.7695900912483515 160
1757441449716 36.91934180297996 161
1757441449817 22.950346296670677 162
1757441449919 1.5833533572359755 163
1757441450023 20.72630014782283 164
1757441450130 11.098409102783238 165
1757441450232 1.5859767526714377 166
1757441450335 13.071044188739446 167
1757441450437 1.616396682399718 168
1757441450542 10.02747936411383 169
1757441450647 0.19080802767205335 170
1757441450751 0.16984820506998877 171
1757441450852 0.029779495960806975 172
1757441450952 12.534145817621797 173
1757441451061 43.24217816394799 174
1757441451165 13.54491707553666 175
1757441451270 1.541222412097712 176
1757441451372 2.611978936043807 177
1757441451475 37.65960137381141 178
1757441451579 23.008343170991676 179
1757441451681 1.209425953046977 180
1757441451784 2.4967663732557654 181
1757441451889 37.1801116830424 182
1757441451992 11.254949877784384 183
1757441452095 8.873028730035877 184
1757441452198 13.413523901451072 185
1757441452304 44.04580026502051 186
1757441452407 44.97800237526937 187
1757441452511 19.306959539984682 188
1757441452613 1.5396980316611217 189
1757441452715 30.960341668267425 190
1757441452817 0.7030991148642203 191
1757441452921 1.2251125802610798 192
1757441453023 0.19888700345209603 193
1757441453124 0.1727533647926511 194
1757441453227 0.16433497416274837 195
1757441453332 1.1912023454185552 196
1757441453440 47.33937088058002 197
1757441453544 6.071634648169681 198
1757441453648 4.410357220573951 199
1757441453756 0.9634956752756025 200
1757441453872 1.961367755224348 201
1757441453976 30.866499635024084 202
1757441454078 1.7107245039858954 203
1757441454180 0.0006915132946960027 204
1757441454282 14.55415036237119 205
1757441454385 5.179522980883128 206
1757441454488 0.22676688323868865 207
1757441454590 60.43993543981783 208
1757441454692 0.08904214419853862 209
1757441454799 1.8582368836588308 210
1757441454902 5.581675725547577 211
1757441455008 16.096057834936953 212
1757441455110 4.6489772331051205 213
1757441455213 25.245008668049504 214
1757441455316 1.313769645008108 215
1757441455418 12.728838042056022 216
1757441455521 11.890353574266024 217
1757441455624 0.25349955234674887 218
1757441455728 0.11119584009266478 219
1757441455834 0.010054462170933932 220
1757441455938 34.58589481344458 221
1757441456043 1.388794978269985 222
1757441456149 23.110750287339737 223
1757441456254 12.315675853763826 224
1757441456359 89.07410800584552 225
1757441456462 7.227970303633049 226
1757441456565 31.33968444257293 227
1757441456669 0.6529439260077388 228
1757441456775 0.01111041858267728 229
1757441456878 76.08439549308216 230
1757441456983 7.892912527362787 231
1757441457089 33.98012275427084 232
1757441457194 14.852149954367627 233
1757441457298 0.15877179009697315 234
1757441457402 4.1014292437517454 235
1757441457505 21.306501168129586 236
1757441457614 0.0089395733199732 237
1757441457717 1.3008858939635155 238
1757441457822 77.30418427405857 239
1757441457926 1.2803590087452024 240
1757441458030 6.032577280577017 241
1757441458132 5.210531285105801 242
1757441458235 1.5980494479816152 243
1757441458338 86.7870195288656 244
1757441458444 1.2375061970876122 245
1757441458561 3.1973955093490547 246
1757441458661 15.386571719814023 247
1757441458766 0.6390445614944699 248
1757441458871 75.54809818310653 249
1757441458977 5.04215534695977 250
1757441459083 27.99819227108686 251
1757441459188 15.248503113259028 252
1757441459292 51.12962077408283 253
1757441459399 4.517243530225866 254
1757441459505 2.677837725503181 255
1757441459614 22.531209525092603 256
1757441459717 0.990442410327624 257
1757441459819 32.70412673398326 258
1757441459925 2.0175178603786406 259
1757441460027 34.595471157113415 260
1757441460131 31.002548448914006 261
1757441460235 15.875130513988406 262
1757441460341 64.97321691535325 263
1757441460446 34.749026935580844 264
1757441460552 0.011217544999673947 265
1757441460656 22.887106984731265 266
1757441460762 18.16300599846577 267
1757441460869 7.807442594733497 268
1757441460976 24.923154648842157 269
1757441461081 3.304748422351161 270
1757441461186 7.149927064214803 271
1757441461291 0.016308514955573217 272
1757441461398 22.796024403820955 273
1757441461504 19.345876420846857 274
1757441461609 4.5700859321183716 275
1757441461715 7.810997496228074 276
1757441461821 1.3266121198811505 277
1757441461926 1.617457499620893 278
1757441462031 1.0888617407999521 279
1757441462136 18.34963371296427 280
1757441462241 0.8069827561914142 281
1757441462346 1.568468415807233 282
1757441462450 6.4791303964832645 283
1757441462554 48.67524746613463 284
1757441462657 3.770501556743838 285
1757441462760 0.05316481277230866 286
1757441462867 23.333020562459385 287
1757441462972 0.12090154294966576 288
1757441463080 0.014159307484448075 289
1757441463184 3.570413173094971 290
1757441463290 29.799135997373494 291
1757441463394 33.518313050942055 292
1757441463499 0.24309298859636108 293
1757441463605 7.874484992793268 294
1757441463711 5.344920417403528 295
1757441463823 7.084911489683166 296
1757441463928 21.945509299702376 297
1757441464029 29.603184706865783 298
1757441464129 21.69036984017884 299
1757441464234 20.374995952344836 300
1757441464337 0.21596143724345226 301
1757441464443 16.3721852383856 302
1757441464549 0.3346060111065703 303
1757441464651 4.264706182126027 304
1757441464752 2.2914371401602316 305
1757441464857 59.26987701782745 306
1757441464963 6.04151047111225 307
1757441465065 61.90934653722952 308
1757441465170 12.20169868451894 309
1757441465277 52.673879845548136 310
1757441465382 9.5583730650833 311
1757441465486 51.968994431577066 312
1757441465591 1.8574102623991549 313
1757441465695 14.609818774783314 314
1757441465801 95.2051159796908 315
1757441465907 2.9991577442239783 316
1757441466014 0.5663483067503762 317
1757441466120 9.85125123074802 318
1757441466228 0.05665099098462884 319
1757441466335 61.860588460572764 320
1757441466441 0.46205781362786835 321
1757441466542 0.31642225167068105 322
1757441466646 4.20885614822483 323
1757441466748 24.33480318669907 324
1757441466850 41.35757244711049 325
1757441466954 6.765946611234131 326
1757441467059 21.632016373551867 327
1757441467163 0.005273776429589639 328
1757441467268 40.505122864193794 329
1757441467372 19.13672776809917 330
1757441467474 3.2190304596668953 331
1757441467576 0.16577562522974754 332
1757441467677 6.559716076852503 333
1757441467779 0.9494314903937042 334
1757441467884 21.8699932877671 335
1757441467988 1.0852288894879984 336
1757441468094 2.506887163721905 337
1757441468200 9.143063654323777 338
1757441468305 2.254952976376245 339
1757441468412 23.406839435854792 340
1757441468519 52.89725265554093 341
1757441468624 0.1862780631833225 342
1757441468732 21.97132547279579 343
1757441468838 43.453819042527336 344
1757441468946 24.33787019263214 345
1757441469055 21.710188301205704 346
1757441469163 4.568291177273157 347
1757441469270 3.1822008040632253 348
1757441469375 23.38243437377977 349
1757441469480 4.4266282595683135 350
1757441469586 103.5246150459873 351
1757441469689 11.093257427240667 352
1757441469794 38.88168057224444 353
1757441469900 4.876087803632475 354
1757441470004 1.6559831007894772 355
1757441470110 6.336737583317448 356
1757441470214 27.736503797993468 357
1757441470325 27.73267697617452 358
1757441470429 4.598733719258892 359
1757441470538 24.183595282095844 360
1757441470644 47.5088779087494 361
1757441470751 7.487391517191624 362
1757441470860 18.497945290052243 363
1757441470968 13.25998788801099 364
1757441471074 38.849593034323384 365
1757441471181 38.59370886964205 366
1757441471286 4.536187955892898 367
1757441471391 20.43998393647371 368
1757441471496 29.18495019147541 369
1757441471604 0.00011791641779753936 370
1757441471711 41.28463873505544 371
1757441471817 12.656997236975597 372
1757441471923 0.00406492523498504 373
1757441472028 0.5910803062279237 374
1757441472140 8.11178908819688 375
1757441472250 81.25178921290728 376
1757441472366 5.157625562872284 377
1757441472477 20.327962457605917 378
1757441472585 25.998259714772693 379
1757441472693 4.009257486008967 380
1757441472796 22.04552422762469 381
1757441472902 10.685690090167784 382
1757441473007 7.877495088641139 383
1757441473111 0.02922250661554236 384
1757441473216 7.904656274307856 385
1757441473322 1.8061137343654947 386
1757441473431 67.18985379723182 387
1757441473537 4.453164338376691 388
1757441473643 16.044470393787915 389
1757441473749 4.988055074089484 390
1757441473857 14.33638245310273 391
1757441473963 0.18125900250715726 392
1757441474071 1.5044312616790332 393
1757441474176 100.13372960082712 394
1757441474285 78.9801976014511 395
1757441474393 78.81595965740671 396
1757441474501 0.08243417689000698 397
1757441474609 19.022126090453057 398
1757441474717 0.19091798486106407 399
1757441474826 22.266101609487905 400
1757441474931 23.984121995565314 401
