1757676232478 161.46203482759506 0
1757676232620 164.62303588441839 1
1757676232742 149.19250745666756 2
1757676232850 159.0119231938214 3
1757676232948 155.870342088269 4
1757676233052 161.22701079669096 5
1757676233149 153.3084489663724 6
1757676233247 140.61839728649718 7
1757676233344 148.4807804436393 8
1757676233442 143.03996245944404 9
1757676233549 139.57572101267843 10
1757676233632 139.23135250113887 11
1757676233723 134.84681129615453 12
1757676233825 136.7744130022733 13
1757676233928 138.72777743169604 14
1757676234031 129.41922915060408 15
1757676234130 135.23456880633063 16
1757676234217 125.2936844139254 17
1757676234319 125.20428104109251 18
1757676234417 129.70831491772213 19
1757676234518 119.35072709027197 20
1757676234617 127.83993356057134 21
1757676234715 115.68229227380056 22
1757676234815 120.51454816768214 23
1757676234912 116.64144427868952 24
1757676235011 113.8797790819582 25
1757676235111 110.64057617480282 26
1757676235210 118.6280364847055 27
1757676235307 108.09524103852848 28
1757676235403 104.35518010557037 29
1757676235500 105.93469935321545 30
1757676235594 106.29721471560558 31
1757676235683 105.490592133495 32
1757676235787 105.9360460872164 33
1757676235882 101.19397538211774 34
1757676235979 98.80467460334103 35
1757676236080 96.43872504195828 36
1757676236180 97.03430188192542 37
1757676236271 90.69465233728219 38
1757676236375 92.03720278720556 39
1757676236481 93.1273925098181 40
1757676236580 88.92914670237954 41
1757676236697 94.7200238052965 42
1757676236795 88.33770066881596 43
1757676236892 87.22144183111526 44
1757676236992 86.50153771226479 45
1757676237088 87.54559099406812 46
1757676237188 81.59886818922661 47
1757676237285 81.72327610851676 48
1757676237383 78.19322857491329 49
1757676237480 80.58210325459737 50
1757676237578 76.68013390514352 51
1757676237677 77.0604994682119 52
1757676237778 75.17873199452585 53
1757676237877 76.93771176164591 54
1757676237975 68.62587728445101 55
1757676238071 69.35903621763471 56
1757676238171 68.3684397232542 57
1757676238262 71.3021590085326 58
1757676238363 70.47638935331798 59
1757676238462 72.26289073146185 60
1757676238559 67.78782739933867 61
1757676238656 67.34737439898258 62
1757676238755 69.27237112071336 63
1757676238858 68.92567269934669 64
1757676238950 66.93065429716708 65
1757676239048 60.78905133784584 66
1757676239152 63.2844102192597 67
1757676239266 61.958729909778356 68
1757676239371 61.22239118462659 69
1757676239474 59.5507210637654 70
1757676239569 59.72656049030286 71
1757676239669 58.358677298769976 72
1757676239770 56.397265605551624 73
1757676239868 57.19572091050749 74
1757676239971 57.015487542472826 75
1757676240066 52.61613376582606 76
1757676240162 52.3581329375598 77
1757676240255 52.96086573943131 78
1757676240355 54.1921401462435 79
1757676240459 51.88753633808758 80
1757676240555 50.89648255559784 81
1757676240653 50.71582691406499 82
1757676240751 49.215281667045836 83
1757676240851 47.34212800612244 84
1757676240950 49.50320133423517 85
1757676241046 46.22873670773375 86
1757676241149 45.932699236452585 87
1757676241242 44.7008985179299 88
1757676241343 42.80713424523536 89
1757676241442 43.4584259946469 90
1757676241539 40.26997391976119 91
1757676241639 45.928112300611716 92
1757676241736 41.87747549885166 93
1757676241831 42.303908941480955 94
1757676241932 45.01928429016709 95
1757676242030 40.693263401141664 96
1757676242127 39.66503775581266 97
1757676242224 37.466906855493505 98
1757676242313 39.34175368055821 99
1757676242411 38.469010222184174 100
1757676242514 39.1170775270972 101
1757676242620 37.5739784484515 102
1757676242721 36.30510205661743 103
1757676242820 37.327285909130175 104
1757676242919 36.42923481437497 105
1757676243022 35.809764965192926 106
1757676243118 37.00513596432958 107
1757676243218 37.229003959117264 108
1757676243315 34.21741488565476 109
1757676243414 33.24987904458553 110
1757676243513 33.466528972932295 111
1757676243608 33.80636411987496 112
1757676243709 33.95491288327449 113
1757676243807 30.211083675725742 114
1757676243912 31.11272495894497 115
1757676244011 30.102049337477318 116
1757676244112 29.297317376814224 117
1757676244210 30.27924437152064 118
1757676244305 27.844195448857796 119
1757676244405 29.137161241766854 120
1757676244504 29.403906978977346 121
1757676244601 26.217062133338466 122
1757676244700 31.118813104139896 123
1757676244792 28.823743592870255 124
1757676244891 27.730295852827112 125
1757676244988 26.899309348190968 126
1757676245089 27.648054070144074 127
1757676245187 22.998656790117355 128
1757676245289 28.07502525391253 129
1757676245385 25.471971994426248 130
1757676245480 23.96986086249604 131
1757676245578 27.022737061018237 132
1757676245679 24.65485437899123 133
1757676245777 24.692386619197087 134
1757676245875 25.664644543789233 135
1757676245976 23.896991001922324 136
1757676246075 23.56873499777244 137
1757676246173 22.01207214019444 138
1757676246271 24.811638968799326 139
1757676246364 22.248131416657436 140
1757676246462 20.92170048624715 141
1757676246566 21.75093897590157 142
1757676246688 20.29184696710944 143
1757676246793 20.299630564551997 144
1757676246893 18.446873947413184 145
1757676246992 20.45395485086372 146
1757676247091 21.22796054805808 147
1757676247194 17.396405679011586 148
1757676247293 19.549496059581358 149
1757676247390 18.405845884242908 150
1757676247490 17.251584369087766 151
1757676247592 20.091435994166762 152
1757676247694 16.852730025170153 153
1757676247793 19.200815657858747 154
1757676247891 16.00692290306247 155
1757676247994 16.611430289356093 156
1757676248096 18.410282109070835 157
1757676248194 16.46173242542169 158
1757676248291 15.627069395823899 159
1757676248386 16.37479309712612 160
1757676248488 16.621173407904692 161
1757676248589 16.873212843428043 162
1757676248693 14.548904740522003 163
1757676248792 15.149240577078466 164
1757676248889 15.725110956471699 165
1757676248991 14.228936708348371 166
1757676249089 14.426676910113471 167
1757676249201 13.076209173385342 168
1757676249308 16.490323163319033 169
1757676249412 17.054546125096646 170
1757676249519 13.298455217101647 171
1757676249620 12.186479076538863 172
1757676249720 14.001663036830731 173
1757676249825 14.4197731024089 174
1757676249921 12.825916183758487 175
1757676250026 13.309945786420222 176
1757676250124 14.932542175629763 177
1757676250221 12.637970893241791 178
1757676250319 13.79197555270494 179
1757676250420 16.344276452867142 180
1757676250520 11.119624804609622 181
1757676250621 14.85908085910426 182
1757676250727 12.74770476112686 183
1757676250828 10.491606720123423 184
1757676250933 12.710112878308285 185
1757676251038 12.68462105336338 186
1757676251135 11.16488766422868 187
1757676251230 10.877620724890683 188
1757676251329 15.019858081094455 189
1757676251431 11.893659904135012 190
1757676251532 10.509420768605615 191
1757676251632 11.222002086708066 192
1757676251733 9.854092114257545 193
1757676251832 13.655764149701369 194
1757676251930 11.569723576060982 195
1757676252033 11.021326198665246 196
1757676252135 9.934112902951162 197
1757676252232 8.866281646177828 198
1757676252333 8.775245345882778 199
1757676252430 8.476551527962267 200
1757676252531 10.21036309541183 201
1757676252631 10.13447396014183 202
1757676252737 7.739995732875701 203
1757676252839 9.052659849236141 204
1757676252940 9.680940186205381 205
1757676253044 6.831124136882897 206
1757676253144 10.359259071305594 207
1757676253244 8.786153694384948 208
1757676253345 7.8575846537112515 209
1757676253444 7.457726503588383 210
1757676253549 7.866761731909394 211
1757676253649 8.147712954748062 212
1757676253749 7.042652407119833 213
1757676253853 8.278004478998849 214
1757676253951 6.049457686394904 215
1757676254053 6.430484615059763 216
1757676254151 8.554534161054923 217
1757676254252 7.673734326541256 218
1757676254352 7.881852444484182 219
1757676254451 6.549162504306063 220
1757676254552 9.063795500315234 221
1757676254656 8.225139054366727 222
1757676254755 6.042205558473436 223
1757676254857 7.4662908189926265 224
1757676254959 7.022262120882006 225
1757676255057 6.4399455400875585 226
1757676255158 7.516985310629939 227
1757676255260 9.301720717116698 228
1757676255360 7.604900243841977 229
1757676255461 6.882900303840511 230
1757676255563 6.272181686917955 231
1757676255661 8.631145077798354 232
1757676255760 4.979247982120171 233
1757676255863 5.3143074134538475 234
1757676255961 7.104100756024149 235
1757676256059 5.413752028932922 236
1757676256161 4.6029893767508385 237
1757676256266 4.892939114053609 238
1757676256366 6.641161534743757 239
1757676256460 4.363376361539238 240
1757676256562 5.862599776509127 241
1757676256682 4.5565932618942036 242
1757676256791 4.167535669091542 243
1757676256900 5.276149870942298 244
1757676257003 6.215848029611179 245
1757676257107 4.302710258702635 246
1757676257211 4.993308485878126 247
1757676257318 4.302483806627291 248
1757676257420 5.901932929042347 249
1757676257524 6.2386758028020495 250
1757676257629 4.509395352701603 251
1757676257731 5.109630888516727 252
1757676257837 4.240320092992246 253
1757676257939 4.096232157796973 254
1757676258048 4.375608992449178 255
1757676258151 4.178102160605234 256
1757676258255 5.120807793658104 257
1757676258361 3.0805085589613874 258
1757676258458 4.699624452963555 259
1757676258559 5.351477710405867 260
1757676258664 3.460158409730421 261
1757676258772 5.126243972119006 262
1757676258883 4.165722724751252 263
1757676258985 3.319458258846379 264
1757676259090 6.893774494413538 265
1757676259204 3.7400463614994948 266
1757676259326 6.966960030263942 267
1757676259439 4.186054516286336 268
1757676259552 3.432065371518837 269
1757676259654 4.759855875404312 270
1757676259760 4.850173707259333 271
1757676259863 3.549290954912764 272
1757676259964 5.879731667769858 273
1757676260064 4.180448914594114 274
1757676260161 3.9551359318540316 275
1757676260257 3.4969231753373773 276
1757676260350 5.778098789026925 277
1757676260452 2.39286072322245 278
1757676260558 2.902101871325991 279
1757676260664 2.99880087173013 280
1757676260767 4.672121862745163 281
1757676260875 5.0192859188507555 282
1757676260979 5.721554246110651 283
1757676261086 5.515247941842005 284
1757676261191 3.1352694176068403 285
1757676261297 4.346213739756965 286
1757676261399 2.8544342349486547 287
1757676261500 3.627542311637043 288
1757676261604 3.6560928691291936 289
1757676261707 3.480677275372763 290
1757676261806 4.933474238255769 291
1757676261908 3.1626679759141103 292
1757676262011 4.647474129267923 293
1757676262113 2.7934936526268848 294
1757676262217 4.1477614824640625 295
1757676262320 6.239984498836038 296
1757676262418 3.140584011679822 297
1757676262518 3.411132313995653 298
1757676262630 1.925047676040126 299
1757676262729 3.033344493504994 300
1757676262837 4.005217562354824 301
1757676262940 4.250701940883159 302
1757676263045 3.186127412745767 303
1757676263150 4.88255187526679 304
1757676263255 1.6145390535891688 305
1757676263362 1.911680295875442 306
1757676263470 2.9026076897228834 307
1757676263570 4.061486322046213 308
1757676263671 2.9804039185197775 309
1757676263775 1.5488863445843948 310
1757676263878 2.1176453607237242 311
1757676263983 3.0946813728759452 312
1757676264085 1.526158869877894 313
1757676264193 3.319687146812658 314
1757676264294 2.1904958361100997 315
1757676264396 2.430860280266441 316
1757676264496 2.5987227128853396 317
1757676264600 2.6823557532792996 318
1757676264709 3.1797560500428075 319
1757676264810 2.1485525581554343 320
1757676264912 1.5513113707372783 321
1757676265019 3.0380972198533316 322
1757676265129 2.8850444595340514 323
1757676265232 2.173080228937837 324
1757676265346 3.2625889910189443 325
1757676265456 1.3503336731701336 326
1757676265559 2.641480349462366 327
1757676265664 2.0024016604656207 328
1757676265771 1.0005620228351173 329
1757676265876 1.8791723752777498 330
1757676265986 2.2611582172237186 331
1757676266086 4.74231788719834 332
1757676266195 1.6853789811324784 333
1757676266300 1.749911141196741 334
1757676266406 1.5042014983489387 335
1757676266506 2.4944428380257313 336
1757676266630 1.5514942631834603 337
1757676266753 2.2941501399820456 338
1757676266863 1.935974842050248 339
1757676266967 5.41500825496698 340
1757676267074 2.091641583586722 341
1757676267184 2.3189691725989143 342
1757676267293 1.3825096826930043 343
1757676267393 3.292247527428776 344
1757676267500 1.9970280732588819 345
1757676267639 1.9598738389606898 346
1757676267758 2.22680373168902 347
1757676267880 0.9884298153414985 348
1757676267996 1.2858957068734287 349
1757676268120 0.6707756219211044 350
1757676268236 1.4778702987661356 351
1757676268353 1.2641789154139373 352
1757676268472 2.44577413476034 353
1757676268581 3.681913395716727 354
1757676268699 2.608775459511347 355
1757676268808 1.5603085865136574 356
1757676268915 1.7645481131030072 357
1757676269026 3.844265224418984 358
1757676269130 1.5385761435398018 359
1757676269257 1.948783716006031 360
1757676269375 1.2549288537600471 361
1757676269479 1.430206620036509 362
1757676269583 1.903838508847547 363
1757676269688 2.380241015749844 364
1757676269788 2.4550308380123 365
1757676269895 2.0562848335929886 366
1757676269996 1.5687541182645481 367
1757676270097 3.016446587379083 368
1757676270197 3.574530062124756 369
1757676270303 1.1034846796281088 370
1757676270407 1.360153769505013 371
1757676270506 1.0974079341092418 372
1757676270615 1.4053176682885367 373
1757676270720 0.9213049526612881 374
1757676270823 2.283155665191189 375
1757676270927 1.6643632540325832 376
1757676271036 2.4127513730419072 377
1757676271140 1.3644149274272421 378
1757676271250 2.5361305090260853 379
1757676271361 1.0245192334795357 380
1757676271464 2.4300017328085177 381
1757676271567 2.86336345224649 382
1757676271675 1.6269439663822847 383
1757676271779 2.0367440584447185 384
1757676271887 0.7406490811954255 385
1757676271992 2.2034292394445707 386
1757676272101 1.4899525352095422 387
1757676272207 1.8857590254018166 388
1757676272310 5.682553986831175 389
1757676272419 3.302679586637817 390
1757676272524 2.803110643011084 391
1757676272634 1.5355152679023645 392
1757676272743 4.205438785271102 393
1757676272850 1.1683910432572824 394
1757676272960 1.42774331129127 395
1757676273067 4.398263416191344 396
1757676273175 1.5399798599678103 397
1757676273275 1.3664430159225298 398
1757676273379 2.1222517803131016 399
1757676273490 1.2091065584422933 400
1757676273600 2.018169916454408 401
1757676273711 0.5149707159933463 402
1757676273823 1.483643389526551 403
1757676273929 2.2478487093529558 404
1757676274034 1.2702139293195427 405
1757676274147 1.5777286551397105 406
1757676274254 1.5069196747549625 407
1757676274362 1.8542262697815972 408
1757676274468 0.570938140912865 409
1757676274572 0.9368766014439296 410
1757676274682 1.9213720800035585 411
1757676274787 4.355069719563584 412
1757676274894 1.0675408413067407 413
1757676275003 1.4226576118455303 414
1757676275114 2.0604683494360088 415
1757676275224 2.4149834731132933 416
1757676275329 0.9990589654857713 417
1757676275435 2.241268132802391 418
1757676275546 1.7444756360800469 419
1757676275653 1.1870290799852012 420
1757676275789 1.5431290995599278 421
1757676275900 0.7763750823058408 422
1757676276008 0.5326962941748972 423
1757676276118 1.6365907175027175 424
1757676276229 0.3693533644083732 425
1757676276335 1.5181393535526484 426
1757676276446 0.9511243319762901 427
1757676276552 1.0596472798521308 428
1757676276679 1.7378774152483185 429
1757676276804 0.619352927059142 430
1757676276928 1.5300537653218185 431
1757676277048 1.5844808676546303 432
1757676277170 1.1022619191741638 433
1757676277290 1.417136713010472 434
1757676277413 1.2563820013488132 435
1757676277539 2.6081601690133165 436
1757676277663 0.9349605642347127 437
1757676277780 1.2878307838151488 438
1757676277901 1.716072018908244 439
1757676278023 1.8506483601669963 440
1757676278142 1.4739437798019457 441
1757676278265 0.7593455581957018 442
1757676278384 0.5840279434660747 443
1757676278501 1.5602996608062605 444
1757676278602 2.625167852244007 445
1757676278709 2.7163172403211506 446
1757676278820 0.5376852737862674 447
1757676278927 0.7287589670677248 448
1757676279037 0.656845277431604 449
1757676279146 1.646130865072458 450
1757676279268 1.5348265404388104 451
1757676279375 2.138950884262373 452
1757676279484 0.5634975132095382 453
1757676279594 1.2307605865571993 454
1757676279700 1.0241623160295101 455
1757676279816 0.8316816381406185 456
1757676279927 1.6080665675259034 457
1757676280036 0.7722279770902043 458
1757676280148 0.48905798248020677 459
1757676280257 1.0303524318941584 460
1757676280366 0.7755136210720477 461
1757676280479 1.613568172772339 462
1757676280589 2.9408480022823165 463
1757676280700 0.57180154459032 464
1757676280804 0.7981586165218784 465
1757676280917 0.6270323449170125 466
1757676281033 0.6130773877317088 467
1757676281138 0.9815891935998856 468
1757676281247 0.8867105194599381 469
1757676281355 0.7217797869185495 470
1757676281462 0.40702903884842195 471
1757676281568 0.9113932953395494 472
1757676281677 1.3251097266648775 473
1757676281784 0.736407773659576 474
1757676281892 1.2903512606880696 475
1757676282033 1.1898983056770118 476
1757676282148 1.0164206961819633 477
1757676282256 2.3243247566497347 478
1757676282362 1.2553100037360587 479
1757676282475 1.1184659765192269 480
1757676282583 0.9568307385438972 481
1757676282692 0.8640580063330827 482
1757676282807 1.6845180289303339 483
1757676282916 0.6082516735831945 484
1757676283029 2.7319481064000164 485
1757676283140 1.4596162258697167 486
1757676283252 2.015937300389729 487
1757676283361 0.32466586383374735 488
1757676283469 0.7234506622137971 489
1757676283582 0.7189706120730393 490
1757676283695 0.7956967372914248 491
1757676283804 1.0175755314526111 492
1757676283912 0.9120165262431069 493
1757676284028 1.1909254310607886 494
1757676284134 0.9806133215017467 495
1757676284249 2.2586719360366194 496
1757676284361 1.6429538175196652 497
1757676284472 2.9593105117092553 498
1757676284585 2.280478822594796 499
