1757674809312 150.50479797478624 0
1757674809410 152.23559663406607 1
1757674809512 139.78543205939127 2
1757674809600 147.041300604791 3
1757674809692 127.67356219211182 4
1757674809787 119.55263122555495 5
1757674809891 116.95868590968145 6
1757674809986 112.88304565325157 7
1757674810073 97.31910684872787 8
1757674810181 100.08833287928955 9
1757674810274 102.7034571176277 10
1757674810367 94.58550375972686 11
1757674810469 86.09792375172032 12
1757674810556 79.40902961962895 13
1757674810642 80.65965732697032 14
1757674810732 77.25027545086377 15
1757674810824 71.01648044682082 16
1757674810916 63.90568029336167 17
1757674811004 68.44107536523123 18
1757674811095 63.049239347966314 19
1757674811190 54.920017916365545 20
1757674811290 58.19285220534693 21
1757674811387 50.53887270138188 22
1757674811487 49.98061491499822 23
1757674811579 48.01744971916264 24
1757674811673 41.16296561664084 25
1757674811767 43.895922875677236 26
1757674811875 40.79266834546402 27
1757674811973 41.362360424904885 28
1757674812069 37.764859376943335 29
1757674812159 37.062976396750116 30
1757674812256 33.26198889122418 31
1757674812354 32.812540743177635 32
1757674812452 28.16711564447304 33
1757674812545 32.03612124973776 34
1757674812642 29.94183306975251 35
1757674812727 25.493867673053163 36
1757674812820 28.363658597427154 37
1757674812914 25.324871373788675 38
1757674813001 22.10256093333021 39
1757674813095 20.47161692326081 40
1757674813192 19.845213436086805 41
1757674813295 17.92327940957129 42
1757674813396 18.40577586022393 43
1757674813506 17.1804054220716 44
1757674813613 18.12886311724058 45
1757674813712 15.750371588121247 46
1757674813831 16.93338135709941 47
1757674813938 15.749654298563755 48
1757674814040 12.854008660763471 49
1757674814141 16.601895217057823 50
1757674814242 11.438222391769774 51
1757674814345 11.59364277768393 52
1757674814447 12.953596288529166 53
1757674814545 12.32061405206825 54
1757674814644 10.737305719977268 55
1757674814735 12.522748843490959 56
1757674814826 10.636923193522508 57
1757674814921 7.500704860419753 58
1757674815021 11.7870496946074 59
1757674815129 8.283106078989894 60
1757674815235 10.655531981036999 61
1757674815338 8.624174670664818 62
1757674815442 9.05296424884746 63
1757674815541 8.617845715539332 64
1757674815642 7.135771855782086 65
1757674815747 6.665680165469503 66
1757674815847 6.392133834695513 67
1757674815950 7.096291453471187 68
1757674816053 6.256273020036894 69
1757674816153 4.692602691230785 70
1757674816253 4.907367531609543 71
1757674816377 6.296860533273674 72
1757674816477 6.067688750298441 73
1757674816580 2.668444278723733 74
1757674816680 5.209827188939782 75
1757674816777 3.4709690077842152 76
1757674816870 4.330400274031804 77
1757674816970 4.112870534632152 78
1757674817070 5.86718553580829 79
1757674817170 2.2303351641342233 80
1757674817270 3.9733327003557823 81
1757674817372 3.19739225850269 82
1757674817487 2.488385527783738 83
1757674817593 3.303311964152045 84
1757674817696 5.102297389751013 85
1757674817795 4.5793097974479 86
1757674817900 4.345401947515683 87
1757674818004 4.152336093911771 88
1757674818115 2.9113521019439745 89
1757674818222 5.300737124622404 90
1757674818325 2.37464480054214 91
1757674818431 3.7701746465069856 92
1757674818534 2.4171698931432726 93
1757674818637 2.7953994881967175 94
1757674818737 3.6559516930444618 95
1757674818835 1.1825888323607028 96
1757674818939 2.3402783486211822 97
1757674819042 4.141528411898851 98
1757674819144 2.066865151165277 99
1757674819245 1.817767595209083 100
1757674819369 3.3392661451486947 101
1757674819476 1.5915909477666437 102
1757674819577 1.229394655239988 103
1757674819680 2.1159629114696976 104
1757674819782 3.6870719788210944 105
1757674819878 1.5132191756295656 106
1757674819978 1.2596789208097587 107
1757674820081 1.0464320858962186 108
1757674820211 1.0318131250978768 109
1757674820323 3.525287354221185 110
1757674820425 2.083545528420512 111
1757674820531 1.755620460789176 112
1757674820633 1.5385460454950286 113
1757674820732 1.4996574348497334 114
1757674820822 1.6077857968670606 115
1757674820913 1.581902475114819 116
1757674821016 2.402079620899489 117
1757674821119 2.3344076635726383 118
1757674821237 2.610619954407334 119
1757674821355 4.444622075704717 120
1757674821461 1.1306398025481976 121
1757674821565 1.4282291607452224 122
1757674821666 2.4414590195988897 123
1757674821769 1.3229977072484629 124
1757674821871 1.7466465527224122 125
1757674821974 0.9127170802772125 126
1757674822079 2.49430361040029 127
1757674822181 0.8985869267844802 128
1757674822284 1.3768350355565881 129
1757674822385 0.9492242935918062 130
1757674822488 0.948429885405754 131
1757674822591 1.621389345441285 132
1757674822709 1.5535767465373282 133
1757674822803 1.8173777161665818 134
1757674822897 1.7952329352584295 135
1757674822993 1.5851383676922892 136
1757674823096 1.5464731071747824 137
1757674823202 1.8686352116298641 138
1757674823305 1.625409083553393 139
1757674823410 0.7569576410791657 140
1757674823512 0.9927041282144773 141
1757674823611 1.7970256159109135 142
1757674823714 1.4970238050677114 143
1757674823813 2.351951613820325 144
1757674823927 1.3109759892759492 145
1757674824038 1.5790456661407668 146
1757674824145 0.7881233820286324 147
1757674824248 1.4854792110124369 148
1757674824353 0.5397980037569327 149
1757674824458 1.3202237022537537 150
1757674824563 2.2636802938675675 151
1757674824667 2.184330238541846 152
1757674824769 1.4595891732721646 153
1757674824861 0.901284989736854 154
1757674824975 0.9381864681867548 155
1757674825088 1.3405634415087 156
1757674825198 1.1074172941925169 157
1757674825298 0.6658126943546645 158
1757674825402 2.118960890993852 159
1757674825502 1.219388410046143 160
1757674825607 0.9176809621177249 161
1757674825707 1.035899114324214 162
1757674825809 0.6731440036370566 163
1757674825914 0.9391148911255476 164
1757674826015 2.2263107576480277 165
1757674826120 1.4269196573584548 166
1757674826224 0.7108806565303334 167
1757674826338 2.8572064571192373 168
1757674826446 0.9657284558614111 169
1757674826562 2.2076888008963866 170
1757674826665 2.1008423360425605 171
1757674826773 1.3923839067816806 172
1757674826868 2.2809100478843307 173
1757674826963 1.9490853183764414 174
1757674827063 0.9550493678716897 175
1757674827162 1.8665642423583022 176
1757674827263 1.4159686999048966 177
1757674827367 1.8314395081648607 178
1757674827471 0.9764038006846751 179
1757674827575 2.409023975962216 180
1757674827676 1.4666041043946916 181
1757674827779 1.3131346855605495 182
1757674827881 1.949387537039119 183
1757674827989 1.5939953710223191 184
1757674828098 1.310334158943626 185
1757674828208 1.2184703382939532 186
1757674828291 0.822502021591996 187
1757674828426 1.0419315111659218 188
1757674828534 1.1218868345960593 189
1757674828641 0.7101465499747655 190
1757674828745 1.3279678050034764 191
1757674828843 1.6903784201037455 192
1757674828947 1.4737684985670487 193
1757674829054 1.0690139847721565 194
1757674829157 1.6929690400626314 195
1757674829258 1.9558851446370578 196
1757674829363 0.9974817572459249 197
1757674829465 0.9884519776971352 198
1757674829570 0.7677656926611087 199
1757674829674 1.4474295205895173 200
1757674829779 0.7978730830665384 201
1757674829880 0.8241701521089784 202
1757674829990 1.6494419583284272 203
1757674830091 1.8397132316973563 204
1757674830213 1.1278190882310277 205
1757674830355 0.5821200306414275 206
1757674830465 0.8686308432859493 207
1757674830569 1.786408559819517 208
1757674830677 1.7288827185191975 209
1757674830779 1.9229170413218228 210
1757674830879 1.0045101914940955 211
1757674830977 2.27035803728903 212
1757674831079 0.7418082889205317 213
1757674831172 1.398335522513089 214
1757674831273 1.4166316674762378 215
1757674831377 1.102396123175958 216
1757674831482 0.9894152506149678 217
1757674831587 1.5192398688604594 218
1757674831693 1.2023322124133005 219
1757674831794 0.9710727904799138 220
1757674831895 1.0343023489918768 221
1757674832000 1.2943673751646771 222
1757674832101 1.4987245300351208 223
1757674832206 1.314148931692588 224
1757674832312 1.6108337805126014 225
1757674832415 1.646733736314416 226
1757674832521 1.0683153545496662 227
1757674832628 1.0690887567839285 228
1757674832733 0.9081223885837287 229
1757674832852 2.666169258379368 230
1757674832952 1.3501655153403145 231
1757674833052 1.1452422391175097 232
1757674833156 1.2518528347344302 233
1757674833259 1.5671080395695292 234
1757674833364 0.639062896578198 235
1757674833470 1.0292370356980012 236
1757674833576 1.5725918275418476 237
1757674833690 1.5476688046661753 238
1757674833796 0.6150305109433077 239
1757674833897 1.087276052879669 240
1757674833999 1.3091360449153218 241
1757674834107 1.5297707858395877 242
1757674834212 1.4543081170311418 243
1757674834315 2.148226016242491 244
1757674834426 0.8680777565418771 245
1757674834541 0.782113571197647 246
1757674834646 1.2769595848152369 247
1757674834756 2.010073788373415 248
1757674834862 1.109845290273818 249
1757674834954 0.7177139372483806 250
1757674835058 1.6326171926840534 251
1757674835163 2.0160923562377437 252
1757674835268 1.7462701070768072 253
1757674835376 1.6320654363902884 254
1757674835483 1.9169186799790197 255
1757674835592 1.4388584425154345 256
1757674835698 0.8423175977118132 257
1757674835801 1.10273582993079 258
1757674835908 1.3671305183454965 259
1757674836016 2.173499964964882 260
1757674836124 1.1521135304242398 261
1757674836231 0.4046462959755816 262
1757674836349 1.1983674755952602 263
1757674836466 1.871132877914968 264
1757674836574 1.3770598485839627 265
1757674836679 1.1641942392826286 266
1757674836781 2.8068217931585675 267
1757674836889 1.2335725988536796 268
1757674836987 1.339281009776314 269
1757674837080 1.4770356014056885 270
1757674837175 0.9986477606873893 271
1757674837271 0.7438565409574558 272
1757674837376 1.4117018862514037 273
1757674837480 0.7906058146536166 274
1757674837587 1.6472167804979572 275
1757674837692 0.7071993309773315 276
1757674837798 0.7510326031513038 277
1757674837901 1.6505662944598576 278
1757674838007 1.6237245080192915 279
1757674838116 1.2889757244419513 280
1757674838221 1.1961538710444783 281
1757674838329 0.8899580188940487 282
1757674838440 1.217140296100046 283
1757674838545 2.320728953032716 284
1757674838647 1.1710731808548065 285
1757674838754 0.7991075238798282 286
1757674838867 0.920935353276338 287
1757674838971 1.4918856294999547 288
1757674839073 1.1165897203178317 289
1757674839173 0.8470070292285788 290
1757674839267 1.364468841025824 291
1757674839377 1.2414775185088727 292
1757674839485 1.4307187342701677 293
1757674839595 0.8995124890934507 294
1757674839705 1.407309422310984 295
1757674839811 1.6761015388551876 296
1757674839919 0.9901720588473459 297
1757674840024 1.0822906161857733 298
1757674840126 0.9775850089528675 299
1757674840251 1.4826907350427316 300
1757674840371 0.9745408745391524 301
1757674840479 1.2816146899070238 302
1757674840591 0.7431434262375769 303
1757674840696 1.3458355799661679 304
1757674840804 0.7978559618043976 305
1757674840909 1.5041226510667651 306
1757674841003 0.8666481624955814 307
1757674841108 0.4287778146661726 308
1757674841215 0.9964287319476177 309
1757674841326 1.1455752925799136 310
1757674841434 0.9685870097056483 311
1757674841542 1.6347184911564832 312
1757674841653 0.9592207058616552 313
1757674841759 1.3284515066318536 314
1757674841864 1.0629647636545645 315
1757674841970 1.2130287883800168 316
1757674842077 1.7486721943764665 317
1757674842184 0.8554735479531064 318
1757674842291 0.7908946309434991 319
1757674842401 1.376098638638651 320
1757674842512 0.8292614828311725 321
1757674842619 1.387040006823909 322
1757674842729 0.7219753154929612 323
1757674842836 1.3408048596262818 324
1757674842942 1.38552303665004 325
1757674843045 0.8442091258660543 326
1757674843151 1.565640078310493 327
1757674843251 1.4656098202434003 328
1757674843348 1.7472456967824588 329
1757674843453 0.91309536336723 330
1757674843571 2.472919236064918 331
1757674843679 1.1584364598799872 332
1757674843789 1.0406113135834427 333
1757674843899 1.0259185414182603 334
1757674844011 1.0332746716003167 335
1757674844122 1.333244899858979 336
1757674844230 2.359832181436395 337
1757674844337 1.3509150869673177 338
1757674844444 1.0268750247555334 339
1757674844556 0.8539165436207484 340
1757674844675 0.5264730134942013 341
1757674844785 0.9803611404780808 342
1757674844895 0.6873762388573896 343
1757674845003 0.9950475088144941 344
1757674845096 0.9430395483405053 345
1757674845193 2.5729799856194866 346
1757674845287 1.043464185496205 347
1757674845388 0.8358494824104971 348
1757674845486 0.9275914504291274 349
1757674845589 0.9005299772841378 350
1757674845717 0.9521405191543477 351
1757674845829 0.9362025246854186 352
1757674845941 0.7644149981099869 353
1757674846050 1.273114881570395 354
1757674846182 1.5818495844356626 355
1757674846303 0.3433776464016226 356
1757674846419 0.9052206790327637 357
1757674846540 1.195821324998183 358
1757674846654 1.8018487072956066 359
1757674846767 1.233752644129401 360
1757674846879 2.323813287312538 361
1757674846988 0.9669890167963433 362
1757674847087 1.0761543718792523 363
1757674847188 1.2722880437727917 364
1757674847296 1.302575860222887 365
1757674847408 1.2214071778234936 366
1757674847519 0.5319567623841202 367
1757674847630 1.5118574625667964 368
1757674847738 1.6551283099438057 369
1757674847845 1.4168178270318066 370
1757674847955 1.7290527364130934 371
1757674848066 1.5304246953905105 372
1757674848177 1.278047605317451 373
1757674848284 1.052142075358019 374
1757674848395 0.8678311532887963 375
1757674848508 1.8319757623767898 376
1757674848615 0.8633592092586451 377
1757674848729 0.7714190945974364 378
1757674848843 2.293003767435897 379
1757674848957 1.1618659199956167 380
1757674849063 1.3107219957125165 381
1757674849161 1.0538899437055607 382
1757674849264 1.0800802709547166 383
1757674849360 1.5972205449653556 384
1757674849461 1.0294549669543644 385
1757674849565 1.1155033446732132 386
1757674849675 1.5890750513083853 387
1757674849786 1.5233783909037006 388
1757674849897 0.7830462979466745 389
1757674850009 0.7365100316525541 390
1757674850117 1.5989872599762716 391
1757674850227 1.2065445670154649 392
1757674850371 1.0652971611330446 393
1757674850488 1.403946184946463 394
1757674850598 0.9409307821538819 395
1757674850712 1.0979495919728048 396
1757674850822 0.92317232841074 397
1757674850931 0.8321254686465538 398
1757674851044 0.8445612934229653 399
1757674851146 1.0046101694065104 400
1757674851250 0.859893558081431 401
1757674851360 0.9108844705403559 402
1757674851469 1.1738534717642763 403
1757674851581 0.6962984097498152 404
1757674851694 0.7262664446170836 405
1757674851805 1.1371110172364087 406
1757674851912 0.9928252407507524 407
1757674852025 0.6273748527351778 408
1757674852136 2.273145710876847 409
1757674852245 1.242871765565673 410
1757674852357 1.4695749489485563 411
1757674852466 1.554019055221674 412
1757674852579 0.7963746173977364 413
1757674852688 1.3671968410800772 414
1757674852798 1.298283171582714 415
1757674852908 0.9163392974370175 416
1757674853021 0.9797355194422245 417
1757674853126 1.814075683506851 418
1757674853227 1.1339623607832454 419
1757674853331 1.6278085827203144 420
1757674853438 0.8508158278194763 421
1757674853546 1.3363689437131954 422
1757674853657 0.9155493593675357 423
1757674853770 0.9753987003907203 424
1757674853877 1.6585814931300558 425
1757674854018 0.4730433115541311 426
1757674854131 1.81339662097367 427
1757674854240 1.145821562561979 428
1757674854350 3.8148293142725427 429
1757674854459 1.3786282670761383 430
1757674854568 1.8677164637407784 431
1757674854677 1.7693262351131778 432
1757674854788 1.0674807228196819 433
1757674854897 0.6958931712271648 434
1757674855009 1.749601812022181 435
1757674855120 1.1481885790371387 436
1757674855224 0.8812820155683975 437
1757674855329 0.8196413289547112 438
1757674855443 1.6021101546829166 439
1757674855554 1.5547751510483927 440
1757674855663 1.5235400395561052 441
1757674855760 1.1052368255427683 442
1757674855872 0.3784913123780028 443
1757674855983 0.7663663993432721 444
1757674856094 0.7642060477464526 445
1757674856200 1.0089079891173827 446
1757674856306 0.9803315665485873 447
1757674856416 1.4575929730538737 448
1757674856537 0.7316043551943144 449
1757674856656 1.0412322458964338 450
1757674856771 1.0322652212321526 451
1757674856882 0.9848275211964337 452
1757674856996 1.6628165267024906 453
1757674857109 1.1953916557047295 454
1757674857209 0.9501270626392987 455
1757674857327 2.0351967933801034 456
1757674857444 0.9461471368503274 457
1757674857561 0.7060483548744259 458
1757674857673 0.9111287206709423 459
1757674857786 0.8750310015103107 460
1757674857902 0.875855434291243 461
1757674858013 1.4314509024035127 462
1757674858126 0.7561192539997231 463
1757674858236 1.4754669376855702 464
1757674858349 0.9094226823512286 465
1757674858458 0.8590842056350723 466
1757674858571 0.7985843973738707 467
1757674858681 0.4806072106030181 468
1757674858790 0.8358892964771601 469
1757674858919 0.740942172762325 470
1757674859052 1.3257822918998596 471
1757674859162 0.8911947635418624 472
1757674859264 1.0166087613913664 473
1757674859374 0.9826344486761488 474
1757674859486 0.8771133483822728 475
1757674859597 1.0872385928878174 476
1757674859710 0.8696636523839414 477
1757674859825 1.0938679757583463 478
1757674859936 1.4286717017248651 479
1757674860046 0.9456042414491987 480
1757674860159 0.7857185219174577 481
1757674860276 0.5239329703685895 482
1757674860420 0.8834885314961812 483
1757674860536 1.4223296924096147 484
1757674860649 1.069593491347984 485
1757674860759 1.1737835962149568 486
1757674860872 0.5194958159490389 487
1757674860983 0.806786032187654 488
1757674861095 1.0235794809779821 489
1757674861200 1.8159392382109265 490
1757674861301 1.2713975527858932 491
1757674861404 1.0803195000634431 492
1757674861508 0.8263975431124926 493
1757674861616 0.8820242852896802 494
1757674861726 2.5296317068995893 495
1757674861836 1.9884829374140096 496
1757674861947 0.46403374177049667 497
1757674862062 1.0776792346078896 498
1757674862173 0.8311148072715838 499
