1757435531235 169.3039537136133 0
1757435531293 169.29089288585052 1
1757435531344 169.2781601026054 2
1757435531395 169.26542839599279 3
1757435531442 169.2526977815731 4
1757435531496 169.2399682592471 5
1757435531553 169.22723982891625 6
1757435531607 169.21451249048204 7
1757435531663 169.20178624384604 8
1757435531714 169.18906108890974 9
1757435531761 169.17633702557464 10
1757435531810 169.16361405374232 11
1757435531863 169.15089217331428 12
1757435531916 169.1381713841921 13
1757435531974 169.12545168627736 14
1757435532031 169.11273307947164 15
1757435532085 169.1000155636765 16
1757435532144 169.08729913879353 17
1757435532203 169.07458380472434 18
1757435532264 169.06186956137054 19
1757435532326 169.0491564086338 20
1757435532391 169.03644434641566 21
1757435532465 169.0237333746178 22
1757435532526 169.0110234931419 23
1757435532587 168.99831470188954 24
1757435532650 168.98560700076246 25
1757435532711 168.97290038966227 26
1757435532775 168.96019486849073 27
1757435532840 168.94749043714947 28
1757435532909 168.93478709554026 29
1757435532974 168.92208484356468 30
1757435533037 168.9093836811246 31
1757435533094 168.8966836081217 32
1757435533145 168.88398462445767 33
1757435533203 168.87128673003429 34
1757435533258 168.85858992475332 35
1757435533320 168.84589420851657 36
1757435533377 168.83319958122573 37
1757435533438 168.82050604278268 38
1757435533498 168.8078135930891 39
1757435533556 168.79512223204685 40
1757435533614 168.78243195955778 41
1757435533673 168.76974277552367 42
1757435533730 168.75705467984633 43
1757435533780 168.74436767242764 44
1757435533840 168.73168175316945 45
1757435533895 168.7189969219736 46
1757435533959 168.70631317874194 47
1757435534021 168.69363052337636 48
1757435534076 168.68094895577877 49
1757435534130 168.668268475851 50
1757435534191 168.65558908349502 51
1757435534249 168.64291077861273 52
1757435534307 168.630233561106 53
1757435534367 168.61755743087681 54
1757435534422 168.6048823878271 55
1757435534474 168.59220843185878 56
1757435534532 168.57953556287387 57
1757435534592 168.56686378077424 58
1757435534652 168.55419308546197 59
1757435534705 168.541523476839 60
1757435534763 168.5288549548073 61
1757435534820 168.5161875192689 62
1757435534877 168.50352117012582 63
1757435534935 168.49085590728006 64
1757435534993 168.47819173063365 65
1757435535055 168.46552864008865 66
1757435535113 168.4528666355471 67
1757435535167 168.440205716911 68
1757435535224 168.42754588408252 69
1757435535280 168.4148871369637 70
1757435535337 168.4022294754566 71
1757435535394 168.3895728994633 72
1757435535450 168.37691740888596 73
1757435535509 168.36426300362663 74
1757435535569 168.3516096835875 75
1757435535631 168.3389574486706 76
1757435535694 168.32630629877818 77
1757435535763 168.3136562338123 78
1757435535813 168.3010072536752 79
1757435535871 168.28835935826902 80
1757435535929 168.27571254749589 81
1757435535987 168.26306682125798 82
1757435536045 168.25042217945756 83
1757435536103 168.2377786219968 84
1757435536170 168.22513614877795 85
1757435536232 168.2124947597031 86
1757435536297 168.19985445467466 87
1757435536368 168.18721523359474 88
1757435536423 168.17457709636565 89
1757435536484 168.16194004288963 90
1757435536545 168.14930407306892 91
1757435536595 168.13666918680585 92
1757435536642 168.1240353840026 93
1757435536697 168.11140266456164 94
1757435536754 168.0987710283851 95
1757435536814 168.0861404753754 96
1757435536879 168.0735110054348 97
1757435536942 168.06088261846566 98
1757435537005 168.04825531437032 99
1757435537073 168.0356290930511 100
1757435537138 168.0230039544104 101
1757435537206 168.01037989835052 102
1757435537274 167.99775692477388 103
1757435537339 167.9851350335829 104
1757435537406 167.9725142246799 105
1757435537473 167.95989449796735 106
1757435537539 167.9472758533476 107
1757435537607 167.93465829072312 108
1757435537671 167.92204180999633 109
1757435537737 167.90942641106963 110
1757435537800 167.89681209384548 111
1757435537858 167.8841988582264 112
1757435537915 167.87158670411478 113
1757435537971 167.8589756314131 114
1757435538031 167.8463656400239 115
1757435538091 167.83375672984963 116
1757435538150 167.82114890079282 117
1757435538210 167.80854215275588 118
1757435538271 167.79593648564148 119
1757435538325 167.78333189935208 120
1757435538386 167.77072839379022 121
1757435538451 167.75812596885845 122
1757435538510 167.74552462445925 123
1757435538569 167.73292436049533 124
1757435538625 167.72032517686918 125
1757435538683 167.7077270734834 126
1757435538742 167.69513005024055 127
1757435538802 167.6825341070433 128
1757435538860 167.66993924379415 129
1757435538927 167.65734546039585 130
1757435538990 167.64475275675096 131
1757435539054 167.63216113276212 132
1757435539119 167.61957058833195 133
1757435539183 167.60698112336317 134
1757435539252 167.5943927377584 135
1757435539318 167.58180543142032 136
1757435539385 167.5692192042516 137
1757435539452 167.55663405615496 138
1757435539519 167.54404998703313 139
1757435539584 167.5314669967887 140
1757435539648 167.51888508532457 141
1757435539717 167.5063042525433 142
1757435539782 167.49372449834772 143
1757435539838 167.4811458226405 144
1757435539904 167.4685682253245 145
1757435539965 167.45599170630243 146
1757435540026 167.44341626547703 147
1757435540085 167.43084190275113 148
1757435540147 167.4182686180275 149
1757435540209 167.40569641120896 150
1757435540272 167.39312528219827 151
1757435540336 167.3805552308983 152
1757435540401 167.36798625721184 153
1757435540467 167.35541836104179 154
1757435540533 167.3428515422909 155
1757435540603 167.3302858008621 156
1757435540673 167.3177211366582 157
1757435540738 167.30515754958216 158
1757435540802 167.29259503953676 159
1757435540869 167.28003360642492 160
1757435540939 167.26747325014958 161
1757435541008 167.2549139706136 162
1757435541075 167.2423557677199 163
1757435541142 167.22979864137145 164
1757435541211 167.21724259147112 165
1757435541282 167.20468761792193 166
1757435541351 167.19213372062683 167
1757435541418 167.17958089948866 168
1757435541486 167.16702915441053 169
1757435541556 167.15447848529536 170
1757435541624 167.14192889204614 171
1757435541694 167.12938037456587 172
1757435541761 167.11683293275757 173
1757435541828 167.10428656652428 174
1757435541891 167.09174127576895 175
1757435541953 167.0791970603947 176
1757435542018 167.0666539203045 177
1757435542088 167.05411185540143 178
1757435542151 167.0415708655886 179
1757435542215 167.02903095076897 180
1757435542273 167.01649211084575 181
1757435542337 167.00395434572195 182
1757435542399 166.99141765530064 183
1757435542462 166.978882039485 184
1757435542524 166.96634749817812 185
1757435542580 166.95381403128312 186
1757435542638 166.94128163870312 187
1757435542703 166.92875032034124 188
1757435542769 166.9162200761007 189
1757435542832 166.90369090588462 190
1757435542893 166.89116280959618 191
1757435542950 166.87863578713856 192
1757435543029 166.8661098384149 193
1757435543093 166.85358496332847 194
1757435543155 166.8410611617824 195
1757435543216 166.82853843367997 196
1757435543275 166.8160167789244 197
1757435543339 166.80349619741884 198
1757435543404 166.79097668906664 199
1757435543465 166.778458253771 200
1757435543528 166.76594089143515 201
1757435543592 166.7534246019624 202
1757435543657 166.74090938525603 203
1757435543721 166.7283952412193 204
1757435543787 166.7158821697555 205
1757435543848 166.70337017076795 206
1757435543906 166.69085924415995 207
1757435543968 166.67834938983486 208
1757435544035 166.66584060769597 209
1757435544102 166.65333289764664 210
1757435544171 166.6408262595902 211
1757435544237 166.62832069343006 212
1757435544303 166.6158161990695 213
1757435544372 166.60331277641197 214
1757435544440 166.59081042536084 215
1757435544509 166.57830914581945 216
1757435544577 166.5658089376913 217
1757435544643 166.5533098008797 218
1757435544713 166.54081173528812 219
1757435544779 166.52831474081998 220
1757435544858 166.51581881737874 221
1757435544923 166.50332396486783 222
1757435544991 166.49083018319067 223
1757435545059 166.4783374722508 224
1757435545124 166.46584583195164 225
1757435545196 166.4533552621967 226
1757435545264 166.44086576288944 227
1757435545329 166.4283773339334 228
1757435545395 166.4158899752321 229
1757435545461 166.403403686689 230
1757435545531 166.39091846820764 231
1757435545599 166.37843431969162 232
1757435545668 166.3659512410444 233
1757435545736 166.3534692321696 234
1757435545804 166.34098829297074 235
1757435545872 166.32850842335145 236
1757435545930 166.31602962321526 237
1757435545992 166.30355189246575 238
1757435546055 166.29107523100657 239
1757435546120 166.27859963874133 240
1757435546184 166.26612511557357 241
1757435546246 166.253651661407 242
1757435546308 166.2411792761452 243
1757435546366 166.22870795969183 244
1757435546432 166.21623771195058 245
1757435546495 166.20376853282508 246
1757435546560 166.191300422219 247
1757435546626 166.178833380036 248
1757435546692 166.1663674061798 249
1757435546760 166.1539025005541 250
1757435546825 166.1414386630626 251
1757435546892 166.128975893609 252
1757435546958 166.11651419209704 253
1757435547038 166.10405355843048 254
1757435547106 166.09159399251297 255
1757435547172 166.0791354942484 256
1757435547240 166.0666780635404 257
1757435547307 166.05422170029283 258
1757435547366 166.0417664044094 259
1757435547418 166.02931217579393 260
1757435547475 166.01685901435025 261
1757435547534 166.00440691998213 262
1757435547590 165.99195589259335 263
1757435547653 165.9795059320878 264
1757435547717 165.96705703836923 265
1757435547781 165.9546092113416 266
1757435547843 165.94216245090863 267
1757435547904 165.92971675697424 268
1757435547957 165.91727212944235 269
1757435548021 165.90482856821674 270
1757435548081 165.89238607320135 271
1757435548143 165.8799446443001 272
1757435548206 165.86750428141679 273
1757435548272 165.85506498445542 274
1757435548337 165.8426267533199 275
1757435548402 165.83018958791416 276
1757435548465 165.8177534881421 277
1757435548533 165.80531845390772 278
1757435548600 165.79288448511494 279
1757435548665 165.7804515816677 280
1757435548736 165.76801974347006 281
1757435548802 165.75558897042595 282
1757435548872 165.74315926243932 283
1757435548942 165.7307306194143 284
1757435549011 165.71830304125476 285
1757435549080 165.70587652786477 286
1757435549146 165.69345107914842 287
1757435549214 165.68102669500965 288
1757435549283 165.66860337535257 289
1757435549352 165.6561811200812 290
1757435549418 165.6437599290996 291
1757435549487 165.63133980231189 292
1757435549556 165.6189207396221 293
1757435549625 165.60650274093436 294
1757435549703 165.59408580615272 295
1757435549776 165.58166993518134 296
1757435549844 165.56925512792432 297
1757435549910 165.55684138428578 298
1757435549973 165.5444287041698 299
1757435550041 165.53201708748063 300
1757435550109 165.51960653412237 301
1757435550177 165.50719704399918 302
1757435550244 165.49478861701525 303
1757435550312 165.48238125307472 304
1757435550380 165.46997495208177 305
1757435550451 165.4575697139407 306
1757435550528 165.44516553855556 307
1757435550597 165.43276242583067 308
1757435550670 165.4203603756703 309
1757435550740 165.40795938797854 310
1757435550808 165.39555946265975 311
1757435550875 165.38316059961807 312
1757435550943 165.37076279875788 313
1757435551011 165.3583660599834 314
1757435551078 165.34597038319885 315
1757435551146 165.33357576830863 316
1757435551215 165.32118221521694 317
1757435551294 165.30878972382808 318
1757435551367 165.29639829404644 319
1757435551435 165.28400792577628 320
1757435551506 165.27161861892196 321
1757435551578 165.2592303733878 322
1757435551650 165.24684318907813 323
1757435551719 165.23445706589735 324
1757435551790 165.22207200374984 325
1757435551859 165.20968800253988 326
1757435551928 165.19730506217195 327
1757435551992 165.18492318255042 328
1757435552060 165.17254236357968 329
1757435552123 165.16016260516412 330
1757435552191 165.14778390720818 331
1757435552260 165.13540626961625 332
1757435552328 165.12302969229285 333
1757435552396 165.11065417514237 334
1757435552464 165.09827971806928 335
1757435552532 165.085906320978 336
1757435552601 165.07353398377305 337
1757435552671 165.0611627063589 338
1757435552742 165.0487924886401 339
1757435552810 165.036423330521 340
1757435552878 165.0240552319062 341
1757435552946 165.01168819270026 342
1757435553014 164.9993222128076 343
1757435553083 164.98695729213287 344
1757435553152 164.97459343058054 345
1757435553220 164.96223062805515 346
1757435553290 164.9498688844613 347
1757435553361 164.93750819970356 348
1757435553432 164.92514857368647 349
1757435553503 164.91279000631465 350
1757435553573 164.9004324974927 351
1757435553641 164.88807604712517 352
1757435553713 164.87572065511677 353
1757435553781 164.863366321372 354
1757435553849 164.8510130457956 355
1757435553921 164.83866082829218 356
1757435553985 164.82630966876638 357
1757435554052 164.81395956712285 358
1757435554115 164.80161052326625 359
1757435554180 164.78926253710128 360
1757435554246 164.77691560853265 361
1757435554319 164.76456973746497 362
1757435554384 164.75222492380303 363
1757435554461 164.73988116745147 364
1757435554533 164.72753846831503 365
1757435554602 164.7151968262985 366
1757435554670 164.7028562413065 367
1757435554739 164.6905167132439 368
1757435554808 164.6781782420154 369
1757435554877 164.66584082752576 370
1757435554947 164.65350446967972 371
1757435555017 164.6411691683821 372
1757435555085 164.62883492353774 373
1757435555153 164.61650173505134 374
1757435555225 164.60416960282782 375
1757435555293 164.59183852677188 376
1757435555362 164.57950850678841 377
1757435555432 164.5671795427822 378
1757435555498 164.55485163465823 379
1757435555565 164.54252478232118 380
1757435555634 164.53019898567598 381
1757435555706 164.5178742446275 382
1757435555781 164.50555055908066 383
1757435555851 164.49322792894026 384
1757435555923 164.48090635411128 385
1757435555989 164.46858583449858 386
1757435556055 164.45626637000709 387
1757435556123 164.44394796054172 388
1757435556190 164.43163060600742 389
1757435556258 164.4193143063091 390
1757435556326 164.40699906135177 391
1757435556394 164.39468487104028 392
1757435556462 164.38237173527975 393
1757435556534 164.370059653975 394
1757435556608 164.35774862703116 395
1757435556680 164.3454386543531 396
1757435556749 164.3331297358459 397
1757435556818 164.3208218714145 398
1757435556889 164.308515060964 399
1757435556959 164.29620930439938 400
1757435557029 164.2839046016257 401
1757435557101 164.271600952548 402
1757435557173 164.2592983570713 403
1757435557242 164.24699681510074 404
1757435557312 164.23469632654133 405
1757435557400 164.22239689129813 406
1757435557472 164.2100985092763 407
1757435557557 164.19780118038096 408
1757435557628 164.1855049045171 409
1757435557697 164.17320968158992 410
1757435557770 164.16091551150456 411
1757435557838 164.1486223941661 412
1757435557912 164.13633032947973 413
1757435557990 164.12403931735057 414
1757435558051 164.11174935768378 415
1757435558117 164.09946045038456 416
1757435558186 164.08717259535806 417
1757435558241 164.07488579250946 418
1757435558301 164.062600041744 419
1757435558361 164.05031534296685 420
1757435558423 164.03803169608324 421
1757435558491 164.02574910099838 422
1757435558562 164.01346755761745 423
1757435558635 164.00118706584584 424
1757435558705 163.98890762558864 425
1757435558777 163.97662923675122 426
1757435558850 163.96435189923878 427
1757435558921 163.9520756129566 428
1757435558987 163.93980037780995 429
1757435559056 163.92752619370418 430
1757435559128 163.9152530605446 431
1757435559198 163.90298097823643 432
1757435559271 163.89070994668506 433
1757435559341 163.8784399657958 434
1757435559410 163.86617103547397 435
1757435559480 163.85390315562495 436
1757435559553 163.8416363261541 437
1757435559622 163.82937054696671 438
1757435559702 163.81710581796818 439
1757435559780 163.80484213906396 440
1757435559849 163.7925795101594 441
1757435559915 163.78031793115989 442
1757435559985 163.7680574019708 443
1757435560048 163.7557979224976 444
1757435560113 163.74353949264568 445
1757435560184 163.73128211232049 446
1757435560253 163.7190257814275 447
1757435560324 163.7067704998721 448
1757435560397 163.6945162675598 449
1757435560468 163.68226308439603 450
1757435560540 163.6700109502863 451
1757435560610 163.65775986513611 452
1757435560682 163.6455098288509 453
1757435560752 163.63326084133618 454
1757435560822 163.6210129024975 455
1757435560895 163.60876601224035 456
1757435560971 163.59652017047034 457
1757435561047 163.58427537709287 458
1757435561120 163.57203163201356 459
1757435561191 163.559788935138 460
1757435561281 163.5475472863717 461
1757435561352 163.53530668562024 462
1757435561424 163.52306713278924 463
1757435561498 163.5108286277843 464
1757435561571 163.49859117051088 465
1757435561650 163.4863547608748 466
1757435561725 163.47411939878154 467
1757435561796 163.46188508413675 468
1757435561869 163.44965181684606 469
1757435561941 163.43741959681512 470
1757435562013 163.4251884239496 471
1757435562077 163.41295829815516 472
1757435562141 163.40072921933745 473
1757435562211 163.38850118740214 474
1757435562283 163.376274202255 475
1757435562355 163.36404826380158 476
1757435562429 163.35182337194772 477
1757435562503 163.33959952659905 478
1757435562577 163.32737672766137 479
1757435562649 163.31515497504031 480
1757435562726 163.30293426864165 481
1757435562798 163.2907146083712 482
1757435562874 163.27849599413463 483
1757435562947 163.26627842583775 484
1757435563021 163.25406190338634 485
1757435563092 163.24184642668615 486
1757435563163 163.22963199564305 487
1757435563235 163.21741861016275 488
1757435563304 163.2052062701511 489
1757435563376 163.1929949755139 490
1757435563448 163.18078472615701 491
1757435563522 163.16857552198624 492
1757435563597 163.15636736290745 493
1757435563672 163.14416024882647 494
1757435563744 163.13195417964917 495
1757435563818 163.11974915528145 496
1757435563891 163.10754517562916 497
1757435563963 163.09534224059817 498
1757435564037 163.08314035009442 499
