1757589536335 177.35741188020359 0
1757589536407 151.35410301880952 1
1757589536480 141.44433045082843 2
1757589536550 131.6569435671348 3
1757589536620 122.67959169902721 4
1757589536690 114.41045831175387 5
1757589536756 106.792076807294 6
1757589536825 99.77020470048042 7
1757589536896 93.29535279696529 8
1757589536962 87.32228004005357 9
1757589537036 81.80962557976785 10
1757589537107 76.71956891675931 11
1757589537177 72.01752034340203 12
1757589537248 67.67183875504789 13
1757589537319 63.653574407054336 14
1757589537389 59.93623439784837 15
1757589537459 56.495568856984846 16
1757589537636 53.309375997483585 17
1757589537695 50.357324355966014 18
1757589537754 47.620790693664176 19
1757589537813 45.08271216756327 20
1757589537877 42.72745150495162 21
1757589537944 40.54067402758594 22
1757589538018 38.50923547452134 23
1757589538086 36.62107966630847 24
1757589538156 34.86514513854799 25
1757589538228 33.23127995046151 26
1757589538300 31.71016394487075 27
1757589538369 30.293237800393243 28
1757589538443 28.97263827532754 29
1757589538516 27.741139096128908 30
1757589538586 26.592096992035607 31
1757589538657 25.519402421722038 32
1757589538732 24.517434578217614 33
1757589538803 23.581020295091694 34
1757589538873 22.705396510387324 35
1757589538941 21.886175975283233 36
1757589539012 21.11931592224156 37
1757589539081 20.401089432699695 38
1757589539149 19.72805926741204 39
1757589539221 19.097053943540264 40
1757589539290 18.50514586171448 41
1757589539359 17.949631303707317 42
1757589539429 17.42801213723333 43
1757589539502 16.937979078842414 44
1757589539577 16.477396379046834 45
1757589539650 16.0442878058208 46
1757589539726 15.636823813543621 47
1757589539798 15.25330979441797 48
1757589539868 14.892175318470208 49
1757589539938 14.551964276509107 50
1757589540013 14.231325847954443 51
1757589540087 13.929006222313067 52
1757589540157 13.643841009337649 53
1757589540226 13.374748278605443 54
1757589540296 13.120722174451222 55
1757589540365 12.880827056925717 56
1757589540437 12.654192123767228 57
1757589540507 12.440006472310204 58
1757589540580 12.237514563840831 59
1757589540650 12.046012056180418 60
1757589540720 11.864841973258 61
1757589540790 11.693391183152125 62
1757589540862 11.531087158559526 63
1757589540932 11.377394995908574 64
1757589541002 11.231814671395767 65
1757589541072 11.093878514103087 66
1757589541147 10.963148878067976 67
1757589541217 10.83921599674095 68
1757589541287 10.72169600469232 69
1757589541362 10.610229112730268 70
1757589541436 10.504477923779614 71
1757589541508 10.404125877953836 72
1757589541579 10.308875816241128 73
1757589541651 10.21844865312747 74
1757589541722 10.13258214930298 75
1757589541793 10.051029776349303 76
1757589541864 9.973559665992214 77
1757589541935 9.899953637129798 78
1757589542007 9.830006294419082 79
1757589542082 9.76352419272616 80
1757589542154 9.70032506222243 81
1757589542224 9.640237089345538 82
1757589542296 9.58309824924209 83
1757589542370 9.528755685673177 84
1757589542440 9.477065134696792 85
1757589542514 9.427890388745304 86
1757589542584 9.381102797994314 87
1757589542655 9.33658080617383 88
1757589542724 9.294209518205088 89
1757589542795 9.253880297259482 90
1757589542867 9.215490389030755 91
1757589542936 9.178942571189896 92
1757589543002 9.144144826155435 93
1757589543073 9.111010035461296 94
1757589543144 9.079455694141167 95
1757589543217 9.049403643673902 96
1757589543287 9.020779822149219 97
1757589543358 8.993514030418378 98
1757589543428 8.967539713091098 99
1757589543500 8.94279375332852 100
1757589543571 8.919216280463266 101
1757589543641 8.896750489552163 102
1757589543717 8.875342472035783 103
1757589543789 8.854941056741607 104
1757589543859 8.835497660525569 105
1757589543929 8.816966147899475 106
1757589544001 8.799302699040917 107
1757589544073 8.782465685626859 108
1757589544143 8.766415553973387 109
1757589544213 8.751114715002156 110
1757589544288 8.736527440588874 111
1757589544362 8.722619765881378 112
1757589544461 8.70935939720457 113
1757589544540 8.696715625196804 114
1757589544616 8.684659242847243 115
1757589544690 8.673162468127398 116
1757589544763 8.66219887093117 117
1757589544834 8.651743304057646 118
1757589544908 8.641771837989083 119
1757589544979 8.632261699233748 120
1757589545053 8.623191212018464 121
1757589545127 8.61453974313054 122
1757589545200 8.606287649721988 123
1757589545274 8.598416229901341 124
1757589545347 8.590907675949916 125
1757589545419 8.58374503001003 126
1757589545493 8.576912142102437 127
1757589545565 8.57039363033963 128
1757589545642 8.56417484320991 129
1757589545719 8.55824182381526 130
1757589545791 8.55258127595321 131
1757589545866 8.54718053193997 132
1757589545940 8.542027522078147 133
1757589546017 8.537110745678538 134
1757589546091 8.532419243550915 135
1757589546165 8.52794257188383 136
1757589546239 8.523670777438308 137
1757589546314 8.519594373984761 138
1757589546384 8.515704319916571 139
1757589546464 8.511991996977894 140
1757589546541 8.508449190046496 141
1757589546618 8.505068067916277 142
1757589546689 8.501841165027054 143
1757589546763 8.498761364092202 144
1757589546834 8.495821879577644 145
1757589546910 8.493016241988188 146
1757589546987 8.490338282919728 147
1757589547062 8.48778212083811 148
1757589547137 8.485342147547657 149
1757589547213 8.483013015314308 150
1757589547290 8.48078962461037 151
1757589547367 8.478667112449438 152
1757589547440 8.476640841282011 153
1757589547516 8.474706388423733 154
1757589547589 8.47285953598968 155
1757589547664 8.47109626130962 156
1757589547738 8.46941272780041 157
1757589547813 8.46780527627303 158
1757589547891 8.466270416652845 159
1757589547962 8.464804820092748 160
1757589548037 8.463405311460162 161
1757589548109 8.462068862179454 162
1757589548182 8.46079258341262 163
1757589548256 8.459573719561751 164
1757589548331 8.458409642077724 165
1757589548405 8.457297843560347 166
1757589548478 8.456235932135861 167
1757589548554 8.455221626098517 168
1757589548629 8.454252748803539 169
1757589548705 8.453327223799342 170
1757589548779 8.45244307018778 171
1757589548856 8.451598398201302 172
1757589548933 8.450791404986825 173
1757589549003 8.450020370586463 174
1757589549075 8.449283654105754 175
1757589549147 8.448579690060518 176
1757589549223 8.44790698489384 177
1757589549297 8.447264113655212 178
1757589549372 8.44664971683411 179
1757589549447 8.446062497340733 180
1757589549522 8.445501217627045 181
1757589549597 8.44496469694141 182
1757589549670 8.444451808710657 183
1757589549747 8.443961478043507 184
1757589549824 8.443492679349717 185
1757589549899 8.443044434069497 186
1757589549974 8.442615808508075 187
1757589550049 8.442205911770449 188
1757589550121 8.441813893791736 189
1757589550201 8.441438943458492 190
1757589550277 8.441080286816963 191
1757589550353 8.440737185364027 192
1757589550424 8.440408934417155 193
1757589550500 8.440094861559576 194
1757589550578 8.439794325157193 195
1757589550657 8.439506712943938 196
1757589550743 8.439231440672405 197
1757589550823 8.43896795082665 198
1757589550909 8.438715711394346 199
1757589550985 8.438474214695528 200
1757589551053 8.438242976265295 201
1757589551129 8.438021533787957 202
1757589551205 8.437809446080315 203
1757589551277 8.437606292121677 204
1757589551355 8.437411670128554 205
1757589551436 8.437225196671973 206
1757589551535 8.437046505835337 207
1757589551613 8.43687524841106 208
1757589551689 8.436711091134166 209
1757589551768 8.436553715951058 210
1757589551842 8.436402819322018 211
1757589551919 8.436258111555683 212
1757589551993 8.436119316174114 213
1757589552070 8.435986169307098 214
1757589552145 8.43585841911423 215
1757589552219 8.435735825233554 216
1757589552293 8.435618158255576 217
1757589552370 8.435505199221353 218
1757589552444 8.43539673914372 219
1757589552518 8.435292578550426 220
1757589552592 8.43519252704829 221
1757589552669 8.435096402907387 222
1757589552741 8.43500403266423 223
1757589552818 8.434915250743302 224
