1757449325268 165.44526806780516 0
1757449325347 152.00923800078363 1
1757449325426 142.06338728132425 2
1757449325496 146.8471490257507 3
1757449325556 148.23621814920472 4
1757449325628 136.45781543057547 5
1757449325696 130.8176741239659 6
1757449325763 127.7302491470937 7
1757449325824 122.1352723452754 8
1757449325891 115.28085148343456 9
1757449325953 112.37973793182466 10
1757449326009 115.69162140075443 11
1757449326069 109.40133967717685 12
1757449326136 99.15124142099648 13
1757449326204 89.78005273036314 14
1757449326269 94.48297821854302 15
1757449326342 88.90100369416763 16
1757449326415 88.43959739497967 17
1757449326495 87.27416903364663 18
1757449326572 74.76529037225887 19
1757449326650 77.744788706239 20
1757449326723 78.24613389788175 21
1757449326799 74.94247778903664 22
1757449326871 70.48608830382744 23
1757449326940 65.95296644999965 24
1757449327012 74.03637978167035 25
1757449327088 56.56146358952962 26
1757449327152 66.5639337467585 27
1757449327223 58.37127090747486 28
1757449327290 56.18886167608535 29
1757449327356 60.67801975791419 30
1757449327425 61.4884639185352 31
1757449327491 58.76418194388986 32
1757449327562 43.17140088939001 33
1757449327635 52.8283047396151 34
1757449327707 48.15550179779518 35
1757449327772 45.95779887952424 36
1757449327837 46.69479638881258 37
1757449327902 42.21017305330431 38
1757449327964 49.715573905648256 39
1757449328023 46.411575631493996 40
1757449328089 35.41420148225243 41
1757449328162 35.46013423898849 42
1757449328233 41.87605625427712 43
1757449328305 29.632887756531453 44
1757449328373 32.594415595537875 45
1757449328447 31.581890678574283 46
1757449328520 32.37306865131237 47
1757449328594 27.95032755626563 48
1757449328670 44.65230283473943 49
1757449328744 39.63090748042667 50
1757449328818 26.351207561869508 51
1757449328891 33.05800639687163 52
1757449328964 27.333662501121047 53
1757449329038 35.03892721350647 54
1757449329111 33.145053647088695 55
1757449329183 32.55429515562439 56
1757449329253 28.188105651407525 57
1757449329323 26.130689209490797 58
1757449329395 25.72425361759788 59
1757449329477 23.976232032021947 60
1757449329639 25.84702102419159 61
1757449329715 22.419710818855187 62
1757449329786 31.351678376724024 63
1757449329859 19.567743831613512 64
1757449329930 14.108160893130464 65
1757449329994 34.75473964105871 66
1757449330057 32.231793310600324 67
1757449330129 25.012883066602345 68
1757449330204 10.354102154436639 69
1757449330277 14.494241648424879 70
1757449330348 12.728887522824236 71
1757449330421 12.417146957902867 72
1757449330495 20.81988044618401 73
1757449330574 13.403028226977403 74
1757449330650 20.63018355248624 75
1757449330725 18.71872815783947 76
1757449330801 8.2135590610291 77
1757449330874 21.09615277504293 78
1757449330953 22.732577164023283 79
1757449331030 13.201061175781977 80
1757449331109 9.469706489195875 81
1757449331188 21.224640365464257 82
1757449331263 29.647893543129094 83
1757449331332 16.70406813939504 84
1757449331404 14.146417950047335 85
1757449331479 15.133054676800372 86
1757449331557 12.302710195639598 87
1757449331628 23.881016694089407 88
1757449331700 20.310125427795903 89
1757449331772 19.04938707851152 90
1757449331848 19.61881059919711 91
1757449331905 19.317781722468236 92
1757449331965 15.994238745601827 93
1757449332027 17.31895910155903 94
1757449332090 16.33325077873025 95
1757449332154 16.34414237126638 96
1757449332218 13.598968643059928 97
1757449332291 8.386823289374458 98
1757449332362 22.450755436862526 99
1757449332439 31.50996293801767 100
1757449332513 9.306427539263522 101
1757449332589 13.230976403225776 102
1757449332667 20.256220715038538 103
1757449332742 13.996284142024544 104
1757449332817 15.275102025537045 105
1757449332891 16.07834455929664 106
1757449332963 19.027069698778362 107
1757449333037 20.18917080954618 108
1757449333107 11.810705987633128 109
1757449333184 4.160484155444288 110
1757449333259 4.0550066932390685 111
1757449333332 19.197792099797027 112
1757449333407 19.806067601207488 113
1757449333480 10.214145108367214 114
1757449333553 17.266866285970217 115
1757449333624 24.738464943135657 116
1757449333697 16.284692989408732 117
1757449333772 19.041433323852253 118
1757449333848 23.3545833639974 119
1757449333922 12.39691960786054 120
1757449333997 10.339831706535287 121
1757449334060 12.834345080604102 122
1757449334122 11.199888436181965 123
1757449334188 14.486428982229237 124
1757449334259 17.057859139132763 125
1757449334329 15.81687978596289 126
1757449334400 19.51534061636009 127
1757449334466 15.18147959423195 128
1757449334534 12.970054087821833 129
1757449334600 13.35072562269874 130
1757449334668 12.50765073659742 131
1757449334736 12.02037893578851 132
1757449334803 17.02224633759306 133
1757449334877 11.486015426791335 134
1757449334952 10.290611490794145 135
1757449335027 22.626166295506643 136
1757449335103 13.959570414423057 137
1757449335176 5.520921932779993 138
1757449335252 22.454402189738563 139
1757449335328 16.78812468170218 140
1757449335403 15.400671101211866 141
1757449335484 10.440843447875837 142
1757449335560 17.46113401096134 143
1757449335636 18.426949832829415 144
1757449335717 8.696467978871608 145
1757449335803 18.648803238841413 146
1757449335892 19.684046670873396 147
1757449335968 16.014457784082857 148
1757449336039 9.563478508850178 149
1757449336114 12.03001407555691 150
1757449336189 13.944267510050532 151
1757449336269 16.93300050045974 152
1757449336345 18.61307891234674 153
1757449336421 19.185640839580117 154
1757449336498 12.654389977722474 155
1757449336570 13.91922451579653 156
1757449336648 10.5680669807839 157
1757449336727 9.047663028612813 158
1757449336804 14.498129203259326 159
1757449336880 12.839546498070895 160
1757449336963 9.22619055463458 161
1757449337038 10.651580951991852 162
1757449337115 17.535790318424432 163
1757449337190 13.865673508933448 164
1757449337264 10.188386003549459 165
1757449337338 19.310257570355184 166
1757449337416 11.129132454113059 167
1757449337492 9.183720887636365 168
1757449337568 12.47101325037306 169
1757449337643 6.952146295911591 170
1757449337719 10.349803903300174 171
1757449337795 9.492193812724668 172
1757449337870 15.164288074455593 173
1757449337946 23.861789635362868 174
1757449338022 13.784266424993032 175
1757449338096 12.535872872329163 176
1757449338172 16.078953557459336 177
1757449338241 12.534187023510114 178
1757449338307 11.885597867906544 179
1757449338373 12.660023599013797 180
1757449338445 8.698155479098801 181
1757449338515 13.088186546028515 182
1757449338585 16.012790097491084 183
1757449338655 11.345263161156401 184
1757449338724 10.600362364810191 185
1757449338792 21.22129996815739 186
1757449338857 15.747489329881233 187
1757449338923 5.821185713560924 188
1757449338991 13.438637137764536 189
1757449339061 10.145088999788307 190
1757449339133 9.763896796024312 191
1757449339212 18.213571271655162 192
1757449339292 16.692928060431584 193
1757449339369 16.067534251520676 194
1757449339445 11.08607348808291 195
1757449339525 6.948950959680529 196
1757449339603 22.90626450400545 197
1757449339683 16.892179559783926 198
1757449339765 8.672851025731394 199
1757449339840 12.929801025808448 200
1757449339918 13.20334495914329 201
1757449339997 14.080581733168572 202
1757449340077 6.133598684651432 203
1757449340153 21.610240958419954 204
1757449340227 8.21343681786804 205
1757449340298 8.491939935773718 206
1757449340373 10.445803754939446 207
1757449340455 9.709654466504706 208
1757449340534 9.118379053175484 209
1757449340615 12.788497888487882 210
1757449340693 11.503980142587535 211
1757449340776 9.480890745962398 212
1757449340852 12.130399375372534 213
1757449340927 15.915100702198666 214
1757449341004 21.95533381388833 215
1757449341085 14.728264104311423 216
1757449341165 12.571895460638917 217
1757449341246 10.625450882518143 218
1757449341322 19.02521145290337 219
1757449341404 11.174644935306878 220
1757449341481 15.831037053804872 221
1757449341559 11.67334717567682 222
1757449341640 11.644837308834308 223
1757449341715 18.521984420391615 224
1757449341793 18.513240465637097 225
1757449341874 14.71971603991039 226
1757449341952 11.958605812432674 227
1757449342033 9.09385531338204 228
1757449342116 12.793517942619117 229
1757449342187 14.140318668836 230
1757449342255 14.679972421392543 231
1757449342329 10.839292094535734 232
1757449342403 20.761909259644767 233
1757449342476 13.270345172090808 234
1757449342540 10.974105361441165 235
1757449342602 13.22134178965261 236
1757449342671 12.13689040354011 237
1757449342739 27.252427839288305 238
1757449342807 10.495092549171703 239
1757449342878 13.53208390059522 240
1757449342949 20.652163879225025 241
1757449343021 15.161712198560986 242
1757449343117 5.798862583671847 243
1757449343194 13.24559268541437 244
1757449343263 20.359031994548907 245
1757449343335 8.53190622122959 246
1757449343405 7.689643872795238 247
1757449343479 17.70769553010966 248
1757449343551 12.62806105869548 249
1757449343628 17.870123193943524 250
1757449343696 10.103184965952837 251
1757449343770 11.376507511446132 252
1757449343843 10.601366517941797 253
1757449343916 13.034659301777644 254
1757449343989 13.098552299287416 255
1757449344066 24.116228529062234 256
1757449344139 7.590288869766236 257
1757449344199 16.201237191489355 258
1757449344271 9.756962621751537 259
1757449344346 11.669235759778129 260
1757449344422 20.692425142357855 261
1757449344496 13.008761148223265 262
1757449344576 14.346322102575028 263
1757449344658 20.252216700523203 264
1757449344741 16.424426051482587 265
1757449344819 20.764974477431654 266
1757449344897 10.2212954221926 267
1757449344978 9.497081488120365 268
1757449345056 10.905155591520366 269
1757449345134 13.35380654922687 270
1757449345210 8.493745272383947 271
1757449345289 23.29016708169187 272
1757449345368 15.78437737020819 273
1757449345449 9.518760115786232 274
1757449345527 20.692922354317076 275
1757449345608 8.548440838544204 276
1757449345685 11.074382202962678 277
1757449345761 16.69024168213021 278
1757449345840 6.498648630757831 279
1757449345917 10.259622559772977 280
1757449346000 11.952947768796818 281
1757449346083 14.202071597515317 282
1757449346161 12.609460475775755 283
1757449346234 12.28230284388561 284
1757449346307 13.248464338825999 285
1757449346377 11.048772976977627 286
1757449346450 13.690117126894718 287
1757449346522 15.704875606011539 288
