1757661412017 25.123861877598042 0
1757661412133 0.011408309958217004 1
1757661412246 4.578387448902411 2
1757661412360 0.628730983371665 3
1757661412475 2.799760547012207 4
1757661412587 0.0012032870915229372 5
1757661412700 0.5247523775562603 6
1757661412816 2.958578051422553 7
1757661412933 0.10173395684313517 8
1757661413048 0.048990113088715904 9
1757661413160 0.13871790153830205 10
1757661413278 0.5317955936493389 11
1757661413395 7.599570773103015 12
1757661413513 0.7225531381164273 13
1757661413625 0.2644169287075323 14
1757661413734 0.3811794049370194 15
1757661413844 1.7467420075772488 16
1757661413959 0.5517706899453637 17
1757661414073 1.46927279835611 18
1757661414187 3.141975876122836 19
1757661414303 0.004827318652342821 20
1757661414419 0.061787528074841 21
1757661414535 2.57900714669501 22
1757661414649 1.8384250738128198 23
1757661414765 0.006980642066955323 24
1757661414880 0.35851153891741594 25
1757661414994 1.2637721204029497 26
1757661415108 2.4380317923656087 27
1757661415222 0.0015165974307953499 28
1757661415341 1.433789560018602 29
1757661415456 0.12009893597867734 30
1757661415573 1.295155681809416 31
1757661415688 0.4419908984530298 32
1757661415806 0.3198645079230431 33
1757661415922 0.6593270677190826 34
1757661416039 2.462478798732137 35
1757661416152 0.18808445491800482 36
1757661416268 2.734654659125324 37
1757661416382 0.7082839074138437 38
1757661416501 0.7445911575642197 39
1757661416614 0.2299417309843671 40
1757661416730 1.723600815648657 41
1757661416844 0.07614969432321787 42
1757661416959 4.889851929544862 43
1757661417075 0.2710309246185024 44
1757661417190 1.3160977602347652 45
1757661417305 0.5954962027352718 46
1757661417420 0.7081368438884458 47
1757661417535 0.36966489822688636 48
1757661417649 0.1372444691531476 49
1757661417764 9.4785568663419e-06 50
1757661417878 2.840931527760539 51
1757661417993 1.395023995598032 52
1757661418107 1.0092465678152842 53
1757661418221 2.7819748915110356 54
1757661418336 0.5343521378555862 55
1757661418451 1.4706810938712254 56
1757661418564 2.5834161018980213 57
1757661418679 1.8320225074892809 58
