1757449499726 83.00882578979045 0
1757449499801 36.87201494592569 1
1757449499871 46.23423956568815 2
1757449499936 12.929785004896821 3
1757449500006 12.262786734483205 4
1757449500071 12.131532533513825 5
1757449500131 19.7140720905643 6
1757449500197 11.839900411594655 7
1757449500264 13.433018997444764 8
1757449500335 14.709670514063522 9
1757449500406 12.014085994093524 10
1757449500478 12.688639307027998 11
1757449500552 13.85482856508573 12
1757449500625 11.521936417357752 13
1757449500700 10.993567270756529 14
