1757447577617 1.4074666650711611 0
1757447577709 9.25179107499066 1
1757447577804 30.424063293290487 2
1757447577896 8.779204506590032 3
1757447577993 2.8051000562056627 4
1757447578087 0.34225843040823334 5
1757447578180 26.39830161629011 6
1757447578274 2.349923689935762 7
1757447578367 18.68205532006869 8
1757447578462 11.769143948906622 9
1757447578557 4.11051606878168 10
1757447578652 13.130805142366397 11
1757447578749 10.30959188237171 12
1757447578860 10.765512534010732 13
1757447578952 3.13306335670233 14
1757447579051 20.616108378088846 15
1757447579147 3.0176859956209268 16
1757447579240 2.390518436529164 17
1757447579336 7.114026624502939 18
1757447579429 3.9830079131408396 19
1757447579523 0.27294783054128924 20
1757447579616 1.0801206455930872 21
1757447579712 78.1143606678515 22
1757447579809 3.861759116310657 23
1757447579911 2.152810449162951 24
1757447580010 10.237564926570347 25
1757447580104 56.1102207195761 26
1757447580197 1.690977080900138 27
1757447580287 0.15950762061560766 28
1757447580380 1.2651237581803043 29
1757447580476 0.20883637383498654 30
1757447580572 3.1473665707813026 31
1757447580668 12.34712622084801 32
1757447580766 15.736248530441609 33
