1757439068185 169.17582318790858 0
1757439068255 169.163125629839 1
1757439068320 169.15059353950673 2
1757439068386 169.1380624024722 3
1757439068448 169.12553234542526 4
1757439068495 169.11300324151415 5
1757439068551 169.10047521742158 6
1757439068607 169.08794814630306 7
1757439068654 169.075422154834 8
1757439068709 169.06289711617714 9
1757439068768 169.05037315700073 10
1757439068832 169.03785015047478 11
1757439068895 169.0253282232602 12
1757439068956 169.0128072485343 13
1757439069014 169.0002873529509 14
1757439069070 168.98776840969435 15
1757439069130 168.9752505454114 16
1757439069193 168.96273363329362 17
1757439069256 168.9502177999804 18
1757439069314 168.9377029186708 19
1757439069373 168.92518911599686 20
1757439069432 168.91267626516478 21
1757439069494 168.90016449279958 22
1757439069553 168.88765367211462 23
1757439069616 168.87514392972764 24
1757439069681 168.86263513885933 25
1757439069744 168.8501274261202 26
1757439069809 168.8376206647381 27
1757439069878 168.82511498131646 28
1757439069945 168.81261024909034 29
1757439070015 168.80010659465586 30
1757439070081 168.78760389125534 31
1757439070136 168.77510226547778 32
1757439070202 168.76260159057273 33
1757439070263 168.7501019931219 34
1757439070328 168.7376033463821 35
1757439070386 168.72510577692782 36
1757439070446 168.7126091580232 37
1757439070509 168.7001136162354 38
1757439070582 168.6876190248358 39
1757439070642 168.6751255103845 40
1757439070699 168.66263294616002 41
1757439070762 168.65014145871515 42
1757439070825 168.63765092133573 43
1757439070890 168.62516146056745 44
1757439070950 168.61267294970327 45
1757439071017 168.60018551528165 46
1757439071082 168.5876990306028 47
1757439071145 168.57521362219802 48
1757439071203 168.56272916337474 49
1757439071264 168.55024578065706 50
1757439071324 168.5377633473596 51
1757439071387 168.5252819899993 52
1757439071446 168.512801581898 53
1757439071509 168.50032224956536 54
1757439071569 168.4878438663306 55
1757439071630 168.47536655869607 56
1757439071694 168.46289019999818 57
1757439071757 168.45041491673223 58
1757439071822 168.43794058224177 59
1757439071894 168.42546732301486 60
1757439071961 168.41299501240232 61
1757439072029 168.40052377688502 62
1757439072098 168.388053489821 63
1757439072150 168.37558427768388 64
1757439072202 168.3631160771116 65
1757439072265 168.350648824751 66
1757439072331 168.33818264706497 67
1757439072397 168.32571741742953 68
1757439072464 168.31325326230046 69
1757439072529 168.30079005506101 70
1757439072596 168.2883279221597 71
1757439072665 168.27586673698707 72
1757439072726 168.26340662598437 73
1757439072785 168.25094746254942 74
1757439072848 168.23848937311624 75
1757439072907 168.22603223108987 76
1757439072969 168.21357616289723 77
1757439073030 168.20112104195044 78
1757439073095 168.18866699466926 79
1757439073150 168.1762138944731 80
1757439073209 168.1637618677745 81
1757439073270 168.15131078800007 82
1757439073334 168.13886078155514 83
1757439073393 168.12641172187358 84
1757439073452 168.11396373535348 85
1757439073508 168.101516695436 86
1757439073566 168.089070728512 87
1757439073622 168.07662570802984 88
1757439073687 168.0641817603732 89
1757439073756 168.05173875899763 90
1757439073818 168.03929683027968 91
1757439073882 168.02685584768213 92
1757439073943 168.01441593757426 93
1757439074009 168.00197697342605 94
1757439074073 167.9895390815997 95
1757439074138 167.97710213557238 96
1757439074200 167.96466626169908 97
1757439074265 167.9522313334641 98
1757439074330 167.93979747721536 99
1757439074394 167.9273645664444 100
1757439074457 167.91493272749182 101
1757439074517 167.9025018338564 102
1757439074583 167.8900720118716 103
1757439074647 167.87764313504348 104
1757439074706 167.8652153296982 105
1757439074769 167.85278846934912 106
1757439074832 167.84036268031514 107
1757439074898 167.8279378361168 108
1757439074957 167.81551406306593 109
1757439075021 167.8030912346902 110
1757439075086 167.79066947729436 111
1757439075152 167.77824866441318 112
1757439075216 167.76582892234416 113
1757439075278 167.75341012462948 114
1757439075342 167.74099239755935 115
1757439075408 167.72857561468314 116
1757439075473 167.71615990228392 117
1757439075542 167.7037451339182 118
1757439075613 167.69133143586197 119
1757439075683 167.67891868167894 120
1757439075752 167.6665069976378 121
1757439075823 167.65409625730953 122
1757439075895 167.64168658695576 123
1757439075967 167.6292778601545 124
1757439076035 167.61687020316026 125
1757439076106 167.60446348955833 126
1757439076177 167.5920578455959 127
1757439076247 167.57965320802472 128
1757439076315 167.56724951360553 129
1757439076385 167.55484688857476 130
1757439076454 167.54244520653575 131
1757439076523 167.5300445937178 132
1757439076592 167.51764492373147 133
1757439076660 167.5052463227988 134
1757439076724 167.49284866453763 135
1757439076789 167.48045207516284 136
1757439076851 167.4680564282994 137
1757439076913 167.45566185015502 138
1757439076977 167.44326821436192 139
1757439077041 167.43087564712064 140
1757439077106 167.41848402207057 141
1757439077170 167.40609346540506 142
1757439077237 167.3937038507707 143
1757439077300 167.3813153043537 144
1757439077367 167.36892769980787 145
1757439077431 167.3565411633122 146
1757439077497 167.3441555685277 147
1757439077562 167.33177104162624 148
1757439077632 167.319387456276 149
1757439077698 167.30700493864157 150
1757439077768 167.29462336239848 151
1757439077840 167.28224285370416 152
1757439077915 167.26986328624122 153
1757439077980 167.25748478616 154
1757439078040 167.2451072271502 155
1757439078104 167.23273073535515 156
1757439078170 167.2203551844717 157
1757439078235 167.2079807006359 158
1757439078302 167.1956071575519 159
1757439078367 167.1832346813485 160
1757439078434 167.17086314573714 161
1757439078503 167.15849267683944 162
1757439078572 167.146123148374 163
1757439078640 167.13375468645526 164
1757439078709 167.12138716480902 165
1757439078772 167.10902070954256 166
1757439078834 167.09665519438892 167
1757439078903 167.08429074544813 168
1757439078972 167.07192723646048 169
1757439079042 167.05956479351886 170
1757439079110 167.04720329037067 171
1757439079176 167.03484285310168 172
1757439079245 167.02248335546648 173
1757439079311 167.01012492354366 174
1757439079380 166.99776743109499 175
1757439079450 166.98541100419195 176
1757439079521 166.9730555166035 177
1757439079593 166.96070109439393 178
1757439079663 166.94834761133933 179
1757439079734 166.93599519349684 180
1757439079805 166.92364371464987 181
1757439079874 166.91129330084834 182
1757439079946 166.89894382588275 183
1757439080016 166.88659541579597 184
1757439080086 166.8742479443856 185
1757439080160 166.86190153768737 186
1757439080229 166.84955606950618 187
1757439080298 166.83721166587046 188
1757439080370 166.82486820059233 189
1757439080439 166.81252579969308 190
1757439080506 166.8001844000381 191
1757439080575 166.78784393850157 192
1757439080642 166.77550454109408 193
1757439080712 166.76316608164575 194
1757439080775 166.75082868615996 195
1757439080839 166.73849222847392 196
1757439080905 166.72615683458392 197
1757439080971 166.7138223783344 198
1757439081041 166.7014889857145 199
1757439081111 166.68915653057573 200
1757439081181 166.67682513890006 201
1757439081250 166.66449468454636 202
1757439081318 166.65216529348933 203
1757439081387 166.639836839595 204
1757439081458 166.627509448831 205
1757439081526 166.61518299507046 206
1757439081594 166.60285760427385 207
1757439081666 166.59053315032156 208
1757439081737 166.5782097591669 209
1757439081804 166.56588730469733 210
1757439081878 166.55356591285909 211
1757439081947 166.54124545754684 212
1757439082017 166.52892606469962 213
1757439082088 166.51660760821932 214
1757439082159 166.50429021403778 215
1757439082227 166.49197375606406 216
1757439082297 166.47965836022283 217
1757439082368 166.4673439004304 218
1757439082439 166.4550305026043 219
1757439082509 166.44271804066796 220
1757439082580 166.43040664053174 221
1757439082651 166.41809617612628 222
1757439082723 166.40578677335483 223
1757439082794 166.39347830615517 224
1757439082854 166.38117090042337 225
1757439082921 166.3688644301044 226
1757439082989 166.3565590210872 227
1757439083067 166.34425454732394 228
1757439083132 166.33195113469637 229
1757439083192 166.31964865716384 230
1757439083254 166.30734724060096 231
1757439083322 166.2950467589742 232
1757439083388 166.28274733815115 233
1757439083456 166.27044885210535 234
1757439083523 166.25815142669725 235
1757439083593 166.24585493590766 236
1757439083663 166.2335595055897 237
1757439083734 166.22126500973152 238
1757439083805 166.20897157417906 239
1757439083876 166.19667907292754 240
1757439083946 166.18438763181584 241
1757439084018 166.17209712484643 242
1757439084090 166.15980767785095 243
1757439084160 166.14751916483897 244
1757439084228 166.13523171163507 245
1757439084297 166.12294519225603 246
1757439084365 166.11065973251925 247
1757439084433 166.0983752064486 248
1757439084507 166.08609173985445 249
1757439084576 166.07380920676786 250
1757439084646 166.06152773299195 251
1757439084716 166.04924719256493 252
1757439084787 166.0369677112829 253
1757439084851 166.0246891631912 254
1757439084913 166.0124116740787 255
1757439084982 166.00013518092763 256
1757439085050 165.98785962072907 257
1757439085120 165.97558511926118 258
1757439085189 165.96331155058732 259
1757439085256 165.9510390404785 260
1757439085327 165.93876746300523 261
1757439085400 165.92649694393128 262
1757439085468 165.9142273573345 263
1757439085536 165.90195882897143 264
1757439085608 165.88969123292708 265
1757439085676 165.8774246949509 266
1757439085747 165.86515908913495 267
1757439085818 165.85289454122164 268
1757439085888 165.84063092531022 269
1757439085959 165.828368367136 270
1757439086029 165.81610674080517 271
1757439086101 165.80384617204604 272
1757439086170 165.79158653497203 273
1757439086242 165.77932795530424 274
1757439086313 165.76707030716327 275
1757439086382 165.75481371626307 276
1757439086450 165.74255805673147 277
1757439086520 165.73030345427514 278
1757439086590 165.71804978302913 279
1757439086660 165.7057971686931 280
1757439086728 165.69354548540915 281
1757439086797 165.68129485886976 282
1757439086859 165.66904516322427 283
1757439086927 165.65679652415804 284
1757439086998 165.64454881582748 285
1757439087069 165.63230216391088 286
1757439087138 165.62005644257187 287
1757439087206 165.6078117774815 288
1757439087281 165.59556804281056 289
1757439087354 165.58332536422301 290
1757439087426 165.5710836158968 291
1757439087494 165.55884292348878 292
1757439087565 165.54660316118407 293
1757439087633 165.53436445463228 294
1757439087708 165.52212667802573 295
1757439087777 165.509889957007 296
1757439087845 165.49765416577543 297
1757439087916 165.48541942996656 298
1757439087984 165.4731856237869 299
1757439088057 165.46095287286474 300
1757439088127 165.44872105141383 301
1757439088197 165.43649028505536 302
1757439088269 165.42426044801022 303
1757439088341 165.41203166589239 304
1757439088413 165.39980381293003 305
1757439088487 165.38757701472994 306
1757439088558 165.37535114552736 307
1757439088630 165.36312633092209 308
1757439088700 165.35090244515646 309
1757439088769 165.33867961382316 310
1757439088840 165.32645771117168 311
1757439088904 165.31423686278754 312
1757439088971 165.3020169429274 313
1757439089037 165.28979807716968 314
1757439089109 165.27758013977817 315
1757439089178 165.26536325632415 316
1757439089247 165.25314730107863 317
1757439089318 165.2409323996057 318
1757439089388 165.22871848900058 319
1757439089459 165.2165055063673 320
1757439089532 165.2042935772594 321
1757439089604 165.19208257596566 322
1757439089673 165.17987262803246 323
1757439089745 165.16766360775574 324
1757439089814 165.1554556406748 325
1757439089887 165.1432486010927 326
1757439089958 165.13104261454163 327
1757439090029 165.1188375553318 328
1757439090101 165.10663354898819 329
1757439090174 165.09443046982827 330
1757439090247 165.08222844336987 331
1757439090317 165.0700273439376 332
1757439090387 165.05782729704217 333
1757439090458 165.0456281770153 334
1757439090531 165.0334301093606 335
1757439090606 165.02123296841702 336
1757439090677 165.00903687968096 337
1757439090753 164.99684171749848 338
1757439090824 164.98464760735897 339
1757439090893 164.97245442361557 340
1757439090964 164.96026229175055 341
1757439091035 164.9480710861242 342
1757439091108 164.9358809322117 343
1757439091177 164.92369170438045 344
1757439091249 164.9115035280986 345
1757439091330 164.89931627774052 346
1757439091406 164.8871300787673 347
1757439091479 164.87494480556063 348
1757439091551 164.8627605835743 349
1757439091623 164.85057728719718 350
1757439091696 164.83839504187594 351
1757439091769 164.8262137220066 352
1757439091838 164.81403345302877 353
1757439091910 164.80185410934553 354
1757439091984 164.78967581638938 355
1757439092054 164.77749844857064 356
1757439092126 164.76532213131458 357
1757439092198 164.75314673903873 358
1757439092268 164.74097239716122 359
1757439092341 164.72879898010663 360
1757439092414 164.71662661328617 361
1757439092483 164.70445517113146 362
1757439092556 164.69228477904653 363
1757439092626 164.68011531147025 364
1757439092696 164.66794689379947 365
1757439092766 164.65577940048024 366
1757439092837 164.64361295690227 367
1757439092909 164.63144743751874 368
1757439092980 164.61928296771228 369
1757439093054 164.60711942194317 370
1757439093124 164.59495692558698 371
1757439093193 164.58279535311107 372
1757439093268 164.57063482988391 373
1757439093346 164.55847523038003 374
1757439093420 164.5463166799608 375
1757439093494 164.53415905310783 376
1757439093574 164.5220024751754 377
1757439093647 164.50984682065229 378
1757439093724 164.49769221488566 379
1757439093802 164.48553853237138 380
1757439093858 164.47338589844952 381
1757439093921 164.46123425032792 382
1757439093992 164.44908352522333 383
1757439094067 164.43693384846512 384
1757439094142 164.42478509456706 385
1757439094215 164.4126373888514 386
1757439094291 164.40049060583902 387
1757439094367 164.38834487084512 388
1757439094446 164.37620005839767 389
1757439094521 164.36405629380477 390
1757439094607 164.35191345160152 391
1757439094681 164.3397716570889 392
1757439094755 164.32763078480917 393
1757439094830 164.3154909600562 394
1757439094905 164.30335205737936 395
1757439094977 164.29121420206542 396
1757439095049 164.27907726867093 397
1757439095120 164.26694138247552 398
1757439095188 164.25480641804282 399
1757439095257 164.2426725006454 400
1757439095331 164.23053950485408 401
1757439095404 164.21840755593425 402
1757439095478 164.20627652846383 403
1757439095553 164.1941465477012 404
1757439095627 164.18201748823134 405
1757439095703 164.16988947530558 406
1757439095777 164.15776238351597 407
1757439095853 164.14563633810675 408
1757439095930 164.1335112136772 409
1757439096003 164.12138713546435 410
1757439096078 164.10926397807455 411
1757439096150 164.09714186673787 412
1757439096224 164.08502067606778 413
1757439096299 164.0729005312871 414
1757439096376 164.06078130701655 415
1757439096452 164.04866312847184 416
1757439096527 164.0365458702808 417
1757439096604 164.02442965765206 418
1757439096679 164.01231436522053 419
1757439096756 164.00020011818776 420
1757439096830 163.98808679119577 421
1757439096905 163.97597450943908 422
1757439096977 163.96386314756677 423
1757439097059 163.95175283076628 424
1757439097125 163.93964343369385 425
1757439097197 163.9275350815297 426
1757439097265 163.9154276489373 427
1757439097332 163.9033212610898 428
1757439097399 163.89121579265768 429
1757439097470 163.87911136880712 430
1757439097555 163.86700786421565 431
1757439097628 163.85490540404234 432
1757439097703 163.8428038629719 433
1757439097780 163.8307033661562 434
1757439097858 163.8186037882872 435
1757439097931 163.80650525450963 436
1757439098008 163.79440763952252 437
1757439098083 163.78231106846357 438
1757439098152 163.77021541603884 439
1757439098226 163.75812080737907 440
1757439098300 163.74602711719737 441
1757439098374 163.73393447061736 442
1757439098450 163.72184274235929 443
1757439098526 163.70975205753967 444
1757439098601 163.69766229088594 445
1757439098676 163.68557356750745 446
1757439098749 163.67348582472803 447
1757439098824 163.66139899988036 448
1757439098896 163.6493132180632 449
1757439098973 163.63722835402183 450
1757439099042 163.6251445328478 451
1757439099108 163.6130616292935 452
1757439099178 163.60097976844352 453
1757439099248 163.5888988250572 454
1757439099319 163.5768189242122 455
1757439099395 163.56473994067497 456
1757439099471 163.55266199951586 457
1757439099545 163.54058497550864 458
1757439099620 163.52850899371657 459
1757439099692 163.5164339289204 460
1757439099767 163.50435990617646 461
1757439099842 163.4922868002725 462
1757439099917 163.4802147362578 463
1757439099994 163.46814358892726 464
1757439100072 163.456073483323 465
1757439100147 163.4440042942471 466
1757439100223 163.43193614673453 467
1757439100300 163.41986891559455 468
1757439100375 163.407802725855 469
1757439100451 163.3957374523322 470
1757439100528 163.38367322004706 471
1757439100603 163.3716099038229 472
1757439100677 163.35954762867354 473
1757439100753 163.34748626942942 474
1757439100829 163.3354259510973 475
1757439100907 163.32336654851477 476
1757439100991 163.31130818668137 477
1757439101077 163.29925074044192 478
1757439101148 163.28719433478892 479
1757439101218 163.2751388445741 480
1757439101286 163.26308439478305 481
1757439101352 163.25103086027454 482
1757439101421 163.23897836602708 483
1757439101493 163.22692678690666 484
1757439101566 163.21487624788452 485
1757439101642 163.20282662383383 486
1757439101715 163.19077803971882 487
1757439101793 163.1787303704197 488
1757439101874 163.1666837408936 489
1757439101947 163.15463802602792 490
1757439102039 163.14259335077267 491
1757439102113 163.1305495900223 492
1757439102191 163.11850686871978 493
1757439102268 163.1064650617667 494
1757439102346 163.0944242940989 495
1757439102424 163.08238444062508 496
1757439102501 163.07034562627408 497
1757439102572 163.05830772596158 498
1757439102642 163.0462708646094 499
