1757669109651 169.38634097125342 0
1757669109748 169.3606768622254 1
1757669109842 169.33515994273526 2
1757669109936 169.30964703325458 3
1757669110024 169.2841381331428 4
1757669110120 169.25863324175916 5
1757669110214 169.2331323584633 6
1757669110304 169.2076354826149 7
1757669110397 169.1821426135736 8
1757669110492 169.1566537506993 9
1757669110590 169.13116889335194 10
1757669110691 169.10568804089158 11
1757669110785 169.08021119267835 12
1757669110880 169.05473834807248 13
1757669110976 169.02926950643433 14
1757669111062 169.00380466712446 15
1757669111150 168.97834382950327 16
1757669111242 168.95288699293155 17
1757669111339 168.92743415677003 18
1757669111435 168.9019853203796 19
1757669111541 168.8765404831212 20
1757669111789 168.85109964435594 21
1757669111974 168.82566280344497 22
1757669112089 168.80022995974963 23
1757669112181 168.77480111263125 24
1757669112279 168.74937626145135 25
1757669112375 168.7239554055715 26
1757669112474 168.69853854435343 27
1757669112585 168.6731256771589 28
1757669112689 168.64771680334985 29
1757669112788 168.62231192228822 30
1757669112893 168.59691103333623 31
1757669112998 168.57151413585598 32
1757669113090 168.54612122920983 33
1757669113235 168.5207323127602 34
1757669113340 168.49534738586962 35
1757669113445 168.46996644790065 36
1757669113550 168.44458949821606 37
1757669113651 168.4192165361787 38
1757669113753 168.39384756115143 39
1757669113854 168.36848257249738 40
1757669113954 168.34312156957955 41
1757669114055 168.3177645517613 42
1757669114156 168.29241151840594 43
1757669114261 168.26706246887687 44
1757669114358 168.24171740253766 45
1757669114465 168.21637631875194 46
1757669114565 168.1910392168835 47
1757669114668 168.16570609629616 48
1757669114768 168.1403769563539 49
1757669114864 168.11505179642074 50
1757669114963 168.0897306158609 51
1757669115060 168.06441341403854 52
1757669115149 168.03910019031812 53
1757669115239 168.0137909440641 54
1757669115331 167.988485674641 55
1757669115440 167.96318438141356 56
1757669115544 167.93788706374647 57
1757669115640 167.91259372100467 58
1757669115745 167.8873043525531 59
1757669115845 167.86201895775687 60
1757669115942 167.83673753598117 61
1757669116041 167.81146008659127 62
1757669116137 167.78618660895256 63
1757669116235 167.76091710243048 64
1757669116336 167.73565156639071 65
1757669116433 167.7103900001989 66
1757669116537 167.68513240322088 67
1757669116642 167.6598787748225 68
1757669116740 167.63462911436977 69
1757669116984 167.60938342122884 70
1757669117174 167.58414169476592 71
1757669117381 167.5589039343472 72
1757669117579 167.53367013933922 73
1757669117778 167.50844030910844 74
1757669117980 167.48321444302147 75
1757669118146 167.45799254044508 76
1757669118278 167.432774600746 77
1757669118407 167.40756062329123 78
1757669118540 167.38235060744773 79
1757669118666 167.35714455258267 80
1757669118794 167.33194245806325 81
1757669118921 167.30674432325682 82
1757669119050 167.2815501475308 83
1757669119174 167.2563599302527 84
1757669119300 167.23117367079016 85
1757669119427 167.205991368511 86
1757669119556 167.18081302278293 87
1757669119687 167.15563863297402 88
1757669119815 167.13046819845218 89
1757669119944 167.10530171858562 90
1757669120068 167.0801391927426 91
1757669120232 167.05498062029147 92
1757669120365 167.02982600060062 93
1757669120520 167.00467533303865 94
1757669120662 166.9795286169742 95
1757669120801 166.954385851776 96
1757669120928 166.92924703681297 97
1757669121061 166.90411217145405 98
1757669121183 166.87898125506823 99
1757669121314 166.85385428702472 100
1757669121438 166.8287312666928 101
1757669121560 166.80361219344184 102
1757669121702 166.77849706664122 103
1757669121838 166.75338588566063 104
1757669121968 166.72827864986965 105
1757669122095 166.7031753586381 106
1757669122231 166.6780760113358 107
1757669122358 166.65298060733278 108
1757669122477 166.6278891459991 109
1757669122595 166.6028016267049 110
1757669122715 166.57771804882051 111
1757669122833 166.55263841171626 112
1757669122947 166.5275627147627 113
1757669123063 166.50249095733034 114
1757669123177 166.47742313878987 115
1757669123300 166.45235925851213 116
1757669123419 166.427299315868 117
1757669123556 166.40224331022839 118
1757669123813 166.3771912409645 119
1757669123961 166.35214310744743 120
1757669124065 166.32709890904852 121
1757669124171 166.30205864513917 122
1757669124266 166.27702231509082 123
1757669124369 166.25198991827511 124
1757669124466 166.22696145406374 125
1757669124569 166.20193692182852 126
1757669124668 166.17691632094127 127
1757669124765 166.1518996507741 128
1757669124863 166.12688691069906 129
1757669124960 166.10187810008833 130
1757669125062 166.07687321831426 131
1757669125159 166.05187226474922 132
1757669125245 166.02687523876577 133
1757669125333 166.0018821397364 134
1757669125429 165.976892967034 135
1757669125535 165.95190772003122 136
1757669125655 165.92692639810105 137
1757669125756 165.90194900061644 138
1757669125855 165.8769755269506 139
1757669125949 165.85200597647668 140
1757669126050 165.82704034856798 141
1757669126148 165.80207864259793 142
1757669126248 165.7771208579401 143
1757669126345 165.75216699396807 144
1757669126442 165.72721705005557 145
1757669126538 165.70227102557635 146
1757669126638 165.67732891990445 147
1757669126736 165.65239073241378 148
1757669126834 165.62745646247853 149
1757669126931 165.60252610947288 150
1757669127028 165.5775996727712 151
1757669127125 165.55267715174793 152
1757669127218 165.52775854577752 153
1757669127308 165.50284385423464 154
1757669127404 165.47793307649403 155
1757669127501 165.4530262119305 156
1757669127599 165.42812325991898 157
1757669127697 165.4032242198345 158
1757669127793 165.3783290910522 159
1757669127892 165.35343787294732 160
1757669127998 165.32855056489512 161
1757669128099 165.30366716627114 162
1757669128201 165.27878767645083 163
1757669128298 165.25391209480986 164
1757669128393 165.22904042072398 165
1757669128491 165.20417265356897 166
1757669128590 165.17930879272083 167
1757669128692 165.15444883755558 168
1757669128790 165.12959278744933 169
1757669128890 165.10474064177828 170
1757669128990 165.07989239991886 171
1757669129089 165.05504806124748 172
1757669129190 165.03020762514063 173
1757669129282 165.005371090975 174
1757669129376 164.98053845812728 175
1757669129472 164.95570972597437 176
1757669129568 164.93088489389316 177
1757669129667 164.90606396126074 178
1757669129764 164.8812469274542 179
1757669129866 164.85643379185083 180
1757669129964 164.8316245538279 181
1757669130060 164.80681921276295 182
1757669130157 164.78201776803346 183
1757669130253 164.75722021901709 184
1757669130351 164.73242656509152 185
1757669130450 164.7076368056347 186
1757669130547 164.6828509400245 187
1757669130644 164.658068967639 188
1757669130741 164.6332908878563 189
1757669130839 164.60851670005476 190
1757669130937 164.58374640361257 191
1757669131033 164.55897999790824 192
1757669131129 164.53421748232032 193
1757669131229 164.50945885622747 194
1757669131319 164.4847041190084 195
1757669131419 164.459953270042 196
1757669131514 164.43520630870714 197
1757669131616 164.41046323438295 198
1757669131714 164.38572404644853 199
1757669131813 164.36098874428316 200
1757669131915 164.3362573272661 201
1757669132010 164.31152979477687 202
1757669132110 164.286806146195 203
1757669132212 164.26208638090017 204
1757669132309 164.23737049827204 205
1757669132411 164.21265849769054 206
1757669132510 164.18795037853553 207
1757669132609 164.16324614018717 208
1757669132706 164.1385457820255 209
1757669132806 164.11384930343078 210
1757669132907 164.0891567037834 211
1757669133061 164.06446798246378 212
1757669133163 164.03978313885247 213
1757669133262 164.0151021723301 214
1757669133353 163.99042508227743 215
1757669133448 163.9657518680753 216
1757669133549 163.94108252910462 217
1757669133648 163.91641706474647 218
1757669133749 163.891755474382 219
1757669133848 163.86709775739243 220
1757669133947 163.84244391315914 221
1757669134048 163.8177939410635 222
1757669134148 163.79314784048714 223
1757669134248 163.76850561081162 224
1757669134345 163.74386725141872 225
1757669134440 163.71923276169028 226
1757669134539 163.69460214100823 227
1757669134633 163.66997538875464 228
1757669134733 163.64535250431157 229
1757669134833 163.62073348706136 230
1757669134935 163.59611833638627 231
1757669135032 163.57150705166882 232
1757669135131 163.54689963229143 233
1757669135231 163.52229607763684 234
1757669135323 163.49769638708773 235
1757669135428 163.47310056002698 236
1757669135535 163.4485085958375 237
1757669135636 163.4239204939023 238
1757669135737 163.39933625360453 239
1757669135842 163.3747558743275 240
1757669135939 163.3501793554544 241
1757669136037 163.32560669636877 242
1757669136138 163.30103789645406 243
1757669136236 163.276472955094 244
1757669136338 163.2519118716723 245
1757669136433 163.2273546455727 246
1757669136537 163.20280127617917 247
1757669136636 163.1782517628758 248
1757669136736 163.15370610504664 249
1757669136831 163.12916430207596 250
1757669136928 163.1046263533481 251
1757669137028 163.08009225824742 252
1757669137129 163.0555620161585 253
1757669137226 163.03103562646595 254
1757669137322 163.00651308855447 255
1757669137411 162.98199440180892 256
1757669137508 162.95747956561416 257
1757669137608 162.93296857935528 258
1757669137707 162.90846144241732 259
1757669137808 162.88395815418562 260
1757669137906 162.8594587140454 261
1757669138017 162.83496312138206 262
1757669138119 162.8104713755812 263
1757669138223 162.78598347602835 264
1757669138322 162.7614994221093 265
1757669138423 162.73701921320975 266
1757669138522 162.71254284871574 267
1757669138623 162.6880703280132 268
1757669138727 162.66360165048826 269
1757669138829 162.63913681552714 270
1757669138929 162.61467582251612 271
1757669139031 162.5902186708416 272
1757669139128 162.56576535989012 273
1757669139227 162.5413158890483 274
1757669139329 162.51687025770278 275
1757669139436 162.49242846524035 276
1757669139543 162.46799051104801 277
1757669139649 162.44355639451265 278
1757669139750 162.41912611502147 279
1757669139852 162.39469967196158 280
1757669139955 162.37027706472028 281
1757669140055 162.345858292685 282
1757669140163 162.32144335524322 283
1757669140269 162.29703225178253 284
1757669140369 162.27262498169063 285
1757669140469 162.2482215443553 286
1757669140569 162.22382193916442 287
1757669140673 162.19942616550594 288
1757669140777 162.17503422276798 289
1757669140881 162.15064611033878 290
1757669140983 162.1262618276065 291
1757669141094 162.10188137395966 292
1757669141201 162.07750474878662 293
1757669141304 162.053131951476 294
1757669141398 162.02876298141646 295
1757669141496 162.0043978379968 296
1757669141600 161.98003652060586 297
1757669141705 161.95567902863266 298
1757669141812 161.93132536146626 299
1757669141913 161.90697551849578 300
1757669142015 161.8826294991105 301
1757669142115 161.8582873026998 302
1757669142218 161.83394892865314 303
1757669142316 161.8096143763601 304
1757669142413 161.78528364521028 305
1757669142519 161.7609567345935 306
1757669142625 161.73663364389958 307
1757669142728 161.7123143725185 308
1757669142827 161.6879989198403 309
1757669142925 161.66368728525512 310
1757669143029 161.6393794681532 311
1757669143131 161.61507546792495 312
1757669143229 161.59077528396074 313
1757669143331 161.56647891565117 314
1757669143425 161.54218636238681 315
1757669143523 161.5178976235585 316
1757669143629 161.493612698557 317
1757669143731 161.46933158677325 318
1757669143831 161.44505428759834 319
1757669143932 161.42078080042336 320
1757669144037 161.39651112463955 321
1757669144139 161.37224525963822 322
1757669144246 161.34798320481082 323
1757669144347 161.32372495954888 324
1757669144451 161.29947052324403 325
1757669144558 161.27521989528793 326
1757669144668 161.25097307507247 327
1757669144772 161.2267300619895 328
1757669144874 161.20249085543114 329
1757669144974 161.1782554547894 330
1757669145075 161.15402385945654 331
1757669145182 161.12979606882485 332
1757669145289 161.10557208228673 333
1757669145398 161.0813518992347 334
1757669145513 161.05713551906138 335
1757669145622 161.03292294115943 336
1757669145729 161.00871416492166 337
1757669145832 160.984509189741 338
1757669145932 160.96030801501038 339
1757669146031 160.936110640123 340
1757669146134 160.9119170644719 341
1757669146237 160.88772728745047 342
1757669146347 160.86354130845208 343
1757669146457 160.8393591268702 344
1757669146564 160.81518074209845 345
1757669146675 160.79100615353042 346
1757669146786 160.76683536055995 347
1757669146902 160.74266836258087 348
1757669147012 160.7185051589872 349
1757669147120 160.69434574917304 350
1757669147227 160.67019013253244 351
1757669147336 160.64603830845974 352
1757669147437 160.6218902763493 353
1757669147544 160.59774603559558 354
1757669147668 160.5736055855931 355
1757669147783 160.5494689257365 356
1757669147891 160.52533605542067 357
1757669148003 160.50120697404031 358
1757669148116 160.47708168099044 359
1757669148225 160.45296017566605 360
1757669148337 160.4288424574623 361
1757669148443 160.40472852577446 362
1757669148572 160.38061837999786 363
1757669148685 160.35651201952788 364
1757669148817 160.33240944376016 365
1757669148948 160.3083106520902 366
1757669149068 160.2842156439138 367
1757669149185 160.2601244186268 368
1757669149294 160.23603697562507 369
1757669149401 160.21195331430462 370
1757669149507 160.1878734340616 371
1757669149611 160.16379733429227 372
1757669149723 160.13972501439284 373
1757669149829 160.1156564737598 374
1757669149938 160.0915917117896 375
1757669150045 160.06753072787882 376
1757669150156 160.04347352142423 377
1757669150261 160.0194200918226 378
1757669150372 159.99537043847081 379
1757669150485 159.97132456076585 380
1757669150615 159.94728245810484 381
1757669150737 159.9232441298849 382
1757669150850 159.89920957550336 383
1757669150966 159.8751787943576 384
1757669151079 159.85115178584508 385
1757669151191 159.8271285493634 386
1757669151325 159.8031090843102 387
1757669151434 159.77909339008323 388
1757669151539 159.75508146608038 389
1757669151644 159.73107331169965 390
1757669151747 159.70706892633902 391
1757669151857 159.68306830939667 392
1757669151962 159.65907146027092 393
1757669152075 159.63507837836002 394
1757669152185 159.61108906306248 395
1757669152297 159.58710351377678 396
1757669152406 159.56312172990167 397
1757669152514 159.53914371083576 398
1757669152630 159.515169455978 399
1757669152747 159.4911989647272 400
1757669152859 159.46723223648252 401
1757669152972 159.44326927064293 402
1757669153089 159.4193100666078 403
1757669153197 159.39535462377637 404
1757669153341 159.37140294154804 405
1757669153458 159.34745501932235 406
1757669153562 159.32351085649893 407
1757669153670 159.29957045247744 408
1757669153781 159.2756338066577 409
1757669153895 159.2517009184396 410
1757669154088 159.22777178722316 411
1757669154288 159.20384641240844 412
1757669154488 159.17992479339566 413
1757669154686 159.1560069295851 414
1757669154886 159.13209282037707 415
1757669155079 159.10818246517215 416
1757669155223 159.08427586337083 417
1757669155353 159.06037301437388 418
1757669155506 159.03647391758196 419
1757669155629 159.012578572396 420
1757669155759 158.98868697821692 421
1757669155893 158.9647991344458 422
1757669156026 158.94091504048382 423
1757669156180 158.91703469573218 424
1757669156314 158.89315809959223 425
1757669156449 158.86928525146547 426
1757669156590 158.84541615075338 427
1757669156726 158.8215507968576 428
1757669156861 158.7976891891799 429
1757669156995 158.77383132712208 430
1757669157144 158.7499772100861 431
1757669157284 158.72612683747388 432
1757669157427 158.70228020868768 433
1757669157555 158.6784373231296 434
1757669157684 158.65459818020202 435
1757669157815 158.63076277930733 436
1757669157939 158.60693111984799 437
1757669158082 158.58310320122666 438
1757669158214 158.55927902284597 439
1757669158340 158.53545858410877 440
1757669158491 158.5116418844179 441
1757669158626 158.4878289231764 442
1757669158766 158.46401969978731 443
1757669158910 158.4402142136538 444
1757669159043 158.4164124641792 445
1757669159170 158.3926144507668 446
1757669159301 158.3688201728201 447
1757669159432 158.3450296297427 448
1757669159555 158.32124282093815 449
1757669159676 158.29745974581033 450
1757669159806 158.273680403763 451
1757669159940 158.24990479420012 452
1757669160068 158.22613291652578 453
1757669160201 158.20236477014407 454
1757669160334 158.17860035445923 455
1757669160464 158.15483966887558 456
1757669160598 158.13108271279756 457
1757669160730 158.1073294856297 458
1757669160880 158.0835799867766 459
1757669161121 158.05983421564298 460
1757669161234 158.03609217163364 461
1757669161336 158.01235385415353 462
1757669161446 157.98861926260756 463
1757669161555 157.96488839640088 464
1757669161652 157.9411612549387 465
1757669161754 157.9174378376263 466
1757669161861 157.89371814386905 467
1757669161971 157.87000217307238 468
1757669162074 157.84628992464192 469
1757669162182 157.82258139798336 470
1757669162290 157.79887659250244 471
1757669162395 157.77517550760504 472
1757669162504 157.75147814269707 473
1757669162612 157.72778449718464 474
1757669162716 157.7040945704739 475
1757669162823 157.68040836197102 476
1757669162928 157.65672587108241 477
1757669163035 157.63304709721447 478
1757669163139 157.6093720397738 479
1757669163244 157.5857006981669 480
1757669163354 157.5620330718006 481
1757669163458 157.53836916008174 482
1757669163564 157.51470896241713 483
1757669163661 157.49105247821385 484
1757669163765 157.46739970687898 485
1757669163872 157.44375064781974 486
1757669163981 157.42010530044342 487
1757669164090 157.39646366415738 488
1757669164196 157.37282573836913 489
1757669164302 157.3491915224863 490
1757669164409 157.3255610159165 491
1757669164515 157.30193421806754 492
1757669164623 157.27831112834727 493
1757669164731 157.25469174616364 494
1757669164837 157.23107607092476 495
1757669164954 157.20746410203876 496
1757669165064 157.18385583891387 497
1757669165174 157.16025128095848 498
1757669165281 157.136650427581 499
