1757678173913 168.86266928634345 0
1757678174024 168.77378009689048 1
1757678174134 168.68493809347413 2
1757678174239 168.5961432510435 3
1757678174344 168.50739554456084 4
1757678174444 168.41869494900183 5
1757678174544 168.33004143935545 6
1757678174639 168.24143499062384 7
1757678174729 168.15287557782247 8
1757678174829 168.06436317598005 9
1757678174932 167.97589776013862 10
1757678175035 167.88747930535337 11
1757678175129 167.79910778669282 12
1757678175222 167.7107831792387 13
1757678175321 167.62250545808593 14
1757678175414 167.53427459834265 15
1757678175512 167.44609057513028 16
1757678175602 167.35795336358345 17
1757678175695 167.26986293884988 18
1757678175793 167.18181927609064 19
1757678175892 167.09382235047983 20
1757678175990 167.0058721372048 21
1757678176085 166.91796861146616 22
1757678176181 166.83011174847755 23
1757678176275 166.7423015234658 24
1757678176366 166.65453791167096 25
1757678176452 166.56682088834614 26
1757678176540 166.47915042875772 27
1757678176634 166.391526508185 28
1757678176729 166.3039491019206 29
1757678176824 166.21641818527016 30
1757678176922 166.1289337335524 31
1757678177018 166.04149572209926 32
1757678177112 165.95410412625571 33
1757678177222 165.86675892137978 34
1757678177320 165.7794600828426 35
1757678177417 165.69220758602845 36
1757678177515 165.60500140633454 37
1757678177605 165.51784151917127 38
1757678177698 165.43072789996202 39
1757678177793 165.34366052414325 40
1757678177890 165.25663936716444 41
1757678177973 165.16966440448812 42
1757678178070 165.0827356115898 43
1757678178173 164.99585296395813 44
1757678178271 164.90901643709466 45
1757678178364 164.82222600651394 46
1757678178461 164.73548164774363 47
1757678178558 164.64878333632427 48
1757678178646 164.56213104780943 49
1757678178737 164.47552475776567 50
1757678178835 164.38896444177246 51
1757678178932 164.30245007542237 52
1757678179025 164.21598163432077 53
1757678179120 164.12955909408603 54
1757678179247 164.04318243034962 55
1757678179358 163.95685161875565 56
1757678179470 163.87056663496142 57
1757678179578 163.784327454637 58
1757678179692 163.69813405346548 59
1757678179808 163.61198640714284 60
1757678179917 163.52588449137784 61
1757678180030 163.43982828189235 62
1757678180139 163.35381775442085 63
1757678180235 163.26785288471106 64
1757678180334 163.18193364852323 65
1757678180431 163.09606002163068 66
1757678180524 163.01023197981957 67
1757678180623 162.92444949888886 68
1757678180728 162.83871255465033 69
1757678180834 162.75302112292877 70
1757678180922 162.66737517956162 71
1757678181030 162.5817747003992 72
1757678181129 162.4962196613047 73
1757678181234 162.4107100381541 74
1757678181334 162.32524580683616 75
1757678181435 162.23982694325247 76
1757678181538 162.1544534233174 77
1757678181639 162.0691252229581 78
1757678181740 161.98384231811457 79
1757678181846 161.89860468473947 80
1757678181945 161.81341229879828 81
1757678182043 161.72826513626924 82
1757678182142 161.6431631731434 83
1757678182240 161.55810638542445 84
1757678182339 161.4730947491289 85
1757678182432 161.38812824028594 86
1757678182530 161.30320683493755 87
1757678182629 161.21833050913833 88
1757678182727 161.1334992389557 89
1757678182828 161.04871300046972 90
1757678182926 160.96397176977314 91
1757678183025 160.87927552297145 92
1757678183128 160.79462423618284 93
1757678183226 160.71001788553815 94
1757678183325 160.62545644718082 95
1757678183428 160.54093989726704 96
1757678183524 160.45646821196564 97
1757678183625 160.37204136745814 98
1757678183726 160.28765933993864 99
1757678183824 160.20332210561386 100
1757678183925 160.1190296407033 101
1757678184022 160.03478192143888 102
1757678184127 159.95057892406533 103
1757678184227 159.86642062483983 104
1757678184331 159.78230700003226 105
1757678184438 159.6982380259251 106
1757678184530 159.61421367881337 107
1757678184629 159.5302339350047 108
1757678184728 159.4462987708193 109
1757678184829 159.36240816259 110
1757678184928 159.27856208666208 111
1757678185034 159.1947605193935 112
1757678185134 159.11100343715466 113
1757678185232 159.02729081632864 114
1757678185333 158.94362263331087 115
1757678185432 158.85999886450952 116
1757678185532 158.77641948634513 117
1757678185630 158.69288447525085 118
1757678185730 158.6093938076723 119
1757678185831 158.52594746006756 120
1757678185929 158.44254540890734 121
1757678186029 158.35918763067468 122
1757678186127 158.27587410186527 123
1757678186227 158.19260479898713 124
1757678186326 158.10937969856087 125
1757678186423 158.02619877711945 126
1757678186527 157.94306201120838 127
1757678186624 157.8599693773856 128
1757678186729 157.77692085222148 129
1757678186826 157.69391641229882 130
1757678186934 157.6109560342129 131
1757678187039 157.52803969457142 132
1757678187147 157.44516736999438 133
1757678187264 157.3623390371144 134
1757678187379 157.27955467257627 135
1757678187494 157.19681425303733 136
1757678187608 157.11411775516737 137
1757678187720 157.03146515564842 138
1757678187829 156.94885643117493 139
1757678187939 156.8662915584538 140
1757678188048 156.78377051420415 141
1757678188161 156.7012932751576 142
1757678188273 156.6188598180581 143
1757678188381 156.53647011966189 144
1757678188493 156.45412415673755 145
1757678188599 156.37182190606603 146
1757678188702 156.28956334444058 147
1757678188802 156.20734844866686 148
1757678188902 156.12517719556274 149
1757678189000 156.04304956195838 150
1757678189095 155.96096552469635 151
1757678189197 155.87892506063145 152
1757678189299 155.79692814663073 153
1757678189396 155.71497475957358 154
1757678189494 155.63306487635168 155
1757678189593 155.5511984738689 156
1757678189697 155.46937552904146 157
1757678189814 155.38759601879775 158
1757678189930 155.30585992007852 159
1757678190040 155.22416720983662 160
1757678190149 155.14251786503723 161
1757678190259 155.06091186265778 162
1757678190373 154.9793491796878 163
1757678190483 154.8978297931292 164
1757678190589 154.81635367999598 165
1757678190690 154.7349208173144 166
1757678190790 154.65353118212286 167
1757678190896 154.572184751472 168
1757678190995 154.49088150242463 169
1757678191095 154.4096214120558 170
1757678191202 154.3284044574526 171
1757678191314 154.24723061571433 172
1757678191428 154.16609986395252 173
1757678191543 154.08501217929086 174
1757678191656 154.00396753886503 175
1757678191766 153.92296591982296 176
1757678191867 153.84200729932473 177
1757678191967 153.7610916545425 178
1757678192066 153.6802189626606 179
1757678192166 153.59938920087538 180
1757678192262 153.5186023463954 181
1757678192360 153.43785837644126 182
1757678192462 153.35715726824563 183
1757678192563 153.27649899905333 184
1757678192656 153.19588354612122 185
1757678192755 153.11531088671833 186
1757678192854 153.0347809981256 187
1757678192958 152.9542938576361 188
1757678193060 152.87384944255498 189
1757678193162 152.7934477301994 190
1757678193264 152.71308869789868 191
1757678193371 152.632772322994 192
1757678193472 152.5524985828386 193
1757678193574 152.4722674547979 194
1757678193674 152.39207891624918 195
1757678193775 152.31193294458174 196
1757678193873 152.231829517197 197
1757678193971 152.1517686115083 198
1757678194068 152.07175020494088 199
1757678194173 151.99177427493214 200
1757678194270 151.91184079893137 201
1757678194373 151.83194975439983 202
1757678194474 151.75210111881069 203
1757678194577 151.67229486964925 204
1757678194668 151.59253098441255 205
1757678194775 151.51280944060977 206
1757678194875 151.43313021576193 207
1757678194982 151.35349328740193 208
1757678195081 151.27389863307477 209
1757678195184 151.19434623033717 210
1757678195292 151.1148360567579 211
1757678195392 151.03536808991763 212
1757678195497 150.95594230740883 213
1757678195598 150.876558686836 214
1757678195702 150.79721720581549 215
1757678195803 150.7179178419754 216
1757678195904 150.63866057295596 217
1757678196004 150.55944537640903 218
1757678196109 150.4802722299985 219
1757678196216 150.4011411114 220
1757678196327 150.32205199830105 221
1757678196440 150.24300486840113 222
1757678196552 150.1639996994113 223
1757678196656 150.0850364690548 224
1757678196758 150.0061151550664 225
1757678196861 149.9272357351928 226
1757678196965 149.84839818719254 227
1757678197067 149.76960248883594 228
1757678197183 149.69084861790512 229
1757678197302 149.612136552194 230
1757678197419 149.53346626950827 231
1757678197535 149.4548377476654 232
1757678197645 149.37625096449474 233
1757678197758 149.29770589783732 234
1757678197873 149.21920252554585 235
1757678197982 149.140740825485 236
1757678198094 149.062320775531 237
1757678198209 148.98394235357196 238
1757678198322 148.90560553750763 239
1757678198438 148.82731030524957 240
1757678198553 148.74905663472106 241
1757678198662 148.67084450385704 242
1757678198767 148.5926738906042 243
1757678198869 148.51454477292094 244
1757678198966 148.4364571287774 245
1757678199066 148.35841093615534 246
1757678199165 148.28040617304828 247
1757678199264 148.20244281746136 248
1757678199365 148.1245208474114 249
1757678199466 148.04664024092696 250
1757678199570 147.96880097604824 251
1757678199672 147.89100303082705 252
1757678199792 147.81324638332688 253
1757678199912 147.73553101162287 254
1757678200023 147.65785689380183 255
1757678200137 147.58022400796213 256
1757678200246 147.50263233221384 257
1757678200357 147.42508184467857 258
1757678200473 147.34757252348965 259
1757678200585 147.27010434679198 260
1757678200693 147.192677292742 261
1757678200796 147.11529133950782 262
1757678200899 147.03794646526913 263
1757678201027 146.96064264821715 264
1757678201144 146.88337986655478 265
1757678201256 146.80615809849633 266
1757678201373 146.72897732226787 267
1757678201486 146.6518375161069 268
1757678201600 146.5747386582625 269
1757678201713 146.49768072699533 270
1757678201824 146.42066370057756 271
1757678201939 146.3436875572929 272
1757678202054 146.26675227543657 273
1757678202173 146.1898578333154 274
1757678202285 146.1130042092476 275
1757678202401 146.03619138156304 276
1757678202516 145.9594193286029 277
1757678202634 145.88268802872014 278
1757678202739 145.80599746027895 279
1757678202839 145.7293476016551 280
1757678202941 145.65273843123586 281
1757678203043 145.57616992741998 282
1757678203145 145.49964206861762 283
1757678203246 145.4231548332505 284
1757678203348 145.34670819975167 285
1757678203454 145.27030214656574 286
1757678203555 145.19393665214872 287
1757678203667 145.11761169496805 288
1757678203776 145.0413272535026 289
1757678203910 144.96508330624266 290
1757678204026 144.88887983169 291
1757678204144 144.8127168083577 292
1757678204259 144.73659421477038 293
1757678204374 144.6605120294639 294
1757678204487 144.58447023098566 295
1757678204605 144.50846879789435 296
1757678204717 144.4325077087601 297
1757678204823 144.35658694216448 298
1757678204931 144.28070647670023 299
1757678205033 144.20486629097167 300
1757678205139 144.1290663635943 301
1757678205239 144.0533066731951 302
1757678205343 143.9775871984124 303
1757678205449 143.90190791789578 304
1757678205552 143.82626881030617 305
1757678205658 143.7506698543159 306
1757678205766 143.6751110286086 307
1757678205873 143.59959231187915 308
1757678205977 143.52411368283387 309
1757678206078 143.44867512019025 310
1757678206180 143.37327660267712 311
1757678206299 143.29791810903464 312
1757678206419 143.22259961801424 313
1757678206534 143.14732110837866 314
1757678206644 143.07208255890183 315
1757678206751 142.99688394836897 316
1757678206856 142.92172525557663 317
1757678206962 142.84660645933258 318
1757678207064 142.77152753845587 319
1757678207182 142.69648847177672 320
1757678207296 142.6214892381366 321
1757678207407 142.54652981638836 322
1757678207515 142.47161018539586 323
1757678207622 142.39673032403434 324
1757678207731 142.32189021119015 325
1757678207833 142.24708982576098 326
1757678207943 142.17232914665556 327
1757678208057 142.09760815279392 328
1757678208168 142.02292682310727 329
1757678208273 141.94828513653803 330
1757678208383 141.87368307203974 331
1757678208493 141.7991206085771 332
1757678208596 141.72459772512607 333
1757678208719 141.6501144006737 334
1757678208819 141.57567061421818 335
1757678208926 141.50126634476894 336
1757678209034 141.4269015713465 337
1757678209139 141.35257627298247 338
1757678209250 141.27829042871966 339
1757678209361 141.20404401761198 340
1757678209467 141.12983701872446 341
1757678209574 141.05566941113327 342
1757678209678 140.98154117392562 343
1757678209798 140.9074522861999 344
1757678209906 140.83340272706562 345
1757678210015 140.75939247564324 346
1757678210134 140.68542151106445 347
1757678210245 140.6114898124719 348
1757678210355 140.53759735901943 349
1757678210464 140.46374412987186 350
1757678210571 140.38993010420515 351
1757678210680 140.31615526120623 352
1757678210785 140.24241958007312 353
1757678210889 140.16872304001487 354
1757678211000 140.0950656202516 355
1757678211107 140.02144730001442 356
1757678211207 139.9478680585455 357
1757678211315 139.87432787509806 358
1757678211424 139.80082672893622 359
1757678211534 139.72736459933523 360
1757678211638 139.6539414655812 361
1757678211739 139.58055730697149 362
1757678211850 139.50721210281418 363
1757678211954 139.43390583242848 364
1757678212064 139.36063847514453 365
1757678212170 139.2874100103035 366
1757678212275 139.21422041725742 367
1757678212379 139.14106967536938 368
1757678212489 139.06795776401344 369
1757678212599 138.99488466257452 370
1757678212704 138.92185035044855 371
1757678212806 138.84885480704236 372
1757678212910 138.77589801177373 373
1757678213015 138.70297994407142 374
1757678213128 138.63010058337497 375
1757678213237 138.55725990913498 376
1757678213341 138.4844579008129 377
1757678213452 138.41169453788115 378
1757678213567 138.3389697998229 379
1757678213682 138.26628366613232 380
1757678213797 138.19363611631442 381
1757678213911 138.12102712988522 382
1757678214024 138.04845668637142 383
1757678214141 137.97592476531068 384
1757678214256 137.90343134625158 385
1757678214377 137.83097640875346 386
1757678214494 137.75855993238656 387
1757678214613 137.68618189673197 388
1757678214735 137.61384228138164 389
1757678214841 137.54154106593828 390
1757678214947 137.46927823001545 391
1757678215056 137.39705375323763 392
1757678215166 137.32486761523998 393
1757678215279 137.25271979566858 394
1757678215389 137.18061027418028 395
1757678215502 137.1085390304427 396
1757678215617 137.03650604413428 397
1757678215735 136.9645112949442 398
1757678215853 136.89255476257253 399
1757678215975 136.8206364267301 400
1757678216090 136.7487562671383 401
1757678216211 136.67691426352965 402
1757678216335 136.6051103956471 403
1757678216452 136.5333446432445 404
1757678216566 136.46161698608648 405
1757678216682 136.38992740394838 406
1757678216803 136.3182758766162 407
1757678216933 136.24666238388681 408
1757678217046 136.17508690556772 409
1757678217169 136.1035494214771 410
1757678217303 136.03204991144398 411
1757678217422 135.96058835530803 412
1757678217544 135.8891647329196 413
1757678217666 135.81777902413975 414
1757678217789 135.74643120884025 415
1757678217914 135.67512126690355 416
1757678218032 135.60384917822273 417
1757678218157 135.53261492270167 418
1757678218279 135.46141848025476 419
1757678218398 135.39025983080722 420
1757678218518 135.31913895429477 421
1757678218638 135.24805583066384 422
1757678218756 135.17701043987162 423
1757678218867 135.10600276188575 424
1757678218969 135.0350327766846 425
1757678219077 134.9641004642572 426
1757678219181 134.89320580460316 427
1757678219289 134.82234877773266 428
1757678219397 134.75152936366663 429
1757678219505 134.6807475424365 430
1757678219608 134.6100032940843 431
1757678219722 134.5392965986627 432
1757678219833 134.46862743623498 433
1757678219938 134.39799578687487 434
1757678220045 134.32740163066688 435
1757678220157 134.25684494770596 436
1757678220273 134.1863257180976 437
1757678220387 134.115843921958 438
1757678220506 134.04539953941375 439
1757678220625 133.9749925506021 440
1757678220746 133.9046229356708 441
1757678220868 133.83429067477817 442
1757678220971 133.76399574809298 443
1757678221077 133.6937381357947 444
1757678221182 133.6235178180731 445
1757678221286 133.55333477512866 446
1757678221396 133.4831889871723 447
1757678221506 133.4130804344254 448
1757678221614 133.34300909711985 449
1757678221724 133.27297495549814 450
1757678221840 133.20297798981312 451
1757678221945 133.13301818032826 452
1757678222058 133.0630955073173 453
1757678222199 132.99320995106467 454
1757678222318 132.92336149186517 455
1757678222443 132.85355011002403 456
1757678222562 132.783775785857 457
1757678222683 132.71403849969025 458
1757678222803 132.64433823186036 459
1757678222915 132.57467496271448 460
1757678223023 132.50504867261 461
1757678223130 132.4354593419149 462
1757678223245 132.36590695100747 463
1757678223346 132.29639148027658 464
1757678223455 132.22691291012126 465
1757678223572 132.15747122095118 466
1757678223685 132.0880663931863 467
1757678223793 132.01869840725692 468
1757678223907 131.94936724360394 469
1757678224020 131.8800728826784 470
1757678224142 131.81081530494188 471
1757678224259 131.74159449086622 472
1757678224382 131.67241042093374 473
1757678224503 131.60326307563705 474
1757678224620 131.53415243547911 475
1757678224741 131.46507848097326 476
1757678224858 131.39604119264322 477
1757678224968 131.32704055102298 478
1757678225076 131.2580765366569 479
1757678225183 131.18914913009962 480
1757678225294 131.12025831191622 481
1757678225403 131.051404062682 482
1757678225512 130.98258636298257 483
1757678225619 130.91380519341388 484
1757678225734 130.8450605345822 485
1757678225845 130.77635236710404 486
1757678225958 130.70768067160625 487
1757678226080 130.63904542872598 488
1757678226200 130.57044661911058 489
1757678226323 130.5018842234177 490
1757678226446 130.43335822231535 491
1757678226564 130.36486859648173 492
1757678226683 130.29641532660526 493
1757678226804 130.22799839338464 494
1757678226922 130.15961777752887 495
1757678227033 130.09127345975713 496
1757678227152 130.0229654207989 497
1757678227276 129.9546936413938 498
1757678227391 129.88645810229173 499
