1757588599803 233.70822094103744 0
1757588599905 175.976612100197 1
1757588600014 317.4215257465053 2
1757588600110 135.1641694318628 3
1757588600211 216.1945818566461 4
1757588600316 160.0858735954321 5
1757588600421 197.90724800007152 6
1757588600530 109.8735583240158 7
1757588600633 920.4706192745883 8
1757588600735 81.37621639100753 9
1757588600841 93.50828895648382 10
1757588600948 101.87305803848855 11
1757588601046 213.40150712064738 12
1757588601142 255.30658065199034 13
1757588601241 229.94114740361883 14
1757588601343 230.19614266349097 15
1757588601444 132.03563410130633 16
1757588601544 227.02651554207063 17
1757588601645 285.5336125529514 18
1757588601745 0.4649283765990111 19
1757588601843 265.7030526108752 20
1757588601939 91.39925037404484 21
1757588602037 161.0310911118217 22
1757588602136 299.227729558827 23
1757588602234 72.52464589402203 24
1757588602330 120.71210031336936 25
1757588602427 100.72287891094841 26
1757588602523 148.67559894279435 27
1757588602622 174.09199132044915 28
1757588602722 1.2646417578929003 29
1757588602824 176.8297080401213 30
1757588602926 99.19045712920249 31
1757588603026 74.82390682370624 32
1757588603127 329.0509081605605 33
1757588603224 1146.837768511073 34
1757588603321 83.95374186098292 35
1757588603418 315.3978163591011 36
1757588603515 333.6752595867649 37
1757588603751 591.0044445873984 38
1757588603853 205.8492564843242 39
1757588603951 187.79951344426 40
1757588604051 200.90756893607335 41
1757588604149 395.3291633453101 42
1757588604248 134.00006596644653 43
1757588604350 257.95633904508026 44
1757588604452 196.67442073852143 45
1757588604552 206.47713193162602 46
1757588604651 182.21022434674862 47
1757588604750 196.09240258978033 48
1757588604849 448.1724378473015 49
1757588604949 198.37909674514808 50
1757588605050 31.453128106244577 51
1757588605150 121.25910392915367 52
1757588605246 1011.099979393859 53
1757588605343 89.10825021719634 54
1757588605440 498.43672104962155 55
1757588605541 0.03052447667800995 56
1757588605637 118.5797255817633 57
1757588605735 38.226843386951565 58
1757588605837 119.00441624566233 59
1757588605937 289.477739873919 60
1757588606039 351.98637007729747 61
1757588606143 322.22000245336 62
1757588606250 95.2359714698493 63
1757588606353 157.407563777958 64
1757588606451 132.0495195564139 65
1757588606549 609.3388046218407 66
1757588606648 165.7645792171966 67
1757588606748 18.98025144861151 68
1757588606848 159.30974994947857 69
1757588606948 113.8119515002726 70
1757588607050 128.133101435913 71
1757588607151 258.65065776343454 72
1757588607252 111.72072600998693 73
1757588607354 9.60784196488161 74
1757588607454 89.26131733667442 75
1757588607553 90.17915971792172 76
1757588607656 218.48209582726983 77
1757588607759 196.3848378159715 78
1757588607863 184.40972441877992 79
1757588607963 236.7108635324463 80
1757588608063 187.63398187750946 81
1757588608165 12.246590784835737 82
1757588608265 297.8081051484213 83
1757588608364 189.0705539498634 84
1757588608464 146.73521695908724 85
1757588608569 20.53571574719582 86
1757588608672 221.10787880954516 87
1757588608772 104.44854036122867 88
1757588608872 190.9303842390444 89
1757588608973 138.6799313315738 90
1757588609076 71.09572496935755 91
1757588609179 67.58274867307301 92
1757588609279 135.56398400123436 93
1757588609381 69.7310606540688 94
1757588609483 208.35637139766 95
1757588609584 149.13064031236004 96
1757588609687 162.6874464613266 97
1757588609787 189.7561247128513 98
1757588609884 128.3716187684374 99
1757588609982 153.47301028300458 100
1757588610082 384.3114499652775 101
1757588610181 276.69764937966966 102
1757588610280 182.23588877948615 103
1757588610381 134.86666362130484 104
1757588610479 235.52249499754137 105
1757588610579 55.44618843713121 106
1757588610679 135.89717504831927 107
1757588610779 63.273031183108024 108
1757588610882 512.7640308717372 109
1757588610995 13.731677306799957 110
1757588611095 236.66398466967874 111
1757588611196 77.33379801624454 112
1757588611297 234.21127143378095 113
1757588611398 33.359326192541 114
1757588611498 239.04200398368772 115
1757588611598 206.11322595384286 116
1757588611703 131.26529501306467 117
1757588611814 73.75064986739007 118
1757588611916 216.60274804149455 119
1757588612017 127.53133366558521 120
1757588612116 248.04667060624539 121
1757588612216 263.3419179619831 122
1757588612316 149.29517987640114 123
1757588612421 96.40091626466973 124
1757588612523 82.37592884444935 125
1757588612623 240.6903439473469 126
1757588612724 141.32641192320045 127
1757588612824 233.66340404569712 128
1757588612932 162.0247665260239 129
1757588613044 225.6501900210309 130
1757588613148 215.97098043651522 131
1757588613247 122.46779210425728 132
1757588613346 154.58114015174007 133
1757588613446 161.8265335693742 134
1757588613546 300.3578928250768 135
1757588613645 222.52757922303292 136
1757588613744 300.42737606208874 137
1757588613845 144.6406410606263 138
1757588613944 54.681736400654394 139
1757588614045 190.3395314419059 140
1757588614145 150.2116023111507 141
1757588614244 316.53807682631486 142
1757588614346 71.95317123498435 143
1757588614450 162.39559391540075 144
1757588614551 152.4456228485895 145
1757588614651 181.35518488268704 146
1757588614754 204.13514643693634 147
1757588614862 168.43575277948895 148
1757588614970 237.76623571653758 149
1757588615082 153.1274970865399 150
1757588615197 137.11595565701785 151
1757588615313 152.47532746023577 152
1757588615423 246.96326940547013 153
1757588615533 42.271489323311485 154
1757588615638 176.4967098761767 155
1757588615739 147.24669766784774 156
1757588615848 139.39104199103923 157
1757588615956 91.83841576377998 158
1757588616060 212.14152714791638 159
1757588616167 409.19537422419546 160
1757588616280 275.626864542984 161
1757588616385 199.20812311436327 162
1757588616485 110.67636710610444 163
1757588616588 80.72543737872225 164
1757588616697 305.3652525234288 165
1757588616805 57.04380500195728 166
1757588616914 112.86342596090176 167
1757588617021 172.9901379985518 168
1757588617122 262.97716084661266 169
1757588617224 322.98241079416164 170
1757588617329 105.3109410050602 171
1757588617436 345.50823973387855 172
1757588617538 173.61019171893244 173
1757588617641 348.8252450476953 174
1757588617740 250.81047969860424 175
1757588617843 167.38344110785337 176
1757588617947 281.8956393968143 177
1757588618060 152.22615159295796 178
1757588618171 185.53850275512963 179
1757588618281 141.6854535968557 180
1757588618394 155.99235954186943 181
1757588618502 43.54951363129552 182
1757588618606 192.67570345121862 183
1757588618707 9172.536848006861 184
1757588618810 268.9467589028671 185
1757588618911 137.0451356729689 186
1757588619016 247.59548809592053 187
1757588619121 28.134855294173807 188
1757588619225 165.0481435501183 189
1757588619327 231.27112950857975 190
1757588619430 152.90609657534992 191
1757588619553 136.54737136928838 192
1757588619659 277.7892125084439 193
1757588619763 177.25980371680092 194
1757588619867 130.3309524796116 195
1757588619971 52.70240228580005 196
1757588620076 145.9542524289041 197
1757588620180 77.44030940114209 198
1757588620284 105.7183990165214 199
1757588620385 1472.7652918618044 200
1757588620486 127.66712931078774 201
1757588620588 190.2737801985343 202
1757588620698 394.85421074472754 203
1757588620808 27.163920310596495 204
1757588620917 171.46782335189553 205
1757588621028 809.248651352393 206
1757588621136 53.789388313526885 207
1757588621246 67.3737376633131 208
1757588621357 241.91587441062214 209
1757588621467 72.61981585399914 210
1757588621570 123.33320200448574 211
1757588621672 24.46253624838268 212
1757588621773 292.91142564535807 213
1757588621878 416.15935692334415 214
1757588622031 112.91744185968211 215
1757588622138 297.25495405461305 216
1757588622245 193.1356764748646 217
1757588622348 248.7992075100767 218
1757588622452 277.2462320669992 219
1757588622556 70.66240621684496 220
1757588622656 131.7258905806947 221
1757588622760 139.5151385900461 222
1757588622865 252.23921926877608 223
1757588622970 205.3019722646669 224
1757588623074 158.8744995730208 225
1757588623179 172.72934870134563 226
1757588623284 206.29480773663983 227
1757588623390 191.64249934892896 228
1757588623494 203.5321167042574 229
1757588623596 95.30820043192244 230
1757588623697 112.1384433423148 231
1757588623802 120.8281339797787 232
1757588623908 236.00290087594541 233
1757588624016 436.30862942220296 234
1757588624121 55.67160689618619 235
1757588624226 125.63491007867131 236
1757588624333 348.41136172780216 237
1757588624439 137.8081728159438 238
1757588624545 138.51785633083222 239
1757588624649 161.71751390256512 240
1757588624751 58.55415053894344 241
1757588624857 381.0971496173289 242
1757588624961 105.39231804872638 243
1757588625066 148.00215180619733 244
1757588625168 262.0148520098422 245
1757588625270 217.50132723063984 246
1757588625372 262.11722283895006 247
1757588625475 279.6619409898299 248
1757588625579 146.0165919984133 249
1757588625692 193.2214415757649 250
1757588625802 204.20691333558966 251
1757588625907 249.7943909012657 252
1757588626015 435.692598075131 253
1757588626119 126.26255411310784 254
1757588626232 88.00543881402447 255
1757588626338 131.695338708121 256
1757588626443 145.4777380345801 257
1757588626550 151.75223693330275 258
1757588626656 163.22089808957244 259
1757588626761 203.88787509835694 260
1757588626864 166.75121368480595 261
1757588626967 259.2126788106815 262
1757588627081 145.52661401761645 263
1757588627199 338.8519404034361 264
1757588627314 182.60703117414988 265
1757588627428 138.57545146150932 266
1757588627541 348.38324689724533 267
1757588627663 911.3347007037735 268
1757588627782 154.25080555061348 269
1757588627898 144.35206311160056 270
1757588628015 223.90341170449676 271
1757588628126 2.4810512582258566 272
1757588628230 203.29154712073688 273
1757588628336 146.5190954555217 274
1757588628509 109.01239049480792 275
1757588628616 142.9979769965917 276
1757588628724 278.71677011928267 277
1757588628833 136.17529240012036 278
1757588628941 222.01952776442945 279
1757588629047 465.6818767512107 280
1757588629150 201.03969216818 281
1757588629251 60.395783748122014 282
1757588629356 189.3029400900001 283
1757588629462 252.12596171030148 284
1757588629566 175.7242385391754 285
1757588629672 212.715692650092 286
1757588629776 385.8632689143687 287
1757588629882 508.99126797895957 288
1757588629987 209.7169817202754 289
1757588630093 191.24280535108423 290
1757588630198 173.59827526346368 291
1757588630303 107.44231618403225 292
1757588630413 273.7344462095896 293
1757588630520 287.7341634657243 294
1757588630631 273.71764040683166 295
1757588630737 193.68230247081482 296
1757588630843 356.4603889393177 297
1757588630949 184.06892124977585 298
1757588631057 53.224833557305544 299
1757588631163 187.26395665062654 300
1757588631270 156.94864028454242 301
1757588631385 36.183427410613874 302
1757588631498 96.90132597103144 303
1757588631604 215.3711267301371 304
1757588631710 122.70403508640764 305
1757588631815 150.4248982930592 306
1757588631921 271.654777998398 307
1757588632029 244.3998400639481 308
1757588632136 153.0624552780628 309
1757588632245 200.61779557231384 310
1757588632351 264.11547625356525 311
1757588632460 243.4337651744127 312
1757588632576 457.5420797420248 313
1757588632694 166.44388204106411 314
1757588632860 208.61640281031308 315
1757588632976 316.0743409241776 316
1757588633091 134.46319833884243 317
1757588633208 209.0548614951201 318
1757588633324 172.7514448064644 319
1757588633433 233.7296649261629 320
1757588633541 202.21510256356672 321
1757588633648 510.0595219530383 322
1757588633755 93.85044824291992 323
1757588633863 222.6519206783519 324
1757588633977 152.1578781322114 325
1757588634085 160.89400073418938 326
1757588634193 348.0826503729607 327
1757588634301 39.22820188363115 328
1757588634409 195.10130679115818 329
1757588634514 110.01760989851489 330
1757588634619 114.99408138498454 331
1757588634724 41.005331565681075 332
1757588634828 64.0513191411943 333
1757588634934 455.40675807595716 334
1757588635038 211.93345683671296 335
1757588635147 677.2924174783084 336
1757588635254 139.05455532498743 337
1757588635361 206.29911689761715 338
1757588635466 221.45376024673348 339
1757588635575 75.10276454363034 340
1757588635682 174.52040102590593 341
1757588635790 156.0789053694314 342
1757588635898 133.09224751903758 343
1757588636007 620.9380205796423 344
1757588636115 92.80969254391637 345
1757588636224 121.65091727854829 346
1757588636332 167.0828654110297 347
1757588636437 113.80731969996376 348
1757588636541 241.79543932842722 349
1757588636649 106.20076196794722 350
1757588636758 72.14274800036523 351
1757588636867 112.2946154219601 352
1757588636975 251.6436520309338 353
1757588637080 240.4740138959309 354
1757588637185 208.6581031343207 355
1757588637290 224.3793708162776 356
1757588637397 158.3882947098197 357
1757588637508 1289.8335647648055 358
1757588637617 116.27651053491228 359
1757588637726 70.27471721482198 360
1757588637834 119.17128304988822 361
1757588637944 246.4837423080864 362
1757588638054 176.8860773571 363
1757588638163 158.38488952802504 364
1757588638274 1141.6741156944481 365
1757588638382 205.8723164053627 366
1757588638487 144.94941324437514 367
1757588638592 187.94671260380113 368
1757588638697 180.05578854784784 369
1757588638811 94.62129826352316 370
1757588638919 57.45380293154253 371
1757588639027 229.6672581159627 372
1757588639132 168.38589793205742 373
1757588639239 407.86958967818134 374
1757588639347 257.21590359478824 375
1757588639466 207.04749048832616 376
1757588639586 318.687858732837 377
1757588639706 251.62284971494265 378
1757588639824 174.98892271336297 379
1757588639943 4579.477957589685 380
1757588640060 260.46217498691436 381
1757588640176 77.29922419366189 382
1757588640293 203.13895685490894 383
1757588640410 48.02055292639449 384
1757588640527 27.769900403333466 385
1757588640644 290.1724147923441 386
1757588640761 605.9043765187839 387
1757588640878 380.07969383584833 388
1757588640995 75.18134419306485 389
1757588641107 7.39749277285158 390
1757588641222 68.10341782186057 391
1757588641345 293.5620941075143 392
1757588641467 110.61198757671893 393
1757588641583 189.64477576317523 394
1757588641702 175.90625216849855 395
1757588641814 31.63592741289697 396
1757588641930 198.95488494941785 397
1757588642051 172.1335199820381 398
1757588642166 248.69156957786782 399
1757588642275 117.69293055659129 400
1757588642386 4.42729898186589 401
1757588642495 201.6677887006682 402
1757588642602 164.38644438000537 403
1757588642710 305.9229024336651 404
1757588642818 206.66640813186868 405
1757588642924 150.15924472877427 406
1757588643032 142.26854184111264 407
1757588643139 129.82181772306143 408
1757588643246 144.99372373861735 409
1757588643353 129.2778265193349 410
1757588643478 124.54610190264205 411
1757588643589 261.7233806566571 412
1757588643697 109.54406789994589 413
1757588643805 191.66331440310407 414
1757588643911 201.26304255733342 415
1757588644020 163.15735162161826 416
1757588644129 210.6746597557704 417
1757588644236 177.6689156362783 418
1757588644343 167.1950094397805 419
1757588644480 143.07338033429443 420
1757588644589 40.04682857321095 421
1757588644699 88.04803255762656 422
1757588644811 19.51539106165025 423
1757588644930 143.957674690729 424
1757588645048 235.1285986713095 425
1757588645168 347.98546545158246 426
1757588645288 102.3764454693852 427
1757588645401 241.9011872199091 428
1757588645517 52.07266730187775 429
1757588645632 167.1423104109734 430
1757588645749 59.74991324980813 431
1757588645865 278.5034947231886 432
1757588645983 98.9947665655831 433
1757588646101 217.703055462102 434
1757588646220 199.36705389141167 435
1757588646342 143.9774233251054 436
1757588646460 168.11412248023174 437
1757588646569 521.9783353003554 438
1757588646681 207.4732414718987 439
1757588646792 68.69029619796991 440
1757588646899 2952.5396043248875 441
1757588647008 72.82146531247523 442
1757588647122 222.64537084280383 443
1757588647243 68.43648267578402 444
1757588647362 86.42012665164995 445
1757588647481 115.68058499585926 446
1757588647599 151.55274326738822 447
1757588647715 125.22336273959166 448
1757588647830 98.02574347688878 449
1757588647944 197.06249852242993 450
1757588648053 119.07160561754719 451
1757588648164 181.05470266562614 452
1757588648275 332.36615196436986 453
1757588648386 42.15856873243783 454
1757588648494 318.8978050702385 455
1757588648603 267.680914612142 456
1757588648734 342.0520555878782 457
1757588648846 261.60281958373236 458
1757588648956 157.34216748704407 459
1757588649067 174.40732030858752 460
1757588649175 304.56774253897146 461
1757588649283 206.21648182048196 462
1757588649392 158.0324702048213 463
1757588649501 19.85763536508322 464
1757588649609 210.59113943026472 465
1757588649716 123.97923291347762 466
1757588649824 57.084660070666175 467
1757588649932 128.52253468707542 468
1757588650041 290.50798552210125 469
1757588650149 423.3887124170976 470
1757588650256 284.13280113708424 471
1757588650364 227.19670166411785 472
1757588650470 143.57537837256342 473
1757588650579 151.37119918930034 474
1757588650686 145.3401539090556 475
1757588650795 146.88359869658478 476
1757588650904 437.4948369623996 477
1757588651014 353.43499603386294 478
1757588651168 393.25247718981234 479
1757588651347 101.82592539590392 480
1757588651470 237.97862153945505 481
1757588651581 242.54306891477776 482
1757588651690 342.0135408364782 483
1757588651800 264.4393294173616 484
1757588651908 23.979841412366785 485
1757588652016 105.53207345267799 486
1757588652126 288.1404477053559 487
1757588652235 130.3369145194477 488
1757588652344 68.90318677226385 489
1757588652453 339.7033709795715 490
1757588652561 429.5511576979378 491
1757588652670 120.20831590911045 492
1757588652780 100.12961519795988 493
1757588652888 96.57472321135846 494
1757588652998 248.1872134549735 495
1757588653108 319.7929273699965 496
1757588653218 86.64367783511027 497
1757588653327 172.82135468135496 498
1757588653435 36.543907006410244 499
