1757512392753 169.05384235421772 0
1757512392821 156.62818811662007 1
1757512392890 151.3343643196547 2
1757512392964 146.09710901698313 3
1757512393033 141.11740407367643 4
1757512393104 136.37561123430834 5
1757512393172 131.85960897664424 6
1757512393245 127.55773818886082 7
1757512393311 123.45898005956325 8
1757512393376 119.55291389175049 9
1757512393439 115.82968377756283 10
1757512393507 112.27996697476662 11
1757512393575 108.89494409151102 12
1757512393643 105.66627096904048 13
1757512393714 102.58605216490359 14
1757512393783 99.64681594463299 15
1757512393857 96.84149069519614 16
1757512393927 94.1633826785263 17
1757512393988 91.6061550481621 18
1757512394063 89.16380805647181 19
1757512394134 86.8306603841249 20
1757512394206 84.60133152742141 21
1757512394278 82.47072518280578 22
1757512394347 80.4340135713946 23
1757512394418 78.48662264964646 24
1757512394486 76.62421815541124 25
1757512394558 74.84269244152317 26
1757512394627 73.13815205186202 27
1757512394698 71.5069059974051 28
1757512394768 69.9454546922415 29
1757512394839 68.45047951182737 30
1757512394909 67.01883293793354 31
1757512394981 65.64752925678583 32
1757512395055 64.33373577882601 33
1757512395126 63.07476455034065 34
1757512395194 61.868064528916285 35
1757512395265 60.71121419629353 36
1757512395336 59.60191458371288 37
1757512395401 58.53798268627701 38
1757512395465 57.51734524420421 39
1757512395538 56.53803287011885 40
1757512395610 55.5981745027232 41
1757512395681 54.695992168323365 42
1757512395754 53.82979603274615 43
1757512395826 52.997979727185474 44
1757512395894 52.19901593246183 45
1757512395963 51.43145220706755 46
1757512396033 50.69390704520963 47
1757512396105 49.9850661518517 48
1757512396176 49.30367892250111 49
1757512396302 48.648555116189094 50
1757512396373 48.01856171075272 51
1757512396444 47.4126199301504 52
1757512396515 46.829702434129885 53
1757512396589 46.268830661121115 54
1757512396661 45.72907231574704 55
1757512396734 45.209538992837636 56
1757512396805 44.70938393029505 57
1757512396877 44.22779988359388 58
1757512396949 43.7640171151127 59
1757512397028 43.31730149187952 60
1757512397102 42.886952685680306 61
1757512397174 42.47230246982289 62
1757512397248 42.072713107174174 63
1757512397320 41.68757582439346 64
1757512397393 41.3163093675739 65
1757512397458 40.958358634775095 66
1757512397527 40.61319338118653 67
1757512397599 40.280306992902695 68
1757512397672 39.9592153255185 69
1757512397744 39.64945560396799 70
1757512397824 39.35058538023189 71
1757512397894 39.06218154572977 72
1757512397965 38.783839395392874 73
1757512398037 38.515171740582545 74
1757512398109 38.25580806817951 75
1757512398179 38.00539374331949 76
1757512398255 37.763589253392674 77
1757512398327 37.53006949105898 78
1757512398400 37.30452307415635 79
1757512398474 37.086651700499246 80
1757512398545 36.87616953567647 81
1757512398616 36.67280263206293 82
1757512398692 36.47628837736054 83
1757512398766 36.2863749710767 84
1757512398836 36.10282092743835 85
1757512398908 35.92539460332297 86
1757512398982 35.75387374986661 87
1757512399057 35.588045086484215 88
1757512399134 35.427703896106976 89
1757512399206 35.272653640508345 90
1757512399276 35.12270559465241 91
1757512399346 34.97767849905751 92
1757512399415 34.837398229223695 93
1757512399484 34.701697481224706 94
1757512399556 34.5704154726153 95
1757512399631 34.443397657850795 96
1757512399704 34.32049545746024 97
1757512399774 34.20156600025604 98
1757512399844 34.086471877902234 99
1757512399916 33.97508091120047 100
1757512399986 33.86726592748781 101
1757512400060 33.76290454857347 102
1757512400132 33.66187898867296 103
1757512400207 33.56407586182684 104
1757512400275 33.46938599831995 105
1757512400342 33.377704269642365 106
1757512400416 33.288929421558684 107
1757512400488 33.20296391487505 108
1757512400559 33.1197137735159 109
1757512400634 33.039088439542816 110
1757512400708 32.9610006347677 111
1757512400780 32.885366228631234 112
1757512400852 32.81210411203472 113
1757512400925 32.741136076830266 114
1757512401000 32.67238670068996 115
1757512401071 32.6057832370892 116
1757512401143 32.541255510153555 117
1757512401215 32.478735814131625 118
1757512401289 32.41815881726891 119
1757512401359 32.35946146986932 120
1757512401434 32.30258291634228 121
1757512401501 32.24746441104389 122
1757512401572 32.194049237730454 123
1757512401646 32.14228263245205 124
1757512401719 32.09211170972315 125
1757512401792 32.04348539181488 126
1757512401865 31.99635434102241 127
1757512401937 31.95067089476776 128
1757512402009 31.906389003405906 129
1757512402082 31.863464170608324 130
1757512402152 31.82185339620508 131
1757512402226 31.78151512137204 132
1757512402298 31.74240917605574 133
1757512402369 31.704496728533957 134
1757512402440 31.667740237014826 135
1757512402513 31.632103403182526 136
1757512402586 31.59755112760178 137
1757512402660 31.564049466898112 138
1757512402734 31.53156559263458 139
1757512402807 31.500067751809894 140
1757512402878 31.469525228906225 141
1757512402953 31.43990830941877 142
1757512403026 31.411188244802133 143
1757512403096 31.383337218772173 144
1757512403168 31.356328314904356 145
1757512403243 31.33013548547301 146
1757512403318 31.304733521478145 147
1757512403394 31.280098023809348 148
1757512403465 31.25620537549843 149
1757512403538 31.23303271501478 150
1757512403613 31.21055791055993 151
1757512403687 31.188759535319104 152
1757512403760 31.167616843630466 153
1757512403834 31.147109748033696 154
1757512403910 31.127218797161927 155
1757512403987 31.107925154442384 156
1757512404063 31.089210577572853 157
1757512404142 31.07105739874242 158
1757512404217 31.053448505566543 159
1757512404291 31.036367322707704 160
1757512404366 31.019797794154382 161
1757512404441 31.00372436613192 162
1757512404514 30.98813197062058 163
1757512404588 30.973006009456785 164
1757512404661 30.958332338994524 165
1757512404735 30.94409725530543 166
1757512404811 30.930287479896347 167
1757512404884 30.916890145924565 168
1757512404957 30.903892784891546 169
1757512405032 30.891283313796805 170
1757512405106 30.879050022734603 171
1757512405180 30.867181562916446 172
1757512405255 30.85566693510355 173
1757512405334 30.844495478433753 174
1757512405409 30.8336568596282 175
1757512405479 30.82314106256365 176
1757512405551 30.812938378196943 177
1757512405627 30.80303939482851 178
1757512405701 30.79343498869266 179
1757512405777 30.784116314862555 180
1757512405855 30.775074798458515 181
1757512405928 30.766302126148656 182
1757512405999 30.757790237931317 183
1757512406072 30.74953131918911 184
1757512406147 30.741517793004977 185
1757512406222 30.73374231273078 186
1757512406296 30.72619775479964 187
1757512406371 30.71887721177327 188
1757512406448 30.71177398561607 189
1757512406519 30.704881581188094 190
1757512406597 30.69819369994911 191
1757512406672 30.691704233866623 192
1757512406748 30.685407259520506 193
1757512406828 30.679297032397756 194
1757512406903 30.67336798137053 195
1757512406984 30.667614703351415 196
1757512407061 30.66203195811977 197
1757512407157 30.656614663313288 198
1757512407229 30.651357889579213 199
1757512407297 30.646256855879805 200
1757512407371 30.641306924946857 201
1757512407448 30.636503598880246 202
1757512407518 30.631842514885598 203
1757512407593 30.627319441146657 204
1757512407671 30.62293027282758 205
1757512407880 30.618671028201046 206
1757512407952 30.614537844897953 207
1757512408030 30.610526976274613 208
1757512408101 30.606634787893743 209
1757512408176 30.60285775411535 210
1757512408250 30.59919245479397 211
1757512408328 30.595635572078812 212
1757512408404 30.592183887313407 213
1757512408481 30.588834278031648 214
1757512408559 30.58558371504681 215
1757512408639 30.58242925963092 216
1757512408746 30.579368060781285 217
1757512408835 30.576397352571462 218
1757512408922 30.573514451583943 219
1757512409008 30.570716754422023 220
1757512409086 30.568001735298118 221
1757512409169 30.565366943696358 222
1757512409247 30.56281000210681 223
1757512409323 30.560328603829316 224
1757512409400 30.5579205108445 225
1757512409479 30.555583551750054 226
1757512409608 30.55331561976001 227
1757512409707 30.551114670765113 228
1757512409786 30.54897872145253 229
1757512409866 30.5469058474827 230
1757512409939 30.54489418172173 231
1757512410015 30.542941912527695 232
1757512410096 30.541047282088908 233
1757512410177 30.539208584812737 234
1757512410267 30.53742416576325 235
1757512410346 30.535692419146336 236
1757512410423 30.534011786840615 237
1757512410501 30.53238075697291 238
1757512410586 30.530797862536772 239
1757512410678 30.529261680052805 240
1757512410781 30.52777082826945 241
1757512410881 30.526323966902957 242
1757512410965 30.524919795415418 243
1757512411046 30.52355705182965 244
1757512411128 30.522234511579708 245
1757512411211 30.52095098639616 246
1757512411297 30.5197053232247 247
1757512411372 30.518496403177494 248
1757512411449 30.51732314051593 249
1757512411525 30.516184481663956 250
1757512411602 30.515079404251047 251
1757512411679 30.514006916183874 252
1757512411761 30.51296605474589 253
1757512411839 30.511955885723822 254
1757512411913 30.5109755025604 255
1757512411990 30.510024025532427 256
1757512412075 30.50910060095351 257
1757512412158 30.50820440040057 258
1757512412236 30.507334619963583 259
1757512412317 30.506490479517694 260
1757512412397 30.505671222017114 261
1757512412472 30.504876112810084 262
1757512412552 30.50410443897433 263
1757512412630 30.503355508672332 264
1757512412707 30.502628650525914 265
1757512412787 30.50192321300937 266
1757512412869 30.50123856386074 267
1757512412945 30.500574089510703 268
1757512413023 30.499929194528413 269
1757512413102 30.49930330108389 270
1757512413185 30.49869584842635 271
1757512413292 30.498106292378225 272
1757512413381 30.49753410484403 273
1757512413460 30.496978773334074 274
1757512413535 30.49643980050218 275
1757512413613 30.49591670369721 276
1757512413694 30.495409014527937 277
1757512413774 30.494916278440865 278
1757512413849 30.494438054310535 279
1757512413934 30.49397391404208 280
1757512414016 30.49352344218552 281
1757512414095 30.49308623556164 282
1757512414173 30.492661902898767 283
1757512414251 30.492250064480547 284
1757512414345 30.491850351804022 285
1757512414463 30.49146240724796 286
1757512414546 30.491085883750987 287
1757512414628 30.490720444499228 288
1757512414707 30.490365762623295 289
1757512414788 30.49002152090419 290
1757512414867 30.48968741148801 291
1757512414946 30.48936313560894 292
1757512415029 30.489048403320712 293
1757512415104 30.488742933235795 294
1757512415220 30.48844645227248 295
