1757450594156 151.65646296619883 0
1757450594230 127.93433702774016 1
1757450594305 110.88272548887812 2
1757450594385 92.3057193911916 3
1757450594444 82.55701724062097 4
1757450594509 69.98713965695383 5
1757450594576 61.2794448431106 6
1757450594641 52.15883415853552 7
1757450594702 47.33119594977708 8
1757450594773 42.865870107190105 9
1757450594846 33.88371836797047 10
1757450594919 28.994502797859614 11
1757450594990 28.410779526908 12
1757450595061 23.23988485447361 13
1757450595132 19.49061562421113 14
1757450595198 14.03590542860368 15
1757450595268 14.557450504275485 16
1757450595339 13.14206901654974 17
1757450595408 11.631143751541424 18
1757450595473 9.61021380253468 19
1757450595540 9.258637985472033 20
1757450595614 6.611717938782941 21
1757450595681 6.005222929516014 22
1757450595747 5.827741649221383 23
1757450595813 5.355870489401587 24
1757450595883 5.077501287911199 25
1757450595952 2.802959709872487 26
1757450596024 3.9970134845467613 27
1757450596095 3.2178322229518894 28
1757450596152 2.040771744393526 29
1757450596220 3.582476863391616 30
1757450596289 3.3420128525636383 31
1757450596356 2.7404489135538306 32
1757450596421 3.0158361004255805 33
1757450596479 2.1154364970317747 34
1757450596543 1.7306937103768274 35
1757450596615 2.8316790064573274 36
1757450596688 1.244128807099288 37
1757450596762 2.971342007837534 38
1757450596835 0.9736050368051574 39
1757450596911 1.5767828992244262 40
1757450596979 1.1124388519428234 41
1757450597048 0.8403861548474703 42
1757450597122 1.5767964409994137 43
1757450597197 2.5598806430909833 44
1757450597275 0.837114060574192 45
1757450597356 0.7354731252205573 46
1757450597431 1.2263389011370325 47
1757450597505 0.6506002049530446 48
1757450597578 3.0355519778596736 49
1757450597655 1.2928083606323377 50
1757450597731 0.3277871586907266 51
1757450597807 1.9861743582221725 52
1757450597881 0.3323859311046458 53
1757450597961 0.8676677103581816 54
1757450598033 1.7656517259059572 55
1757450598105 0.48926615447915234 56
1757450598181 1.491729974294013 57
1757450598263 0.7323918464537307 58
1757450598337 0.5973451093861195 59
1757450598417 0.8762434311439409 60
1757450598492 1.0652998780924279 61
1757450598564 2.2193181158515616 62
1757450598635 1.2624795851390949 63
1757450598707 1.649474694558548 64
1757450598781 0.6120273487935554 65
1757450598854 0.5396200451578865 66
1757450598930 0.5372502286485196 67
1757450599007 0.9806282200722933 68
1757450599083 1.390046225390643 69
1757450599160 1.1918014476376644 70
1757450599237 1.3348507281352553 71
1757450599310 1.0016958267247134 72
1757450599385 0.4897796837297483 73
1757450599457 0.9011269576890191 74
1757450599533 1.0909548239164035 75
1757450599611 1.1597540335105951 76
1757450599686 0.702772385648214 77
1757450599761 0.5279195005097664 78
1757450599834 0.33239361595311523 79
1757450599912 0.8832267535975695 80
1757450599990 0.789915879228869 81
1757450600078 1.0779451445222141 82
1757450600162 0.6777279815575198 83
1757450600236 1.5016016763891822 84
1757450600307 0.9387257898266332 85
1757450600379 0.6447898558094854 86
1757450600448 2.9973237024814754 87
1757450600504 0.8295518139344241 88
1757450600568 1.0325431098934819 89
1757450600635 0.9342949469985248 90
1757450600700 1.2891103004255604 91
1757450600767 0.9766653700196616 92
1757450600833 1.0172728171216854 93
1757450600905 0.5314563736885157 94
1757450600976 1.385826937380448 95
1757450601049 0.8918688758346469 96
1757450601128 1.3483520153711415 97
1757450601205 2.6671765386886075 98
1757450601280 2.2007501768973907 99
1757450601355 1.0634924436188793 100
1757450601430 2.8196488686133185 101
1757450601505 1.0076096367310168 102
1757450601586 1.1902544977988427 103
1757450601655 1.015842359198624 104
1757450601730 0.7984501987488324 105
1757450601801 1.4812339768073248 106
1757450601859 0.9071788062732261 107
1757450601936 2.098591327731156 108
1757450602012 2.087865710756047 109
1757450602091 2.9193778655564104 110
1757450602166 0.9608032770311192 111
1757450602243 0.6214963018487296 112
1757450602323 1.8133539654359347 113
1757450602399 0.7682189915675867 114
1757450602476 1.3438762349925237 115
1757450602546 0.9262733273757171 116
1757450602622 1.4525839661491995 117
1757450602697 0.7817745701510375 118
1757450602774 1.8490627785923384 119
1757450602850 0.9222028825421879 120
1757450602924 1.3723975998816376 121
1757450603006 1.3009539015772844 122
1757450603121 2.0511397445925375 123
1757450603213 0.482826790842777 124
1757450603303 0.6707243772829464 125
1757450603378 0.5847211204497238 126
1757450603455 0.7408005699942359 127
1757450603538 0.49987433956493066 128
1757450603616 1.7877199052707904 129
1757450603694 1.133671525119088 130
1757450603773 1.392415073985377 131
1757450603851 2.7629147152381717 132
1757450603926 0.8574532225207191 133
1757450604003 0.8010244876884093 134
1757450604081 3.193862246581527 135
1757450604158 1.9617478053192385 136
1757450604238 0.9251606325308247 137
1757450604314 1.2114849581959917 138
1757450604388 0.6080507798064577 139
1757450604463 0.5437046617824604 140
1757450604540 0.8238727078085931 141
1757450604615 2.1274276354289543 142
1757450604685 1.2303357945579727 143
1757450604758 2.0945106331421206 144
1757450604832 1.0438397083886093 145
1757450604908 0.5794136698496026 146
1757450604989 2.1518190859507147 147
1757450605071 0.3503834191196478 148
1757450605150 0.9307028142352155 149
1757450605227 0.40352058678108543 150
1757450605303 1.0357437006213837 151
1757450605381 0.8792576343189684 152
1757450605458 0.9711592423014844 153
1757450605535 2.295525419980458 154
1757450605616 1.223508307275635 155
1757450605697 0.5912273000810837 156
1757450605780 0.25618792974514465 157
1757450605859 1.9839608783331875 158
1757450605939 1.3770400849280087 159
1757450606016 0.9695711463733389 160
1757450606097 1.0096055183274215 161
1757450606176 0.7353885625469813 162
1757450606251 0.7513909397052716 163
1757450606328 2.863603579757791 164
1757450606404 0.6185529224100508 165
1757450606482 0.7456546854983919 166
1757450606556 0.49198748048005925 167
1757450606623 1.1027929517970503 168
1757450606756 1.0658262151010187 169
1757450606832 1.0448956957953275 170
1757450606917 3.1178520160313394 171
1757450606997 0.8805741667694954 172
1757450607075 0.6564414747087671 173
1757450607152 0.6865285684923399 174
1757450607230 0.6764041044751005 175
1757450607310 1.4334877806897042 176
1757450607387 0.8032079057651078 177
1757450607468 0.8965780628100094 178
1757450607547 0.8250089726029564 179
1757450607625 0.8299350220000914 180
1757450607705 1.3622544225005446 181
1757450607782 1.4682819347239644 182
1757450607860 1.4587436941888352 183
1757450607939 2.1826376190884442 184
1757450608018 0.7335204079740117 185
1757450608097 0.91792781809246 186
1757450608181 0.7729004655866134 187
1757450608257 0.9770595216727339 188
1757450608338 1.0557801564206326 189
1757450608417 1.5593340221367529 190
1757450608492 1.8483247781814265 191
1757450608566 0.5766945711639058 192
1757450608634 2.182215178509157 193
1757450608704 1.3505353269106293 194
1757450608776 0.6323144376477172 195
1757450608847 0.4660403814415876 196
1757450608919 0.7482291174208707 197
1757450608993 0.4514687962105406 198
1757450609070 0.7976711664311045 199
1757450609149 1.036775608608006 200
1757450609227 0.9277989332651901 201
1757450609305 0.7357743756009437 202
1757450609385 1.8648412017081029 203
1757450609467 0.4377190816868559 204
1757450609547 0.615218350498337 205
1757450609623 0.9690863000148182 206
1757450609700 0.6893257541501436 207
1757450609779 1.6060649729976213 208
1757450609855 0.7019897742358366 209
1757450609930 0.7983122646384765 210
1757450610012 0.6817737764280427 211
1757450610091 0.5760002194641196 212
1757450610169 0.5742647354439179 213
1757450610248 1.1928530334521563 214
1757450610325 0.8367362957226843 215
1757450610408 2.757832406991297 216
1757450610488 1.1008714601012963 217
1757450610564 0.6888481447887749 218
1757450610631 0.6292485566631864 219
1757450610698 0.9473618850918868 220
1757450610764 0.9322583366588789 221
1757450610832 0.9280760635360876 222
1757450610904 1.7869719989331805 223
1757450610977 2.767115203255971 224
1757450611055 0.8324616295520996 225
1757450611135 0.5878757674746634 226
1757450611218 1.668562452190812 227
1757450611300 1.3713143356107704 228
1757450611389 1.2112210949545594 229
1757450611466 1.6441316774315573 230
1757450611549 1.0483929367483147 231
1757450611632 1.0385920315799253 232
1757450611709 0.7993226723957387 233
1757450611787 2.229514989161676 234
1757450611865 1.2158529207437816 235
1757450611946 0.8371362119867283 236
1757450612027 1.6814064170263892 237
1757450612105 3.1699464779857003 238
1757450612196 2.2552636431295334 239
1757450612271 2.3677170100333753 240
1757450612345 0.8389763863734947 241
1757450612418 0.6496288401906622 242
1757450612478 2.4375569897023537 243
1757450612545 0.7629629623152482 244
1757450612617 3.4616762055605976 245
1757450612679 2.2474586905640335 246
1757450612752 0.64385957071588 247
1757450612826 1.894711679595528 248
1757450612901 0.8107414950494769 249
1757450612975 1.099932615610671 250
1757450613053 0.44321224761824796 251
1757450613131 0.6379544892173111 252
1757450613207 2.6668333289188673 253
1757450613286 1.0871642100158194 254
1757450613367 1.1484776462954487 255
1757450613442 2.063377762864255 256
1757450613523 1.297252308172361 257
1757450613601 1.1513192424629768 258
1757450613683 1.3650271629867246 259
1757450613763 1.041095973691597 260
1757450613842 0.6859567026769064 261
1757450613919 0.8590163215232592 262
1757450613996 0.5338240163446009 263
1757450614078 1.5467244754237197 264
1757450614159 1.9891921496464964 265
1757450614237 0.50234896039403 266
1757450614313 1.6966384141376436 267
1757450614393 0.6862390151323775 268
1757450614470 1.0757193577772186 269
1757450614553 1.092756330654475 270
1757450614628 0.9206277575692632 271
1757450614694 0.7555961653161175 272
1757450614769 1.4575600124325927 273
1757450614839 0.6114216869857603 274
1757450614910 0.6457311928493142 275
1757450614982 0.7498572079673305 276
1757450615053 0.5905867034890016 277
1757450615126 0.778639369152193 278
1757450615198 2.1064219974480913 279
1757450615279 0.5263324917261539 280
1757450615356 1.367471420196542 281
1757450615431 0.9159644834122482 282
1757450615507 1.3923505226326047 283
1757450615592 0.9254874661896101 284
1757450615670 5.435809865194962 285
1757450615748 1.2955845709067713 286
1757450615824 1.2254430568295103 287
1757450615902 1.193527872859748 288
1757450615981 1.0216919563309097 289
1757450616059 0.7505039581636362 290
1757450616137 0.992190144341965 291
1757450616212 3.9749841166347957 292
1757450616291 1.0755570048790641 293
1757450616373 0.8896837644315072 294
1757450616458 0.8510691630578713 295
1757450616535 1.0897294189333058 296
1757450616613 2.1427881328894993 297
1757450616686 0.6757696877390287 298
1757450616759 0.7733698937303459 299
1757450616833 1.0119769084848043 300
1757450616908 1.0052636221823508 301
1757450616982 1.325704963592658 302
1757450617061 1.0716881528526214 303
1757450617140 2.0397516667844977 304
1757450617220 1.3154695546782285 305
1757450617305 2.4694500996211426 306
1757450617384 1.0340688668114386 307
1757450617462 1.1847276038097996 308
1757450617541 1.1712889243179336 309
1757450617622 2.050935015113859 310
1757450617702 1.6128298363741222 311
1757450617780 6.0342686272235735 312
1757450617858 0.8923518374116285 313
1757450617940 1.0143380032348863 314
1757450618024 0.8750311960598076 315
1757450618107 1.097816401807 316
1757450618192 0.6089967782100273 317
1757450618271 1.2925993098127666 318
1757450618351 2.0016103915509045 319
1757450618434 0.7391684878597956 320
1757450618517 1.0949778823308332 321
1757450618596 1.3186150959732486 322
1757450618673 1.0717520173639103 323
1757450618750 0.9293534419940298 324
1757450618822 0.8383070083481998 325
1757450618896 1.342896896866103 326
1757450618976 1.3643412831391797 327
1757450619061 1.5980357214313683 328
1757450619138 0.9061491280476711 329
1757450619217 0.5765344498039976 330
1757450619297 4.060896826232151 331
1757450619381 3.2495984429894 332
1757450619462 1.4747459758903252 333
1757450619535 0.9986529138677551 334
1757450619613 0.9626275750603192 335
1757450619687 1.073580373128963 336
1757450619764 1.4213414472189612 337
1757450619845 1.186917616768004 338
1757450619928 1.5456866396990274 339
1757450620014 2.205349448378532 340
1757450620093 0.6465347967643753 341
1757450620167 1.093885324706069 342
1757450620241 1.800319362077673 343
1757450620317 0.7365030679224689 344
1757450620397 1.1484761837996085 345
1757450620475 1.1135012462428038 346
1757450620554 2.0885727239105374 347
1757450620633 0.736089804600047 348
1757450620709 1.0727081414252222 349
1757450620780 0.5984875702534889 350
1757450620854 1.1936574278494445 351
1757450620930 0.41367539120002583 352
1757450621000 0.9748426637722925 353
1757450621074 0.7783622821464804 354
1757450621147 1.5098281895043184 355
1757450621220 1.0546331904843629 356
1757450621292 0.8024849618715613 357
1757450621363 1.078808392294757 358
1757450621438 4.2340746661466255 359
1757450621510 0.753129582913282 360
1757450621585 1.3663873769477264 361
1757450621657 1.165982383607408 362
1757450621733 1.7581682657821007 363
1757450621811 1.2464253892668646 364
1757450621886 1.4457934042935812 365
1757450621964 0.6863845339861214 366
1757450622042 2.248607734527234 367
1757450622120 0.9046201678339613 368
1757450622201 0.8777389219006092 369
1757450622281 1.1079713981261246 370
1757450622363 0.7454488096938752 371
1757450622443 0.7218474249072773 372
1757450622524 1.4410280080559372 373
1757450622604 1.4512003640373214 374
1757450622685 0.6890058894602005 375
1757450622763 0.7590654644293209 376
1757450622836 1.1680831023298022 377
1757450622910 0.6366021379780004 378
1757450622988 0.7406465961662813 379
1757450623053 1.146270862880144 380
1757450623122 0.5165211392133089 381
1757450623195 0.7796531916034868 382
1757450623271 0.6013966029684118 383
1757450623348 0.7664411427676895 384
1757450623426 0.9636006773914344 385
1757450623509 1.0771075038104942 386
1757450623591 0.917975431526873 387
1757450623672 1.090452740244715 388
1757450623751 1.2334134610207557 389
1757450623831 1.9730670030338222 390
1757450623915 1.0579562171806587 391
1757450623995 1.1128162380923918 392
1757450624078 0.9287030404652691 393
1757450624156 0.9180299285924312 394
1757450624232 1.1836129056125995 395
1757450624311 1.204082053302846 396
1757450624390 0.5265622553053452 397
1757450624469 2.1361746319877537 398
1757450624548 0.9398685602730522 399
1757450624636 0.7030579887521464 400
1757450624712 0.916199164250143 401
1757450624790 0.9629091256394932 402
1757450624861 0.7071576493382461 403
1757450624935 1.827588275683169 404
1757450625003 1.7447867402041854 405
1757450625077 0.7638224370543644 406
1757450625151 1.197522413836 407
1757450625227 0.8000177465534917 408
1757450625307 0.7499235020039667 409
1757450625384 1.846292033889058 410
1757450625464 1.5332795036228872 411
1757450625543 0.7267860863618348 412
1757450625626 0.6778602258030919 413
1757450625708 0.6131450617214148 414
1757450625789 1.8789013239840588 415
1757450625880 0.37324669649052256 416
1757450625964 0.8026276958438713 417
1757450626049 1.5639945732496896 418
1757450626133 3.0649779955830176 419
1757450626211 1.7755735374710224 420
1757450626289 2.539190923232301 421
1757450626373 0.46316565321209513 422
1757450626455 1.1855507629461304 423
1757450626540 0.5764506865577027 424
1757450626622 1.1346220076123965 425
1757450626703 1.1142834783640834 426
1757450626787 2.8916015547349723 427
1757450626868 0.3913680599020498 428
1757450626943 0.6829344759857608 429
1757450627021 1.600876969685271 430
1757450627099 1.5439753694505143 431
1757450627177 1.1085911926770595 432
1757450627256 0.6187071587261471 433
1757450627334 0.7341521179484969 434
1757450627414 1.3186144720848334 435
1757450627493 0.5169536916471711 436
1757450627571 0.8578663054703733 437
1757450627656 0.8397453916475752 438
1757450627737 1.1293792670154026 439
1757450627814 1.579187173203548 440
1757450627894 1.6217961552878561 441
1757450627973 1.068901831253052 442
1757450628054 0.7884405680015661 443
1757450628131 1.1701992159710681 444
1757450628213 1.1750021930078614 445
1757450628292 2.8012583910638207 446
1757450628374 1.914077052556209 447
1757450628465 0.7156953009957049 448
1757450628543 0.6626646248718298 449
1757450628622 1.282465363894539 450
1757450628699 0.9346170922736249 451
1757450628774 2.7696254137655307 452
1757450628851 1.7809256103209754 453
1757450628927 3.0909060918007203 454
1757450628999 0.469846412642561 455
1757450629075 1.271029254550094 456
1757450629152 2.1527643725516503 457
1757450629230 0.6426681687095721 458
1757450629307 1.175924922675845 459
1757450629387 1.1499102640080987 460
1757450629465 1.175245637630296 461
1757450629547 1.007109214548937 462
1757450629631 2.64774341028602 463
1757450629709 1.2936916715348448 464
1757450629791 0.7003668531631206 465
1757450629876 1.0891981868417222 466
1757450629966 0.6317288953822409 467
1757450630048 1.671520397307491 468
1757450630128 1.6789187106585572 469
1757450630209 0.9210152815673246 470
1757450630291 0.8748556542056936 471
1757450630372 1.0717927115553412 472
1757450630451 0.6409678253194628 473
1757450630532 0.5000712747130512 474
1757450630613 0.8144617510489212 475
1757450630694 1.0994975829137308 476
1757450630778 1.4549821426623317 477
1757450630855 0.823964224908218 478
1757450630932 0.9250997123145384 479
1757450631010 0.6113306742646386 480
1757450631088 1.0143819596703456 481
1757450631168 0.8382962667122549 482
1757450631248 1.1588950791877344 483
1757450631328 2.133883922262101 484
1757450631410 0.7242017477143914 485
1757450631489 2.7936156257914844 486
1757450631584 0.2825466522644332 487
1757450631664 0.8963068845465936 488
1757450631744 1.1380831443359465 489
1757450631823 0.65854887711267 490
1757450631905 0.8465834461721735 491
1757450631984 2.4446970919765025 492
1757450632068 0.9380238918146108 493
1757450632150 0.9660068670441412 494
1757450632233 0.37211279313048934 495
1757450632315 1.342811386176505 496
1757450632394 0.6275635397371436 497
1757450632477 0.2285612248653913 498
1757450632560 3.0605594724152008 499
