1757447603675 136.07990292153153 0
1757447603769 56.62044099938816 1
1757447603866 84.3734255542687 2
1757447603963 65.20291205320217 3
1757447604060 48.90675692668902 4
1757447604155 9.436721741926227 5
1757447604251 2.01327255406217 6
1757447604347 33.223227536548926 7
1757447604445 4.933992924579925 8
1757447604543 93.84340064030933 9
1757447604641 3.721420831646344 10
1757447604740 0.5655393502304012 11
1757447604836 15.821189450978203 12
1757447604931 1.4719801245982054 13
1757447605026 13.74814694732902 14
1757447605120 0.28497259144329823 15
1757447605218 1.5303113728885125 16
1757447605317 31.57418571156439 17
1757447605414 0.1509065274346669 18
1757447605511 3.253779943027147 19
1757447605609 4.017967836921915 20
1757447605702 16.56495191458813 21
1757447605798 7.891189081927964 22
1757447605891 0.0009792364168581095 23
1757447605986 10.991061590251373 24
1757447606082 18.601375727745634 25
1757447606174 2.786822074600582 26
1757447606269 7.292363784603451 27
1757447606364 6.146652323011533 28
1757447606462 22.473747983866758 29
1757447606557 42.76685687658223 30
1757447606652 4.974869495899386 31
1757447606749 0.14415170629845134 32
1757447606848 16.889764134880615 33
