1757439172470 169.2206963192451 0
1757439172540 168.1632694079545 1
1757439172606 167.5593290134195 2
1757439172673 166.94107015259553 3
1757439172741 166.32534566175042 4
1757439172808 165.71211097152766 5
1757439172875 165.10135605112336 6
1757439172948 164.49307084035644 7
1757439173015 163.8872453200686 8
1757439173080 163.2838695118139 9
1757439173143 162.68293347769367 10
1757439173208 162.08442732019157 11
1757439173277 161.48834118200918 12
1757439173340 160.89466524590264 13
1757439173400 160.3033897345197 14
1757439173460 159.7145049102374 15
1757439173519 159.12800107500067 16
1757439173580 158.54386857016124 17
1757439173642 157.9620977763175 18
1757439173705 157.3826791131549 19
1757439173767 156.80560303928678 20
1757439173830 156.2308600520964 21
1757439173890 155.65844068757903 22
1757439173953 155.08833552018493 23
1757439174017 154.52053516266312 24
1757439174081 153.95502415215446 25
1757439174131 153.39180848353422 26
1757439174194 152.83086052028264 27
1757439174259 152.2721893686327 28
1757439174318 151.7157675142757 29
1757439174383 151.161604087041 30
1757439174447 150.6096716984236 31
1757439174510 150.059979501441 32
1757439174575 149.51250023257808 33
1757439174639 148.96724306764563 34
1757439174706 148.42418086731004 35
1757439174774 147.88332282978453 36
1757439174840 147.34464795127985 37
1757439174909 146.80814439667202 38
1757439174975 146.27381836119906 39
1757439175043 145.74164301670768 40
1757439175112 145.21162761580678 41
1757439175180 144.68374544743324 42
1757439175247 144.1580057852704 43
1757439175313 143.63438203886997 44
1757439175382 143.11288350260773 45
1757439175447 142.59348370587307 46
1757439175513 142.07619196336483 47
1757439175581 141.56098192353824 48
1757439175650 141.0478629210501 49
1757439175716 140.53680872265483 50
1757439175782 140.0278286826055 51
1757439175842 139.52089668519508 52
1757439175904 139.01602210391476 53
1757439175965 138.51317893984054 54
1757439176024 138.01237658534768 55
1757439176089 137.51358915754483 56
1757439176151 137.01682606734082 57
1757439176216 136.52206154713207 58
1757439176282 136.02930502601416 59
1757439176347 135.53853085093152 60
1757439176413 135.04974846882314 61
1757439176481 134.5629323404471 62
1757439176547 134.0780919302462 63
1757439176613 133.59520181206273 64
1757439176681 133.11427146750717 65
1757439176753 132.63527558278187 66
1757439176819 132.15822365633247 67
1757439176890 131.68309048600233 68
1757439176958 131.20988558674296 69
1757439177026 130.7385838673247 70
1757439177093 130.26919485887947 71
1757439177158 129.80169358039547 72
1757439177223 129.33608957886275 73
1757439177290 128.8723579827834 74
1757439177360 128.4105083546868 75
1757439177429 127.95051593188968 76
1757439177495 127.49239029214539 77
1757439177560 127.03610678089113 78
1757439177626 126.58167499079204 79
1757439177699 126.12907037471645 80
1757439177765 125.67830253993245 81
1757439177832 125.22934704605501 82
1757439177886 124.78221351464965 83
1757439177935 124.33687761139828 84
1757439177989 123.89334897186146 85
1757439178048 123.4516033671131 86
1757439178107 123.01165044640975 87
1757439178167 122.57346608554707 88
1757439178228 122.13705994718174 89
1757439178290 121.70240801116556 90
1757439178368 121.26951995326259 91
1757439178432 120.83837185671987 92
1757439178499 120.40897341011927 93
1757439178564 119.9813007994468 94
1757439178629 119.55536372581551 95
1757439178711 119.13113847729873 96
1757439178793 118.7086347672573 97
1757439178865 118.28782898520468 98
1757439178936 117.8687308564691 99
1757439179004 117.45131687136153 100
1757439179070 117.03559676690014 101
1757439179137 116.62154713355532 102
1757439179206 116.20917771976082 103
1757439179273 115.79846521551258 104
1757439179339 115.38941938038856 105
1757439179406 114.98202247724427 106
1757439179477 114.57626510653304 107
1757439179544 114.17215428116438 108
1757439179611 113.76966694087236 109
1757439179679 113.36881287200143 110
1757439179746 112.96956910787799 111
1757439179813 112.57194544507121 112
1757439179876 112.1759190136356 113
1757439179936 111.78149962009886 114
1757439180001 111.38866449063384 115
1757439180064 110.99742344147108 116
1757439180129 110.60775379429626 117
1757439180193 110.21966537478994 118
1757439180255 109.8331355995491 119
1757439180315 109.44817430345431 120
1757439180380 109.06475899741672 121
1757439180443 108.68289952526949 122
1757439180504 108.30257349164484 123
1757439180566 107.92379074908392 124
1757439180630 107.54652899535107 125
1757439180693 107.17079809145346 126
1757439180755 106.79657582770274 127
1757439180823 106.42387207333275 128
1757439180887 106.05266471062158 129
1757439180950 105.68296361679324 130
1757439181014 105.3147467655154 131
1757439181075 104.94802404176814 132
1757439181141 104.58277351003602 133
1757439181208 104.21900506282364 134
1757439181275 103.85669685486363 135
1757439181339 103.49585878595633 136
1757439181404 103.1364691005174 137
1757439181469 102.77853770541661 138
1757439181533 102.42204293419174 139
1757439181595 102.0669947005581 140
1757439181661 101.71337142661845 141
1757439181728 101.36118303271235 142
1757439181794 101.01040802895426 143
1757439181864 100.66105634208913 144
1757439181925 100.31310656969364 145
1757439181984 99.96656864470175 146
1757439182049 99.6214212516067 147
1757439182113 99.27767432931748 148
1757439182178 98.93530664870194 149
1757439182243 98.59432815443256 150
1757439182309 98.25471770321367 151
1757439182374 97.91648524527199 152
1757439182437 97.57960972261384 153
1757439182500 97.24410109081343 154
1757439182564 96.90993837664826 155
1757439182630 96.57713154083545 156
1757439182696 96.24565969439666 157
1757439182763 95.9155328029898 158
1757439182834 95.58673006135697 159
1757439182900 95.25926143989709 160
1757439182969 94.93310621655286 161
1757439183037 94.60827436626654 162
1757439183110 94.2847452496651 163
1757439183180 93.96252884603877 164
1757439183246 93.64160459818595 165
1757439183312 93.32198248955186 166
1757439183381 93.003642044597 167
1757439183449 92.68659325073057 168
1757439183523 92.3708157135695 169
1757439183588 92.05631942429818 170
1757439183656 91.74308406918765 171
1757439183726 91.43111964301103 172
1757439183796 91.12040591219451 173
1757439183870 90.81095287491564 174
1757439183936 90.50274037726021 175
1757439183999 90.1957784206279 176
1757439184063 89.8900469302721 177
1757439184133 89.58555591063448 178
1757439184196 89.28228536564733 179
1757439184258 88.9802453026162 180
1757439184319 88.67941580366687 181
1757439184386 88.37980687879285 182
1757439184451 88.08140364419035 183
1757439184519 87.78419875556409 184
1757439184586 87.48819972625783 185
1757439184655 87.19338683491074 186
1757439184727 86.89977009755532 187
1757439184796 86.60732986613768 188
1757439184866 86.31607615878492 189
1757439184937 86.02598940349316 190
1757439185005 85.73707962031058 191
1757439185076 85.4493273128159 192
1757439185149 85.16274250281353 193
1757439185219 84.87730576900051 194
1757439185285 84.59302713477449 195
1757439185354 84.30988725348975 196
1757439185423 84.02789614997603 197
1757439185493 83.74703455178702 198
1757439185561 83.46731248502545 199
1757439185635 83.18871075098947 200
1757439185705 82.91123937689754 201
1757439185775 82.6348792373406 202
1757439185845 82.35964036049745 203
1757439185912 82.08550369380315 204
1757439185974 81.81247926624336 205
1757439186037 81.54054809765155 206
1757439186104 81.26972021766856 207
1757439186169 80.99997671808384 208
1757439186234 80.7313276290435 209
1757439186304 80.46375411385317 210
1757439186372 80.19726620301631 211
1757439186441 79.93184513091823 212
1757439186510 79.6675009282734 213
1757439186579 79.40421490011312 214
1757439186647 79.1419970772184 215
1757439186715 78.88082883483582 216
1757439186785 78.62072020367022 217
1757439186855 78.36165262875568 218
1757439186923 78.10363614057981 219
1757439186993 77.84665225353926 220
1757439187063 77.59071099776524 221
1757439187132 77.33579395659493 222
1757439187203 77.08191115966552 223
1757439187273 76.82904425883552 224
1757439187341 76.57720328311227 225
1757439187409 76.32636995245927 226
1757439187483 76.07655429511979 227
1757439187553 75.82773809874882 228
1757439187623 75.57993139069293 229
1757439187703 75.3331160258879 230
1757439187772 75.08730203065276 231
1757439187842 74.842471326796 232
1757439187911 74.59863393947988 233
1757439187971 74.3557718569804 234
1757439188023 74.11389510317532 235
1757439188078 73.8729857324057 236
1757439188142 73.63305376713876 237
1757439188208 73.39408132738075 238
1757439188276 73.1560784340639 239
1757439188345 72.91902727246257 240
1757439188417 72.68293786185112 241
1757439188489 72.4477924523775 242
1757439188558 72.21360106153679 243
1757439188627 71.98034600395886 244
1757439188699 71.74803729523967 245
1757439188771 71.51665731410186 246
1757439188841 71.28621607412389 247
1757439188913 71.05669601773461 248
1757439188983 70.82810715637828 249
1757439189056 70.600431995806 250
1757439189126 70.37368054521248 251
1757439189195 70.14783537328972 252
1757439189265 69.92290648686897 253
1757439189334 69.6988765172044 254
1757439189403 69.47575546865141 255
1757439189473 69.25352603465005 256
1757439189540 69.03219821696901 257
1757439189605 68.81175477086033 258
1757439189674 68.59220569539656 259
1757439189745 68.37353380727055 260
1757439189818 68.15574910275058 261
1757439189889 67.93883445960151 262
1757439189961 67.7227998711807 263
1757439190021 67.50762827595878 264
1757439190090 67.29332966427685 265
1757439190162 67.07988703494746 266
1757439190235 66.86731037519162 267
1757439190305 66.65558721570602 268
1757439190378 66.44471188076068 269
1757439190449 66.23469209806156 270
1757439190520 66.02551101832941 271
1757439190591 65.81717862061625 272
1757439190662 65.60967811201824 273
1757439190732 65.40301946811992 274
1757439190803 65.19718595475182 275
1757439190907 64.99218754392753 276
1757439190993 64.78800755986126 277
1757439191063 64.58465597089912 278
1757439191132 64.38211615929062 279
1757439191203 64.18039808961922 280
1757439191276 63.97948520182351 281
1757439191345 63.779387456630445 282
1757439191413 63.58008835132401 283
1757439191483 63.38159784268186 284
1757439191556 63.183899484991876 285
1757439191629 62.987003230991064 286
1757439191702 62.790892691632024 287
1757439191775 62.59557781552082 288
1757439191848 62.40104226993783 289
1757439191917 62.20729599926931 290
1757439191989 62.01432272678864 291
1757439192054 61.822132392574545 292
1757439192121 61.630708775560905 293
1757439192188 61.44006181143238 294
1757439192258 61.25017533445307 295
1757439192329 61.0610592758283 296
1757439192403 60.8726975248242 297
1757439192476 60.68510000808257 298
1757439192557 60.49825066954574 299
1757439192627 60.31215943120906 300
1757439192697 60.12681029136721 301
1757439192769 59.94221316728726 302
1757439192840 59.758352111294556 303
1757439192912 59.575237035847316 304
1757439192982 59.39285204698209 305
1757439193051 59.211207052268705 306
1757439193123 59.0302862111374 307
1757439193195 58.85009942619125 308
1757439193269 58.670630909939 309
1757439193342 58.491890559939634 310
1757439193413 58.3138626414671 311
1757439193486 58.13655704696028 312
1757439193560 57.95995809414705 313
1757439193641 57.78407567027108 314
1757439193716 57.608894145205134 315
1757439193790 57.43442340092376 316
1757439193861 57.26064785913746 317
1757439193934 57.08757739647867 318
1757439194009 56.91519648619063 319
1757439194076 56.743514999491886 320
1757439194145 56.57251746085528 321
1757439194215 56.402213736014716 322
1757439194289 56.23258840037158 323
1757439194361 56.063651314105336 324
1757439194430 55.895387103246854 325
1757439194503 55.72780562235249 326
1757439194574 55.560891547785396 327
1757439194649 55.39465472841118 328
1757439194721 55.22907989063008 329
1757439194796 55.064176877550246 330
1757439194866 54.89993046531578 331
1757439194941 54.73635049121175 332
1757439195014 54.57342178083472 333
1757439195088 54.41115416558203 334
1757439195161 54.249532520213336 335
1757439195232 54.08856667017446 336
1757439195303 53.92824153910062 337
1757439195374 53.768566946423455 338
1757439195447 53.609527864368076 339
1757439195521 53.451134106290155 340
1757439195592 53.29337069272093 341
1757439195667 53.13624743087936 342
1757439195737 52.979749389320794 343
1757439195808 52.82388636906757 344
1757439195880 52.66864348641917 345
1757439195953 52.514030536142364 346
1757439196031 52.3600326820024 347
1757439196097 52.20665971245253 348
1757439196166 52.05389683844736 349
1757439196238 51.90175384206954 350
1757439196308 51.75021598118832 351
1757439196381 51.59929303145953 352
1757439196456 51.448970297394304 353
1757439196531 51.29925754816634 354
1757439196602 51.150140134657505 355
1757439196677 51.00162781950498 356
1757439196748 50.85370599969205 357
1757439196820 50.706384431265924 358
1757439196892 50.55964855704367 359
1757439196964 50.41350812642982 360
1757439197038 50.267952657573794 361
1757439197112 50.122977782297056 362
1757439197186 49.97859120955114 363
1757439197260 49.834778497749944 364
1757439197332 49.69154937954426 365
1757439197404 49.54888945600506 366
1757439197476 49.40680845296748 367
1757439197548 49.26529201615357 368
1757439197620 49.12434986452941 369
1757439197693 48.98396768820991 370
1757439197766 48.844155199244014 371
1757439197838 48.70489813188308 372
1757439197910 48.56620619121172 373
1757439197983 48.42806515536283 374
1757439198055 48.29048472241028 375
1757439198120 48.15345071411535 376
1757439198189 48.01697282149555 377
1757439198259 47.881036909689 378
1757439198325 47.745652662612024 379
1757439198395 47.61080598852961 380
1757439198462 47.476506564212876 381
1757439198539 47.34274034080539 382
1757439198609 47.209516987889764 383
1757439198679 47.07682249924144 384
1757439198752 46.944666537211994 385
1757439198812 46.81303513796362 386
1757439198870 46.68193795657516 387
1757439198933 46.55136107135195 388
1757439199002 46.42131413005913 389
1757439199070 46.29178325290322 390
1757439199150 46.162778080295325 391
1757439199220 46.03428477410275 392
1757439199305 45.90631296734309 393
1757439199376 45.778848863305534 394
1757439199448 45.651902087575344 395
1757439199520 45.52545888462626 396
1757439199596 45.399528872573114 397
1757439199672 45.274098336838414 398
1757439199756 45.14917688802918 399
1757439199834 45.02475085228237 400
1757439199910 44.90082983266052 401
1757439199985 44.777400195782214 402
1757439200059 44.65447153712958 403
1757439200125 44.5320302635715 404
1757439200193 44.41008596297441 405
1757439200324 44.28862508222766 406
1757439200418 44.16765720154734 407
1757439200507 44.04716880761501 408
1757439200588 43.92716947296246 409
1757439200660 43.80764572383646 410
1757439200734 43.68860712505132 411
1757439200807 43.5700402421936 412
1757439200882 43.45195463232749 413
1757439200956 43.33433690015534 414
1757439201032 43.21719659495929 415
1757439201107 43.10052036033485 416
1757439201185 42.98431773775082 417
1757439201258 42.868575409474786 418
1757439201334 42.75330290913152 419
1757439201411 42.63848695744086 420
1757439201489 42.52413708015356 421
1757439201563 42.41024003622346 422
1757439201640 42.29680534349779 423
1757439201716 42.1838197989474 424
1757439201796 42.0712929124873 425
1757439201872 41.95921151888977 426
1757439201948 41.84758512010941 427
1757439202025 41.73640058850572 428
1757439202101 41.625667418045325 429
1757439202172 41.515372518462094 430
1757439202242 41.40552537570775 431
1757439202313 41.29611293667902 432
1757439202388 41.187144679286305 433
1757439202464 41.078607587379125 434
1757439202536 40.970511130800766 435
1757439202613 40.86284233014468 436
1757439202689 40.755610647161845 437
1757439202768 40.64880313898216 438
1757439202844 40.542429259239704 439
1757439202919 40.43647610139462 440
1757439202992 40.33095311093998 441
1757439203102 40.225847417461374 442
1757439203178 40.12116845828736 443
1757439203255 40.01690339892535 444
1757439203330 39.913061668516484 445
1757439203402 39.8096304682877 446
1757439203475 39.706619219170335 447
1757439203549 39.60401515790987 448
1757439203620 39.50182769720595 449
1757439203694 39.40004410912286 450
1757439203767 39.29867379810729 451
1757439203844 39.1977040713438 452
1757439203919 39.09714432500538 453
1757439203991 38.996981901199675 454
1757439204063 38.897226187805636 455
1757439204137 38.79786456165801 456
1757439204200 38.69890640232208 457
1757439204269 38.60033912116492 458
1757439204341 38.50217208941888 459
1757439204414 38.40439275278985 460
1757439204485 38.307010474158545 461
1757439204563 38.210012733377425 462
1757439204638 38.113408884957316 463
1757439204709 38.01718644270613 464
1757439204783 37.92135475274716 465
1757439204857 37.82590498437313 466
1757439204934 37.730833793819606 467
1757439205010 37.636148691163264 468
1757439205082 37.541837276021106 469
1757439205158 37.44790887355194 470
1757439205234 37.35435111483771 471
1757439205310 37.26117331659534 472
1757439205386 37.16836314301698 473
1757439205461 37.07592990235839 474
1757439205537 36.983861291737384 475
1757439205613 36.892166610933465 476
1757439205683 36.80083358980667 477
1757439205756 36.70987151964572 478
1757439205830 36.61926816287057 479
1757439205904 36.52903280226496 480
1757439205978 36.43915323262763 481
1757439206053 36.34963872822371 482
1757439206124 36.26047711605065 483
1757439206192 36.171677661841784 484
1757439206263 36.08322822461438 485
1757439206336 35.995138061557114 486
1757439206409 35.90739506352938 487
1757439206482 35.82000847916283 488
1757439206556 35.732966230982264 489
1757439206643 35.64627755905043 490
1757439206721 35.55993041738197 491
1757439206795 35.47393403745925 492
1757439206872 35.38827640461225 493
1757439206952 35.30296674173192 494
1757439207029 35.217993065290166 495
1757439207105 35.133364589575855 496
1757439207179 35.04906936203059 497
1757439207251 34.96511658833088 498
1757439207326 34.88149434671675 499
