1757511943370 169.07942441280792 0
1757511943439 156.65122337025645 1
1757511943510 151.3563214731192 2
1757511943581 146.11800392033734 3
1757511943646 141.13729323048665 4
1757511943717 136.39454678910496 5
1757511943784 131.87764026845102 6
1757511943853 127.57491186875546 7
1757511943923 123.4753402427674 8
1757511943995 119.56850229977813 9
1757511944063 115.84453987229946 10
1757511944134 112.29412808490414 11
1757511944201 108.90844553177956 12
1757511944272 105.67914615265119 13
1757511944340 102.59833270959261 14
1757511944413 99.65853177267496 15
1757511944481 96.85267012773345 16
1757511944634 94.17405252454047 17
1757511944707 91.6163406883956 18
1757511944766 89.17353352258941 19
1757511944827 86.8399484333884 20
1757511944886 84.6102037131347 21
1757511944953 82.47920192077305 22
1757511945022 80.44211420262 23
1757511945094 78.4943654994909 24
1757511945163 76.63162058940863 25
1757511945232 74.84977091804814 26
1757511945306 73.14492217182868 27
1757511945371 71.51338255116686 28
1757511945439 69.95165170385211 29
1757511945509 68.45641028081366 30
1757511945582 67.02451007872229 31
1757511945651 65.65296473591839 32
1757511945719 64.33894095008728 33
1757511945789 63.079750187920894 34
1757511945861 61.87284085871828 35
1757511945929 60.71579092549043 36
1757511946003 59.606300928656566 37
1757511946071 58.54218739885071 38
1757511946143 57.52137663670766 39
1757511946215 56.54189883876978 40
1757511946287 55.60188254985327 41
1757511946356 54.69954942334305 42
1757511946424 53.83320927194797 43
1757511946496 53.001255392451775 44
1757511946564 52.20216014893888 45
1757511946632 51.434470799864584 46
1757511946704 50.69680555517792 47
1757511946777 49.98784985049554 48
1757511946859 49.306352826069926 49
1757511946929 48.65112399899666 50
1757511947000 48.02103011776708 51
1757511947072 47.41499218889572 52
1757511947143 46.831982665938675 53
1757511947213 46.27102279177345 54
1757511947288 45.731180085531264 55
1757511947360 45.211565966065 56
1757511947432 44.71133350429863 57
1757511947505 44.22967529724098 58
1757511947577 43.76582145685769 59
1757511947647 43.31903770738298 60
1757511947718 42.888623585018415 61
1757511947786 42.473910734310174 62
1757511947859 42.07426129582091 63
1757511947931 41.68906638001818 64
1757511948004 41.31774462259008 65
1757511948075 40.959740816670084 66
1757511948147 40.61452461770984 67
1757511948221 40.281589316979634 68
1757511948289 39.96045067990432 69
1757511948362 39.650645845656975 70
1757511948434 39.351732284634714 71
1757511948505 39.063286810631965 72
1757511948575 38.78490464470644 73
1757511948643 38.51619852790195 74
1757511948710 38.256797880152895 75
1757511948783 38.00634800284504 76
1757511948852 37.76450932264987 77
1757511948924 37.53095667438351 78
1757511948997 37.305378620767335 79
1757511949072 37.087476807086766 80
1757511949144 36.87696534885688 81
1757511949212 36.673570250709254 82
1757511949286 36.477028854814414 83
1757511949360 36.2870893172486 84
1757511949430 36.10351011080185 85
1757511949503 35.92605955280871 86
1757511949583 35.75451535666153 87
1757511949656 35.58866420574093 88
1757511949728 35.42830134856818 89
1757511949801 35.27323021405063 90
1757511949873 35.12326204575395 91
1757511949947 34.978215554193525 92
1757511950023 34.8379165861935 93
1757511950097 34.702197810414056 94
1757511950172 34.57089841819723 95
1757511950245 34.44386383892832 96
1757511950316 34.320945469154 97
1757511950386 34.20200041473962 98
1757511950458 34.08689124538791 99
1757511950533 33.97548576087801 100
1757511950610 33.86765676841868 101
1757511950680 33.76328187054283 102
1757511950755 33.662243263001514 103
1757511950829 33.56442754214469 104
1757511950904 33.46972552130427 105
1757511950977 33.37803205572093 106
1757511951048 33.28924587558073 107
1757511951121 33.20326942675136 108
1757511951193 33.12000871882953 109
1757511951270 33.03937318013189 110
1757511951343 32.96127551928187 111
1757511951416 32.8856315930629 112
1757511951488 32.81236028022635 113
1757511951562 32.741383360959105 114
1757511951634 32.67262540173101 115
1757511951706 32.606013645257725 116
1757511951780 32.541477905328094 117
1757511951850 32.478950466258404 118
1757511951925 32.41836598674855 119
1757511951995 32.359661407926716 120
1757511952073 32.302775865380546 121
1757511952147 32.247650604983 122
1757511952216 32.19422890233138 123
1757511952291 32.14245598562715 124
1757511952362 32.09227896183321 125
1757511952435 32.04364674595381 126
1757511952508 31.996509993289866 127
1757511952585 31.95082103453042 128
1757511952649 31.906533813547842 129
1757511952722 31.863603827771048 130
1757511952797 31.821988071017675 131
1757511952872 31.78164497867186 132
1757511952945 31.742534375100146 133
1757511953018 31.704617423203445 134
1757511953093 31.667856576007953 135
1757511953163 31.632215530202984 136
1757511953237 31.59765918153805 137
1757511953314 31.56415358199592 138
1757511953399 31.531665898662524 139
1757511953477 31.5001643742186 140
1757511953557 31.469618288981245 141
1757511953630 31.43999792442744 142
1757511953704 31.41127452813489 143
1757511953777 31.383420280078226 144
1757511953851 31.35640826022229 145
1757511953924 31.330212417356318 146
1757511953995 31.30480753911597 147
1757511954067 31.28016922314271 148
1757511954139 31.256273849331983 149
1757511954214 31.23309855312447 150
1757511954288 31.210621199796513 151
1757511954364 31.188820359707933 152
1757511954440 31.167675284467446 153
1757511954520 31.147165883977827 154
1757511954593 31.127272704324348 155
1757511954663 31.107976906472214 156
1757511954731 31.08926024573988 157
1757511954807 31.07110505201681 158
1757511954883 31.05349421069565 159
1757511954957 31.03641114429017 160
1757511955030 31.01983979471145 161
1757511955110 31.003764606176365 162
1757511955185 30.988170508723087 163
1757511955257 30.97304290231 164
1757511955329 30.958367641474837 165
1757511955401 30.944131020532655 166
1757511955474 30.930319759291216 167
1757511955551 30.91692098926426 168
1757511955626 30.90392224036328 169
1757511955697 30.89131142804961 170
1757511955772 30.87907684092924 171
1757511955849 30.867207128773686 172
1757511955923 30.85569129095073 173
1757511955994 30.844518665249804 174
1757511956066 30.833678917087052 175
1757511956141 30.82316202907628 176
1757511956215 30.812958290951904 177
1757511956291 30.803058289831153 178
1757511956361 30.793452900802976 179
1757511956436 30.784133277831813 180
1757511956517 30.77509084496462 181
1757511956591 30.766317287830397 182
1757511956664 30.75780454542141 183
1757511956733 30.74954480214617 184
1757511956815 30.741530480144405 185
1757511956889 30.733754231854714 186
1757511956964 30.72620893282583 187
1757511957041 30.71888767476304 188
1757511957177 30.711783758801364 189
1757511957254 30.704890688997644 190
1757511957333 30.698202166033777 191
1757511957411 30.691712081123836 192
1757511957481 30.68541451011799 193
1757511957554 30.679303707796432 194
1757511957631 30.67337410234672 195
1757511957710 30.667620290018327 196
1757511957783 30.66203702994825 197
1757511957858 30.656619239151944 198
1757511957933 30.651361987673884 199
1757511958009 30.646260493892424 200
1757511958089 30.641310119973685 201
1757511958169 30.636506367469515 202
1757511958247 30.63184487305466 203
1757511958321 30.62732140439851 204
1757511958394 30.622931856166925 205
1757511958468 30.618672246149767 206
1757511958542 30.614538711510193 207
1757511958615 30.610527505151342 208
1757511958684 30.60663499219687 209
1757511958752 30.60285764658131 210
1757511958824 30.599192047747017 211
1757511958899 30.595634877443825 212
1757511958974 30.592182916628317 213
1757511959051 30.5888330424594 214
1757511959125 30.58558222538707 215
1757511959198 30.582427526331387 216
1757511959275 30.579366093948533 217
1757511959352 30.576395161981583 218
1757511959420 30.573512046692866 219
1757511959485 30.57071414437533 220
1757511959551 30.567998928940792 221
1757511959625 30.565363949582057 222
1757511959697 30.562806828506954 223
1757511959774 30.560325258741795 224
1757511959851 30.557917002002267 225
1757511959929 30.555579886629253 226
1757511960006 30.553311805587988 227
1757511960083 30.551110714528217 228
1757511960151 30.548974629903512 229
1757511960216 30.546901627147978 230
1757511960281 30.54488983890852 231
1757511960345 30.542937453330744 232
1757511960409 30.541042712397157 233
1757511960489 30.539203910315692 234
1757511960562 30.53741939195724 235
1757511960645 30.53568755134045 236
1757511960728 30.534006830162635 237
1757511960805 30.532375716374904 238
1757511960887 30.53079274280064 239
1757511961129 30.529256485795525 240
1757511961225 30.52776556394825 241
1757511961292 30.52631863682033 242
1757511961360 30.524914403723976 243
1757511961431 30.523551602536763 244
1757511961511 30.522229008552102 245
1757511961587 30.5209454333643 246
1757511961663 30.519699723787088 247
1757511961740 30.5184907608048 248
1757511961818 30.51731745855501 249
1757511961896 30.51617876334174 250
1757511961975 30.515073652678332 251
1757511962051 30.514001134358974 252
1757511962129 30.512960245558197 253
1757511962206 30.511950051957243 254
1757511962283 30.510969646896683 255
1757511962356 30.5100181505544 256
1757511962431 30.50909470914819 257
1757511962508 30.50819849416226 258
1757511962583 30.507328701596784 259
1757511962658 30.506484551239957 260
1757511962732 30.505665285961804 261
1757511962809 30.504870171029076 262
1757511962876 30.504098493440605 263
1757511962948 30.503349561282537 264
1757511963025 30.50262270310275 265
1757511963096 30.50191726730398 266
1757511963168 30.501232621555026 267
1757511963250 30.50056815221954 268
1757511963326 30.499923263801822 269
1757511963398 30.499297378409103 270
1757511963473 30.49868993522989 271
1757511963548 30.498100390027776 272
1757511963626 30.497528214650487 273
1757511963700 30.496972896553267 274
1757511963774 30.496433938336722 275
1757511963861 30.49591085729823 276
1757511963944 30.495403184996782 277
1757511964024 30.494910466830685 278
1757511964099 30.4944322616279 279
1757511964175 30.493968141248494 280
1757511964252 30.493517690198953 281
1757511964332 30.493080505257886 282
1757511964406 30.49265619511291 283
1757511964485 30.492244380008298 284
1757511964562 30.491844691403013 285
1757511964644 30.491456771639047 286
1757511964722 30.491080273619463 287
1757511964800 30.490714860496016 288
1757511964874 30.490360205366088 289
1757511964949 30.49001599097864 290
1757511965024 30.48968190944868 291
1757511965097 30.489357661980534 292
1757511965170 30.489042958598965 293
1757511965253 30.488737517888538 294
1757511965331 30.48844106674052 295
