1757257930245 240.82386153031842 0
1757257930290 555080346666.256 1
1757257930347 4.3310677184510605e+21 2
1757257930405 3.3793571893613006e+31 3
1757257930456 2.636775907390372e+41 4
1757257930499 2.057369729273363e+51 5
1757257930543 1.6052824933156878e+61 6
1757257930599 1.2525370849390233e+71 7
1757257930656 9.773040917596444e+80 8
1757257930707 7.625509050828927e+90 9
1757257930757 5.9498766836816896e+100 10
1757257930804 4.642448433940329e+110 11
1757257930860 3.622314983587012e+120 12
1757257930915 2.826346060064323e+130 13
1757257930962 2.2052836618119607e+140 14
1757257931006 1.7206937599651373e+150 15
1757257931047 1.3425878343243523e+160 16
1757257931096 1.0475670539493717e+170 17
1757257931155 8.173742562418169e+179 18
1757257931204 6.37764114715222e+189 19
1757257931256 4.976215765451714e+199 20
1757257931309 3.8827401499984585e+209 21
1757257931415 3.02954529766892e+219 22
1757257931490 2.36383181878177e+229 23
1757257931541 1.8444024823740217e+239 24
1757257931595 1.4391127532671204e+249 25
1757257931658 1.1228815491238815e+259 26
1757257931715 8.761391145345525e+268 27
1757257931759 6.836159598635576e+278 28
1757257931801 5.333979191517331e+288 29
1757257931849 4.1618884996801966e+298 30
1757257931903 inf 31
1757257931955 inf 32
