1757433048494 163.1557393225405 0
1757433048562 164.55435617887383 1
1757433048617 168.89245656573829 2
1757433048670 176.50130984648501 3
1757433048716 158.11167569385802 4
1757433048763 163.04283522941208 5
1757433048821 160.88752836012895 6
1757433048880 155.44283136347937 7
1757433048935 161.42097984754628 8
1757433048991 166.29197236394182 9
1757433049047 157.99850265937607 10
1757433049101 165.08853453436421 11
1757433049155 147.4812695238255 12
1757433049205 144.183698903308 13
1757433049261 153.58674648504135 14
1757433049313 149.6726273975255 15
1757433049374 149.8705373180206 16
1757433049432 151.76422755618137 17
1757433049487 152.43149948671373 18
1757433049548 143.46806842367172 19
1757433049610 153.81076368113318 20
1757433049666 145.19222336231653 21
1757433049727 135.0003641089079 22
1757433049780 138.99966131077937 23
1757433049835 144.8167646121742 24
1757433049884 136.44134774429097 25
1757433049936 144.61513559069405 26
1757433049991 147.5702855460731 27
1757433050043 134.82474447641604 28
1757433050085 131.82113143081486 29
1757433050138 133.12598844623886 30
1757433050197 132.04139269807547 31
1757433050261 130.4790100248218 32
1757433050321 137.09002919158524 33
1757433050386 124.32815287535226 34
1757433050451 125.46288581021538 35
1757433050514 126.34268783052818 36
1757433050578 127.95069713986419 37
1757433050643 123.32197414974331 38
1757433050702 133.61441663959155 39
1757433050761 119.03477553292653 40
1757433050818 122.61669816297886 41
1757433050892 121.7621518531372 42
1757433050947 120.45759919720231 43
1757433051006 123.99109555203901 44
1757433051063 121.47563169054443 45
1757433051122 125.90303763646361 46
1757433051182 116.00805422242206 47
1757433051239 118.43086708856957 48
1757433051291 122.68419544455489 49
1757433051347 113.99542528388575 50
1757433051402 111.25531544115579 51
1757433051473 110.10329176187601 52
1757433051533 107.92122425634344 53
1757433051594 115.14730267284918 54
1757433051656 109.18295314469901 55
1757433051719 109.06228726736607 56
1757433051785 112.60727946936747 57
1757433051850 112.28700926189174 58
1757433051910 111.41153868882455 59
1757433051970 112.6537108926107 60
1757433052034 113.14451288563407 61
1757433052090 111.07513400083663 62
1757433052156 112.85942014896273 63
1757433052222 106.51301239380403 64
1757433052289 103.93215270283974 65
1757433052358 105.47700396415924 66
1757433052419 105.20294228132386 67
1757433052480 104.66910764450672 68
1757433052542 101.59002226155565 69
1757433052610 105.46376975226492 70
1757433052685 101.2332301295593 71
1757433052755 95.34139670106059 72
1757433052817 103.87154881337555 73
1757433052881 105.96408979777463 74
1757433052945 98.91429446899795 75
1757433053009 101.28148009374775 76
1757433053068 96.64797169711449 77
1757433053125 98.12260125570046 78
1757433053183 96.48874727265384 79
1757433053241 97.10682732185185 80
1757433053303 93.97644548383384 81
1757433053369 94.57509544689997 82
1757433053432 91.4339988889302 83
1757433053496 91.158455618407 84
1757433053559 95.92355421471039 85
1757433053624 91.53238822098614 86
1757433053687 89.93951400738838 87
1757433053754 90.64615803681843 88
1757433053814 90.91973677282046 89
1757433053874 86.97358133699271 90
1757433053933 88.1150144836213 91
1757433053998 86.55903812656842 92
1757433054065 85.48734628983357 93
1757433054126 88.68443844079965 94
1757433054184 85.37011272794393 95
1757433054248 88.67631296477089 96
1757433054316 83.05338327685882 97
1757433054379 82.57019933294971 98
1757433054443 83.69656175003178 99
1757433054507 80.7141537521457 100
1757433054570 84.79716226572373 101
1757433054636 79.57821288753308 102
1757433054699 80.78975069948817 103
1757433054768 81.47420321273752 104
1757433054831 82.83768530040128 105
1757433054891 79.32049070820156 106
1757433054955 79.01577434437269 107
1757433055020 79.36108418806137 108
1757433055084 79.14466488403419 109
1757433055144 77.19717123675159 110
1757433055207 74.88436263206593 111
1757433055273 78.96941558801035 112
1757433055338 76.72081329343628 113
1757433055400 77.6032453132118 114
1757433055461 75.67238556373589 115
1757433055540 79.65399660160301 116
1757433055604 73.37351026891734 117
1757433055662 73.30864977203044 118
1757433055731 74.73448097613287 119
1757433055795 73.27153936738621 120
1757433055860 74.16173110786578 121
1757433055923 72.61819230517614 122
1757433055987 70.91616621865522 123
1757433056050 70.97383946131295 124
1757433056114 75.96070537817032 125
1757433056180 70.57731114813039 126
1757433056249 69.08913460313788 127
1757433056314 74.35343775611784 128
1757433056377 70.1871546261648 129
1757433056441 71.9049120887196 130
1757433056506 67.56980924104732 131
1757433056574 68.54150343304224 132
1757433056637 66.78957527091777 133
1757433056699 66.08083875806342 134
1757433056764 71.98032207810269 135
1757433056827 67.72488777976959 136
1757433056889 66.07004178513347 137
1757433056951 71.70919861786282 138
1757433057017 63.427231284763515 139
1757433057081 67.03567533221418 140
1757433057151 65.63644969390354 141
1757433057216 64.61036232397554 142
1757433057282 59.97927522738653 143
1757433057347 62.54736729449135 144
1757433057409 65.37265503424989 145
1757433057474 63.85147506358788 146
1757433057535 62.229549864148474 147
1757433057597 59.35757440887169 148
1757433057655 61.050165604075985 149
1757433057714 61.15806199516772 150
1757433057783 59.67457058649367 151
1757433057849 57.171759117586625 152
1757433057928 65.0443915790321 153
1757433058007 60.04397979067026 154
1757433058073 57.32610427597973 155
1757433058136 63.95973392293122 156
1757433058204 59.95679218933379 157
1757433058271 59.995457612027906 158
1757433058335 58.49169152276066 159
1757433058407 60.07423200348543 160
1757433058479 59.71169595685697 161
1757433058547 56.42981837924819 162
1757433058612 57.17044653610337 163
1757433058674 53.83669217934659 164
1757433058743 55.36027255504878 165
1757433058818 55.18657344891532 166
1757433058881 55.3199588985244 167
1757433058949 57.676316186133676 168
1757433059014 55.4010891978451 169
1757433059079 56.157211771954906 170
1757433059143 52.90323468651179 171
1757433059209 53.48837350745469 172
1757433059276 56.2617458071822 173
1757433059342 54.04672065080715 174
1757433059407 50.75435405696142 175
1757433059475 53.01903017352674 176
1757433059544 52.46322756168665 177
1757433059610 51.86552019462163 178
1757433059680 52.96010052198193 179
1757433059744 52.64018426914767 180
1757433059812 51.4023813423712 181
1757433059885 50.30526414212343 182
1757433059950 46.33535613750255 183
1757433060011 50.87789084309013 184
1757433060080 50.052609503281225 185
1757433060148 50.38509435717398 186
1757433060213 51.652637809047846 187
1757433060283 49.84729562911759 188
1757433060349 48.917614650022344 189
1757433060418 47.11383803936288 190
1757433060511 49.054565000512454 191
1757433060581 48.78139742474422 192
1757433060646 49.75633500523399 193
1757433060710 50.230775319775866 194
1757433060780 47.31718966023499 195
1757433060856 44.06363820022589 196
1757433060930 48.037087946147636 197
1757433060996 46.00587334222915 198
1757433061068 46.301363640911134 199
1757433061132 44.25287308540108 200
1757433061195 45.069287593233405 201
1757433061261 46.27225055631121 202
1757433061326 45.18807048677189 203
1757433061384 44.85056356318982 204
1757433061445 47.276449027710555 205
1757433061516 43.460941854331004 206
1757433061588 47.47286785302734 207
1757433061651 45.257831756268324 208
1757433061720 43.37604202661504 209
1757433061791 41.52143963164875 210
1757433061854 42.013442763811234 211
1757433061934 44.54774886380746 212
1757433062013 43.68063980191022 213
1757433062091 43.99087886870307 214
1757433062166 43.403557005294914 215
1757433062235 41.28182271523369 216
1757433062302 39.08892936592452 217
1757433062366 44.979663640452166 218
1757433062438 42.851142199338376 219
1757433062502 41.249490333682054 220
1757433062562 42.663098292514285 221
1757433062616 42.25048843191431 222
1757433062678 39.70381408047009 223
1757433062740 39.95044743680947 224
1757433062800 41.31636595959486 225
1757433062861 40.83053985488581 226
1757433062921 40.63698453063295 227
1757433062980 41.590659672670235 228
1757433063043 38.45010555176368 229
1757433063103 39.49163650762793 230
1757433063163 39.489523716254865 231
1757433063230 39.057044941414304 232
1757433063288 37.39875784498483 233
1757433063354 35.656083009487055 234
1757433063422 39.54417590747065 235
1757433063491 38.50601763030098 236
1757433063555 38.630331695355885 237
1757433063615 36.14063269228317 238
1757433063680 37.882885334708 239
1757433063740 40.10443285954664 240
1757433063800 37.544280013333335 241
1757433063863 36.21378886688228 242
1757433063926 36.81608011825265 243
1757433063987 38.30295901096578 244
1757433064046 39.26101718639379 245
1757433064111 37.071620780359325 246
1757433064173 35.19659364153812 247
1757433064234 37.51907700888387 248
1757433064299 36.9739088777275 249
1757433064357 36.29656641401433 250
1757433064422 38.506533989017925 251
1757433064486 34.612351020268946 252
1757433064548 34.43257030444584 253
1757433064614 34.73187858820949 254
1757433064678 35.775625957529314 255
1757433064738 34.333361059982195 256
1757433064798 34.763353941406066 257
1757433064860 34.768589857563924 258
1757433064922 36.12025901314957 259
1757433064985 33.620228914977055 260
1757433065048 33.90747809623358 261
1757433065110 37.22632003565702 262
1757433065176 31.94196199614273 263
1757433065240 34.2173641094736 264
1757433065302 36.8195870324068 265
1757433065366 34.961982888207075 266
1757433065433 32.07733800567629 267
1757433065501 33.35757170369282 268
1757433065569 33.934317626211396 269
1757433065637 34.232380053401066 270
1757433065704 34.19360276377788 271
1757433065769 30.689346484933253 272
1757433065836 32.311492205401635 273
1757433065907 30.14558587606267 274
1757433065974 34.2660456266459 275
1757433066029 31.654869245020556 276
1757433066090 31.373256837699646 277
1757433066155 30.7680429501393 278
1757433066217 30.99962939491038 279
1757433066284 32.40764021632306 280
1757433066350 30.826812003939374 281
1757433066416 32.759960146237724 282
1757433066480 30.240949859078995 283
1757433066546 29.345002979609564 284
1757433066611 30.420300526114755 285
1757433066674 29.301932392610162 286
1757433066738 29.193071097571142 287
1757433066800 30.769692649832276 288
1757433066869 25.506044856680976 289
1757433066937 27.742591559761703 290
1757433067000 29.831966629267093 291
1757433067063 27.212594215539387 292
1757433067128 27.252039597879502 293
1757433067191 31.682447640440934 294
1757433067258 32.422230073834434 295
1757433067326 29.76857865518283 296
1757433067393 28.225028016649457 297
1757433067459 28.24933940761406 298
1757433067526 27.943380298364772 299
1757433067598 27.109732011285786 300
1757433067666 27.161273557275475 301
1757433067735 29.445814601917615 302
1757433067804 27.46734878882454 303
1757433067872 26.00407464973445 304
1757433067943 29.821800474865857 305
1757433068015 26.96697950533317 306
1757433068073 27.338252721375746 307
1757433068140 25.080661408715848 308
1757433068201 28.14364751663935 309
1757433068262 28.522182523206823 310
1757433068329 26.37946274278887 311
1757433068396 25.81230470044559 312
1757433068462 27.183066981156557 313
1757433068525 27.68801495911207 314
1757433068590 26.620087106411393 315
1757433068655 28.684498895029144 316
1757433068747 27.209184333352933 317
1757433068817 27.504681011943006 318
1757433068886 28.63952047290308 319
1757433068955 29.087915408513197 320
1757433069023 25.50051252481849 321
1757433069094 24.347668588580433 322
1757433069161 25.31579651381429 323
1757433069227 25.966236916236934 324
1757433069295 28.18470459604078 325
1757433069362 26.17028941260579 326
1757433069432 24.570418528189908 327
1757433069498 28.09971617329887 328
1757433069565 24.911582522959833 329
1757433069633 24.55308909288344 330
1757433069703 24.361778878979273 331
1757433069768 26.942437892893047 332
1757433069834 22.225033645161094 333
1757433069901 25.534377673756662 334
1757433069976 23.990875240925174 335
1757433070044 25.52476017400182 336
1757433070101 27.574896095004643 337
1757433070161 24.18373819137672 338
1757433070222 23.83557321961702 339
1757433070288 27.33868099906156 340
1757433070355 26.585193225121927 341
1757433070421 23.893043905988726 342
1757433070488 24.020025442321554 343
1757433070556 23.86594395982344 344
1757433070622 22.896462535618795 345
1757433070692 23.658283125310096 346
1757433070752 23.46086507874427 347
1757433070821 23.510287851280935 348
1757433070887 21.68271214899563 349
1757433070950 23.71005856463964 350
1757433071010 19.65982367592737 351
1757433071068 23.16413056505108 352
1757433071130 24.152582931301055 353
1757433071196 23.271884627890692 354
1757433071264 21.692115033349 355
1757433071334 23.094364879771128 356
1757433071399 23.688735765123734 357
1757433071462 21.32012039883066 358
1757433071524 25.388667449937977 359
1757433071591 21.85790390469505 360
1757433071656 22.508088395442186 361
1757433071721 25.109458724493493 362
1757433071786 18.670431514902607 363
1757433071851 24.898342656602466 364
1757433071917 20.09263995005278 365
1757433071980 21.558512926546396 366
1757433072048 20.516525918685222 367
1757433072100 24.50440301189169 368
1757433072158 19.161930795581842 369
1757433072218 20.286784648120136 370
1757433072276 24.324003026106993 371
1757433072340 23.445256998283384 372
1757433072405 23.263544423249627 373
1757433072475 24.21940023291474 374
1757433072555 22.34542563198981 375
1757433072625 23.007239355720717 376
1757433072693 21.315901727231758 377
1757433072758 21.642364723104382 378
1757433072826 19.175172441105282 379
1757433072896 19.79735873769177 380
1757433072968 19.746095167707125 381
1757433073040 22.76130089416148 382
1757433073119 23.628801047140648 383
1757433073183 18.97826381160409 384
1757433073248 22.578084992855345 385
1757433073314 20.143867739353468 386
1757433073377 19.28274591241465 387
1757433073439 19.188503654058202 388
1757433073493 19.89030873015642 389
1757433073549 24.018001285654137 390
1757433073614 21.135326290986782 391
1757433073681 20.467358037284416 392
1757433073747 22.222538913170325 393
1757433073807 21.88632452917285 394
1757433073872 21.08513878951203 395
1757433073941 19.73070886473333 396
1757433074005 17.719522009991856 397
1757433074069 20.51516756685823 398
1757433074120 21.082443638137974 399
1757433074186 18.470984538220055 400
1757433074250 21.12217006727647 401
1757433074322 19.73801703900953 402
1757433074394 18.95337499089258 403
1757433074460 19.728426572954337 404
1757433074529 18.25448337868323 405
1757433074594 17.34150109293525 406
1757433074662 21.245692818403885 407
1757433074730 20.01242483430744 408
1757433074793 17.986775740105408 409
1757433074852 20.4801039033065 410
1757433074916 20.094181052092107 411
1757433074982 18.90783212873545 412
1757433075044 20.051044553837386 413
1757433075106 20.804916364581885 414
1757433075170 17.78701925034839 415
1757433075236 18.052529859993285 416
1757433075302 17.419139374069548 417
1757433075368 17.692627378021417 418
1757433075437 15.043904000042735 419
1757433075519 19.409806303053067 420
1757433075585 19.088532157574356 421
1757433075655 18.527759998075204 422
1757433075723 17.906060026311753 423
1757433075792 16.68022521298262 424
1757433075863 19.861044095701605 425
1757433075932 18.455400663312872 426
1757433076021 16.52415716574277 427
1757433076092 19.408447637423606 428
1757433076156 17.342802080840674 429
1757433076224 19.737854176740147 430
1757433076288 17.3164822571679 431
1757433076354 17.342505167928348 432
1757433076423 16.260030401307784 433
1757433076501 17.66089225277354 434
1757433076571 17.471832783952657 435
1757433076647 17.445759359954984 436
1757433076723 18.550099655278757 437
1757433076793 16.60061673369259 438
1757433076864 15.399499170314744 439
1757433076936 20.052828661404142 440
1757433077007 16.229722206639323 441
1757433077078 16.46846780208122 442
1757433077149 16.706030955975738 443
1757433077220 13.840688605352899 444
1757433077290 16.624093378134557 445
1757433077359 17.33265795769994 446
1757433077427 16.093360285794418 447
1757433077497 17.097702169970955 448
1757433077565 19.25218438499649 449
1757433077636 15.5906530410829 450
1757433077706 16.424716337751832 451
1757433077775 15.638946930797408 452
1757433077846 17.11092602522023 453
1757433077917 18.113349626031365 454
1757433077988 14.34956352906862 455
1757433078060 16.434770474282676 456
1757433078129 15.493168827579215 457
1757433078197 18.81593631341107 458
1757433078262 17.003979679093018 459
1757433078325 14.373579268140917 460
1757433078388 16.322583920902773 461
1757433078451 20.326345453929623 462
1757433078522 16.988595098083266 463
1757433078587 18.398631580198895 464
1757433078655 15.509448334249685 465
1757433078727 17.546866843151435 466
1757433078797 16.73889108129107 467
1757433078863 16.87032741772132 468
1757433078935 16.437421883161445 469
1757433079031 16.619849156147733 470
1757433079105 15.908915501014864 471
1757433079180 17.376021598727625 472
1757433079251 18.4689740175846 473
1757433079326 17.47526855299648 474
1757433079398 16.807050111638635 475
1757433079472 16.254110568624824 476
1757433079545 13.960231739447629 477
1757433079620 15.333775207558052 478
1757433079694 16.221087396090688 479
1757433079764 13.33637994361129 480
1757433079834 14.864088047578136 481
1757433079908 16.537389089285053 482
1757433079978 16.969632404585187 483
1757433080050 19.631119140523552 484
1757433080123 16.648848644537125 485
1757433080189 15.775142861712686 486
1757433080258 15.560551206227474 487
1757433080326 16.55440339944358 488
1757433080395 14.101262098364879 489
1757433080460 14.59796287257297 490
1757433080524 15.224038306820262 491
1757433080595 15.292788832419589 492
1757433080657 14.442739485288639 493
1757433080731 13.876031481670283 494
1757433080802 14.657510808716925 495
1757433080872 17.26504832012988 496
1757433080936 13.954570258210467 497
1757433081004 17.272283137446337 498
1757433081072 15.015408561395436 499
