1757447539029 61.47726680226939 0
1757447539140 34.87604290612473 1
1757447539249 3.4018559266136457 2
1757447539359 2.377499515560265 3
1757447539472 38.946386272590736 4
1757447539587 13.824553474904649 5
1757447539692 5.62896818879443 6
1757447539794 0.3531375963509792 7
1757447539896 0.7907935634904665 8
1757447540002 7.844978033064271 9
1757447540101 0.25839113499635885 10
1757447540207 23.560242243181904 11
1757447540311 0.01806641629260516 12
1757447540414 2.198740899656208 13
1757447540523 11.348804941234079 14
1757447540627 0.5908555916698103 15
1757447540732 8.656641889197873 16
1757447540836 41.691499558088395 17
1757447540937 8.289960645076386 18
1757447541049 2.561225815679875 19
1757447541154 11.060961736220131 20
1757447541258 6.412752883980517 21
1757447541359 0.039906164324948715 22
1757447541460 9.888544378156887 23
1757447541559 0.917104365534323 24
1757447541658 29.730992608198843 25
1757447541756 1.4496166628790816 26
1757447541854 3.4358045916612956 27
1757447541955 0.10588742020163047 28
1757447542060 25.541570532028196 29
1757447542159 9.812925529124037 30
1757447542262 2.8914299997433406 31
1757447542364 17.031941096608698 32
1757447542467 4.297492098317567 33
1757447542568 54.282124476345224 34
1757447542669 16.828797550223662 35
1757447542770 59.09283027460028 36
1757447542871 20.952639528658096 37
1757447542971 22.543827317358904 38
1757447543121 12.923727001155957 39
1757447543225 10.160768859890336 40
1757447543337 0.29921695947854154 41
1757447543437 1.216007932596062 42
1757447543537 0.2406565773155118 43
1757447543637 14.167531051752373 44
1757447543751 2.8236217275878897 45
1757447543855 3.9494769829496885 46
1757447543963 10.588426071485063 47
1757447544067 7.5449381725169395 48
1757447544170 0.5230194076964134 49
