1757588257727 3290.505749807504 0
1757588257794 5185006562093.796 1
1757588257855 1.2735209378394443e+20 2
1757588257921 3.1286803809885475e+27 3
1757588257991 7.686281718618177e+34 4
1757588258053 1.8883017586933323e+42 5
1757588258115 4.6390226931798995e+49 6
1757588258182 1.1396765082043754e+57 7
1757588258247 2.7998624478868155e+64 8
1757588258317 6.87846917143e+71 9
1757588258382 1.689845091426632e+79 10
1757588258441 4.151470860521462e+86 11
1757588258507 1.0198988293778224e+94 12
1757588258573 2.5056026095666714e+101 13
1757588258637 6.155556076966103e+108 14
1757588258705 1.5122458155177039e+116 15
1757588258770 3.7151597320480373e+123 16
1757588258829 9.12709540538961e+130 17
1757588258896 2.2422688806750502e+138 18
1757588258962 5.508619675734772e+145 19
1757588259018 1.3533118616335005e+153 20
1757588259078 3.324704014156919e+160 21
1757588259147 8.167856275499595e+167 22
1757588259219 2.006610990125556e+175 23
1757588259281 4.929674972086064e+182 24
1757588259345 1.2110815424613585e+190 25
1757588259412 2.9752843966301524e+197 26
1757588259480 7.3094312236315e+204 27
1757588259550 1.795720263700236e+212 28
1757588259616 4.4115761771427944e+219 29
1757588259679 1.0837993400280918e+227 30
1757588259744 2.6625880689338766e+234 31
1757588259809 6.54122489560219e+241 32
1757588259873 1.6069937229148088e+249 33
1757588259952 3.9479285098786484e+256 34
1757588260017 9.698942377224823e+263 35
1757588260084 2.3827554881336746e+271 36
1757588260156 5.853755487364442e+278 37
1757588260227 1.4381019570198996e+286 38
1757588260289 3.533009267723271e+293 39
1757588260354 8.679603295780731e+300 40
1757588260417 inf 41
