1757442673131 82.32650957927342 0
1757442673238 48.633148573202156 1
1757442673343 22.824246305164035 2
1757442673442 10.571317855707917 3
1757442673542 3.5557509415347743 4
1757442673645 12.708843941170409 5
1757442673745 10.488895228503686 6
1757442673849 0.6081238259147167 7
1757442673952 0.6637284721027429 8
1757442674055 2.001306951888377 9
1757442674157 1.6716357157153905 10
1757442674260 0.21783184123245428 11
1757442674362 3.0366982574278505 12
1757442674460 0.0038378742373069777 13
1757442674559 0.3730654259538467 14
1757442674658 0.17658854814214314 15
1757442674759 4.5349056403678185 16
1757442674859 0.7250936017157626 17
1757442674960 1.219265388371522 18
1757442675061 0.08464068218837932 19
1757442675162 0.1737654266727362 20
1757442675265 0.2699402636938749 21
1757442675367 3.7980846428629516 22
1757442675470 0.22211264089475583 23
1757442675574 5.716534191631308 24
1757442675677 4.815148627605651 25
1757442675779 0.08731807973739272 26
1757442675878 0.38927414540467986 27
1757442675979 9.219550231181422 28
1757442676080 0.018658799637419406 29
1757442676181 4.554938645686104 30
1757442676281 2.8477486702555215 31
1757442676380 1.9219878373976491 32
1757442676481 0.041253944917684415 33
1757442676581 7.011893418571888 34
1757442676681 0.0002885099239663108 35
1757442676783 1.0867383145078704 36
1757442676883 0.0640072532069179 37
1757442676983 0.32883764767587215 38
1757442677083 0.14486691295703247 39
1757442677183 1.3315173121708128 40
1757442677286 1.2743022594287807 41
1757442677387 0.012098008117216508 42
1757442677490 0.012751606019789887 43
1757442677591 1.7063253385213353 44
1757442677694 14.047993826467836 45
1757442677795 2.907928245121384 46
1757442677898 2.9886446836580065 47
1757442677999 0.8581456912856703 48
1757442678102 1.3447490758197884 49
1757442678204 1.418878426315932 50
1757442678305 0.0673294952545816 51
1757442678406 0.058973279667734566 52
1757442678506 2.5556866035831765 53
1757442678606 2.2748559684620773 54
1757442678706 7.934043090246039 55
1757442678806 0.3655372138953815 56
1757442678907 0.0024738933011803567 57
1757442679010 3.060913893368545 58
1757442679111 1.2285419163491373 59
1757442679213 0.04738280193403842 60
1757442679314 0.17945501465975447 61
1757442679415 0.02845047222744668 62
1757442679516 0.0009411878926082838 63
1757442679618 0.17911267423190005 64
1757442679721 1.6272822966846832 65
1757442679823 0.0006618110405343491 66
1757442679925 0.052978999031784414 67
1757442680031 0.9020894179824047 68
1757442680134 1.158275511572295 69
1757442680234 22.93381284774485 70
1757442680332 0.4786808619717164 71
1757442680431 0.04835253204202712 72
1757442680532 0.24180990574707406 73
1757442680634 0.0022745428550488083 74
1757442680736 1.5627145935819033 75
1757442680836 1.9279230811046344 76
1757442680937 0.8777151432320309 77
1757442681036 0.7359545274735194 78
1757442681138 0.022432980715721317 79
1757442681240 0.3028147470788352 80
1757442681338 11.30671158589034 81
1757442681437 0.3013439440639466 82
1757442681537 1.2543828244088695 83
1757442681638 1.628568028879221 84
1757442681741 3.399489402086935 85
1757442681842 0.03258838500676977 86
1757442681944 0.05714991872318294 87
1757442682049 3.6524390678587784 88
1757442682151 8.145515970178396 89
1757442682254 0.5999986323040152 90
1757442682355 4.8345693825339415 91
1757442682456 0.8541586778730867 92
1757442682558 1.9436336636134837 93
1757442682660 0.40708683814316027 94
1757442682762 8.706846378019206 95
1757442682865 0.901320084181571 96
1757442682966 0.17264591717607836 97
1757442683070 0.00010015771131703485 98
1757442683174 0.6686268165116295 99
1757442683276 4.459723517166233 100
1757442683379 1.3430507658183328 101
1757442683485 1.819750977934053 102
1757442683589 0.1141617148975929 103
1757442683691 2.3485590375828815 104
1757442683794 1.7194396179032216 105
1757442683899 0.19188178418882762 106
1757442684006 1.2078224416933079 107
1757442684110 1.2441976742291765 108
1757442684213 0.04402440378608487 109
1757442684317 0.26196985463717626 110
1757442684419 0.14016151988832712 111
1757442684520 3.292804019353474 112
1757442684622 1.9693774315629236 113
1757442684723 0.009583827786679924 114
1757442684822 0.0700772273401415 115
1757442684924 0.36592754359793633 116
1757442685028 7.996170801584538 117
1757442685131 1.6447897791373274 118
1757442685233 1.4143290974670975 119
1757442685334 0.8219640247832731 120
1757442685434 0.0075310712719994415 121
1757442685536 20.727846772319154 122
1757442685639 0.0204044031285408 123
1757442685743 1.1321555959711085 124
1757442685848 0.21213714564603736 125
1757442685954 0.038120285998267354 126
1757442686060 0.1574060687480337 127
1757442686165 0.05256122003103297 128
1757442686269 1.5730386718600256 129
1757442686376 1.2568480852845538 130
1757442686480 1.695377098379331 131
1757442686583 4.084581870801568 132
1757442686687 0.1180651634665395 133
1757442686792 3.513486388245065 134
1757442686895 19.97922380483439 135
1757442686997 0.7864863289581827 136
1757442687097 0.054881305942752374 137
1757442687198 0.2750919616132086 138
1757442687300 0.5188908730944185 139
1757442687405 23.35434895746243 140
1757442687511 8.233241550026374 141
1757442687616 3.1463699564793517 142
1757442687721 1.2071805477010908 143
1757442687824 0.11785342001951564 144
1757442687925 0.3282159430419506 145
1757442688029 0.027172316044477507 146
1757442688133 2.761624103475165 147
1757442688237 7.848897458936093 148
1757442688342 3.461227568619526 149
1757442688446 0.00783127054527108 150
1757442688550 0.05468773530738536 151
1757442688654 6.911891826019929 152
1757442688759 0.029569885938220877 153
1757442688864 4.0668094244218045 154
1757442688970 0.10877774651275435 155
1757442689076 38.93934893267388 156
1757442689181 0.024575378925546492 157
1757442689284 1.9155251339710329 158
1757442689388 1.0621743265123267 159
1757442689489 0.007109164991275552 160
1757442689592 0.1919437990130003 161
1757442689695 4.641722218147451 162
1757442689797 0.19317677671001912 163
1757442689900 0.27466143558124845 164
1757442690003 1.119793772853992 165
1757442690107 4.677475464129297 166
1757442690213 0.011274644449055682 167
1757442690319 0.003944083607128564 168
1757442690424 0.052846424267657406 169
1757442690530 24.087079857941244 170
1757442690632 0.11785770679660612 171
1757442690736 0.7016666273146491 172
1757442690844 0.14171307941766065 173
1757442690953 2.5708701172007395 174
1757442691059 1.408494003379371 175
1757442691166 2.0879381728712025 176
1757442691269 0.27315313777944505 177
1757442691375 1.2247989702760564 178
1757442691478 37.13526156607286 179
1757442691584 3.0302249061082946 180
1757442691686 0.029401642329153082 181
1757442691787 0.5520997104636258 182
1757442691889 0.029786904269754912 183
1757442691993 1.5426607874339275 184
1757442692098 1.1664929876487453 185
