1757438316769 41.408602039318325 0
1757438316838 10.11339372276679 1
1757438316901 3.9526377803983612 2
1757438316958 1.302731575875241 3
1757438317015 0.9574378986871832 4
1757438317074 1.7298317335399636 5
1757438317133 1.4025434388831068 6
1757438317192 0.9894729476874728 7
1757438317250 0.888267471695267 8
1757438317306 1.2866284880748022 9
1757438317363 0.6520154611796407 10
1757438317422 0.6893459274646166 11
1757438317486 1.6650599088295395 12
1757438317544 0.7066868039626569 13
1757438317604 0.7294746539163791 14
1757438317661 1.2251786626137013 15
1757438317719 1.2629534324233624 16
1757438317775 0.7191941870868817 17
1757438317834 0.48641276155975566 18
1757438317895 0.8382030695278879 19
1757438317957 0.993995534191681 20
1757438318016 1.8063236479588338 21
1757438318076 2.0100676505449027 22
1757438318122 1.0101213699496512 23
1757438318175 0.757936881577006 24
1757438318231 1.5917355642963265 25
1757438318288 0.8671496019448917 26
1757438318351 0.9092417972286855 27
1757438318404 2.2069310646420908 28
1757438318468 0.7323965340438038 29
1757438318532 0.710888162387634 30
1757438318597 0.6370447554796976 31
1757438318661 1.321360711412273 32
1757438318720 0.7600083774600852 33
1757438318780 1.0087119508154 34
1757438318839 1.261918793321288 35
1757438318901 1.1420601204732717 36
1757438318966 0.5997511082266528 37
1757438319027 0.9750496893995144 38
1757438319091 0.5621460033671675 39
1757438319153 0.5405243745420576 40
1757438319215 1.2751009687208277 41
1757438319274 1.6897053441726497 42
1757438319331 0.7779838510484767 43
1757438319394 1.468190520955302 44
1757438319458 1.3961319093914546 45
1757438319520 1.6932022670816564 46
1757438319573 1.2562512703840287 47
1757438319620 0.7911178686388334 48
1757438319669 1.0424390068476117 49
1757438319724 0.8638781202705557 50
1757438319781 0.5281329789815947 51
1757438319834 2.083051856151329 52
1757438319891 1.0260547928036896 53
1757438319955 1.9664584309670587 54
1757438320016 1.1868061869086863 55
1757438320071 1.582010875514701 56
1757438320131 2.1212437668107373 57
1757438320196 1.5057241786166466 58
1757438320261 1.0826896939963095 59
1757438320321 1.0257161682934763 60
1757438320381 1.2878007988378508 61
1757438320433 1.8951930017947118 62
1757438320487 2.7202482625290236 63
1757438320549 0.6064467829047527 64
1757438320612 1.2337033147030094 65
1757438320677 1.4009661400793785 66
1757438320739 1.5906287981669036 67
1757438320807 0.4982839375071214 68
1757438320877 2.2466119360990215 69
1757438320945 1.8841184781354379 70
1757438321015 1.2953433290963907 71
1757438321082 1.561916770033226 72
1757438321150 0.7906631163051769 73
1757438321215 1.4475323560680984 74
1757438321280 0.7136362430499495 75
1757438321346 1.0363128455514874 76
1757438321412 1.7337393706725819 77
1757438321479 1.0189458755999918 78
1757438321549 0.7437010854682587 79
1757438321614 1.2685812244477737 80
1757438321674 0.9426175652534529 81
1757438321731 1.5204205605561356 82
1757438321797 1.3143569149776768 83
1757438321861 1.2042413700752261 84
1757438321921 0.8684252566648 85
1757438321984 2.6862262556610483 86
1757438322039 1.5546136295504418 87
1757438322096 1.9442129528700376 88
1757438322154 0.7820563780012717 89
1757438322212 1.062194014707915 90
1757438322271 1.7388381817824456 91
1757438322332 1.2027341672266958 92
1757438322405 2.4627375697844758 93
1757438322453 1.2432014150539312 94
1757438322506 0.5395182342098609 95
1757438322560 2.131469933269044 96
1757438322623 1.2472560011207063 97
1757438322686 0.5250142678080791 98
1757438322754 0.631549693198348 99
1757438322814 1.1420434877289156 100
1757438322876 0.6886278326826278 101
1757438322931 1.8197705813516811 102
1757438322993 1.5499961561214337 103
1757438323056 0.9679837820837194 104
1757438323117 1.7655270458231245 105
1757438323182 1.4179379775869583 106
1757438323246 0.5199595711618069 107
1757438323312 0.8925798142613766 108
1757438323375 2.4302709668557885 109
1757438323441 1.3772589270296154 110
1757438323499 0.8880403074750197 111
1757438323559 1.2516163639837028 112
1757438323624 1.0527258819409093 113
1757438323689 2.2258278130162523 114
1757438323748 1.7701278750576783 115
1757438323808 1.3452792472915096 116
1757438323869 4.306398519967227 117
1757438323935 0.9409125621883787 118
1757438324000 1.7613616823616778 119
1757438324069 1.4993663250499494 120
1757438324136 1.336507640373815 121
1757438324204 1.2616139789722705 122
1757438324272 1.6990873543830034 123
1757438324342 1.069313981072054 124
1757438324413 0.7992649276865712 125
1757438324472 1.3787068849888122 126
1757438324532 1.0797887892049487 127
1757438324598 1.3927555845210997 128
1757438324662 1.178522358956583 129
1757438324725 1.7696807270911812 130
1757438324792 1.7170514379664876 131
1757438324862 1.3724897325021854 132
1757438324933 0.7996057748826554 133
1757438325003 1.4730387572748056 134
1757438325071 0.9196888891449465 135
1757438325137 1.155982632126933 136
1757438325205 1.6104448299206984 137
1757438325275 2.62432757012611 138
1757438325343 3.421067384978825 139
1757438325409 0.786999641422167 140
1757438325477 2.181801754486508 141
1757438325544 1.3237206610260808 142
1757438325614 1.4454348128053764 143
1757438325683 1.5159695283321124 144
1757438325750 0.7268106230042823 145
1757438325816 1.8116554937061002 146
1757438325884 1.0038891685128992 147
1757438325952 2.6842002548939816 148
1757438326021 0.8121633047389016 149
1757438326091 1.2364736242297651 150
1757438326158 1.5335480542855933 151
1757438326227 0.5322237384448348 152
1757438326293 1.411475495781373 153
1757438326364 0.9886030735106083 154
1757438326435 1.513193262881433 155
1757438326496 2.698813464073895 156
1757438326561 1.5080865144175106 157
1757438326626 1.5936573583309004 158
1757438326691 1.175896061322977 159
1757438326754 1.78888258130103 160
1757438326821 1.615579081047902 161
1757438326886 1.9921987373033072 162
1757438326954 0.8664438147563908 163
1757438327027 1.4951057018385734 164
1757438327094 1.5818205974708062 165
1757438327163 1.269232169406239 166
1757438327232 0.7294437861318797 167
1757438327300 1.5806948150147826 168
1757438327373 0.9255836322073412 169
1757438327442 1.1841121637762988 170
1757438327519 2.34661373755141 171
1757438327588 0.6766892382644062 172
1757438327656 0.8454578079026873 173
1757438327724 1.2444075825404615 174
1757438327798 2.0393230977838614 175
1757438327867 1.047660062424564 176
1757438327936 1.1033161758850438 177
1757438328005 1.331462371801427 178
1757438328073 1.466862050408178 179
1757438328141 1.2652116860963725 180
1757438328209 0.8856955550785846 181
1757438328277 0.9626307403404796 182
1757438328346 1.0396584517654779 183
1757438328417 2.228818344610805 184
1757438328482 2.5284350831005553 185
1757438328547 1.3253608497628822 186
1757438328607 1.3450340785337915 187
1757438328671 3.099604160935017 188
1757438328735 1.1567591182164354 189
1757438328799 0.6970118301434947 190
1757438328863 0.7901974125181546 191
1757438328926 0.9145959591539432 192
1757438328988 1.2883268759019308 193
1757438329052 1.2015125134753712 194
1757438329116 0.6751646359257247 195
1757438329185 1.6132163408377878 196
1757438329255 1.8831557955051426 197
1757438329327 3.429963056771997 198
1757438329397 0.7419173500314182 199
1757438329466 1.336270662570091 200
1757438329533 1.3187636415765756 201
1757438329608 1.6276767457753154 202
1757438329678 0.6806655979250504 203
1757438329745 0.674544179898061 204
1757438329813 2.1956049384589695 205
1757438329882 1.163754996913658 206
1757438329952 1.7353986414037 207
1757438330024 1.5232419987662025 208
1757438330105 1.1253175687672148 209
1757438330170 1.8602913871317441 210
1757438330233 1.093254198621672 211
1757438330293 1.0672488197279246 212
1757438330348 1.1934774538064183 213
1757438330398 0.7700087207769414 214
1757438330456 2.2269027840626525 215
1757438330510 1.5054439624220959 216
1757438330573 1.0624648052806047 217
