1757697507593 0.08757498319347792 0
1757697507713 0.0013603033120371342 1
1757697507833 0.0904451614393311 2
1757697507949 0.003777376857051367 3
1757697508065 0.16277211080930284 4
1757697508179 0.04410760967857388 5
1757697508294 0.01803229777676068 6
1757697508411 0.00019445526592387651 7
1757697508528 0.002362372131115421 8
1757697508646 0.453916277234146 9
1757697508763 0.1765249708710114 10
1757697508880 0.11002957079535834 11
1757697508999 0.023189021976845168 12
1757697509116 0.009839440667078536 13
1757697509233 0.03161452844653168 14
1757697509353 0.05333055045978828 15
1757697509470 0.44327956115332573 16
1757697509589 0.10536423893675786 17
1757697509718 0.027259344050533284 18
1757697509853 0.010524204071569484 19
1757697509981 0.021802279434789528 20
1757697510103 0.00893937469621458 21
1757697510222 0.31273167703188065 22
1757697510339 0.18145631661767903 23
1757697510459 0.05851454389009071 24
1757697510577 0.07137614322799588 25
1757697510695 0.12918417835333001 26
1757697510815 0.2570565580273154 27
1757697510932 0.0010503646143473434 28
1757697511048 0.125082457187338 29
1757697511164 0.18435534555633817 30
1757697511280 0.05905372604687205 31
1757697511397 0.13076058101049157 32
1757697511512 0.02535960698582217 33
1757697511628 0.002293840543742024 34
1757697511747 0.09270593964054645 35
1757697511863 0.33085884104880414 36
1757697511980 0.0690473442390808 37
1757697512097 2.0596703083350937e-06 38
1757697512215 0.08094817117933861 39
1757697512332 0.10169844974641432 40
1757697512450 0.10529937625281688 41
1757697512569 0.007228315063963774 42
1757697512688 0.0032664775569105726 43
1757697512806 0.0035579686238603274 44
1757697512923 0.06845839403418524 45
1757697513037 0.13990796016982357 46
1757697513155 0.13876910799879397 47
1757697513274 0.05441415485076278 48
1757697513391 0.015045233065756556 49
1757697513510 0.14831914898648904 50
1757697513628 0.022225055766867556 51
1757697513747 0.05956245281228429 52
1757697513864 0.7084373309509058 53
1757697514000 0.17119417124065678 54
1757697514116 0.11848487893207779 55
1757697514232 0.012613727393342596 56
1757697514350 0.07032488369392428 57
1757697514468 0.018895758230501616 58
1757697514586 0.06445821224604653 59
1757697514703 5.649854807620247e-06 60
1757697514822 0.007227118396609037 61
1757697514950 0.04456969015679736 62
1757697515069 0.020596998879758657 63
1757697515188 0.0635188541017359 64
1757697515306 0.07352521837941617 65
1757697515425 0.007730304801765594 66
1757697515543 0.029209982659810833 67
1757697515660 0.009823861545119236 68
1757697515779 0.09156577470695897 69
1757697515896 0.13836318073425768 70
1757697516013 0.00790511657657245 71
1757697516130 0.29934398725850275 72
1757697516248 0.0001726951904720562 73
