1757437851674 151.21188672949822 0
1757437851735 148.09226724001292 1
1757437851794 144.56944361996682 2
1757437851854 124.00920634921626 3
1757437851914 118.36645270821663 4
1757437851973 107.49089548468127 5
1757437852033 97.95843838349876 6
1757437852091 100.60007261826176 7
1757437852154 89.36849243513198 8
1757437852212 80.61915031951767 9
1757437852271 75.26860555429012 10
1757437852324 71.44329922418018 11
1757437852384 64.48604724653389 12
1757437852444 64.35744810285539 13
1757437852504 58.138396370286614 14
1757437852566 56.19848261753723 15
1757437852628 52.15138136222718 16
1757437852687 46.57587320000791 17
1757437852744 45.98473710419465 18
1757437852807 43.21879779277441 19
1757437852873 39.16258687408899 20
1757437852932 37.91657072454619 21
1757437852993 31.848555150310364 22
1757437853061 29.388666846815465 23
1757437853112 30.25563378525922 24
1757437853170 25.87887827822002 25
1757437853234 26.603934121157227 26
1757437853295 26.472514445439646 27
1757437853355 22.71853579104285 28
1757437853420 20.186761363621265 29
1757437853484 22.523780298249417 30
1757437853544 17.498948691173624 31
1757437853607 14.317971563478814 32
1757437853660 15.834209244660727 33
1757437853724 15.766928154288761 34
1757437853788 13.371757222420214 35
1757437853852 11.914153003766481 36
1757437853915 12.028122309474734 37
1757437853979 10.523442798779993 38
1757437854044 9.982732008541271 39
1757437854105 8.307372508714314 40
1757437854168 8.253734677092691 41
1757437854233 7.1603713607599175 42
1757437854294 7.194804424413563 43
1757437854360 8.415981356802249 44
1757437854422 9.232924717620207 45
1757437854486 6.474663855027469 46
1757437854548 9.486828875111764 47
1757437854610 6.359355534615135 48
1757437854669 7.071228819678411 49
1757437854729 4.8992878252532135 50
1757437854794 4.123216441112982 51
1757437854861 3.979023904984257 52
1757437854923 5.399412233789077 53
1757437854984 4.119359101944475 54
1757437855044 3.805467270780297 55
1757437855106 3.812508298981706 56
1757437855167 2.903905028097462 57
1757437855233 5.937682382511046 58
1757437855292 3.042288649324557 59
1757437855350 4.375315192558486 60
1757437855411 2.2140197208639463 61
1757437855468 3.5948112513702117 62
1757437855528 3.7452882653591244 63
1757437855590 2.2886256507043856 64
1757437855644 4.162811657068269 65
1757437855692 3.329319110110117 66
1757437855745 2.8967286356687274 67
1757437855801 1.4041905490017215 68
1757437855862 0.9697664010374936 69
1757437855920 2.3956239712618035 70
1757437855975 1.4497246655574845 71
1757437856037 1.7646069654784593 72
1757437856096 1.155268570410408 73
1757437856162 1.8151405868731536 74
1757437856227 1.2754955251200715 75
1757437856293 1.4308153469063385 76
1757437856357 1.910114075419896 77
1757437856419 2.453467419749601 78
1757437856479 1.7477186868548547 79
1757437856538 3.019351753554803 80
1757437856597 1.2009114498543454 81
1757437856657 2.035140214540274 82
1757437856719 2.125066858708004 83
1757437856777 2.0449220054137696 84
1757437856842 1.6240672030537535 85
1757437856911 2.199778607126095 86
1757437856984 0.8944298434743498 87
1757437857052 1.9076164352824259 88
1757437857118 0.6509104838738197 89
1757437857191 2.283569989856115 90
1757437857251 2.7758774346055817 91
1757437857315 1.0846900949021667 92
1757437857374 2.6960369713205092 93
1757437857437 0.6310114389621285 94
1757437857493 1.2127645540518017 95
1757437857556 0.5276322020450538 96
1757437857619 2.2076204146170517 97
1757437857672 1.081464761304249 98
1757437857727 0.8133889109900523 99
1757437857790 0.6465082883040785 100
1757437857856 0.8915851419644254 101
1757437857925 2.560582341622509 102
1757437857992 1.5645334620415903 103
1757437858060 1.1385680325730498 104
1757437858125 0.6019885351709879 105
1757437858191 1.6492188148104387 106
1757437858273 1.0676894646342188 107
1757437858341 0.561861075098479 108
1757437858409 0.6057373690866363 109
1757437858475 1.224865660314119 110
1757437858543 1.6936458206038356 111
1757437858610 1.6931017194764828 112
1757437858688 1.5160960583081313 113
1757437858756 1.858181013777342 114
1757437858821 0.993926803708568 115
1757437858883 2.301779142852235 116
1757437858945 1.8383921857330596 117
1757437859011 1.5811206263192323 118
1757437859068 1.3174663915242475 119
1757437859117 0.7218656947935855 120
1757437859168 0.3900926207096159 121
1757437859228 1.089563289301169 122
1757437859285 0.844241962164138 123
1757437859350 1.0688628040423038 124
1757437859408 0.902138224887608 125
1757437859467 3.59672269949902 126
1757437859522 0.8155296598383052 127
1757437859581 0.9867998630756842 128
1757437859639 1.063256913933587 129
1757437859692 0.7225884292864067 130
1757437859749 1.1753416463106523 131
1757437859807 1.3243106770821478 132
1757437859869 0.6290843127478153 133
1757437859926 1.1478045843632887 134
1757437859988 2.7188285585435663 135
1757437860048 1.019195010879196 136
1757437860104 1.9847750997384845 137
1757437860166 0.7401752678998474 138
1757437860233 2.664968314224345 139
1757437860298 2.26712207377452 140
1757437860361 1.7528691865281485 141
1757437860425 2.383701388452895 142
1757437860491 0.9083627196422582 143
1757437860560 0.6741303603254398 144
1757437860625 0.4473542369046982 145
1757437860687 1.4466112123026973 146
1757437860744 3.362806877747306 147
1757437860803 1.147356919325212 148
1757437860862 3.198613319349046 149
1757437860927 2.7782304898942654 150
1757437860988 1.7709219203583524 151
1757437861049 0.7643088895215027 152
1757437861111 2.5180426762148764 153
1757437861174 2.752389250261788 154
1757437861241 0.8877675396050809 155
1757437861304 3.5946268033232154 156
1757437861365 0.6044312401945707 157
1757437861425 1.1190061963698286 158
1757437861487 0.6514463713527331 159
1757437861554 2.0168622889830505 160
1757437861620 0.9707607048129501 161
1757437861681 1.9657054650418895 162
1757437861736 0.6592083356422794 163
1757437861798 1.022825377294927 164
1757437861862 1.2438505608788195 165
1757437861921 0.9058570389311003 166
1757437861982 1.0331731446670904 167
1757437862043 0.7423791725554396 168
1757437862108 3.5351076230375025 169
1757437862171 1.984428131643748 170
1757437862231 1.0447063853000955 171
1757437862294 0.44031463555639455 172
1757437862358 0.9354480782045106 173
1757437862420 1.9251721571687095 174
1757437862486 1.273184999855243 175
1757437862552 1.292156655120268 176
1757437862618 1.156862218671907 177
1757437862688 0.8533003587767345 178
1757437862756 0.5569599147386495 179
1757437862824 1.4922807780795682 180
1757437862890 1.9265453630801213 181
1757437862958 0.5977142164467542 182
1757437863033 0.8408500235722165 183
1757437863108 1.2518208670068793 184
1757437863175 1.3592140589501298 185
1757437863241 3.479981390699368 186
1757437863307 1.2109921106607682 187
1757437863376 0.6494274141346412 188
1757437863444 1.3239995617630105 189
1757437863513 1.2090915917793545 190
1757437863583 1.1619518410883967 191
1757437863651 1.5413793732850272 192
1757437863715 1.302704026856956 193
