1757649817180 167.98122276634302 0
1757649817254 167.96828789187686 1
1757649817329 167.9556637681053 2
1757649817400 167.9430407118815 3
1757649817474 167.93041873793953 4
1757649817545 167.91779784618112 5
1757649817616 167.9051780365086 6
1757649817690 167.8925593088245 7
1757649817765 167.87994166303122 8
1757649817830 167.86732509903118 9
1757649817903 167.85470961672686 10
1757649817978 167.84209521602077 11
1757649818053 167.82948189681534 12
1757649818126 167.81686965901307 13
1757649818199 167.80425850251646 14
1757649818278 167.791648427228 15
1757649818403 167.77903943305023 16
1757649818493 167.76643151988566 17
1757649818555 167.75382468763684 18
1757649818620 167.74121893620628 19
1757649818682 167.7286142654965 20
1757649818758 167.7160106754101 21
1757649818836 167.7034081658497 22
1757649818915 167.69080673671778 23
1757649818993 167.67820638791704 24
1757649819068 167.66560711934991 25
1757649819143 167.65300893091916 26
1757649819220 167.6404118225273 27
1757649819296 167.627815794077 28
1757649819372 167.61522084547087 29
1757649819448 167.60262697661156 30
1757649819522 167.5900341874017 31
1757649819598 167.577442477744 32
1757649819675 167.56485184754106 33
1757649819751 167.5522622966956 34
1757649819824 167.53967382511027 35
1757649819898 167.5270864326878 36
1757649819972 167.5145001193309 37
1757649820044 167.50191488494227 38
1757649820120 167.4893307294246 39
1757649820194 167.47674765268064 40
1757649820267 167.46416565461317 41
1757649820343 167.45158473512487 42
1757649820417 167.43900489411854 43
1757649820490 167.42642613149695 44
1757649820566 167.41384844716285 45
1757649820641 167.40127184101905 46
1757649820719 167.38869631296834 47
1757649820801 167.37612186291346 48
1757649820882 167.36354849075738 49
1757649820961 167.35097619640274 50
1757649821043 167.33840497975245 51
1757649821124 167.32583484070938 52
1757649821204 167.3132657791763 53
1757649821283 167.30069779505615 54
1757649821360 167.28813088825174 55
1757649821444 167.27556505866596 56
1757649821526 167.2630003062017 57
1757649821605 167.25043663076187 58
1757649821684 167.23787403224932 59
1757649821762 167.225312510567 60
1757649821842 167.21275206561785 61
1757649821919 167.20019269730471 62
1757649821996 167.1876344055306 63
1757649822074 167.17507719019846 64
1757649822152 167.16252105121123 65
1757649822234 167.14996598847188 66
1757649822311 167.13741200188338 67
1757649822393 167.12485909134872 68
1757649822467 167.1123072567709 69
1757649822544 167.09975649805284 70
1757649822619 167.08720681509763 71
1757649822695 167.0746582078083 72
1757649822764 167.06211067608788 73
1757649822841 167.04956421983934 74
1757649822915 167.03701883896576 75
1757649822991 167.02447453337024 76
1757649823068 167.01193130295576 77
1757649823145 166.99938914762546 78
1757649823222 166.9868480672824 79
1757649823301 166.97430806182965 80
1757649823381 166.96176913117037 81
1757649823460 166.9492312752076 82
1757649823542 166.9366944938445 83
1757649823623 166.92415878698418 84
1757649823704 166.91162415452976 85
1757649823783 166.8990905963844 86
1757649823862 166.88655811245133 87
1757649823942 166.87402670263356 88
1757649824022 166.8614963668344 89
1757649824103 166.84896710495693 90
1757649824184 166.83643891690443 91
1757649824267 166.82391180258003 92
1757649824347 166.81138576188695 93
1757649824427 166.7988607947284 94
1757649824502 166.78633690100764 95
1757649824579 166.7738140806279 96
1757649824652 166.7612923334924 97
1757649824724 166.74877165950443 98
1757649824802 166.73625205856717 99
1757649824884 166.72373353058398 100
1757649824959 166.7112160754581 101
1757649825036 166.69869969309283 102
1757649825111 166.68618438339146 103
1757649825187 166.6736701462573 104
1757649825266 166.66115698159365 105
1757649825344 166.64864488930385 106
1757649825421 166.63613386929123 107
1757649825500 166.62362392145914 108
1757649825579 166.61111504571093 109
1757649825658 166.59860724194996 110
1757649825737 166.58610051007958 111
1757649825819 166.57359485000322 112
1757649825902 166.56109026162417 113
1757649825983 166.5485867448459 114
1757649826063 166.53608429957183 115
1757649826145 166.5235829257053 116
1757649826227 166.51108262314983 117
1757649826307 166.49858339180875 118
1757649826387 166.4860852315856 119
1757649826470 166.47358814238376 120
1757649826547 166.4610921241067 121
1757649826621 166.44859717665793 122
1757649826699 166.43610329994087 123
1757649826775 166.42361049385903 124
1757649826855 166.4111187583159 125
1757649826933 166.398628093215 126
1757649827012 166.38613849845981 127
1757649827090 166.37364997395392 128
1757649827167 166.36116251960078 129
1757649827242 166.34867613530395 130
1757649827316 166.336190820967 131
1757649827394 166.3237065764935 132
1757649827468 166.31122340178698 133
1757649827542 166.29874129675102 134
1757649827621 166.28626026128924 135
1757649827701 166.27378029530522 136
1757649827779 166.2613013987025 137
1757649827862 166.24882357138475 138
1757649827947 166.23634681325558 139
1757649828023 166.22387112421865 140
1757649828096 166.21139650417754 141
1757649828167 166.19892295303595 142
1757649828242 166.18645047069748 143
1757649828313 166.17397905706585 144
1757649828385 166.16150871204468 145
1757649828457 166.14903943553773 146
1757649828531 166.1365712274486 147
1757649828602 166.12410408768105 148
1757649828674 166.11163801613873 149
1757649828754 166.09917301272543 150
1757649828833 166.08670907734486 151
1757649828912 166.07424620990074 152
1757649828992 166.06178441029684 153
1757649829070 166.04932367843685 154
1757649829147 166.0368640142246 155
1757649829225 166.0244054175638 156
1757649829304 166.01194788835832 157
1757649829383 165.9994914265119 158
1757649829461 165.98703603192828 159
1757649829543 165.97458170451137 160
1757649829626 165.9621284441649 161
1757649829700 165.94967625079278 162
1757649829776 165.93722512429878 163
1757649829850 165.92477506458678 164
1757649829922 165.91232607156059 165
1757649829991 165.8998781451241 166
1757649830064 165.8874312851812 167
1757649830138 165.87498549163575 168
1757649830212 165.8625407643916 169
1757649830284 165.8500971033527 170
1757649830358 165.83765450842293 171
1757649830441 165.8252129795062 172
1757649830518 165.81277251650647 173
1757649830592 165.80033311932763 174
1757649830667 165.78789478787365 175
1757649830739 165.77545752204844 176
1757649830816 165.763021321756 177
1757649830890 165.7505861869003 178
1757649830963 165.73815211738534 179
1757649831040 165.725719113115 180
1757649831113 165.7132871739934 181
1757649831192 165.70085629992445 182
1757649831268 165.6884264908122 183
1757649831346 165.67599774656065 184
1757649831427 165.6635700670739 185
1757649831515 165.6511434522559 186
1757649831585 165.63871790201077 187
1757649831658 165.6262934162425 188
1757649831728 165.61386999485526 189
1757649831799 165.60144763775298 190
1757649831868 165.58902634483988 191
1757649831941 165.57660611601995 192
1757649832017 165.56418695119737 193
1757649832092 165.55176885027623 194
1757649832167 165.53935181316058 195
1757649832240 165.52693583975463 196
1757649832315 165.51452092996252 197
1757649832391 165.50210708368832 198
1757649832471 165.48969430083625 199
1757649832552 165.47728258131045 200
1757649832633 165.46487192501507 201
1757649832709 165.45246233185438 202
1757649832785 165.44005380173246 203
1757649832856 165.4276463345536 204
1757649832928 165.41523993022193 205
1757649833008 165.40283458864175 206
1757649833090 165.39043030971723 207
1757649833172 165.37802709335259 208
1757649833253 165.36562493945215 209
1757649833332 165.35322384792002 210
1757649833407 165.34082381866062 211
1757649833484 165.32842485157818 212
1757649833556 165.31602694657693 213
1757649833633 165.30363010356115 214
1757649833706 165.2912343224352 215
1757649833782 165.27883960310334 216
1757649833855 165.26644594546994 217
1757649833929 165.25405334943926 218
1757649834005 165.2416618149157 219
1757649834082 165.22927134180347 220
1757649834160 165.21688193000705 221
1757649834238 165.20449357943076 222
1757649834319 165.192106289979 223
1757649834400 165.17972006155608 224
1757649834479 165.1673348940664 225
1757649834559 165.15495078741444 226
1757649834635 165.14256774150448 227
1757649834716 165.130185756241 228
1757649834798 165.11780483152842 229
1757649834882 165.10542496727115 230
1757649834968 165.09304616337369 231
1757649835051 165.0806684197404 232
1757649835140 165.06829173627577 233
1757649835221 165.05591611288426 234
1757649835304 165.0435415494704 235
1757649835388 165.03116804593859 236
1757649835469 165.0187956021934 237
1757649835555 165.00642421813924 238
1757649835640 164.99405389368073 239
1757649835725 164.9816846287223 240
1757649835811 164.96931642316852 241
1757649835893 164.95694927692392 242
1757649835973 164.94458318989305 243
1757649836055 164.93221816198042 244
1757649836136 164.91985419309069 245
1757649836215 164.9074912831283 246
1757649836300 164.89512943199793 247
1757649836383 164.88276863960417 248
1757649836464 164.87040890585155 249
1757649836550 164.85805023064472 250
1757649836629 164.84569261388827 251
1757649836708 164.8333360554869 252
1757649836791 164.8209805553452 253
1757649836874 164.80862611336775 254
1757649836955 164.7962727294593 255
1757649837038 164.78392040352446 256
1757649837123 164.7715691354679 257
1757649837208 164.75921892519432 258
1757649837292 164.74686977260833 259
1757649837376 164.73452167761477 260
1757649837459 164.7221746401182 261
1757649837545 164.70982866002345 262
1757649837628 164.69748373723516 263
1757649837709 164.6851398716581 264
1757649837787 164.67279706319698 265
1757649837899 164.66045531175658 266
1757649837990 164.64811461724162 267
1757649838081 164.63577497955694 268
1757649838167 164.62343639860723 269
1757649838250 164.61109887429734 270
1757649838344 164.59876240653202 271
1757649838435 164.58642699521607 272
1757649838519 164.57409264025432 273
1757649838606 164.56175934155164 274
1757649838687 164.54942709901275 275
1757649838769 164.53709591254255 276
1757649838850 164.52476578204588 277
1757649838933 164.51243670742764 278
1757649839016 164.50010868859258 279
1757649839100 164.48778172544564 280
1757649839185 164.4754558178917 281
1757649839271 164.46313096583572 282
1757649839357 164.4508071691825 283
1757649839443 164.43848442783695 284
1757649839526 164.42616274170405 285
1757649839608 164.41384211068868 286
1757649839695 164.40152253469572 287
1757649839778 164.38920401363026 288
1757649839869 164.37688654739713 289
1757649839946 164.36457013590132 290
1757649840022 164.35225477904783 291
1757649840097 164.33994047674162 292
1757649840171 164.32762722888768 293
1757649840247 164.31531503539097 294
1757649840324 164.30300389615655 295
1757649840400 164.29069381108937 296
1757649840482 164.27838478009454 297
1757649840560 164.26607680307703 298
1757649840636 164.25376987994187 299
1757649840712 164.24146401059414 300
1757649840790 164.2291591949389 301
1757649840869 164.21685543288118 302
1757649840947 164.20455272432608 303
1757649841027 164.19225106917872 304
1757649841111 164.17995046734413 305
1757649841192 164.16765091872745 306
1757649841270 164.15535242323375 307
1757649841349 164.14305498076823 308
1757649841428 164.13075859123592 309
1757649841510 164.11846325454204 310
1757649841589 164.10616897059163 311
1757649841671 164.09387573928998 312
1757649841756 164.08158356054216 313
1757649841840 164.06929243425336 314
1757649841930 164.05700236032877 315
1757649842019 164.0447133386736 316
1757649842109 164.03242536919302 317
1757649842269 164.02013845179223 318
1757649842345 164.00785258637646 319
1757649842417 163.99556777285096 320
1757649842490 163.98328401112093 321
1757649842567 163.9710013010916 322
1757649842648 163.95871964266826 323
1757649842725 163.94643903575616 324
1757649842801 163.93415948026052 325
1757649842878 163.9218809760867 326
1757649842952 163.9096035231399 327
1757649843027 163.8973271213255 328
1757649843102 163.88505177054876 329
1757649843180 163.87277747071496 330
1757649843256 163.8605042217295 331
1757649843334 163.84823202349764 332
1757649843409 163.8359608759248 333
1757649843491 163.8236907789162 334
1757649843572 163.8114217323773 335
1757649843657 163.7991537362134 336
1757649843740 163.78688679032996 337
1757649843822 163.77462089463228 338
1757649843908 163.7623560490258 339
1757649843992 163.75009225341591 340
1757649844067 163.73782950770806 341
1757649844142 163.72556781180754 342
1757649844224 163.71330716561988 343
1757649844300 163.7010475690505 344
1757649844384 163.68878902200487 345
1757649844467 163.67653152438837 346
1757649844550 163.66427507610652 347
1757649844637 163.65201967706474 348
1757649844720 163.6397653271686 349
1757649844802 163.62751202632347 350
1757649844882 163.61525977443497 351
1757649844963 163.60300857140854 352
1757649845041 163.59075841714966 353
1757649845118 163.5785093115639 354
1757649845197 163.5662612545568 355
1757649845278 163.55401424603386 356
1757649845360 163.54176828590064 357
1757649845440 163.5295233740628 358
1757649845523 163.51727951042574 359
1757649845609 163.50503669489515 360
1757649845694 163.49279492737656 361
1757649845779 163.48055420777555 362
1757649845871 163.4683145359978 363
1757649845963 163.4560759119489 364
1757649846051 163.44383833553437 365
1757649846141 163.43160180665996 366
1757649846224 163.41936632523127 367
1757649846307 163.4071318911539 368
1757649846381 163.39489850433355 369
1757649846463 163.3826661646759 370
1757649846547 163.37043487208655 371
1757649846629 163.35820462647126 372
1757649846711 163.3459754277357 373
1757649846790 163.33374727578553 374
1757649846871 163.3215201705265 375
1757649846953 163.3092941118643 376
1757649847037 163.29706909970463 377
1757649847118 163.28484513395327 378
1757649847201 163.27262221451593 379
1757649847286 163.2604003412984 380
1757649847367 163.24817951420644 381
1757649847455 163.23595973314576 382
1757649847546 163.22374099802218 383
1757649847654 163.2115233087415 384
1757649847744 163.19930666520946 385
1757649847828 163.1870910673319 386
1757649847918 163.17487651501466 387
1757649848037 163.1626630081635 388
1757649848139 163.15045054668428 389
1757649848224 163.13823913048282 390
1757649848315 163.126028759465 391
1757649848397 163.11381943353666 392
1757649848486 163.10161115260365 393
1757649848609 163.08940391657185 394
1757649848685 163.0771977253472 395
1757649848777 163.06499257883547 396
1757649848867 163.05278847694265 397
1757649848962 163.04058541957463 398
1757649849059 163.02838340663732 399
1757649849150 163.01618243803665 400
1757649849240 163.00398251367855 401
1757649849335 162.99178363346894 402
1757649849427 162.9795857973138 403
1757649849527 162.96738900511912 404
1757649849630 162.9551932567908 405
1757649849728 162.94299855223485 406
1757649849818 162.9308048913573 407
1757649849913 162.91861227406406 408
1757649850010 162.90642070026118 409
1757649850106 162.8942301698547 410
1757649850206 162.88204068275058 411
1757649850320 162.8698522388549 412
1757649850415 162.85766483807367 413
1757649850506 162.84547848031298 414
1757649850600 162.83329316547884 415
1757649850699 162.8211088934773 416
1757649850798 162.80892566421448 417
1757649850897 162.79674347759644 418
1757649851000 162.78456233352927 419
1757649851105 162.7723822319191 420
1757649851201 162.76020317267196 421
1757649851299 162.74802515569408 422
1757649851395 162.7358481808915 423
1757649851570 162.7236722481704 424
1757649851664 162.71149735743688 425
1757649851757 162.69932350859713 426
1757649851848 162.68715070155727 427
1757649851941 162.67497893622354 428
1757649852039 162.66280821250209 429
1757649852135 162.65063853029903 430
1757649852230 162.63846988952065 431
1757649852326 162.62630229007314 432
1757649852418 162.61413573186263 433
1757649852509 162.60197021479544 434
1757649852603 162.58980573877778 435
1757649852696 162.5776423037159 436
1757649852782 162.56547990951597 437
1757649852901 162.55331855608432 438
1757649852992 162.54115824332717 439
1757649853083 162.52899897115083 440
1757649853180 162.51684073946157 441
1757649853271 162.5046835481657 442
1757649853362 162.4925273971695 443
1757649853459 162.48037228637926 444
1757649853549 162.46821821570134 445
1757649853644 162.456065185042 446
1757649853734 162.44391319430764 447
1757649853829 162.43176224340462 448
1757649853920 162.4196123322392 449
1757649854014 162.40746346071782 450
1757649854118 162.3953156287468 451
1757649854213 162.38316883623256 452
1757649854308 162.3710230830814 453
1757649854406 162.35887836919989 454
1757649854504 162.34673469449427 455
1757649854594 162.33459205887098 456
1757649854684 162.32245046223653 457
1757649854770 162.31030990449725 458
1757649854858 162.29817038555964 459
1757649854947 162.2860319053301 460
1757649855036 162.27389446371512 461
1757649855129 162.26175806062122 462
1757649855220 162.24962269595474 463
1757649855310 162.23748836962224 464
1757649855403 162.2253550815302 465
1757649855495 162.21322283158514 466
1757649855588 162.20109161969356 467
1757649855681 162.18896144576195 468
1757649855771 162.17683230969686 469
1757649855862 162.1647042114048 470
1757649855952 162.15257715079238 471
1757649856045 162.14045112776603 472
1757649856138 162.12832614223245 473
1757649856227 162.1162021940981 474
1757649856317 162.10407928326958 475
1757649856406 162.09195740965353 476
1757649856500 162.0798365731565 477
1757649856593 162.0677167736851 478
1757649856685 162.05559801114595 479
1757649856773 162.0434802854457 480
1757649856858 162.03136359649088 481
1757649856944 162.0192479441882 482
1757649857057 162.00713332844435 483
1757649857148 161.9950197491659 484
1757649857242 161.98290720625954 485
1757649857336 161.97079569963196 486
1757649857434 161.95868522918983 487
1757649857526 161.94657579483982 488
1757649857621 161.9344673964887 489
1757649857710 161.92236003404312 490
1757649857806 161.9102537074098 491
1757649857900 161.89814841649545 492
1757649857995 161.88604416120685 493
1757649858087 161.87394094145068 494
1757649858180 161.86183875713374 495
1757649858273 161.8497376081628 496
1757649858367 161.83763749444455 497
1757649858456 161.82553841588586 498
1757649858551 161.81344037239347 499
