1757666313704 149.5219986368203 0
1757666313803 135.7665093442165 1
1757666313900 115.27919467658336 2
1757666313984 97.19310584271744 3
1757666314072 86.87685866905377 4
1757666314162 70.73887922948352 5
1757666314250 67.31984702886233 6
1757666314339 55.956361661834194 7
1757666314434 51.52222105327699 8
1757666314526 41.48327453412537 9
1757666314616 36.5706747036678 10
1757666314713 32.29642296372759 11
1757666314808 31.622222096108285 12
1757666314901 25.05736204553106 13
1757666314998 22.44676337857816 14
1757666315095 19.077836810386366 15
1757666315193 15.610517030567417 16
1757666315284 18.649304596296247 17
1757666315377 14.50095847078449 18
1757666315462 13.37516577391715 19
1757666315549 11.615996610144522 20
1757666315633 9.843715041572692 21
1757666315737 8.330544747408501 22
1757666315852 8.295159790044071 23
1757666315950 7.674602740246024 24
1757666316050 6.660365226873035 25
1757666316144 7.076200439875921 26
1757666316242 5.3905969197993775 27
1757666316338 4.60745698921559 28
1757666316435 4.380432359695902 29
1757666316532 4.636268351365342 30
1757666316631 3.87499072149022 31
1757666316728 6.920489276689249 32
1757666316827 4.6860729897822395 33
1757666316922 4.681179166086006 34
1757666317024 3.778358009108195 35
1757666317121 4.0739730710714195 36
1757666317214 5.934672979761498 37
1757666317321 2.439668464863405 38
1757666317421 2.436318613130355 39
1757666317510 1.9586330023404623 40
1757666317600 4.159268363182909 41
1757666317697 3.2485901530831747 42
1757666317806 2.9789590903509056 43
1757666317905 2.9746551286641774 44
1757666318004 3.969433572607983 45
1757666318101 2.2991773624423155 46
1757666318200 1.8308889731844729 47
1757666318297 1.862075498125261 48
1757666318397 1.7118772562765643 49
1757666318497 2.5093903105975457 50
1757666318594 2.167317630243263 51
1757666318696 1.501896988396098 52
1757666318791 3.1852914518649955 53
1757666318884 3.9768103682262583 54
1757666318983 2.550337529723742 55
1757666319081 2.316296308431604 56
1757666319180 3.2464899994177685 57
1757666319274 5.23000066999818 58
1757666319371 2.597820615098474 59
1757666319465 1.7920243874283726 60
1757666319552 2.2649436450191978 61
1757666319647 1.5746855909937154 62
1757666319743 0.8463703195540091 63
1757666319838 1.4724522336996828 64
1757666319932 1.9727956541610396 65
1757666320031 1.5219683090590508 66
1757666320129 2.433773557304723 67
1757666320224 1.624585900649367 68
1757666320322 1.9112744587556572 69
1757666320419 1.3312050184713824 70
1757666320515 2.482125448481478 71
1757666320612 1.2181992231839018 72
1757666320710 1.7989088037869156 73
1757666320808 5.486765634281174 74
1757666320905 1.698524970220462 75
1757666321003 1.4613276789671281 76
1757666321101 1.830068640755036 77
1757666321196 1.3915292234367036 78
1757666321293 1.7861215004879605 79
1757666321393 2.4534072180959634 80
1757666321488 1.8096993528661394 81
1757666321579 0.9329320768252775 82
1757666321669 2.1008086876652827 83
1757666321758 0.5944759959749003 84
1757666321852 1.181367900912775 85
1757666321949 2.907617261109693 86
1757666322048 0.9776959085589154 87
1757666322146 2.1508752127226423 88
1757666322244 1.8347955873244193 89
1757666322340 1.3325434820893927 90
1757666322439 0.9804219668293173 91
1757666322538 1.0769960972008095 92
1757666322637 4.16156740687293 93
1757666322732 1.9402869041577697 94
1757666322828 1.4123625106300972 95
1757666322923 2.382507000703453 96
1757666323018 1.895622855232386 97
1757666323115 3.1685242360808563 98
1757666323211 2.2959520394608752 99
1757666323310 2.4907416694350943 100
1757666323406 1.135705265066729 101
1757666323506 1.6105248808880008 102
1757666323593 1.4889751541138105 103
1757666323687 1.7521453182384719 104
1757666323780 2.2096778142347353 105
1757666323874 1.1461500534072446 106
1757666323962 2.822628944626922 107
1757666324054 1.7170858998580725 108
1757666324150 0.9352797839901928 109
1757666324243 1.431731217287492 110
1757666324336 1.2783941243622652 111
