1757626803657 49.188197657063995 0
1757626803735 20.537687058486803 1
1757626803812 14.798927230760178 2
1757626803888 7.8841034121509646 3
1757626803965 10.477051919723564 4
1757626804044 8.137103150957923 5
1757626804122 8.12614745556465 6
1757626804201 10.6211964138454 7
1757626804278 7.5951635539064 8
1757626804359 8.794195097989755 9
1757626804439 9.887516197295755 10
1757626804517 10.51301090946472 11
1757626804598 7.061319919395002 12
1757626804674 8.69818147125521 13
1757626804752 7.146038196372074 14
1757626804829 8.08719291855779 15
1757626804906 7.9401961777742045 16
1757626804984 6.720708460217521 17
1757626805062 11.126174117592058 18
1757626805144 8.077603538273042 19
1757626805230 9.093705119804078 20
1757626805304 8.895839682287333 21
1757626805381 8.785211137456226 22
1757626805451 8.23926777541619 23
1757626805530 7.621004424241719 24
1757626805605 9.283440373338534 25
1757626805680 7.435146999173911 26
1757626805752 9.667254557247775 27
1757626805825 8.613143897839072 28
1757626805901 7.456529965669718 29
1757626805983 7.93345288913074 30
1757626806066 9.74576135481504 31
1757626806141 8.925072582059155 32
1757626806223 6.692571138132505 33
1757626806304 6.959825097280152 34
1757626806385 8.593726125212982 35
1757626806470 8.030011939717197 36
1757626806553 8.413877756326894 37
1757626806636 9.005754626960375 38
1757626806717 7.783077596192292 39
1757626806800 8.981621216996723 40
1757626806880 9.816052113301359 41
1757626806960 10.083021428931277 42
1757626807039 9.472466262434796 43
1757626807118 8.252465425078322 44
1757626807200 10.780877744876017 45
1757626807283 8.239667092045696 46
1757626807363 7.842417235203166 47
1757626807445 7.76317023802206 48
1757626807525 8.785630978591008 49
1757626807608 9.165115508519243 50
1757626807691 8.556785614936551 51
1757626807772 9.090714911217233 52
1757626807848 7.876019311199925 53
