1757434120399 169.07375562217288 0
1757434120459 167.94398038473116 1
1757434120516 167.3186125156551 2
1757434120583 166.69488830885717 3
1757434120640 166.0743185713765 4
1757434120697 165.45688148788687 5
1757434120755 164.8425600035684 6
1757434120803 164.23133714697929 7
1757434120857 163.6231960437086 8
1757434120914 163.01811991576332 9
1757434120971 162.4160920810025 10
1757434121027 161.8170959525744 11
1757434121079 161.22111503835694 12
1757434121130 160.62813294040185 13
1757434121185 160.0381333543818 14
1757434121238 159.45110006904082 15
1757434121292 158.86701696564816 16
1757434121353 158.28586801745544 17
1757434121414 157.70763728915674 18
1757434121468 157.13230893635225 19
1757434121530 156.55986720501474 20
1757434121583 155.99029643095983 21
1757434121638 155.42358103931855 22
1757434121694 154.85970554401382 23
1757434121749 154.29865454723947 24
1757434121804 153.74041273894298 25
1757434121861 153.18496489631048 26
1757434121921 152.63229588325575 27
1757434121981 152.08239064991136 28
1757434122046 151.53523423212354 29
1757434122103 150.99081175094977 30
1757434122155 150.4491084121592 31
1757434122205 149.91010950573641 32
1757434122262 149.3738004053878 33
1757434122323 148.8401665680511 34
1757434122382 148.30919353340775 35
1757434122440 147.7808669233982 36
1757434122494 147.25517244174003 37
1757434122549 146.73209587344897 38
1757434122606 146.21162308436288 39
1757434122667 145.69374002066843 40
1757434122725 145.17843270843042 41
1757434122776 144.66568725312447 42
1757434122819 144.1554898391719 43
1757434122860 143.64782672947763 44
1757434122905 143.14268426497082 45
1757434122956 142.6400488641483 46
1757434123012 142.13990702262058 47
1757434123063 141.64224531266058 48
1757434123120 141.14705038275508 49
1757434123177 140.6543089571591 50
1757434123235 140.16400783545234 51
1757434123288 139.67613389209873 52
1757434123344 139.1906740760085 53
1757434123399 138.7076154101028 54
1757434123462 138.22694499088084 55
1757434123517 137.74864998798975 56
1757434123572 137.272717643797 57
1757434123630 136.79913527296523 58
1757434123684 136.3278902620296 59
1757434123744 135.8589700689778 60
1757434123801 135.39236222283265 61
1757434123862 134.92805432323664 62
1757434123922 134.4660340400396 63
1757434123980 134.0062891128884 64
1757434124033 133.54880735081943 65
1757434124089 133.0935766318529 66
1757434124146 132.64058490259035 67
1757434124203 132.18982017781386 68
1757434124258 131.74127054008812 69
1757434124316 131.29492413936453 70
1757434124374 130.85076919258782 71
1757434124432 130.40879398330503 72
1757434124487 129.96898686127668 73
1757434124543 129.53133624209045 74
1757434124601 129.09583060677687 75
1757434124658 128.6624585014276 76
1757434124717 128.2312085368158 77
1757434124772 127.80206938801875 78
1757434124823 127.37502979404265 79
1757434124872 126.95007855744998 80
1757434124928 126.5272045439887 81
1757434124989 126.10639668222375 82
1757434125046 125.68764396317086 83
1757434125107 125.27093543993244 84
1757434125166 124.85626022733555 85
1757434125226 124.4436075015723 86
1757434125280 124.03296649984195 87
1757434125341 123.62432651999558 88
1757434125403 123.21767692018253 89
1757434125467 122.81300711849921 90
1757434125534 122.41030659263981 91
1757434125607 122.00956487954898 92
1757434125672 121.61077157507695 93
1757434125736 121.21391633363635 94
1757434125803 120.81898886786122 95
1757434125871 120.42597894826791 96
1757434125935 120.03487640291834 97
1757434126000 119.64567111708465 98
1757434126066 119.25835303291647 99
1757434126131 118.87291214910984 100
1757434126200 118.489338520578 101
1757434126265 118.1076222581245 102
1757434126331 117.72775352811776 103
1757434126396 117.34972255216812 104
1757434126463 116.97351960680616 105
1757434126528 116.59913502316364 106
1757434126593 116.22655918665565 107
1757434126661 115.85578253666525 108
1757434126730 115.48679556622932 109
1757434126797 115.11958882172702 110
1757434126858 114.75415290256952 111
1757434126921 114.39047846089179 112
1757434126977 114.02855620124616 113
1757434127033 113.66837688029784 114
1757434127090 113.309931306522 115
1757434127151 112.9532103399029 116
1757434127212 112.59820489163452 117
1757434127274 112.24490592382338 118
1757434127334 111.89330444919256 119
1757434127394 111.54339153078796 120
1757434127453 111.1951582816861 121
1757434127509 110.8485958647037 122
1757434127573 110.50369549210878 123
1757434127634 110.16044842533387 124
1757434127694 109.81884597469042 125
1757434127755 109.4788794990855 126
1757434127813 109.14054040573954 127
1757434127868 108.80382014990622 128
1757434127930 108.46871023459374 129
1757434127991 108.13520221028799 130
1757434128047 107.80328767467707 131
1757434128106 107.4729582723776 132
1757434128167 107.14420569466272 133
1757434128227 106.81702167919157 134
1757434128287 106.49139800974037 135
1757434128350 106.16732651593519 136
1757434128413 105.84479907298625 137
1757434128472 105.52380760142374 138
1757434128531 105.20434406683529 139
1757434128586 104.886400479605 140
1757434128646 104.56996889465381 141
1757434128705 104.25504141118174 142
1757434128766 103.94161017241143 143
1757434128822 103.62966736533318 144
1757434128875 103.31920522045162 145
1757434128928 103.0102160115338 146
1757434128984 102.70269205535888 147
1757434129049 102.39662571146906 148
1757434129109 102.0920093819222 149
1757434129163 101.78883551104587 150
1757434129219 101.48709658519286 151
1757434129275 101.18678513249795 152
1757434129336 100.88789372263633 153
1757434129398 100.59041496658352 154
1757434129463 100.29434151637632 155
1757434129527 99.99966606487564 156
1757434129591 99.70638134553035 157
1757434129659 99.41448013214284 158
1757434129726 99.12395523863573 159
1757434129791 98.83479951882002 160
1757434129855 98.5470058661647 161
1757434129922 98.26056721356757 162
1757434129989 97.97547653312762 163
1757434130057 97.69172683591853 164
1757434130125 97.40931117176366 165
1757434130190 97.12822262901226 166
1757434130256 96.84845433431711 167
1757434130320 96.56999945241347 168
1757434130387 96.29285118589918 169
1757434130456 96.01700277501624 170
1757434130524 95.74244749743355 171
1757434130589 95.46917866803105 172
1757434130655 95.19718963868509 173
1757434130719 94.9264737980549 174
1757434130784 94.65702457137067 175
1757434130848 94.38883542022253 176
1757434130901 94.12189984235098 177
1757434130962 93.85621137143855 178
1757434131025 93.59176357690252 179
1757434131083 93.32855006368911 180
1757434131147 93.06656447206869 181
1757434131219 92.80580047743224 182
1757434131286 92.54625179008914 183
1757434131350 92.28791215506594 184
1757434131414 92.03077535190647 185
1757434131481 91.77483519447311 186
1757434131548 91.52008553074916 187
1757434131615 91.26652024264244 188
1757434131680 91.01413324579008 189
1757434131747 90.76291848936428 190
1757434131814 90.51286995587945 191
1757434131879 90.26398166100041 192
1757434131945 90.01624765335161 193
1757434132011 89.76966201432755 194
1757434132077 89.52421885790442 195
1757434132141 89.27991233045266 196
1757434132207 89.03673661055073 197
1757434132273 88.79468590880006 198
1757434132358 88.55375446764087 199
1757434132427 88.31393656116929 200
1757434132497 88.07522649495532 201
1757434132575 87.8376186058623 202
1757434132640 87.60110726186682 203
1757434132706 87.36568686188025 204
1757434132771 87.13135183557102 205
1757434132838 86.89809664318801 206
1757434132901 86.665915775385 207
1757434132950 86.43480375304614 208
1757434133002 86.20475512711245 209
1757434133064 85.97576447840937 210
1757434133123 85.74782641747531 211
1757434133186 85.52093558439105 212
1757434133247 85.29508664861056 213
1757434133309 85.07027430879228 214
1757434133367 84.84649329263175 215
1757434133430 84.62373835669523 216
1757434133494 84.40200428625408 217
1757434133561 84.18128589512031 218
1757434133621 83.96157802548295 219
1757434133668 83.7428755477455 220
1757434133720 83.52517336036432 221
1757434133773 83.30846638968788 222
1757434133831 83.09274958979711 223
1757434133889 82.87801794234643 224
1757434133952 82.66426645640607 225
1757434134017 82.45149016830499 226
1757434134081 82.23968414147495 227
1757434134141 82.02884346629531 228
1757434134204 81.818963259939 229
1757434134270 81.610038666219 230
1757434134337 81.40206485543617 231
1757434134403 81.19503702422766 232
1757434134469 80.98895039541632 233
1757434134538 80.783800217861 234
1757434134604 80.57958176630767 235
1757434134671 80.37629034124157 236
1757434134740 80.17392126873997 237
1757434134807 79.97246990032606 238
1757434134874 79.77193161282351 239
1757434134940 79.57230180821196 240
1757434135004 79.37357591348345 241
1757434135065 79.17574938049943 242
1757434135123 78.97881768584885 243
1757434135186 78.78277633070714 244
1757434135251 78.58762084069558 245
1757434135313 78.39334676574215 246
1757434135377 78.19994967994256 247
1757434135438 78.00742518142256 248
1757434135501 77.81576889220081 249
1757434135563 77.62497645805261 250
1757434135628 77.43504354837448 251
1757434135693 77.24596585604948 252
1757434135759 77.0577390973133 253
1757434135826 76.87035901162133 254
1757434135897 76.68382136151611 255
1757434135963 76.49812193249596 256
1757434136032 76.31325653288421 257
1757434136104 76.12922099369916 258
1757434136174 75.94601116852489 259
1757434136241 75.76362293338272 260
1757434136307 75.58205218660356 261
1757434136374 75.40129484870086 262
1757434136440 75.22134686224453 263
1757434136509 75.04220419173525 264
1757434136576 74.86386282347985 265
1757434136638 74.68631876546723 266
1757434136688 74.50956804724511 267
1757434136749 74.3336067197974 268
1757434136813 74.15843085542241 269
1757434136878 73.98403654761155 270
1757434136934 73.8104199109292 271
1757434136990 73.63757708089258 272
1757434137052 73.46550421385308 273
1757434137112 73.29419748687769 274
1757434137165 73.12365309763155 275
1757434137220 72.95386726426074 276
1757434137281 72.78483622527628 277
1757434137342 72.61655623943842 278
1757434137403 72.44902358564174 279
1757434137462 72.28223456280085 280
1757434137524 72.11618548973698 281
1757434137590 71.95087270506491 282
1757434137660 71.78629256708079 283
1757434137727 71.62244145365061 284
1757434137794 71.45931576209912 285
1757434137859 71.2969119090997 286
1757434137926 71.13522633056459 287
1757434138003 70.97425548153598 288
1757434138072 70.81399583607755 289
1757434138140 70.65444388716688 290
1757434138208 70.49559614658816 291
1757434138273 70.33744914482588 292
1757434138340 70.17999943095884 293
1757434138406 70.02324357255509 294
1757434138473 69.86717815556707 295
1757434138539 69.71179978422782 296
1757434138605 69.55710508094741 297
1757434138676 69.40309068621029 298
1757434138750 69.24975325847296 299
1757434138817 69.09708947406243 300
1757434138885 68.9450960270752 301
1757434138951 68.79376962927687 302
1757434139013 68.64310701000224 303
1757434139076 68.49310491605611 304
1757434139137 68.34376011161457 305
1757434139201 68.195069378127 306
1757434139264 68.04702951421838 307
1757434139331 67.89963733559247 308
1757434139392 67.75288967493537 309
1757434139459 67.60678338181971 310
1757434139524 67.46131532260935 311
1757434139589 67.3164823803647 312
1757434139653 67.1722814547485 313
1757434139717 67.02870946193234 314
1757434139775 66.88576333450344 315
1757434139835 66.7434400213722 316
1757434139901 66.60173648768017 317
1757434139960 66.46064971470875 318
1757434140020 66.32017669978801 319
1757434140084 66.18031445620656 320
1757434140149 66.04106001312155 321
1757434140215 65.90241041546939 322
1757434140280 65.76436272387683 323
1757434140346 65.62691401457286 324
1757434140413 65.49006137930067 325
1757434140483 65.35380192523063 326
1757434140555 65.21813277487333 327
1757434140622 65.08305106599339 328
1757434140691 64.9485539515238 329
1757434140758 64.81463859948047 330
1757434140826 64.68130219287757 331
1757434140893 64.54854192964326 332
1757434140965 64.41635502253594 333
1757434141022 64.2847386990609 334
1757434141086 64.15369020138743 335
1757434141156 64.02320678626677 336
1757434141238 63.89328572494992 337
1757434141310 63.76392430310653 338
1757434141378 63.63511982074387 339
1757434141442 63.50686959212639 340
1757434141506 63.379170945695925 341
1757434141570 63.25202122399188 342
1757434141645 63.12541778357256 343
1757434141708 62.999357994936354 344
1757434141773 62.87383924244365 345
1757434141837 62.74885892423931 346
1757434141904 62.624414452175216 347
1757434141969 62.500503251733754 348
1757434142035 62.37712276195129 349
1757434142100 62.25427043534244 350
1757434142168 62.131943737824514 351
1757434142236 62.01014014864263 352
1757434142302 61.88885716029507 353
1757434142371 61.76809227845919 354
1757434142440 61.64784302191769 355
1757434142509 61.528106922485385 356
1757434142577 61.408881524936284 357
1757434142655 61.290164386931274 358
1757434142720 61.17195307894595 359
1757434142786 61.05424518419923 360
1757434142852 60.93703829858204 361
1757434142919 60.82033003058657 362
1757434142972 60.70411800123599 363
1757434143024 60.58839984401443 364
1757434143084 60.473173204797526 365
1757434143152 60.35843574178319 366
1757434143223 60.24418512542294 367
1757434143292 60.13041903835357 368
1757434143363 60.0171351753292 369
1757434143431 59.90433124315369 370
1757434143500 59.792004960613546 371
1757434143570 59.68015405841113 372
1757434143639 59.568776279098266 373
1757434143706 59.457869377010226 374
1757434143777 59.34743111820027 375
1757434143848 59.23745928037417 376
1757434143917 59.1279516528255 377
1757434143987 59.01890603637121 378
1757434144061 58.91032024328735 379
1757434144126 58.80219209724549 380
1757434144187 58.69451943324924 381
1757434144253 58.58730009757137 382
1757434144318 58.48053194769104 383
1757434144385 58.37421285223161 384
1757434144455 58.2683406908987 385
1757434144523 58.162913354418656 386
1757434144592 58.057928744477344 387
1757434144665 57.95338477365921 388
1757434144736 57.84927936538697 389
1757434144806 57.74561045386127 390
1757434144876 57.64237598400104 391
1757434144948 57.53957391138394 392
1757434145017 57.43720220218729 393
1757434145090 57.33525883312934 394
1757434145156 57.23374179141073 395
1757434145223 57.13264907465654 396
1757434145292 57.031978690858395 397
1757434145360 56.93172865831717 398
1757434145430 56.831897005585795 399
1757434145499 56.732481771412544 400
1757434145567 56.63348100468461 401
1757434145636 56.53489276437194 402
1757434145705 56.436715119471515 403
1757434145773 56.33894614895186 404
1757434145841 56.2415839416979 405
1757434145912 56.144626596456064 406
1757434145981 56.04807222177993 407
1757434146049 55.95191893597589 408
1757434146121 55.85616486704931 409
1757434146192 55.760808152651016 410
1757434146263 55.66584694002391 411
1757434146333 55.57127938595013 412
1757434146401 55.47710365669831 413
1757434146471 55.38331792797126 414
1757434146541 55.28992038485399 415
1757434146611 55.19690922176183 416
1757434146680 55.10428264238903 417
1757434146750 55.012038859657686 418
1757434146824 54.9201760956668 419
1757434146892 54.82869258164169 420
1757434146961 54.73758655788375 421
1757434147049 54.64685627372051 422
1757434147112 54.55649998745588 423
1757434147177 54.466515966320685 424
1757434147240 54.37690248642367 425
1757434147331 54.287657832702536 426
1757434147399 54.19878029887545 427
1757434147471 54.11026818739268 428
1757434147544 54.02211980938865 429
1757434147619 53.9343334846342 430
1757434147691 53.846907541489095 431
1757434147766 53.75984031685486 432
1757434147840 53.673130156127854 433
1757434147908 53.58677541315259 434
1757434147976 53.50077445017545 435
1757434148048 53.41512563779852 436
1757434148120 53.32982735493367 437
1757434148188 53.24487798875708 438
1757434148258 53.16027593466391 439
1757434148329 53.07601959622312 440
1757434148400 52.99210738513281 441
1757434148470 52.90853772117557 442
1757434148540 52.82530903217424 443
1757434148611 52.74241975394783 444
1757434148680 52.659868330267805 445
1757434148748 52.5776532128145 446
1757434148818 52.495772861133794 447
1757434148890 52.414225742594176 448
1757434148960 52.333010332343875 449
1757434149029 52.25212511326833 450
1757434149096 52.17156857594789 451
1757434149166 52.09133921861577 452
1757434149235 52.01143554711626 453
1757434149305 51.93185607486302 454
1757434149382 51.852599322797914 455
1757434149453 51.77366381934978 456
1757434149525 51.695048100393606 457
1757434149599 51.61675070920987 458
1757434149671 51.53877019644417 459
1757434149745 51.46110512006703 460
1757434149813 51.383754045333994 461
1757434149884 51.30671554474583 462
1757434149954 51.22998819800913 463
1757434150033 51.15357059199699 464
1757434150106 51.07746132071004 465
1757434150180 51.00165898523757 466
1757434150251 50.926162193718916 467
1757434150358 50.85096956130517 468
1757434150459 50.776079710120996 469
1757434150536 50.70149126922666 470
1757434150610 50.62720287458034 471
1757434150681 50.55321316900066 472
1757434150752 50.4795208021293 473
1757434150822 50.406124430394044 474
1757434150893 50.33302271697185 475
1757434150966 50.26021433175216 476
1757434151040 50.187697951300535 477
1757434151110 50.115472258822386 478
1757434151177 50.04353594412694 479
1757434151249 49.971887703591385 480
1757434151312 49.90052624012534 481
1757434151372 49.82945026313529 482
1757434151440 49.75865848848956 483
1757434151527 49.68814963848313 484
1757434151600 49.61792244180293 485
1757434151674 49.54797563349316 486
1757434151772 49.4783079549209 487
1757434151845 49.40891815374188 488
1757434151921 49.33980498386645 489
1757434151993 49.27096720542574 490
1757434152063 49.20240358473804 491
1757434152134 49.134112894275326 492
1757434152206 49.06609391262997 493
1757434152280 48.998345424481734 494
1757434152352 48.93086622056487 495
1757434152430 48.8636550976354 496
1757434152501 48.796710858438594 497
1757434152572 48.73003231167666 498
1757434152641 48.663618271976645 499
