1757451247904 169.38634097125342 0
1757451247967 169.25699634569068 1
1757451248032 169.12775866508275 2
1757451248089 168.99862784100483 3
1757451248156 168.86960378510534 4
1757451248222 168.74068640910568 5
1757451248288 168.6118756248002 6
1757451248351 168.4831713440563 7
1757451248409 168.35457347881416 8
1757451248509 168.22608194108685 9
1757451248567 168.09769664296007 10
1757451248622 167.96941749659229 11
1757451248676 167.8412444142146 12
1757451248736 167.7131773081307 13
1757451248807 167.5852160907167 14
1757451248903 167.45736067442127 15
1757451248997 167.3296109717654 16
1757451249076 167.20196689534237 17
1757451249138 167.07442835781782 18
1757451249199 166.9469952719296 19
1757451249268 166.81966755048765 20
1757451249337 166.692445106374 21
1757451249410 166.5653278525428 22
1757451249479 166.43831570202005 23
1757451249548 166.31140856790373 24
1757451249618 166.18460636336374 25
1757451249686 166.05790900164158 26
1757451249753 165.93131639605068 27
1757451249819 165.80482845997605 28
1757451249886 165.67844510687436 29
1757451249949 165.55216625027376 30
1757451250011 165.42599180377397 31
1757451250077 165.2999216810461 32
1757451250150 165.17395579583268 33
1757451250221 165.04809406194758 34
1757451250294 164.9223363932758 35
1757451250372 164.79668270377374 36
1757451250446 164.67113290746877 37
1757451250523 164.54568691845944 38
1757451250600 164.42034465091527 39
1757451250674 164.29510601907685 40
1757451250748 164.1699709372555 41
1757451250824 164.04493931983356 42
1757451250903 163.92001108126405 43
1757451250979 163.7951861360708 44
1757451251060 163.67046439884828 45
1757451251138 163.54584578426156 46
1757451251212 163.42133020704625 47
1757451251284 163.2969175820086 48
1757451251359 163.17260782402505 49
1757451251435 163.04840084804266 50
1757451251508 162.92429656907868 51
1757451251568 162.80029490222063 52
1757451251631 162.67639576262633 53
1757451251695 162.5525990655237 54
1757451251763 162.42890472621067 55
1757451251837 162.30531266005536 56
1757451251903 162.1818227824957 57
1757451251959 162.05843500903964 58
1757451252034 161.93514925526503 59
1757451252099 161.81196543681938 60
1757451252164 161.6888834694201 61
1757451252234 161.56590326885416 62
1757451252307 161.4430247509782 63
1757451252383 161.32024783171852 64
1757451252461 161.19757242707078 65
1757451252546 161.07499845310022 66
1757451252622 160.95252582594145 67
1757451252702 160.83015446179837 68
1757451252782 160.70788427694418 69
1757451252856 160.58571518772138 70
1757451252930 160.4636471105416 71
1757451253001 160.34167996188552 72
1757451253076 160.21981365830294 73
1757451253151 160.09804811641266 74
1757451253226 159.97638325290245 75
1757451253298 159.85481898452883 76
1757451253372 159.7333552281173 77
1757451253444 159.61199190056206 78
1757451253517 159.49072891882605 79
1757451253589 159.36956619994086 80
1757451253661 159.24850366100665 81
1757451253735 159.12754121919212 82
1757451253812 159.00667879173457 83
1757451253885 158.88591629593955 84
1757451253962 158.7652536491811 85
1757451254026 158.64469076890157 86
1757451254089 158.52422757261158 87
1757451254159 158.4038639778899 88
1757451254234 158.28359990238346 89
1757451254314 158.16343526380737 90
1757451254391 158.04336997994463 91
1757451254467 157.9234039686463 92
1757451254543 157.8035371478314 93
1757451254621 157.68376943548677 94
1757451254697 157.564100749667 95
1757451254770 157.44453100849458 96
1757451254843 157.32506013015959 97
1757451254916 157.20568803291974 98
1757451254986 157.08641463510037 99
1757451255060 156.96723985509445 100
1757451255137 156.84816361136217 101
1757451255210 156.7291858224314 102
1757451255282 156.61030640689717 103
1757451255354 156.49152528342196 104
1757451255427 156.3728423707355 105
1757451255498 156.25425758763464 106
1757451255568 156.13577085298337 107
1757451255641 156.01738208571277 108
1757451255712 155.89909120482105 109
1757451255786 155.78089812937327 110
1757451255859 155.66280277850151 111
1757451255936 155.54480507140457 112
1757451256009 155.42690492734823 113
1757451256077 155.30910226566493 114
1757451256148 155.19139700575377 115
1757451256217 155.0737890670806 116
1757451256290 154.9562783691778 117
1757451256359 154.83886483164423 118
1757451256431 154.72154837414536 119
1757451256508 154.60432891641295 120
1757451256585 154.48720637824516 121
1757451256663 154.37018067950657 122
1757451256738 154.2532517401279 123
1757451256815 154.13641948010604 124
1757451256892 154.0196838195042 125
1757451256967 153.9030446784515 126
1757451257047 153.78650197714313 127
1757451257127 153.67005563584044 128
1757451257199 153.55370557487055 129
1757451257282 153.4374517146265 130
1757451257359 153.32129397556702 131
1757451257432 153.20523227821684 132
1757451257511 153.08926654316627 133
1757451257589 152.9733966910713 134
1757451257665 152.85762264265344 135
1757451257739 152.74194431869995 136
1757451257814 152.62636164006335 137
1757451257890 152.51087452766183 138
1757451257967 152.39548290247873 139
1757451258040 152.28018668556297 140
1757451258116 152.1649857980285 141
1757451258192 152.04988016105474 142
1757451258268 151.93486969588602 143
1757451258342 151.81995432383206 144
1757451258419 151.70513396626743 145
1757451258494 151.5904085446318 146
1757451258571 151.47577798042983 147
1757451258650 151.36124219523097 148
1757451258727 151.24680111066962 149
1757451258803 151.13245464844496 150
1757451258880 151.01820273032084 151
1757451258955 150.90404527812586 152
1757451259037 150.7899822137533 153
1757451259112 150.67601345916088 154
1757451259193 150.56213893637099 155
1757451259270 150.4483585674704 156
1757451259346 150.33467227461034 157
1757451259423 150.22107998000638 158
1757451259499 150.1075816059385 159
1757451259576 149.99417707475084 160
1757451259652 149.8808663088517 161
1757451259729 149.76764923071366 162
1757451259807 149.6545257628734 163
1757451259886 149.5414958279315 164
1757451259965 149.4285593485527 165
1757451260037 149.31571624746562 166
1757451260102 149.20296644746276 167
1757451260166 149.09030987140045 168
1757451260235 148.97774644219882 169
1757451260305 148.86527608284175 170
1757451260379 148.75289871637673 171
1757451260454 148.640614265915 172
1757451260526 148.5284226546312 173
1757451260603 148.41632380576374 174
1757451260676 148.30431764261422 175
1757451260756 148.19240408854782 176
1757451260843 148.08058306699306 177
1757451260926 147.96885450144174 178
1757451261000 147.85721831544896 179
1757451261078 147.745674432633 180
1757451261157 147.63422277667527 181
1757451261235 147.52286327132038 182
1757451261315 147.41159584037584 183
1757451261395 147.3004204077123 184
1757451261473 147.18933689726325 185
1757451261551 147.07834523302517 186
1757451261631 146.96744533905726 187
1757451261711 146.85663713948168 188
1757451261789 146.7459205584831 189
1757451261871 146.6352955203091 190
1757451261952 146.5247619492698 191
1757451262032 146.41431976973783 192
1757451262149 146.30396890614847 193
1757451262224 146.1937092829994 194
1757451262308 146.0835408248508 195
1757451262383 145.97346345632516 196
1757451262463 145.86347710210728 197
1757451262529 145.75358168694436 198
1757451262593 145.6437771356456 199
1757451262665 145.5340633730826 200
1757451262740 145.42444032418896 201
1757451262812 145.31490791396033 202
1757451262891 145.20546606745444 203
1757451262970 145.09611470979087 204
1757451263049 144.98685376615137 205
1757451263158 144.87768316177926 206
1757451263240 144.76860282197975 207
1757451263319 144.65961267211995 208
1757451263396 144.5507126376285 209
1757451263472 144.44190264399577 210
1757451263550 144.33318261677383 211
1757451263624 144.22455248157615 212
1757451263704 144.11601216407774 213
1757451263780 144.0075615900152 214
1757451263852 143.8992006851863 215
1757451263923 143.79092937545036 216
1757451263999 143.6827475867279 217
1757451264074 143.57465524500077 218
1757451264136 143.46665227631192 219
1757451264207 143.3587386067655 220
1757451264281 143.25091416252684 221
1757451264352 143.14317886982215 222
1757451264427 143.03553265493875 223
1757451264508 142.92797544422493 224
1757451264587 142.82050716408972 225
1757451264665 142.71312774100323 226
1757451264741 142.60583710149615 227
1757451264821 142.49863517216008 228
1757451264900 142.39152187964717 229
1757451264978 142.28449715067035 230
1757451265057 142.17756091200312 231
1757451265134 142.07071309047942 232
1757451265214 141.96395361299375 233
1757451265293 141.85728240650116 234
1757451265370 141.75069939801693 235
1757451265447 141.64420451461672 236
1757451265524 141.53779768343657 237
1757451265603 141.43147883167276 238
1757451265679 141.32524788658162 239
1757451265760 141.2191047754798 240
1757451265840 141.11304942574392 241
1757451265925 141.0070817648108 242
1757451266000 140.90120172017706 243
1757451266072 140.7954092193994 244
1757451266146 140.6897041900944 245
1757451266213 140.5840865599384 246
1757451266283 140.47855625666773 247
1757451266358 140.37311320807828 248
1757451266434 140.2677573420257 249
1757451266514 140.16248858642533 250
1757451266595 140.0573068692521 251
1757451266676 139.95221211854042 252
1757451266755 139.8472042623843 253
1757451266834 139.74228322893714 254
1757451266911 139.63744894641178 255
1757451266988 139.53270134308042 256
1757451267070 139.42804034727448 257
1757451267153 139.32346588738477 258
1757451267228 139.21897789186124 259
1757451267305 139.114576289213 260
1757451267381 139.01026100800823 261
1757451267455 138.90603197687426 262
1757451267529 138.8018891244974 263
1757451267606 138.69783237962287 264
1757451267682 138.59386167105487 265
1757451267760 138.48997692765641 266
1757451267839 138.38617807834942 267
1757451267919 138.28246505211445 268
1757451267994 138.17883777799094 269
1757451268067 138.0752961850768 270
1757451268143 137.9718402025288 271
1757451268214 137.8684697595621 272
1757451268285 137.7651847854504 273
1757451268361 137.66198520952602 274
1757451268439 137.55887096117957 275
1757451268520 137.45584196986007 276
1757451268599 137.35289816507492 277
1757451268679 137.2500394763898 278
1757451268757 137.14726583342852 279
1757451268829 137.04457716587325 280
1757451268908 136.94197340346415 281
1757451268988 136.83945447599956 282
1757451269064 136.73702031333585 283
1757451269143 136.6346708453874 284
1757451269219 136.53240600212646 285
1757451269293 136.4302257135832 286
1757451269370 136.32812990984584 287
1757451269452 136.22611852106004 288
1757451269531 136.12419147742955 289
1757451269611 136.0223487092157 290
1757451269687 135.9205901467374 291
1757451269758 135.81891572037134 292
1757451269833 135.71732536055165 293
1757451269909 135.61581899777 294
1757451269988 135.51439656257557 295
1757451270067 135.413057985575 296
1757451270150 135.31180319743217 297
1757451270220 135.21063212886838 298
1757451270291 135.10954471066225 299
1757451270363 135.00854087364954 300
1757451270435 134.90762054872326 301
1757451270508 134.80678366683355 302
1757451270581 134.70603015898763 303
1757451270654 134.6053599562498 304
1757451270727 134.50477298974124 305
1757451270800 134.40426919064024 306
1757451270873 134.30384849018188 307
1757451270954 134.20351081965816 308
1757451271029 134.10325611041787 309
1757451271102 134.00308429386652 310
1757451271182 133.90299530146643 311
1757451271259 133.80298906473652 312
1757451271343 133.70306551525232 313
1757451271428 133.60322458464597 314
1757451271509 133.50346620460616 315
1757451271590 133.40379030687797 316
1757451271670 133.30419682326303 317
1757451271744 133.20468568561927 318
1757451271820 133.105256825861 319
1757451271895 133.00591017595883 320
1757451271972 132.90664566793959 321
1757451272053 132.80746323388635 322
1757451272127 132.70836280593832 323
1757451272202 132.60934431629076 324
1757451272274 132.51040769719512 325
1757451272346 132.41155288095874 326
1757451272416 132.31277979994505 327
1757451272488 132.21408838657325 328
1757451272562 132.11547857331857 329
1757451272639 132.01695029271193 330
1757451272720 131.91850347734024 331
1757451272810 131.82013805984585 332
1757451272889 131.72185397292708 333
1757451272970 131.6236511493378 334
1757451273034 131.52552952188745 335
1757451273100 131.427489023441 336
1757451273173 131.32952958691902 337
1757451273248 131.2316511452975 338
1757451273322 131.13385363160782 339
1757451273400 131.03613697893672 340
1757451273473 130.93850112042637 341
1757451273551 130.84094598927413 342
1757451273627 130.74347151873263 343
1757451273703 130.6460776421096 344
1757451273788 130.54876429276806 345
1757451273866 130.451531404126 346
1757451273943 130.35437890965656 347
1757451274021 130.2573067428878 348
1757451274101 130.16031483740284 349
1757451274181 130.06340312683955 350
1757451274254 129.96657154489094 351
1757451274329 129.8698200253045 352
1757451274404 129.7731485018828 353
1757451274481 129.67655690848298 354
1757451274559 129.58004517901688 355
1757451274636 129.4836132474511 356
1757451274713 129.38726104780665 357
1757451274790 129.2909885141593 358
1757451274865 129.19479558063912 359
1757451274941 129.09868218143083 360
1757451275020 129.00264825077346 361
1757451275097 128.90669372296043 362
1757451275174 128.81081853233945 363
1757451275246 128.71502261331264 364
1757451275319 128.61930590033626 365
1757451275394 128.52366832792075 366
1757451275477 128.4281098306307 367
1757451275558 128.3326303430849 368
1757451275636 128.2372297999561 369
1757451275714 128.14190813597105 370
1757451275812 128.0466652859106 371
1757451275892 127.95150118460937 372
1757451275967 127.85641576695598 373
1757451276046 127.76140896789275 374
1757451276123 127.66648072241597 375
1757451276203 127.57163096557554 376
1757451276278 127.47685963247514 377
1757451276354 127.382166658272 378
1757451276428 127.28755197817708 379
1757451276503 127.19301552745486 380
1757451276582 127.09855724142338 381
1757451276663 127.00417705545408 382
1757451276743 126.9098749049719 383
1757451276823 126.81565072545521 384
1757451276904 126.72150445243561 385
1757451276981 126.62743602149816 386
1757451277056 126.53344536828101 387
1757451277136 126.43953242847562 388
1757451277212 126.34569713782659 389
1757451277288 126.25193943213175 390
1757451277369 126.15825924724184 391
1757451277447 126.06465651906082 392
1757451277523 125.9711311835455 393
1757451277604 125.87768317670567 394
1757451277683 125.78431243460416 395
1757451277763 125.69101889335647 396
1757451277842 125.59780248913106 397
1757451277924 125.50466315814913 398
1757451278007 125.41160083668458 399
1757451278085 125.31861546106403 400
1757451278164 125.22570696766678 401
1757451278245 125.13287529292464 402
1757451278317 125.04012037332208 403
1757451278393 124.947442145396 404
1757451278469 124.8548405457359 405
1757451278567 124.76231551098354 406
1757451278643 124.66986697783318 407
1757451278718 124.5774948830314 408
1757451278795 124.48519916337709 409
1757451278874 124.39297975572131 410
1757451278952 124.30083659696751 411
1757451279027 124.20876962407111 412
1757451279108 124.1167787740398 413
1757451279183 124.0248639839333 414
1757451279259 123.93302519086333 415
1757451279337 123.84126233199372 416
1757451279417 123.74957534454013 417
1757451279496 123.65796416577021 418
1757451279574 123.56642873300348 419
1757451279658 123.4749689836112 420
1757451279737 123.38358485501652 421
1757451279817 123.29227628469431 422
1757451279896 123.20104321017104 423
1757451279973 123.10988556902498 424
1757451280052 123.01880329888587 425
1757451280134 122.92779633743513 426
1757451280210 122.8368646224057 427
1757451280285 122.7460080915819 428
1757451280358 122.65522668279958 429
1757451280431 122.564520333946 430
1757451280507 122.47388898295972 431
1757451280584 122.3833325678306 432
1757451280670 122.29285102659989 433
1757451280753 122.20244429735996 434
1757451280833 122.11211231825439 435
1757451280910 122.0218550274779 436
1757451280988 121.93167236327633 437
1757451281067 121.84156426394658 438
1757451281145 121.75153066783659 439
1757451281225 121.6615715133452 440
1757451281301 121.57168673892221 441
1757451281380 121.48187628306842 442
1757451281457 121.3921400843353 443
1757451281539 121.30247808132525 444
1757451281620 121.2128902126914 445
1757451281702 121.12337641713764 446
1757451281780 121.03393663341848 447
1757451281858 120.9445708003391 448
1757451281935 120.85527885675522 449
1757451282011 120.76606074157324 450
1757451282087 120.67691639374998 451
1757451282166 120.58784575229278 452
1757451282245 120.49884875625932 453
1757451282337 120.40992534475777 454
1757451282411 120.32107545694666 455
1757451282488 120.23229903203466 456
1757451282567 120.14359600928093 457
1757451282650 120.05496632799468 458
1757451282728 119.9664099275354 459
1757451282808 119.87792674731266 460
1757451282883 119.78951672678609 461
1757451282961 119.70117980546556 462
1757451283040 119.61291592291076 463
1757451283121 119.52472501873143 464
1757451283200 119.43660703258719 465
1757451283288 119.34856190418768 466
1757451283369 119.26058957329224 467
1757451283453 119.17268997971011 468
1757451283531 119.0848630633003 469
1757451283595 118.99710876397148 470
1757451283673 118.90942702168205 471
1757451283749 118.82181777644004 472
1757451283824 118.73428096830308 473
1757451283901 118.64681653737843 474
1757451283983 118.55942442382276 475
1757451284063 118.47210456784228 476
1757451284146 118.38485690969264 477
1757451284224 118.29768138967887 478
1757451284306 118.21057794815536 479
1757451284380 118.12354652552585 480
1757451284455 118.03658706224331 481
1757451284531 117.94969949880999 482
1757451284607 117.86288377577726 483
1757451284684 117.77613983374569 484
1757451284764 117.68946761336504 485
1757451284843 117.60286705533397 486
1757451284924 117.51633810040035 487
1757451285007 117.42988068936093 488
1757451285090 117.3434947630614 489
1757451285170 117.25718026239647 490
1757451285250 117.17093712830959 491
1757451285343 117.08476530179315 492
1757451285433 116.99866472388825 493
1757451285515 116.91263533568475 494
1757451285598 116.82667707832128 495
1757451285677 116.74078989298509 496
1757451285755 116.654973720912 497
1757451285835 116.56922850338653 498
1757451285912 116.4835541817417 499
