1757601902016 2.4309700881959575 0
1757601902084 1.5733761128369024 1
1757601902146 1.3254835934344118 2
1757601902215 0.676547884191538 3
1757601902279 1.4603863879997183 4
1757601902346 0.6863128538471737 5
1757601902413 0.7784783525795801 6
1757601902480 0.3493942886708168 7
1757601902547 0.647969993504784 8
1757601902613 0.8358483143144777 9
1757601902682 1.7360451796359697 10
1757601902747 0.651780339035788 11
1757601902813 1.4604959150048311 12
1757601902886 0.8148186813366376 13
1757601902954 0.5745794407235065 14
1757601903023 0.5112329211667859 15
1757601903086 0.35839676160817063 16
1757601903153 0.5148741601843431 17
1757601903283 0.536777916461269 18
1757601903345 0.3966928672732472 19
1757601903402 0.2912263536361354 20
1757601903461 0.5960502846152138 21
1757601903520 0.524000318033286 22
1757601903586 0.5135189282542986 23
1757601903655 0.34818393226905975 24
1757601903721 0.3777608790363405 25
1757601903786 0.741172047927693 26
1757601903849 0.5165172422657175 27
1757601903919 0.5280647746648429 28
1757601903987 0.2562678166817424 29
1757601904055 0.5146249815002545 30
1757601904123 0.4937208479087848 31
1757601904190 0.29948332459649907 32
1757601904259 0.16777100792142896 33
1757601904328 0.14342338570373456 34
1757601904393 0.15535560171797247 35
1757601904464 0.2615333225766693 36
1757601904537 0.22617698638078854 37
1757601904606 0.17375312130589576 38
1757601904669 0.29671697553833254 39
1757601904737 0.1875559159733563 40
1757601904807 0.3430746261076339 41
1757601904876 0.2566158336861615 42
1757601904944 0.23863261665724778 43
1757601905017 0.08765143059818707 44
1757601905087 0.07293776237397788 45
1757601905151 0.45217153154660594 46
1757601905221 0.19510118630769377 47
1757601905290 0.1443062309007131 48
1757601905358 0.09165579606169835 49
1757601905432 0.39021281221573406 50
1757601905503 0.17548961906473934 51
1757601905571 0.26911303888021937 52
1757601905638 0.5353174387695251 53
1757601905707 0.38564447438027716 54
1757601905773 0.21655682979321267 55
1757601905839 0.17928332822114249 56
1757601905909 0.20544743482658118 57
1757601905978 0.22094958082696547 58
1757601906047 0.15214479432308417 59
1757601906114 0.09430258245750764 60
1757601906180 0.17501395087698635 61
1757601906250 0.057702935778256435 62
1757601906318 0.14109021036510933 63
1757601906387 0.0760580843079075 64
1757601906457 0.1801478186530082 65
1757601906530 0.11739406411798813 66
1757601906598 0.10276788890190384 67
1757601906664 0.11476297750458124 68
1757601906738 0.1552587744920784 69
1757601906806 0.11983891433807277 70
1757601906875 0.15237588693863366 71
1757601906949 0.14474702139503132 72
1757601907016 0.17527872485431267 73
1757601907086 0.17288736544981578 74
1757601907157 0.1261251844318555 75
1757601907223 0.16366252044669655 76
1757601907292 0.2661545202457666 77
1757601907363 0.1162375217446531 78
1757601907435 0.15203372637918577 79
1757601907507 0.09389632728710995 80
1757601907583 0.10969993769596223 81
1757601907660 0.0955558963952062 82
1757601907733 0.2251619305270569 83
1757601907807 0.10998571734212717 84
1757601907879 0.156411252669642 85
1757601907953 0.1705280883457782 86
1757601908022 0.10868284448948652 87
1757601908089 0.14020949289575246 88
1757601908155 0.11846831177327743 89
1757601908227 0.15134720311252892 90
1757601908296 0.19480668278930413 91
1757601908367 0.11913290116854733 92
1757601908436 0.07459233622146144 93
1757601908506 0.16022035807021373 94
1757601908576 0.17987882070505246 95
1757601908645 0.1080883571712085 96
1757601908716 0.14031098999377192 97
1757601908785 0.12509719414643242 98
1757601908854 0.15147538842509137 99
1757601908923 0.1275016291969421 100
1757601908985 0.11080153213313981 101
1757601909055 0.14336976589921407 102
1757601909126 0.1627452623878109 103
1757601909199 0.22918067747664012 104
1757601909273 0.12861141258145564 105
1757601909345 0.11394609169168568 106
1757601909413 0.14183478379152742 107
1757601909489 0.12053541941389143 108
1757601909562 0.1370945147945111 109
1757601909633 0.19971079158621122 110
1757601909703 0.1326491571262113 111
1757601909782 0.06122883708095451 112
1757601909849 0.11573985662912491 113
1757601909914 0.10779915737331823 114
1757601909985 0.12341458174380288 115
1757601910054 0.14728696316322823 116
1757601910125 0.06416791709046618 117
1757601910198 0.15568567574403966 118
1757601910265 0.2009598950291493 119
1757601910333 0.1064002473897393 120
1757601910405 0.15909497612741902 121
1757601910478 0.045698579171104946 122
1757601910550 0.11114156348040771 123
1757601910625 0.06711211278241376 124
1757601910697 0.06515793823528981 125
1757601910765 0.15416056803354153 126
1757601910838 0.10759455734920931 127
1757601910910 0.11274251753383102 128
1757601910984 0.11279916134151909 129
1757601911052 0.11310688329389251 130
1757601911123 0.1274855594613309 131
1757601911197 0.18822829733464963 132
1757601911269 0.1197305918867064 133
1757601911340 0.13602340388188355 134
1757601911416 0.08353132578245996 135
1757601911483 0.06502941955124888 136
1757601911551 0.07149084659649008 137
1757601911622 0.059007820471950134 138
1757601911693 0.12785732566615052 139
1757601911763 0.11953138214194717 140
1757601911836 0.35164853619123576 141
1757601911903 0.12857881388563286 142
1757601911975 0.18729671975992548 143
1757601912047 0.09457435831629643 144
1757601912122 0.1311144402958672 145
1757601912192 0.07604583882974837 146
1757601912259 0.07640111126401583 147
1757601912328 0.09924801596428118 148
1757601912401 0.16104397613171764 149
1757601912471 0.07822417643707603 150
1757601912541 0.07579963431318032 151
1757601912611 0.17140290963245275 152
1757601912685 0.11977062220187377 153
1757601912756 0.06822877776365528 154
1757601912828 0.10826262272974814 155
1757601912901 0.09434980311299365 156
1757601912970 0.16762417245834518 157
1757601913041 0.09582739422065552 158
1757601913110 0.14246271262195892 159
1757601913183 0.11096318042907927 160
1757601913255 0.143606891056927 161
1757601913326 0.09460594205060602 162
1757601913395 0.21447944928461685 163
1757601913467 0.16925637152453746 164
1757601913539 0.09088696843474212 165
1757601913611 0.07838172729168828 166
1757601913677 0.08172262240147284 167
1757601913748 0.09793040629311885 168
1757601913820 0.07780149614821849 169
1757601913888 0.08822408621224043 170
1757601913961 0.11478581110326423 171
1757601914033 0.06963523020898388 172
1757601914103 0.07305084745309151 173
1757601914175 0.13918556751528377 174
1757601914251 0.19760920674857907 175
1757601914320 0.0938456362710513 176
1757601914392 0.07910953537962133 177
1757601914471 0.07211784715468339 178
1757601914546 0.10826190732495698 179
1757601914615 0.11574620719484217 180
1757601914685 0.05194575289975099 181
1757601914759 0.04260681603804869 182
1757601914838 0.22462208997863983 183
1757601914909 0.10359181470078128 184
1757601914982 0.17952813903240503 185
1757601915056 0.1301698614514652 186
1757601915130 0.12827698399869336 187
1757601915204 0.04354087762676084 188
1757601915277 0.05178502494695171 189
1757601915352 0.10099954946530487 190
1757601915422 0.14927939289875308 191
1757601915497 0.14124077422772813 192
1757601915571 0.13235116776666067 193
1757601915645 0.08919219180985263 194
1757601915719 0.06344733995609918 195
1757601915792 0.1812998977537003 196
1757601915868 0.06936539382892919 197
1757601915940 0.16695038270412188 198
1757601916008 0.09575275290906649 199
1757601916069 0.19021648970645028 200
1757601916138 0.17752397017596366 201
1757601916209 0.0913081524194189 202
1757601916286 0.039294140603164225 203
1757601916363 0.11851415443588097 204
1757601916438 0.07394735949197168 205
1757601916510 0.15408971266935995 206
1757601916579 0.158748368132031 207
1757601916643 0.12276692426310133 208
1757601916719 0.11696581748837839 209
1757601916794 0.1580302549714499 210
1757601916866 0.14654186427493723 211
1757601916939 0.07000658236141573 212
1757601917011 0.15319440945425328 213
1757601917089 0.08034908047383871 214
1757601917158 0.0968440146639154 215
1757601917233 0.10159035785492158 216
1757601917303 0.21711152812510567 217
1757601917376 0.10661471971136399 218
1757601917450 0.13222210120398284 219
1757601917523 0.15577812729131862 220
1757601917596 0.09449604185661217 221
1757601917667 0.21782484900020738 222
1757601917741 0.07937255072545535 223
1757601917814 0.0926625304310721 224
1757601917885 0.14177212609919787 225
1757601917953 0.17947146946782366 226
1757601918026 0.064871006495958 227
1757601918097 0.11759703450050146 228
1757601918174 0.09854972722285363 229
1757601918245 0.1398285099062934 230
1757601918319 0.18022709613357302 231
1757601918394 0.11109537794995626 232
1757601918471 0.12681368686138017 233
1757601918545 0.14653328642123167 234
1757601918619 0.04875890563263767 235
1757601918696 0.18195015121126487 236
1757601918770 0.1345751983668924 237
1757601918842 0.05637722446683099 238
1757601918913 0.14111516624496845 239
1757601918987 0.06283787220071824 240
1757601919059 0.11882850859815089 241
1757601919133 0.08313647313356029 242
1757601919206 0.09512263253608616 243
1757601919281 0.11416257914035073 244
1757601919354 0.09510058041858974 245
1757601919431 0.12271543282872623 246
1757601919504 0.09864577467544156 247
1757601919579 0.16036483042470828 248
1757601919655 0.10074511446997216 249
1757601919729 0.07111075846584648 250
1757601919805 0.04756618739133544 251
1757601919882 0.1011178574714863 252
1757601919950 0.10896108919782581 253
1757601920026 0.07482950393099053 254
1757601920098 0.11623593503724292 255
1757601920174 0.09359195388063993 256
1757601920245 0.08480821169638517 257
1757601920320 0.1701758928159426 258
1757601920399 0.20797212633652537 259
1757601920473 0.08835928860952938 260
1757601920546 0.133873710067662 261
1757601920621 0.05257483169026052 262
1757601920698 0.14134911939861275 263
1757601920771 0.1349567279507724 264
1757601920845 0.11395921617879762 265
1757601920923 0.08969212790782694 266
1757601921000 0.18146032919847624 267
1757601921076 0.142966798222375 268
1757601921153 0.18222408982418262 269
1757601921233 0.10245566597488465 270
1757601921307 0.06849966420367377 271
1757601921386 0.0998890113185323 272
1757601921460 0.13918680208182885 273
1757601921540 0.06704308015503715 274
1757601921618 0.06081784915501352 275
1757601921695 0.1358481830226155 276
1757601921772 0.08612919467573821 277
1757601921846 0.2309869602982054 278
1757601921921 0.08010569405129755 279
1757601921995 0.26879111221781204 280
1757601922069 0.13163590560560176 281
1757601922158 0.06848785118696499 282
1757601922247 0.09230129287909167 283
1757601922324 0.08001024896382143 284
1757601922398 0.06918280478316075 285
1757601922472 0.13277523413370207 286
1757601922549 0.19377175397279736 287
1757601922626 0.20261137616262562 288
1757601922701 0.048750318414774854 289
1757601922778 0.1513942053778227 290
1757601922855 0.1275198692286834 291
1757601922930 0.20428325911538664 292
1757601923005 0.06918700402917885 293
1757601923083 0.06032262706295192 294
1757601923158 0.05170093719416931 295
1757601923233 0.0936137624162182 296
1757601923310 0.17376896743854398 297
1757601923388 0.1902008372821409 298
1757601923464 0.11937985891675224 299
1757601923540 0.11554592401870312 300
1757601923616 0.11806878342779906 301
1757601923691 0.12856822893486058 302
1757601923768 0.07579536309383797 303
1757601923843 0.09229892967365835 304
1757601923921 0.11775432095536117 305
1757601923990 0.08695596183641982 306
1757601924069 0.08280660273147507 307
1757601924147 0.0887509131134951 308
1757601924223 0.14949091112803692 309
1757601924296 0.11924943705498443 310
1757601924372 0.12359532006963576 311
1757601924450 0.06056873582354353 312
1757601924533 0.04453260606070803 313
1757601924611 0.1085483930829516 314
1757601924686 0.07884450040333225 315
1757601924762 0.16947548121516504 316
1757601924839 0.10949471977896567 317
1757601924913 0.08643596426832034 318
1757601924988 0.08277680654246598 319
1757601925066 0.08597057941329302 320
1757601925146 0.12343084038789559 321
1757601925219 0.13867421695294013 322
1757601925296 0.16116615744450452 323
1757601925372 0.07242552982790221 324
1757601925448 0.2946709870261178 325
1757601925521 0.051692468809573434 326
1757601925595 0.1520585023124632 327
1757601925675 0.10006237310301119 328
1757601925754 0.09840241969941355 329
1757601925828 0.04048400891851676 330
1757601925902 0.15918443257124704 331
1757601925974 0.09198716960059594 332
1757601926052 0.09946946277691239 333
1757601926132 0.07746570288100119 334
1757601926206 0.1177778208653254 335
1757601926285 0.13240886184034015 336
1757601926363 0.1275083559219598 337
1757601926439 0.08164670577333742 338
1757601926513 0.06779216449843946 339
1757601926589 0.14616924176565646 340
1757601926667 0.08218767318188192 341
1757601926742 0.18982935513795632 342
1757601926816 0.11707973461107544 343
1757601926897 0.0665521925826671 344
1757601926972 0.07795802837048357 345
1757601927051 0.15231120176274007 346
1757601927129 0.1404773685584951 347
1757601927204 0.09213705694611474 348
1757601927279 0.10019957883559881 349
1757601927356 0.13534426331652633 350
1757601927430 0.07435562195992229 351
1757601927508 0.15444050213671967 352
1757601927584 0.10942597864521396 353
1757601927657 0.12367653426903248 354
1757601927730 0.15505046590383725 355
1757601927807 0.1516879592309872 356
1757601927884 0.12294211532330179 357
1757601927959 0.13375035992715278 358
1757601928030 0.11832170430534077 359
1757601928108 0.062444060149451835 360
1757601928185 0.2106728708827519 361
1757601928264 0.0734443156878939 362
1757601928337 0.08569488050676798 363
1757601928406 0.07296389259207997 364
1757601928487 0.06042714182916624 365
