1757438191574 161.20544332307904 0
1757438191639 147.4547703672589 1
1757438191700 130.34978224376883 2
1757438191758 126.52041750241597 3
1757438191816 116.0307410385619 4
1757438191877 108.05964455134975 5
1757438191936 102.77499040953062 6
1757438191997 93.36093480259159 7
1757438192052 90.21275821158552 8
1757438192105 80.78655012496829 9
1757438192161 78.86774342502413 10
1757438192229 67.91930861525367 11
1757438192290 65.60243313483626 12
1757438192352 65.29711067469339 13
1757438192411 57.40922593402622 14
1757438192475 51.20472775095884 15
1757438192533 51.66017510201365 16
1757438192597 45.79458327675591 17
1757438192661 44.571478967310284 18
1757438192724 42.8575835694185 19
1757438192789 35.73461349350923 20
1757438192849 34.360876055008916 21
1757438192902 33.50824959623071 22
1757438192950 31.88967250136774 23
1757438193003 28.523254669712184 24
1757438193065 28.442548269242348 25
1757438193115 28.127740051332665 26
1757438193163 23.3825295332598 27
1757438193222 20.752266760557607 28
1757438193283 21.810037729098678 29
1757438193346 17.797813441393764 30
1757438193414 18.054812522041566 31
1757438193478 15.656629538629465 32
1757438193540 13.260912127658429 33
1757438193604 16.175506326715304 34
1757438193669 14.927837860797213 35
1757438193734 11.600624058846407 36
1757438193797 11.462249526931753 37
1757438193855 12.478584028038224 38
1757438193911 13.750496148177763 39
1757438193971 8.826254406524825 40
1757438194033 11.297743594487665 41
1757438194096 7.477715575578825 42
1757438194157 10.257561985935084 43
1757438194219 9.659454932520651 44
1757438194283 8.818195859661293 45
1757438194345 9.435328971750504 46
1757438194404 8.190458793006119 47
1757438194464 5.772245796157813 48
1757438194522 5.871684447727384 49
1757438194588 5.622814929758867 50
1757438194649 6.014015058009553 51
1757438194710 5.0158317637809615 52
1757438194766 6.706689719671861 53
1757438194824 4.702502883552778 54
1757438194884 4.575711597594923 55
1757438194943 3.1464571486487567 56
1757438195007 5.170429864741941 57
1757438195072 5.221561825903295 58
1757438195133 3.3526742458712677 59
1757438195183 4.9368289964042775 60
1757438195240 1.9229069109314076 61
1757438195297 2.331701964523519 62
1757438195363 2.7374657676829552 63
1757438195425 2.538506829796699 64
1757438195489 2.8615566738368265 65
1757438195552 1.7245647278778233 66
1757438195614 1.8934115549358106 67
1757438195675 2.4193403340806308 68
1757438195739 2.197749772819307 69
1757438195797 3.1116732336474477 70
1757438195858 1.4869432384558288 71
1757438195917 3.1387716704113786 72
1757438195979 0.8004305659943866 73
1757438196040 2.026931443344193 74
1757438196108 3.1389050902140876 75
1757438196171 1.883950094855281 76
1757438196233 2.1702174639971106 77
1757438196290 1.645841378468188 78
1757438196349 1.9173240074476345 79
1757438196411 1.7699959618397858 80
1757438196485 1.257357678135973 81
1757438196547 0.7961096617549217 82
1757438196619 0.9681563548195787 83
1757438196680 2.0393371514463525 84
1757438196741 2.1208200913896147 85
1757438196800 2.5354121270030463 86
1757438196861 1.3162648389400635 87
1757438196919 1.5026519847269015 88
1757438196985 0.9317222657701182 89
1757438197051 2.3754454518688912 90
1757438197111 0.6708383586682618 91
1757438197166 0.735357614314329 92
1757438197223 2.288403814226319 93
1757438197282 2.2990271111807976 94
1757438197341 1.129385686998175 95
1757438197404 1.317631203707585 96
1757438197469 2.0510977978345033 97
1757438197535 0.7602030199478405 98
1757438197595 1.5918691761776262 99
1757438197657 1.9621722913795456 100
1757438197718 1.7890073359122223 101
1757438197780 1.772557737724991 102
1757438197847 2.3802720663971177 103
1757438197978 1.44538812457875 104
1757438198055 0.732716119146391 105
1757438198124 1.457386925514579 106
1757438198192 2.3509705720174745 107
1757438198263 1.5645066660541356 108
1757438198333 1.2824783920036693 109
1757438198403 1.1167317013166287 110
1757438198471 0.6955298696622668 111
1757438198538 1.3771837437896997 112
1757438198606 1.2278696534983788 113
1757438198673 1.0093676359230057 114
1757438198741 1.3225684139855258 115
1757438198809 0.7149086008481325 116
1757438198877 1.7286490591892374 117
1757438198944 0.9904076352154911 118
1757438199012 1.7475040405530882 119
1757438199084 1.147364084257798 120
1757438199151 0.88304319002867 121
1757438199212 1.721416157034164 122
1757438199275 0.8250734924936274 123
1757438199339 0.6296272633181896 124
1757438199401 1.3820364284918965 125
1757438199462 1.002349342725409 126
1757438199526 0.8945756723301719 127
1757438199594 1.303132045976364 128
1757438199660 1.425679900788991 129
1757438199722 1.442924383987911 130
1757438199782 2.4538639211318456 131
1757438199850 1.2014262280084589 132
1757438199916 1.5080465139328072 133
1757438199978 2.317415908175859 134
1757438200039 0.5878838392933469 135
1757438200099 0.6798140157102691 136
1757438200166 3.1831010018598334 137
1757438200229 0.7767078672217334 138
1757438200293 0.6152728667937196 139
1757438200352 0.9439124139326772 140
1757438200416 0.47214199533387435 141
1757438200480 0.7038127098526622 142
1757438200554 0.827748601149295 143
1757438200621 1.3637182523321083 144
1757438200683 1.0410061549997303 145
1757438200746 2.063372216184093 146
1757438200810 3.130628695021425 147
1757438200875 1.2734145610354994 148
1757438200943 2.647138396813793 149
1757438201011 0.8745263843914156 150
1757438201079 1.800920498609572 151
1757438201141 0.5098321945733734 152
1757438201203 0.8211549553018239 153
1757438201258 0.748598316977156 154
1757438201319 0.6969542331612752 155
1757438201385 1.3591731979586477 156
1757438201453 1.3785474376810496 157
1757438201520 0.8510085861961155 158
1757438201588 0.9050536301068124 159
1757438201656 1.0161915367042345 160
1757438201726 1.060102823428273 161
1757438201793 0.7633925993818259 162
1757438201867 0.9285427511479906 163
1757438201942 0.9917154214410518 164
1757438202012 0.7046720383242107 165
1757438202075 1.717869308924358 166
1757438202141 1.0812244649256664 167
1757438202201 1.6612354543972279 168
1757438202267 0.5860573943888232 169
1757438202332 0.48868492448880607 170
1757438202395 1.1853826742253217 171
1757438202455 1.1307932602472672 172
1757438202519 0.45403651640871745 173
1757438202584 3.3971620967772926 174
1757438202652 0.9176810078732992 175
1757438202718 0.6598766108139789 176
1757438202778 1.3628867858061058 177
1757438202838 0.6044256120376107 178
1757438202897 1.7924254154648671 179
1757438202962 3.336677339394784 180
1757438203025 2.1360666457911535 181
1757438203089 0.5610246511241485 182
1757438203164 0.9030202229759204 183
1757438203219 1.0282513723903801 184
1757438203275 1.2708908038943023 185
1757438203335 1.3632630319616421 186
1757438203394 1.7031185092058199 187
