1757672858113 6.695258121356826e-05 0
1757672858225 0.19502582850114927 1
1757672858338 0.017434121315585863 2
1757672858449 4.455899890453481 3
1757672858559 1.189983028478326 4
1757672858669 0.09804534096352192 5
1757672858781 1.0191554280089687 6
1757672858889 0.06329937883173352 7
1757672858998 0.7356930812029225 8
1757672859107 0.20308638055458322 9
1757672859218 0.0019139960018219918 10
1757672859329 0.34040540566164973 11
1757672859438 0.8054362145646454 12
1757672859546 0.09265818461039879 13
1757672859662 0.006871049685162474 14
1757672859798 0.4850865648496434 15
1757672859926 1.1423413715813115 16
1757672860044 0.16664931796011065 17
1757672860156 0.19793051936156641 18
1757672860269 4.647910089677311 19
1757672860380 3.5332368660468756 20
1757672860495 1.6404121188928567 21
1757672860614 0.25153260919781706 22
1757672860740 0.7453679954964755 23
1757672860857 2.8006492255732325 24
1757672860968 1.292502403943703 25
1757672861081 0.01450646769003345 26
1757672861194 0.28324833943542727 27
1757672861304 0.036585336358127996 28
1757672861417 0.32727473118174855 29
1757672861530 0.03588007010728127 30
1757672861647 0.1990197821043067 31
1757672861760 0.019223169316446007 32
1757672861872 0.06342672321860565 33
1757672861993 0.019845926768500867 34
1757672862128 3.84389740758454 35
1757672862243 0.34548496493304964 36
1757672862356 0.05335923150551441 37
1757672862469 0.1324452585700738 38
1757672862584 0.04779660552816733 39
1757672862696 1.3922213334857827 40
1757672862807 0.7879947278543503 41
1757672862919 0.4273298323091757 42
1757672863032 1.0640458698831678 43
1757672863144 0.06709266305722048 44
1757672863255 0.3734910191512849 45
1757672863366 0.4044533361382073 46
1757672863481 0.004215123873364551 47
1757672863609 0.07563789716097942 48
1757672863723 0.0053258680646912585 49
1757672863837 0.005584228356732947 50
1757672863950 0.00018736223671190656 51
1757672864063 0.19856117993053468 52
1757672864176 0.1074228074479387 53
1757672864287 0.008838242268268503 54
1757672864399 0.1296353710636059 55
1757672864513 1.3149556569657757 56
1757672864628 0.09387092255976222 57
1757672864740 0.030765719225671243 58
1757672864854 1.948624115275969 59
1757672864966 4.658751567206056 60
1757672865078 0.10419390875021411 61
1757672865191 0.16523314746034642 62
1757672865303 0.0819194473299795 63
1757672865415 0.1621742391357064 64
1757672865527 0.0813402727087713 65
1757672865639 0.2363874027772485 66
1757672865752 0.04931498743200526 67
1757672865866 1.1058260529840405 68
1757672865979 0.02869022574732974 69
1757672866099 1.2804410160508837 70
1757672866216 0.2341094848710241 71
1757672866329 1.6429582320788714 72
1757672866441 2.3923640782332845 73
1757672866555 0.009599357490003383 74
1757672866667 3.1760857792457724 75
1757672866780 0.0008669646745282531 76
1757672866895 0.026857342480420033 77
1757672867007 0.3385835361845668 78
1757672867130 1.2266358930763834 79
1757672867244 0.677910494127961 80
1757672867353 1.582299476673968 81
1757672867466 0.03293745363449568 82
1757672867581 1.1888759287770105 83
1757672867694 2.0060126509600082 84
1757672867806 1.9748746315522345 85
1757672867920 4.542006109615062 86
1757672868035 0.25992866114862473 87
1757672868147 0.043909912390692404 88
1757672868261 0.04838623924728049 89
1757672868375 0.27969374170183875 90
1757672868488 0.001874835371840165 91
1757672868603 0.00712332392972143 92
1757672868717 0.009395640071044205 93
1757672868830 0.0984857525506344 94
1757672868943 0.17872914577463023 95
1757672869056 0.0017578168367658087 96
1757672869167 0.8810745108626148 97
1757672869280 1.3571788827920541 98
1757672869393 1.3490476013197292 99
1757672869508 0.4073106034207509 100
1757672869621 0.6657750899990544 101
1757672869736 0.007452879297298971 102
1757672869846 0.33039173844026165 103
1757672869961 0.18516161860244462 104
1757672870076 0.1321511680266468 105
1757672870190 0.242911475659972 106
1757672870302 0.09312439363915094 107
1757672870419 0.2612122976393906 108
1757672870533 0.17321640620721365 109
1757672870645 0.00025423875856846016 110
1757672870760 0.6046664098729179 111
1757672870874 0.48965352641691723 112
1757672870986 0.11605823080338755 113
1757672871097 0.1776199413871695 114
1757672871211 0.3913740347627023 115
1757672871325 0.06001455182158693 116
1757672871448 0.12508351177088012 117
1757672871563 0.32949118712360553 118
1757672871676 2.254657390269078 119
1757672871790 0.12634918199238734 120
1757672871903 1.6312303687618048 121
1757672872016 0.18046721957745998 122
1757672872136 0.004669822262937037 123
1757672872254 0.2720622777752941 124
1757672872368 0.1515617266021212 125
1757672872484 0.09386705738755798 126
1757672872597 3.426335614003904 127
1757672872711 0.0803133958787934 128
1757672872824 0.228246428134494 129
1757672872938 0.5398038727569653 130
1757672873053 0.05448444962403704 131
1757672873166 0.21488098872452127 132
1757672873279 1.170549314021053 133
1757672873393 0.18385762716272264 134
1757672873509 3.4320681237074555 135
1757672873625 0.4263708578254042 136
1757672873740 0.008529240733250404 137
1757672873855 0.2838836011267335 138
1757672873971 0.058086034324709844 139
1757672874089 0.3966226203703748 140
1757672874204 0.6938350690993108 141
1757672874319 0.4044715972114568 142
1757672874433 0.10954030920504598 143
1757672874550 0.5309895341069206 144
1757672874664 0.5915143796745712 145
1757672874780 0.5679913272154273 146
1757672874895 0.12757814323887653 147
1757672875010 0.1137368614899234 148
1757672875123 0.36993835576013856 149
1757672875240 0.012387593949965473 150
1757672875352 2.9626545466261116 151
1757672875467 1.2228140898618987 152
1757672875583 1.1901357017269727 153
1757672875698 0.49964607420703705 154
1757672875812 0.0026943850364820267 155
1757672875928 0.0332779284040691 156
1757672876042 3.854950530572371 157
1757672876168 0.6269410827340139 158
1757672876283 0.7976409818960726 159
1757672876400 0.5373796093247418 160
1757672876515 0.25756362198824284 161
1757672876630 0.0022461683272717897 162
1757672876745 8.637861409823524 163
1757672876860 0.11305962920056056 164
1757672876975 0.09283184767978762 165
1757672877090 0.17408174464215181 166
1757672877207 0.372768855559865 167
1757672877323 0.3721600122778278 168
1757672877439 0.4764510057904379 169
1757672877556 0.08963486338222001 170
1757672877671 1.9673440869263117 171
1757672877789 0.16813580910621356 172
1757672877906 0.011421293389387304 173
1757672878023 0.053809706855944515 174
1757672878137 0.047471240969897445 175
1757672878252 0.0005209431735181991 176
1757672878366 0.009295425355915375 177
1757672878481 0.04994897980478007 178
1757672878597 0.08261707211256045 179
1757672878710 2.282590406057045 180
1757672878825 1.4041718615750034 181
1757672878941 0.09071297681117979 182
1757672879057 0.32169444148442916 183
1757672879172 0.1804756385060813 184
1757672879286 0.028725059019845303 185
1757672879402 0.4487161224965124 186
1757672879517 1.4301122673538598 187
1757672879633 2.2747294063820407 188
1757672879750 1.0415704023551597 189
1757672879867 2.7647757603450476 190
1757672879981 0.17295127314644548 191
1757672880095 0.8354267568494964 192
1757672880210 0.18051018321841722 193
1757672880323 0.4200240221434909 194
1757672880439 0.38230134260218523 195
1757672880555 0.22095230039541514 196
1757672880672 3.492942253912218 197
1757672880789 0.057614131125812956 198
1757672880905 0.008667252729765413 199
1757672881022 0.012109357107015651 200
1757672881134 0.8510518116116751 201
1757672881249 0.1795338242219046 202
1757672881367 0.1500691231695559 203
1757672881483 0.26438813406077993 204
1757672881600 4.823926941675145 205
1757672881715 0.016692579894558756 206
1757672881833 0.7179058229616073 207
1757672881950 2.5672745610543113 208
1757672882068 0.5511096085274236 209
1757672882202 1.526858309313402 210
1757672882324 0.39219702711486765 211
1757672882441 1.1193679747826601 212
1757672882557 0.03457882858999613 213
1757672882674 0.4957586290740885 214
1757672882794 0.11734907880066196 215
1757672882912 3.978812866809613 216
1757672883031 0.06712300603127141 217
1757672883149 0.12537493227343277 218
1757672883266 0.027493430912956394 219
1757672883384 0.10486746580457265 220
1757672883504 0.00020174645288951505 221
1757672883627 0.00029269489531081087 222
1757672883744 0.8742938576788585 223
1757672883860 2.5280775145656205 224
1757672883978 2.3278650968808905 225
1757672884094 2.248025673524132 226
1757672884213 1.0734855478322596 227
1757672884331 0.03168555364754052 228
1757672884448 0.003979383512892937 229
1757672884567 1.9037264135676415 230
1757672884685 0.14847126121216886 231
1757672884805 1.4086554580073882 232
1757672884920 0.5853351849098425 233
1757672885039 1.294924863200598 234
1757672885156 0.4712137326668877 235
1757672885274 0.10520969656341712 236
1757672885392 0.5483835630734027 237
1757672885511 0.10679992075955833 238
1757672885631 0.3121927120693554 239
1757672885750 0.9954820299496032 240
1757672885868 3.3743461258213547 241
1757672885986 0.04788173165554831 242
1757672886109 0.16262614960672578 243
1757672886231 0.07046205853260502 244
1757672886350 0.02471802678202402 245
1757672886468 0.8454433363203183 246
1757672886585 0.006848817580159036 247
1757672886702 0.05139727577383534 248
1757672886820 0.06579033323224173 249
1757672886937 0.045338668088346676 250
1757672887055 0.15556653752433341 251
1757672887182 0.07824213074274915 252
1757672887313 0.0021944724972290217 253
1757672887433 0.1440468958333658 254
1757672887552 0.03132807492977173 255
1757672887670 0.8986267369336227 256
1757672887789 0.5344187291320419 257
1757672887906 2.4039188069903563 258
1757672888023 0.10087185750761328 259
1757672888143 0.16738894438983098 260
1757672888262 0.4453741278151758 261
1757672888380 1.7839729087819904 262
1757672888499 0.0690407341613007 263
1757672888617 3.5108285485372757 264
1757672888734 0.07040528287010407 265
1757672888853 5.030788749937312e-05 266
1757672888969 0.3947291635474123 267
1757672889087 2.7682003458744973 268
1757672889205 2.0388794640027403 269
1757672889324 0.1540128088112555 270
1757672889442 0.017461228040401344 271
1757672889560 0.007448821399637584 272
1757672889680 0.15386707082646647 273
1757672889816 0.03555799987464353 274
1757672889946 0.2754288300650633 275
1757672890068 2.316663642670229 276
1757672890187 0.33207553968750625 277
1757672890306 0.5325819477440109 278
1757672890425 0.2406854116253457 279
1757672890544 0.4016113800087088 280
1757672890664 0.18007804575978378 281
1757672890782 0.029055452593582283 282
1757672890902 0.017039984090382664 283
1757672891022 0.2913215457226764 284
1757672891138 0.6663460786219366 285
1757672891258 2.7904803881781546 286
1757672891376 1.0620644125727619 287
1757672891494 0.24430185888017159 288
1757672891613 0.6518150526320001 289
1757672891731 0.5895137854855071 290
1757672891849 0.43490291400251935 291
1757672891970 0.008785505587424455 292
1757672892088 2.188646937278036 293
1757672892218 2.050810965789693 294
1757672892344 1.1266771808711458 295
1757672892466 0.00962601043924914 296
1757672892586 2.4821234039413875e-05 297
1757672892705 0.4907874574907437 298
1757672892825 0.5855232598304125 299
1757672892944 0.05078416228450681 300
1757672893063 0.13436352948037417 301
1757672893183 0.04876353445573067 302
1757672893303 0.06243594457588672 303
1757672893424 0.39611102375787466 304
1757672893547 1.1460740062975783 305
1757672893669 0.004210039964651576 306
1757672893789 0.07991060728302989 307
1757672893908 0.014199208134233225 308
1757672894030 0.2933513281522085 309
1757672894152 4.679283770379579 310
1757672894273 0.0011090845525647517 311
1757672894395 0.0516105902523531 312
1757672894518 0.40416756357972355 313
1757672894639 0.26493522939583275 314
1757672894760 0.1445303797174368 315
1757672894881 0.25489097843731284 316
1757672895002 0.1357403562380105 317
1757672895121 0.005077107679527724 318
1757672895241 0.004656894954883609 319
1757672895362 0.06635682604740253 320
1757672895482 0.029121838505399355 321
1757672895606 0.307599327905 322
1757672895725 0.02251177586538258 323
1757672895844 0.35852088908317387 324
1757672895967 0.24034755508916128 325
1757672896090 0.09307907072222041 326
1757672896216 0.44087464589420483 327
1757672896339 0.00033944628796307524 328
1757672896459 0.17936511039838612 329
1757672896581 0.10463930689389025 330
1757672896703 0.173453132750042 331
1757672896823 0.33228326677016573 332
1757672896944 0.012610359139887097 333
1757672897064 0.060827193677393795 334
1757672897186 0.08223656382642454 335
1757672897307 3.2863457362331143 336
1757672897427 0.0016332130975087518 337
1757672897548 0.03623117944741842 338
1757672897668 0.552049231086939 339
1757672897790 0.580141547078091 340
1757672897911 0.008565356280678216 341
1757672898034 6.564711251564352e-05 342
1757672898156 0.3894847146463679 343
1757672898277 0.3806176641080177 344
1757672898398 0.0031589423533340375 345
1757672898519 0.01020526107009199 346
1757672898641 0.11028223233325515 347
1757672898761 12.264993327702726 348
1757672898883 0.37458209225980976 349
1757672899003 0.22662518777124355 350
1757672899123 0.0032509646442120538 351
1757672899245 0.9511913413819605 352
1757672899365 0.289727569024003 353
1757672899484 0.15850832818870902 354
1757672899607 0.0020122683146339046 355
1757672899729 0.10874438162347862 356
1757672899852 0.04822407728709541 357
1757672899974 0.45267105774860117 358
1757672900095 0.04323653663000627 359
1757672900218 0.1670416345710488 360
1757672900340 0.10142221926101806 361
1757672900461 0.06823057654015532 362
1757672900581 0.08218731412655661 363
1757672900702 1.0211328952101948 364
1757672900822 0.2271714645941289 365
1757672900943 0.01164355144178518 366
1757672901065 0.34985444137448085 367
1757672901189 0.736351121113413 368
1757672901311 0.005109705109423081 369
1757672901433 0.8625531882621505 370
1757672901554 0.19976340980458746 371
1757672901676 0.0018262911545152147 372
1757672901795 0.2456625377832439 373
1757672901918 9.930362177958898 374
1757672902036 0.001980302173713371 375
1757672902159 1.2792682386045349 376
1757672902293 0.8346330971725163 377
1757672902467 0.6650627835237263 378
1757672902592 0.8878137939816977 379
1757672902713 0.013176231863808589 380
1757672902835 0.6595122281957836 381
1757672902956 0.3796357445166881 382
1757672903078 0.1524314873215786 383
1757672903200 0.40115551847140557 384
1757672903321 0.0009324702749476071 385
1757672903442 0.17313768458243878 386
1757672903576 0.12091685771024352 387
1757672903701 0.06630664359089593 388
1757672903827 0.10714720446759689 389
1757672903951 0.3648599520214406 390
1757672904073 0.0005264895711816765 391
1757672904195 0.00018998417941296802 392
1757672904319 0.02551175102020238 393
1757672904444 0.01153015698713215 394
1757672904564 0.04970977828090534 395
1757672904687 0.39324297063074626 396
1757672904810 1.6291683164594684 397
1757672904933 1.0990116999682942 398
1757672905056 1.868817791090408e-05 399
1757672905179 0.47328386737073724 400
1757672905305 0.08224740683651804 401
1757672905428 0.8721604940722949 402
1757672905551 0.7805879629461836 403
1757672905674 0.46966222010712877 404
1757672905796 0.0030701785060700247 405
1757672905919 22.656362697868374 406
1757672906043 2.282118256204784 407
1757672906180 0.4085446309745622 408
1757672906301 0.03372878018597672 409
1757672906425 0.22893730959142036 410
1757672906551 0.42982814606703806 411
1757672906677 0.20616504780436234 412
1757672906800 1.2641786035708367 413
1757672906923 2.1676921231426025 414
1757672907048 2.439431948829012 415
1757672907172 0.22073720290968535 416
1757672907295 0.6200897598593889 417
1757672907420 0.4113806212063281 418
1757672907542 0.3823123973986721 419
1757672907665 0.11150225480437836 420
1757672907789 0.26685593481396025 421
1757672907914 2.615249972289324 422
1757672908036 0.07442590184892056 423
1757672908160 1.325543076206802 424
1757672908285 0.4878568818147179 425
1757672908407 2.342818367216499 426
1757672908530 0.0779282649249139 427
1757672908653 0.37721771441282465 428
1757672908778 0.28088294348774245 429
1757672908899 0.15572591497753463 430
1757672909020 0.49952108142337487 431
1757672909145 0.644391952266802 432
1757672909270 0.19013373473916792 433
1757672909392 0.38782673242559945 434
1757672909516 0.021764914811974498 435
1757672909658 0.0024275393522153184 436
1757672909783 0.12039510886494204 437
1757672909906 0.02820470362713156 438
1757672910029 3.2012685674800956 439
1757672910153 2.6825300966479366 440
1757672910277 0.3487381174640854 441
1757672910402 0.3034736008612085 442
1757672910526 0.43901644832994763 443
1757672910649 6.674432982378241 444
1757672910770 0.9594558694374793 445
1757672910892 5.652185950582361 446
1757672911018 1.6518724813745806 447
1757672911141 0.05903832452981328 448
1757672911265 0.056449174754367 449
1757672911391 0.28508846926020437 450
1757672911514 0.18610280106913696 451
1757672911637 1.1698193274105606 452
1757672911761 0.3346736645042779 453
1757672911884 0.005281477245341296 454
1757672912006 0.1939579391389889 455
1757672912128 0.07458647067780158 456
1757672912252 0.3565848373590295 457
1757672912403 0.030057686698370542 458
1757672912529 0.0708353741333684 459
1757672912653 0.074485144047683 460
1757672912785 0.07557141770779886 461
1757672912909 0.9114031127719167 462
1757672913034 0.307956890974164 463
1757672913159 0.5331952153321875 464
1757672913284 0.15106310973865644 465
1757672913408 1.114817206380652 466
1757672913539 0.21089344855694225 467
1757672913668 1.5474912304135384 468
1757672913792 0.34275321337605646 469
1757672913918 3.4742168548418633 470
1757672914044 2.9721117933704826 471
1757672914170 0.0025676313577908073 472
1757672914294 0.00289200446314979 473
1757672914421 0.7837508139080713 474
1757672914558 1.7967266815810217 475
1757672914686 0.2158648865304679 476
1757672914812 3.805029533366659 477
1757672914938 0.15578865946850434 478
1757672915064 0.42735630683494613 479
1757672915186 0.6888393109038191 480
1757672915331 0.0005335616995125348 481
1757672915459 0.2591872959117583 482
1757672915592 0.8175332677992223 483
1757672915721 0.7298415345380802 484
1757672915846 1.3049898162103037 485
1757672915973 0.037856372500289885 486
1757672916097 0.45492799099255327 487
1757672916233 0.1791295903008672 488
1757672916362 0.04767836452790872 489
1757672916488 0.0046330557335977594 490
1757672916615 2.963873168028615 491
1757672916741 0.04795786017986398 492
1757672916866 0.04947989853687639 493
1757672916990 2.059928439195631 494
1757672917117 1.4408314338952644 495
1757672917244 0.49357631679314357 496
1757672917372 0.000686014380200095 497
1757672917499 4.188114542466083 498
1757672917624 0.40346509800687036 499
