1757443555783 151.42453233132414 0
1757443555854 149.94413159090493 1
1757443555917 136.45973844489396 2
1757443555987 117.32778639984369 3
1757443556046 115.35060109307364 4
1757443556106 109.71410822097462 5
1757443556160 105.07244747316074 6
1757443556223 101.80872081391573 7
1757443556286 85.38774218735925 8
1757443556343 85.79790570094289 9
1757443556398 81.48257626137094 10
1757443556457 79.97562448726663 11
1757443556524 80.6514870980682 12
1757443556591 73.63206811192818 13
1757443556656 62.07949310780135 14
1757443556719 58.6371048781164 15
1757443556786 59.35669775243292 16
1757443556855 50.644254437338 17
1757443556919 46.11635263568414 18
1757443556981 50.68848529826713 19
1757443557045 45.39249658670822 20
1757443557104 35.38161297194657 21
1757443557160 48.55600355335308 22
1757443557220 39.090373072449566 23
1757443557285 40.903328372883244 24
1757443557353 28.306459422837047 25
1757443557422 29.180540477438427 26
1757443557491 30.965760864141846 27
1757443557558 24.68045665988619 28
1757443557624 34.977822008324296 29
1757443557693 20.510131732395187 30
1757443557762 18.773428768150342 31
1757443557829 24.880813648899984 32
1757443557898 24.988295948085366 33
1757443557967 22.05145531798834 34
1757443558035 23.861669454521024 35
1757443558105 22.369527132907123 36
1757443558166 18.870169431189698 37
1757443558231 26.58474112756343 38
1757443558292 19.795251186887704 39
1757443558358 24.479753606862104 40
1757443558418 13.06242393098709 41
1757443558487 16.742159828166873 42
1757443558549 19.350540539866994 43
1757443558624 24.176819377042058 44
1757443558703 27.497980542985236 45
1757443558769 30.10402449193853 46
1757443558836 12.394351198157228 47
1757443558896 24.53995967076768 48
1757443558959 8.84232709384564 49
1757443559022 20.83636793777564 50
1757443559089 20.905547718130073 51
1757443559152 16.027239487293972 52
1757443559221 20.50172712467173 53
1757443559289 11.131201224130761 54
1757443559352 16.02882698702585 55
1757443559416 17.244843891185866 56
1757443559482 21.944555411905704 57
1757443559550 12.70737193617204 58
1757443559616 13.130292080786106 59
1757443559683 22.388826068092836 60
1757443559749 29.202197344005313 61
1757443559812 22.648187989454144 62
1757443559880 14.281492838956378 63
1757443559945 18.731184740795026 64
1757443560009 13.71870159297398 65
1757443560078 10.933830141140955 66
1757443560135 18.41460315260789 67
1757443560191 17.386463161365924 68
1757443560254 23.648816717690366 69
1757443560314 15.27515309237726 70
1757443560379 6.473819286540221 71
1757443560442 18.40418221605367 72
1757443560512 17.106611463727237 73
1757443560585 22.244336577218224 74
1757443560657 12.705487282111896 75
1757443560726 21.89781393203667 76
1757443560797 11.638513982419461 77
1757443560867 17.907418409048454 78
1757443560935 11.766557079740913 79
1757443561007 13.598681873615558 80
1757443561077 17.860451159777664 81
1757443561151 12.263884140170662 82
1757443561220 7.932892527759316 83
1757443561296 12.997918331518985 84
1757443561375 13.101561824849545 85
1757443561440 18.6883171864046 86
1757443561506 17.66551685216638 87
1757443561571 18.304330755189955 88
1757443561638 29.98529582497074 89
1757443561706 14.919213037878496 90
1757443561774 25.570327729232318 91
1757443561837 11.506499593393189 92
1757443561901 14.279469768210458 93
1757443561963 16.775083822561296 94
1757443562030 15.585512013232929 95
1757443562098 29.469528554035783 96
1757443562160 11.928361242725334 97
1757443562216 20.217421711167198 98
1757443562277 14.503765085004453 99
1757443562341 20.160784806448657 100
1757443562405 12.296086490395552 101
1757443562469 14.390910869584214 102
1757443562537 9.567375213565477 103
1757443562604 21.067892862033375 104
1757443562671 20.59314922063025 105
1757443562741 15.350340995608095 106
1757443562809 11.235675854621352 107
1757443562879 11.53166260666694 108
1757443562952 9.082727258546834 109
1757443563024 13.546578278928175 110
1757443563092 18.967256940050433 111
1757443563163 13.567212604672388 112
1757443563236 15.198053578663185 113
1757443563306 11.016193630554831 114
1757443563375 12.004501662221184 115
1757443563445 13.14123806608076 116
1757443563516 20.290110566986378 117
1757443563587 17.78824731372774 118
1757443563660 13.25950669936662 119
1757443563731 19.090573474935063 120
1757443563808 20.273519654395052 121
1757443563876 17.79603761443078 122
1757443563948 21.76460504037241 123
1757443564018 8.428957969649417 124
1757443564088 16.688295060824863 125
1757443564160 14.23752376060688 126
1757443564223 14.33295674150051 127
1757443564291 8.78732422496675 128
1757443564358 12.660607456996054 129
1757443564420 12.27720918794937 130
1757443564490 15.180541947896367 131
1757443564561 12.300705691124985 132
1757443564628 10.208658836605297 133
1757443564699 14.49206123996197 134
1757443564771 12.133058180512624 135
1757443564842 17.359676969536388 136
1757443564919 10.670480494978566 137
1757443564991 10.971016320850591 138
1757443565061 12.026386785165938 139
1757443565133 25.021295494808314 140
1757443565203 21.11324012119482 141
1757443565286 15.11680816951592 142
1757443565359 17.637743860224667 143
1757443565422 13.192202236164487 144
1757443565489 12.76322484330496 145
1757443565558 12.775886374197048 146
1757443565631 10.636820710830353 147
1757443565692 14.3249223976252 148
1757443565755 6.741501557338174 149
1757443565818 19.670255653994943 150
1757443565887 17.984537606186755 151
1757443565941 10.150779645196803 152
1757443566000 20.886127536561567 153
1757443566061 13.312816735481187 154
1757443566119 17.051429111432007 155
1757443566186 15.661464581081539 156
1757443566248 18.67839464199522 157
1757443566309 14.700703831873454 158
1757443566369 16.136778637361388 159
1757443566431 29.145431574928274 160
1757443566497 12.319010479792421 161
1757443566560 15.35882092227795 162
1757443566629 15.949157596404973 163
1757443566697 9.857475649340875 164
1757443566768 15.778717553412143 165
1757443566839 12.195757462027228 166
1757443566910 14.810823212754343 167
1757443566982 12.103346531714822 168
1757443567052 5.743260452110509 169
1757443567123 13.556024217173707 170
1757443567195 16.498391686303037 171
1757443567267 26.847446804402757 172
1757443567339 15.883429348867573 173
1757443567406 13.81540554725458 174
1757443567476 10.693063210370461 175
1757443567544 5.889323977180817 176
1757443567616 11.105781859654602 177
1757443567688 9.878576236023633 178
1757443567759 19.668029664727662 179
1757443567827 11.5950734437764 180
1757443567900 23.51437704087975 181
1757443567972 12.236395229550428 182
1757443568043 20.11979814442538 183
1757443568116 10.881262290311525 184
