1757666397488 151.2164794861302 0
1757666397584 158.38008351037558 1
1757666397671 156.62903779206204 2
1757666397755 159.2843646893356 3
1757666397838 152.15347367681306 4
1757666397919 148.8047829954507 5
1757666398005 146.88814085891573 6
1757666398090 141.98266673753383 7
1757666398177 146.64330281292007 8
1757666398264 144.96709722147233 9
1757666398352 131.1170374818794 10
1757666398441 136.82000373778766 11
1757666398517 133.29219590264177 12
1757666398608 134.3950728240304 13
1757666398707 140.93514906490964 14
1757666398800 129.51297339531675 15
1757666398897 128.79452111029076 16
1757666398992 126.76840793642171 17
1757666399086 127.73688663714601 18
1757666399183 118.75083840903733 19
1757666399275 126.5936473745307 20
1757666399370 122.14274693585897 21
1757666399464 116.46069091575278 22
1757666399559 117.11009297038669 23
1757666399643 113.7600480575148 24
1757666399724 115.20304829226167 25
1757666399821 106.1893467162544 26
1757666399915 107.13133562912599 27
1757666400009 110.86411947756034 28
1757666400108 107.82566752581381 29
1757666400206 104.12920825967524 30
1757666400302 100.27116518742024 31
1757666400399 101.99328295167233 32
1757666400488 99.86011975778725 33
1757666400576 100.65792216428761 34
1757666400665 101.08595600793822 35
1757666400752 98.85406590366323 36
1757666400841 94.90908962849551 37
1757666400927 95.41503235540515 38
1757666401016 88.41947845866846 39
1757666401102 89.78689680772268 40
1757666401191 85.80338726339227 41
1757666401279 93.6554992751643 42
1757666401372 87.7048779439123 43
1757666401467 89.51533971575404 44
1757666401562 78.43971251204545 45
1757666401654 87.46531124606078 46
1757666401747 83.32685744132135 47
1757666401842 80.78613029107989 48
1757666401939 79.9772194060035 49
1757666402034 83.59366221340655 50
1757666402130 78.86037166151392 51
1757666402229 75.97856148018475 52
1757666402326 75.57512324428468 53
1757666402423 69.41728342554278 54
1757666402511 73.63487309818046 55
1757666402603 69.14754298489383 56
1757666402698 73.05788129717955 57
1757666402791 72.86753795911248 58
1757666402888 71.65205815591742 59
1757666402983 68.1482209026035 60
1757666403081 69.32402536271586 61
1757666403176 69.02706926320248 62
1757666403274 66.48324472588445 63
1757666403370 66.89729918114486 64
1757666403466 64.78553775550243 65
1757666403564 65.93098062825358 66
1757666403660 63.16783916237202 67
1757666403757 65.65799836104213 68
1757666403854 63.685455552733416 69
1757666403950 62.525171470561354 70
1757666404046 63.27549804724374 71
1757666404140 60.42339571573091 72
1757666404238 57.1589553291542 73
1757666404334 57.592888295975506 74
1757666404431 57.501180246474526 75
1757666404527 58.76020865765778 76
1757666404615 54.39199471501666 77
1757666404718 51.34459799587467 78
1757666404820 52.264162565935365 79
1757666404918 50.74526589829277 80
1757666405013 53.61007125354653 81
1757666405108 49.37085026273559 82
1757666405206 51.34055057162678 83
1757666405302 51.141987257073886 84
1757666405398 49.95714363847751 85
1757666405497 46.99217692548426 86
1757666405598 50.46636108778577 87
1757666405695 47.46673637140185 88
1757666405796 49.91271559084133 89
1757666405898 45.95189260974975 90
1757666406002 46.779326913861816 91
1757666406099 42.1753671260437 92
1757666406198 44.47590927914589 93
1757666406296 40.83813372607031 94
1757666406391 41.181814926610514 95
1757666406488 41.13117798778203 96
1757666406578 42.22697638425257 97
1757666406669 42.75463883636268 98
1757666406766 39.964272844126164 99
1757666406862 40.11932050166336 100
1757666406963 39.802235366354495 101
1757666407061 40.10294566614977 102
1757666407157 38.335277779951745 103
1757666407263 37.00926173490597 104
1757666407370 37.77413697908362 105
1757666407469 35.510421309974156 106
1757666407567 37.75468849791144 107
1757666407663 35.89395817195966 108
1757666407759 35.233491726029555 109
1757666407889 34.509981910927685 110
1757666407989 35.763219300741895 111
1757666408088 33.47408123086803 112
1757666408182 34.053177272971304 113
1757666408281 34.98093894778418 114
1757666408380 32.24560978489632 115
1757666408478 33.56946819594579 116
1757666408578 33.55256415118254 117
1757666408669 31.377839324474703 118
1757666408767 32.22443566572579 119
1757666408868 30.305934633321968 120
1757666408964 30.67319693486524 121
1757666409066 26.21332107118549 122
1757666409166 28.975132830213337 123
1757666409265 29.643978764022147 124
1757666409367 29.401929803429017 125
1757666409466 30.33387896871766 126
1757666409565 26.18769765003329 127
1757666409662 30.44600429394348 128
1757666409761 27.64728270175681 129
1757666409856 29.595031306911153 130
1757666409952 26.754819644814564 131
1757666410052 26.122657011064412 132
1757666410150 24.98393880130211 133
1757666410247 27.41626153183664 134
1757666410347 24.43907482044369 135
1757666410442 24.847509748006825 136
1757666410539 25.3875406448859 137
1757666410630 24.302705283620266 138
1757666410726 26.29509379879866 139
1757666410827 24.89805934155096 140
1757666410923 23.563039253152027 141
1757666411026 21.908948637265173 142
1757666411133 24.86968155790598 143
1757666411233 22.260846558381125 144
1757666411333 23.198410213125992 145
1757666411429 23.881468067286768 146
1757666411527 22.173782421714517 147
1757666411628 21.497406427672775 148
1757666411729 22.610649340146125 149
1757666411828 24.141951147191463 150
1757666411927 20.120222351240578 151
1757666412025 24.998808668711405 152
1757666412122 20.26380280181081 153
1757666412221 18.544845994701436 154
1757666412318 20.282303390431142 155
1757666412416 21.32090175408993 156
1757666412515 18.738241031455534 157
1757666412617 17.324320437642573 158
1757666412702 21.317146648065908 159
1757666412789 18.77246484927404 160
1757666412883 22.11403665944229 161
1757666412975 18.78569053107685 162
1757666413070 17.47147706960214 163
1757666413163 19.783172851189498 164
1757666413262 15.794493741652827 165
1757666413361 18.930926120910485 166
1757666413461 18.366142106533495 167
1757666413558 15.670355035828228 168
1757666413655 14.307594310549215 169
1757666413751 15.360453050290634 170
1757666413851 17.01092690522818 171
1757666413951 17.46143859695961 172
1757666414049 16.405425891495437 173
1757666414148 17.87600565212707 174
1757666414249 15.521802096838853 175
1757666414349 17.39830629605858 176
1757666414448 17.727123587654617 177
1757666414548 18.14801817279427 178
1757666414646 14.838187016152455 179
1757666414750 16.06255476636909 180
1757666414850 17.73272845405339 181
1757666414949 15.741921713711138 182
1757666415051 14.729539752595688 183
1757666415149 16.532482420519358 184
1757666415250 15.532977949812508 185
1757666415347 13.80787677479737 186
1757666415448 13.557485649914053 187
1757666415549 13.218146862863241 188
1757666415649 14.095684512402055 189
1757666415753 13.738736361372288 190
1757666415851 13.757348176251087 191
1757666415950 12.850732067119697 192
1757666416051 13.319299632454243 193
1757666416168 13.51039785836191 194
1757666416267 12.83324895269747 195
1757666416368 10.81846071934001 196
1757666416468 11.786798142599242 197
1757666416568 12.95938242605429 198
1757666416667 12.72262134753027 199
1757666416755 9.337667453728173 200
1757666416852 12.936140387325977 201
1757666416952 13.631203662335277 202
1757666417055 10.968242843683106 203
1757666417155 14.622986275694275 204
1757666417257 13.058146271893774 205
1757666417365 12.008631353323349 206
1757666417466 10.278877207275478 207
1757666417568 12.47728179617541 208
1757666417667 11.285813785767273 209
1757666417771 10.438773050750093 210
1757666417870 10.116807509223124 211
1757666417971 10.661207812584633 212
1757666418071 9.96005198498095 213
1757666418174 10.22664484097086 214
1757666418273 12.019388313494927 215
1757666418379 10.981999755824857 216
1757666418475 11.552048888672264 217
1757666418578 10.113303519612577 218
1757666418681 10.935082751824455 219
1757666418772 9.44520334986309 220
1757666418868 10.858171540193446 221
1757666418964 6.950806449799711 222
1757666419055 10.87038117137046 223
1757666419150 12.685140915573767 224
1757666419248 12.994003810370138 225
1757666419347 9.459372799336998 226
1757666419449 11.46296954291562 227
1757666419551 10.658962712416885 228
1757666419650 8.124092954393307 229
1757666419755 8.314981961083843 230
1757666419855 8.398343927830332 231
1757666419955 10.080468900133484 232
1757666420056 8.015135055034188 233
1757666420155 9.906471095177656 234
1757666420255 8.163006417653396 235
1757666420357 8.923811665925063 236
1757666420460 7.932565049458136 237
1757666420562 6.752284402995597 238
1757666420661 6.928324170521781 239
1757666420757 9.119892595327341 240
1757666420852 8.554676309873381 241
1757666420951 8.043844229071096 242
1757666421053 8.237999892017013 243
1757666421153 7.714269329468881 244
1757666421254 8.960362395692353 245
1757666421355 7.022874000470185 246
1757666421455 6.004777817895879 247
1757666421556 7.208848577320818 248
1757666421655 7.02377361338465 249
1757666421754 7.488156851390539 250
1757666421857 7.860920912451466 251
1757666421962 6.632147665618048 252
1757666422065 6.018305550907241 253
1757666422164 7.53668415916513 254
1757666422264 7.16761563623691 255
1757666422366 8.635024350326082 256
1757666422468 8.531159240153626 257
1757666422572 7.462412876566562 258
1757666422670 7.677918885845249 259
1757666422765 6.0590358358217955 260
1757666422860 5.297053077823166 261
1757666422961 8.249580008031458 262
1757666423065 7.759115386860351 263
1757666423165 5.763669940750817 264
1757666423266 5.961128671485995 265
1757666423371 10.149498183216267 266
1757666423472 9.46829504109663 267
1757666423574 6.579587073314555 268
1757666423673 4.587193349593523 269
1757666423774 6.251695760777276 270
1757666423874 5.179208811106893 271
1757666423976 4.862961371426285 272
1757666424081 4.356507847580787 273
1757666424169 5.540034611670926 274
1757666424252 6.563349280363441 275
1757666424352 6.272386049731881 276
1757666424453 6.588076810939858 277
1757666424553 5.892034685589671 278
1757666424654 6.765399370214276 279
1757666424770 5.613916557727931 280
1757666424866 5.990940210626576 281
1757666424968 4.673705107436314 282
1757666425071 5.505260852383828 283
1757666425173 5.812364752979593 284
1757666425277 5.343876008050904 285
1757666425378 4.860490856333789 286
1757666425501 5.7278397665972465 287
1757666425604 4.562122217456069 288
1757666425706 5.3060481161350745 289
1757666425811 4.600927780276601 290
1757666425913 5.289643323357931 291
1757666426013 4.613798117361203 292
1757666426122 3.9252292288688246 293
1757666426222 4.3796737314449175 294
1757666426326 6.0220794617514635 295
1757666426428 3.1372308768078137 296
1757666426530 5.068799862686582 297
1757666426633 4.303532960149034 298
1757666426731 4.89098220137383 299
1757666426827 6.562966179557979 300
1757666426924 4.861521835120476 301
1757666427026 4.903530694305712 302
1757666427130 8.586376133198991 303
1757666427234 4.888849016758762 304
1757666427345 3.7942300920602205 305
1757666427450 4.033034937238291 306
1757666427552 5.205818769310796 307
1757666427655 3.555129626500715 308
1757666427752 8.191719331886468 309
1757666427857 3.4935123122294085 310
1757666427969 3.8938840633266856 311
1757666428080 4.135557265746173 312
1757666428186 4.855339714901302 313
1757666428288 3.9999311340665895 314
1757666428392 5.821099492039662 315
1757666428494 4.9737889146101 316
1757666428599 4.370940744961244 317
1757666428703 4.572489353555563 318
1757666428807 4.290001729339623 319
1757666428899 4.6116204524610565 320
1757666428998 4.34028451869216 321
1757666429097 5.161633203787496 322
1757666429199 2.1932356426593778 323
1757666429302 3.8215292454158716 324
1757666429406 4.684808827934677 325
1757666429514 3.628531449126403 326
1757666429615 4.687324820643944 327
1757666429717 4.98325126993661 328
1757666429820 5.038120311174362 329
1757666429923 3.712648431804597 330
1757666430028 3.463608968222455 331
1757666430132 4.692275665268362 332
1757666430233 4.783344194835196 333
1757666430338 3.3032013881384223 334
1757666430442 4.75547131234097 335
1757666430548 4.824887496218565 336
1757666430658 3.6429801609538535 337
1757666430769 3.1823382717657855 338
1757666430869 3.388056923630312 339
1757666430964 3.9934216149141415 340
1757666431071 2.9279076163522237 341
1757666431173 3.610534934850508 342
1757666431277 4.0550772722126505 343
1757666431380 3.728514822590896 344
1757666431489 4.841705946840657 345
1757666431605 2.532811605883851 346
1757666431714 4.801964131432487 347
1757666431819 3.8351716323604714 348
1757666431932 4.545784471870116 349
1757666432038 5.3033009896877745 350
1757666432144 4.942152548669415 351
1757666432249 2.8242624420493296 352
1757666432353 5.56152074500252 353
1757666432457 6.239434100524763 354
1757666432563 3.1492449718957682 355
1757666432671 2.3629883370103695 356
1757666432775 3.179871324538968 357
1757666432878 2.0734898304323797 358
1757666432975 3.2671780733717384 359
1757666433076 2.4347980668365747 360
1757666433181 3.771583059487174 361
1757666433285 3.5492324735736602 362
1757666433389 3.3085122983014075 363
1757666433495 4.695068349413722 364
1757666433599 4.146943364857714 365
1757666433700 4.423677458863162 366
1757666433806 2.6883303232038336 367
1757666433907 7.086820241623014 368
1757666434011 2.0400588093478427 369
1757666434119 3.2032536842495967 370
1757666434223 2.295134587152609 371
1757666434328 3.645730647058252 372
1757666434430 4.61235758539274 373
1757666434536 3.9952321327980798 374
1757666434639 2.9050812025365746 375
1757666434753 4.941287206647919 376
1757666434859 4.30584064288356 377
1757666434954 2.338541819415517 378
1757666435054 3.144219120139859 379
1757666435159 3.455559152134418 380
1757666435265 3.0493272825125954 381
1757666435373 3.8389070061408326 382
1757666435480 3.00515604084247 383
1757666435585 2.099171199283257 384
1757666435695 2.8605636713765588 385
1757666435807 3.626988493773238 386
1757666435938 2.326820340940327 387
1757666436043 2.5157812704491933 388
1757666436150 2.192034007966449 389
1757666436254 4.218554118020513 390
1757666436363 1.8896329896415145 391
1757666436468 2.3277001541409383 392
1757666436574 5.536888567255985 393
1757666436682 4.561805581005707 394
1757666436789 3.8409043220571863 395
1757666436895 1.935260911035249 396
1757666436994 2.645777607168304 397
1757666437092 2.0940986952304583 398
1757666437191 3.35945015145329 399
1757666437300 3.7658901655606165 400
1757666437409 1.8810794920202492 401
1757666437517 2.825114388279915 402
1757666437625 4.358155499445638 403
1757666437733 3.2306721143131902 404
1757666437859 2.6029757128535485 405
1757666437969 3.3062896069452337 406
1757666438078 3.9748901688091225 407
1757666438184 3.0169796327358416 408
1757666438290 2.9748219127360525 409
1757666438397 3.040550338560894 410
1757666438504 4.1016742512246305 411
1757666438612 2.936110797103838 412
1757666438718 3.6272336734020585 413
1757666438828 1.6080992187184275 414
1757666438933 4.701472258033954 415
1757666439031 2.0812045184337724 416
1757666439133 5.638590701390144 417
1757666439236 3.0173848368098617 418
1757666439348 1.785366915582486 419
1757666439455 3.8189624831512923 420
1757666439562 2.3296987667827467 421
1757666439671 4.1483049971552814 422
1757666439775 3.4669112309741967 423
1757666439883 3.120042562560637 424
1757666439988 2.6006344109953474 425
1757666440094 5.147040189339521 426
1757666440203 3.14386467698577 427
1757666440308 2.829349443383423 428
1757666440415 2.789886250654315 429
1757666440521 2.3043682509542314 430
1757666440627 3.2980444461737743 431
1757666440736 2.855375736254372 432
1757666440840 2.9912458868030196 433
1757666440950 4.154382921466917 434
1757666441050 4.038136232967145 435
1757666441163 5.486626488183989 436
1757666441270 2.327150046758864 437
1757666441377 1.5889840752348234 438
1757666441505 3.2108526466448 439
1757666441612 3.4585115075297663 440
1757666441721 3.505447943830742 441
1757666441824 3.4867757146538376 442
1757666441933 1.454122221257207 443
1757666442041 2.775077871041257 444
1757666442150 1.7636049174727428 445
1757666442256 3.0824906858746393 446
1757666442366 1.265856791284361 447
1757666442471 4.29281683750529 448
1757666442580 1.7408341465091863 449
1757666442685 2.190751247345166 450
1757666442794 2.920388599969162 451
1757666442901 2.497847960431245 452
1757666443004 2.0233274483259036 453
1757666443105 3.0260897987129707 454
1757666443209 2.8657506582375847 455
1757666443316 2.666107231774184 456
1757666443421 2.821015754493288 457
1757666443528 3.667317209255561 458
1757666443634 1.3023954534293145 459
1757666443738 2.052358792694948 460
1757666443846 4.057286995201684 461
1757666443952 1.9101630212254384 462
1757666444062 2.1388134373045946 463
1757666444172 3.8302934005726863 464
1757666444278 3.175685923569939 465
1757666444386 2.221252596448209 466
1757666444494 2.2451492599786054 467
1757666444600 5.913518292332604 468
1757666444715 1.484096617061005 469
1757666444829 1.1807252904945282 470
1757666444936 2.9671070896609684 471
1757666445038 1.872990938301139 472
1757666445138 2.2604183322967764 473
1757666445244 2.499414195974641 474
1757666445351 1.9438623644001334 475
1757666445465 1.7447684753821646 476
1757666445571 2.4367408242893567 477
1757666445677 2.842035853081574 478
1757666445787 2.216148856438134 479
1757666445893 1.6290909427211897 480
1757666446002 3.311009456882909 481
1757666446108 2.1898335075592823 482
1757666446219 3.619940902142556 483
1757666446357 2.7444271530750224 484
1757666446469 1.8984206576795624 485
1757666446579 3.0037947376447596 486
1757666446689 1.5879486386229864 487
1757666446793 2.3154849212680144 488
1757666446904 1.9973994989579438 489
1757666447011 1.6352236201364951 490
1757666447114 1.5706873448620062 491
1757666447217 2.2657985664791855 492
1757666447321 2.332757066927273 493
1757666447430 2.747888218033623 494
1757666447540 2.235883289372514 495
1757666447650 1.3064299257138554 496
1757666447758 2.303973065142888 497
1757666447868 2.2074342623022325 498
1757666447974 1.9548031765615321 499
