1757677449872 168.8626692863435 0
1757677449989 168.20345081889175 1
1757677450087 167.76186264264757 2
1757677450191 167.32115788868992 3
1757677450291 166.88162106293365 4
1757677450391 166.443248690117 5
1757677450492 166.00603768545804 6
1757677450589 165.56998497184216 7
1757677450685 165.1350874803083 8
1757677450791 164.70134215002696 9
1757677450901 164.2687459282784 10
1757677451010 163.83729577043127 11
1757677451116 163.4069886399212 12
1757677451216 162.97782150822934 13
1757677451320 162.54979135486113 14
1757677451429 162.12289516732503 15
1757677451538 161.6971299411112 16
1757677451637 161.2724926796705 17
1757677451742 160.84898039439335 18
1757677451850 160.4265901045887 19
1757677451961 160.0053188374629 20
1757677452073 159.58516362809905 21
1757677452182 159.1661215194359 22
1757677452282 158.74818956224718 23
1757677452385 158.33136481512076 24
1757677452487 157.915644344438 25
1757677452580 157.50102522435293 26
1757677452688 157.08750453677197 27
1757677452785 156.6750793713331 28
1757677452883 156.26374682538562 29
1757677452982 155.85350400396942 30
1757677453086 155.4443480197949 31
1757677453188 155.03627599322243 32
1757677453286 154.6292850522422 33
1757677453385 154.22337233245406 34
1757677453483 153.81853497704705 35
1757677453585 153.4147701367798 36
1757677453684 153.0120749699599 37
1757677453783 152.61044664242448 38
1757677453883 152.2098823275197 39
1757677453980 151.81037920608122 40
1757677454078 151.4119344664143 41
1757677454177 151.0145453042739 42
1757677454280 150.61820892284504 43
1757677454375 150.22292253272312 44
1757677454472 149.82868335189414 45
1757677454569 149.43548860571528 46
1757677454664 149.04333552689533 47
1757677454770 148.65222135547515 48
1757677454870 148.26214333880836 49
1757677454965 147.8730987315418 50
1757677455059 147.48508479559635 51
1757677455157 147.09809880014762 52
1757677455249 146.71213802160665 53
1757677455342 146.32719974360086 54
1757677455440 145.9432812569549 55
1757677455543 145.5603798596714 56
1757677455644 145.1784928569123 57
1757677455741 144.79761756097955 58
1757677455834 144.41775129129636 59
1757677455929 144.03889137438838 60
1757677456028 143.66103514386467 61
1757677456124 143.28417994039913 62
1757677456219 142.9083231117117 63
1757677456316 142.53346201254973 64
1757677456411 142.15959400466932 65
1757677456509 141.78671645681672 66
1757677456599 141.41482674470996 67
1757677456698 141.04392225102015 68
1757677456799 140.67400036535324 69
1757677456895 140.30505848423164 70
1757677457012 139.93709401107571 71
1757677457122 139.57010435618565 72
1757677457224 139.20408693672343 73
1757677457321 138.83903917669403 74
1757677457422 138.47495850692812 75
1757677457531 138.1118423650632 76
1757677457629 137.74968819552612 77
1757677457729 137.3884934495148 78
1757677457831 137.0282555849804 79
1757677457933 136.66897206660934 80
1757677458036 136.31064036580565 81
1757677458139 135.9532579606729 82
1757677458235 135.59682233599662 83
1757677458332 135.24133098322662 84
1757677458430 134.88678140045914 85
1757677458526 134.53317109241956 86
1757677458621 134.18049757044454 87
1757677458723 133.8287583524646 88
1757677458821 133.47795096298665 89
1757677458913 133.12807293307665 90
1757677459011 132.77912180034212 91
1757677459111 132.43109510891483 92
1757677459210 132.0839904094335 93
1757677459309 131.73780525902674 94
1757677459409 131.3925372212955 95
1757677459517 131.04818386629626 96
1757677459629 130.7047427705237 97
1757677459725 130.36221151689384 98
1757677459824 130.0205876947268 99
1757677459926 129.67986889973005 100
1757677460024 129.3400527339813 101
1757677460123 129.00113680591178 102
1757677460220 128.6631187302893 103
1757677460317 128.32599612820152 104
1757677460413 127.9897666270391 105
1757677460510 127.65442786047919 106
1757677460606 127.31997746846857 107
1757677460706 126.98641309720719 108
1757677460808 126.65373239913154 109
1757677460913 126.32193303289803 110
1757677461016 125.99101266336679 111
1757677461130 125.6609689615849 112
1757677461240 125.33179960477024 113
1757677461344 125.00350227629492 114
1757677461442 124.67607466566932 115
1757677461541 124.34951446852537 116
1757677461641 124.02381938660072 117
1757677461741 123.69898712772242 118
1757677461843 123.37501540579065 119
1757677461943 123.0519019407629 120
1757677462045 122.72964445863768 121
1757677462168 122.40824069143866 122
1757677462292 122.08768837719866 123
1757677462423 121.76798525994369 124
1757677462554 121.44912908967713 125
1757677462665 121.13111762236386 126
1757677462787 120.81394861991446 127
1757677462902 120.49761985016958 128
1757677463025 120.18212908688392 129
1757677463143 119.86747410971091 130
1757677463257 119.55365270418692 131
1757677463363 119.24066266171555 132
1757677463472 118.92850177955242 133
1757677463578 118.61716786078934 134
1757677463683 118.30665871433892 135
1757677463785 117.9969721549193 136
1757677463883 117.68810600303861 137
1757677463983 117.3800580849797 138
1757677464085 117.07282623278485 139
1757677464189 116.7664082842404 140
1757677464291 116.46080208286166 141
1757677464397 116.15600547787771 142
1757677464500 115.8520163242162 143
1757677464608 115.54883248248828 144
1757677464707 115.24645181897358 145
1757677464811 114.94487220560514 146
1757677464915 114.64409151995442 147
1757677465026 114.34410764521644 148
1757677465130 114.04491847019477 149
1757677465233 113.74652188928681 150
1757677465340 113.44891580246882 151
1757677465442 113.15209811528123 152
1757677465549 112.85606673881388 153
1757677465652 112.56081958969128 154
1757677465755 112.26635459005801 155
1757677465855 111.97266966756406 156
1757677465956 111.67976275535021 157
1757677466058 111.38763179203357 158
1757677466162 111.09627472169298 159
1757677466269 110.80568949385453 160
1757677466378 110.51587406347727 161
1757677466489 110.2268263909386 162
1757677466596 109.93854444202015 163
1757677466692 109.65102618789324 164
1757677466795 109.36426960510475 165
1757677466899 109.07827267556286 166
1757677467014 108.79303338652275 167
1757677467120 108.5085497305725 168
1757677467221 108.224819705619 169
1757677467334 107.94184131487376 170
1757677467451 107.65961256683896 171
1757677467560 107.37813147529334 172
1757677467663 107.09739605927827 173
1757677467765 106.81740434308384 174
1757677467867 106.53815435623483 175
1757677467970 106.25964413347695 176
1757677468079 105.98187171476302 177
1757677468181 105.70483514523909 178
1757677468282 105.42853247523068 179
1757677468383 105.15296176022918 180
1757677468484 104.87812106087804 181
1757677468584 104.60400844295916 182
1757677468684 104.33062197737924 183
1757677468782 104.0579597401563 184
1757677468880 103.78601981240604 185
1757677468983 103.51480028032833 186
1757677469085 103.24429923519385 187
1757677469191 102.97451477333053 188
1757677469297 102.70544499611019 189
1757677469399 102.43708800993522 190
1757677469504 102.16944192622523 191
1757677469621 101.9025048614037 192
1757677469726 101.63627493688475 193
1757677469832 101.37075027906 194
1757677469943 101.10592901928527 195
1757677470048 100.8418092938675 196
1757677470153 100.57838924405158 197
1757677470259 100.31566701600725 198
1757677470363 100.0536407608162 199
1757677470467 99.79230863445885 200
1757677470568 99.53166879780149 201
1757677470681 99.27171941658334 202
1757677470776 99.01245866140358 203
1757677470881 98.75388470770854 204
1757677470987 98.49599573577876 205
1757677471100 98.23878993071631 206
1757677471201 97.98226548243188 207
1757677471303 97.72642058563218 208
1757677471408 97.4712534398071 209
1757677471521 97.21676224921715 210
1757677471624 96.96294522288068 211
1757677471726 96.70980057456144 212
1757677471827 96.45732652275592 213
1757677471935 96.20552129068076 214
1757677472041 95.95438310626038 215
1757677472146 95.70391020211436 216
1757677472248 95.45410081554508 217
1757677472351 95.20495318852531 218
1757677472452 94.95646556768584 219
1757677472551 94.7086362043031 220
1757677472651 94.4614633542869 221
1757677472745 94.21494527816809 222
1757677472845 93.96908024108637 223
1757677472952 93.7238665127781 224
1757677473063 93.47930236756399 225
1757677473172 93.23538608433716 226
1757677473279 92.99211594655085 227
1757677473384 92.74949024220642 228
1757677473486 92.50750726384122 229
1757677473586 92.26616530851672 230
1757677473688 92.02546267780637 231
1757677473790 91.78539767778378 232
1757677473896 91.54596861901061 233
1757677473996 91.30717381652488 234
1757677474098 91.06901158982903 235
1757677474201 90.83148026287805 236
1757677474307 90.59457816406771 237
1757677474422 90.35830362622285 238
1757677474522 90.12265498658556 239
1757677474628 89.88763058680351 240
1757677474730 89.65322877291828 241
1757677474829 89.41944789535374 242
1757677474937 89.18628630890439 243
1757677475048 88.95374237272384 244
1757677475150 88.72181445031319 245
1757677475254 88.49050090950958 246
1757677475356 88.25980012247463 247
1757677475459 88.02971046568308 248
1757677475567 87.80023031991126 249
1757677475673 87.5713580702257 250
1757677475780 87.34309210597189 251
1757677475882 87.11543082076281 252
1757677475987 86.88837261246762 253
1757677476091 86.66191588320048 254
1757677476215 86.43605903930927 255
1757677476337 86.21080049136427 256
1757677476441 85.98613865414713 257
1757677476544 85.76207194663961 258
1757677476648 85.53859879201248 259
1757677476748 85.31571761761441 260
1757677476847 85.09342685496094 261
1757677476953 84.87172493972335 262
1757677477076 84.65061031171777 263
1757677477195 84.4300814148941 264
1757677477307 84.21013669732514 265
1757677477418 83.99077461119555 266
1757677477524 83.77199361279106 267
1757677477632 83.5537921624876 268
1757677477745 83.33616872474035 269
1757677477856 83.11912176807311 270
1757677477962 82.90264976506738 271
1757677478077 82.68675119235161 272
1757677478191 82.47142453059058 273
1757677478300 82.25666826447464 274
1757677478399 82.04248088270901 275
1757677478528 81.82886087800324 276
1757677478706 81.61580674706047 277
1757677478828 81.40331699056696 278
1757677478935 81.19139011318153 279
1757677479056 80.98002462352494 280
1757677479177 80.7692190341695 281
1757677479298 80.5589718616285 282
1757677479418 80.3492816263459 283
1757677479539 80.14014685268577 284
1757677479730 79.93156606892202 285
1757677479931 79.72353780722793 286
1757677480160 79.51606060366593 287
1757677480378 79.30913299817726 288
1757677480594 79.10275353457162 289
1757677480894 78.89692076051703 290
1757677481517 78.69163322752954 291
1757677481970 78.48688949096302 292
1757677482365 78.28268810999907 293
1757677482635 78.0790276476368 294
1757677482920 77.87590667068278 295
1757677483144 77.67332374974085 296
1757677483372 77.47127745920217 297
1757677483569 77.26976637723519 298
1757677483738 77.06878908577545 299
1757677483935 76.86834417051594 300
1757677484104 76.66843022089675 301
1757677484277 76.46904583009547 302
1757677484460 76.2701895950171 303
1757677484689 76.07186011628424 304
1757677484897 75.87405599822725 305
1757677485061 75.67677584887437 306
1757677485273 75.48001827994199 307
1757677485484 75.28378190682479 308
1757677485704 75.08806534858611 309
1757677485880 74.89286722794816 310
1757677486054 74.69818617128232 311
1757677486275 74.50402080859948 312
1757677486566 74.31036977354043 313
1757677486760 74.11723170336617 314
1757677486965 73.92460523894843 315
1757677487185 73.73248902475996 316
1757677487358 73.54088170886511 317
1757677487527 73.3497819429103 318
1757677487709 73.15918838211442 319
1757677487883 72.96909968525951 320
1757677488042 72.77951451468122 321
1757677488220 72.59043153625943 322
1757677488385 72.40184941940886 323
1757677488556 72.2137668370697 324
1757677488722 72.02618246569827 325
1757677488879 71.83909498525772 326
1757677489028 71.65250307920867 327
1757677489179 71.46640543450006 328
1757677489320 71.28080074155979 329
1757677489452 71.09568769428559 330
1757677489589 70.91106499003577 331
1757677489769 70.72693132962004 332
1757677489941 70.5432854172905 333
1757677490088 70.36012596073232 334
1757677490247 70.17745167105477 335
1757677490412 69.99526126278212 336
1757677490691 69.81355345384459 337
1757677490843 69.63232696556932 338
1757677490991 69.4515805226714 339
1757677491123 69.27131285324484 340
1757677491284 69.09152268875361 341
1757677491469 68.91220876402286 342
1757677491633 68.73336981722979 343
1757677491806 68.5550045898949 344
1757677491986 68.37711182687319 345
1757677492172 68.19969027634514 346
1757677492345 68.02273868980808 347
1757677492653 67.8462558220673 348
1757677492842 67.6702404312273 349
1757677493100 67.49469127868309 350
1757677493324 67.3196071291114 351
1757677493512 67.14498675046208 352
1757677493708 66.97082891394935 353
1757677493916 66.79713239404316 354
1757677494100 66.6238959684606 355
1757677494314 66.45111841815728 356
1757677494482 66.27879852731871 357
1757677494687 66.10693508335186 358
1757677494844 65.93552687687641 359
1757677495049 65.76457270171652 360
1757677495229 65.59407135489207 361
1757677495408 65.42402163661038 362
1757677495559 65.25442235025766 363
1757677495751 65.08527230239065 364
1757677495918 64.91657030272819 365
1757677496072 64.74831516414281 366
1757677496261 64.58050570265246 367
1757677496496 64.41314073741212 368
1757677496818 64.24621909070545 369
1757677497321 64.07973958793659 370
1757677497607 63.9137010576218 371
1757677497809 63.74810233138131 372
1757677498010 63.582942243931036 373
1757677498236 63.41821963307437 374
1757677498399 63.253933339694 375
1757677498561 63.09008220774383 376
1757677498723 62.92666508424072 377
1757677498949 62.76368081925647 378
1757677499115 62.60112826590968 379
1757677499321 62.439006280357674 380
1757677499548 62.277313721788445 381
1757677499733 62.116049452412696 382
1757677499937 61.95521233745573 383
1757677500200 61.7948012451495 384
1757677500412 61.63481504672469 385
1757677500629 61.47525261640268 386
1757677500809 61.31611283138774 387
1757677500966 61.157394571858994 388
1757677501147 60.99909672096263 389
1757677501288 60.841218164804 390
1757677501492 60.68375779243983 391
1757677501625 60.52671449587028 392
1757677501768 60.3700871700313 393
1757677501941 60.213874712786755 394
1757677502091 60.058076024920695 395
1757677502302 59.90269001012958 396
1757677502461 59.74771557501465 397
1757677502641 59.59315162907413 398
1757677502801 59.4389970846956 399
1757677502976 59.285250857148384 400
1757677503156 59.131911864575805 401
1757677503300 58.97897902798767 402
1757677503434 58.82645127125266 403
1757677503607 58.6743275210907 404
1757677503772 58.522606707065414 405
1757677503943 58.37128776157668 406
1757677504123 58.220369619853 407
1757677504266 58.06985121994409 408
1757677504462 57.919731502713375 409
1757677504620 57.770009411830486 410
1757677504838 57.620683893763875 411
1757677505097 57.47175389777343 412
1757677505270 57.32321837590302 413
1757677505498 57.175076282973144 414
1757677505746 57.02732657657355 415
1757677505997 56.87996821705595 416
1757677506243 56.73300016752668 417
1757677506489 56.586421393839345 418
1757677506912 56.4402308645876 419
1757677507214 56.294427551097876 420
1757677507453 56.1490104274222 421
1757677507661 56.0039784703308 422
1757677507877 55.85933065930513 423
1757677508095 55.715065976530504 424
1757677508291 55.57118340688902 425
1757677508492 55.42768193795239 426
1757677508658 55.28456055997483 427
1757677508828 55.141818265885924 428
1757677509005 54.999454051283564 429
1757677509189 54.85746691442688 430
1757677509333 54.715855856229155 431
1757677509503 54.57461988025086 432
1757677509650 54.4337579926925 433
1757677509842 54.29326920238784 434
1757677509986 54.1531525207967 435
1757677510158 54.013406961998164 436
1757677510302 53.87403154268355 437
1757677510472 53.7350252821495 438
1757677510594 53.596387202291126 439
1757677510773 53.45811632759507 440
1757677510925 53.32021168513267 441
1757677511102 53.18267230455308 442
1757677511256 53.045497218076484 443
1757677511413 52.90868546048723 444
1757677511563 52.77223606912711 445
1757677511720 52.63614808388851 446
1757677511869 52.500420547207675 447
1757677512024 52.36505250405798 448
1757677512177 52.23004300194325 449
1757677512326 52.09539109089094 450
1757677512473 51.96109582344556 451
1757677512619 51.827156254661936 452
1757677512756 51.69357144209864 453
1757677512882 51.56034044581122 454
1757677513016 51.42746232834574 455
1757677513160 51.29493615473207 456
1757677513295 51.16276099247735 457
1757677513417 51.03093591155942 458
1757677513540 50.89945998442027 459
1757677513657 50.768332285959545 460
1757677513779 50.63755189352793 461
1757677513897 50.5071178869208 462
1757677514019 50.377029348371636 463
1757677514172 50.247285362545604 464
1757677514310 50.11788501653311 465
1757677514441 49.98882739984337 466
1757677514569 49.860111604398 467
1757677514695 49.73173672452465 468
1757677514811 49.60370185695058 469
1757677514924 49.47600610079633 470
1757677515038 49.3486485575694 471
1757677515204 49.22162833115786 472
1757677515345 49.09494452782413 473
1757677515480 48.96859625619864 474
1757677515633 48.84258262727352 475
1757677515779 48.71690275439643 476
1757677515941 48.59155575326424 477
1757677516093 48.466540741916845 478
1757677516272 48.34185684073097 479
1757677516427 48.21750317241393 480
1757677516589 48.093478861997504 481
1757677516763 47.96978303683173 482
1757677516992 47.84641482657881 483
1757677517260 47.723373363206946 484
1757677517465 47.60065778098426 485
1757677517654 47.47826721647266 486
1757677517847 47.35620080852183 487
1757677518033 47.23445769826307 488
1757677518234 47.11303702910339 489
1757677518424 46.9919379467193 490
1757677518634 46.87115959905096 491
1757677518843 46.750701136296094 492
1757677519017 46.630561710904026 493
1757677519211 46.51074047756975 494
1757677519366 46.3912365932279 495
1757677519529 46.27204921704691 496
1757677519686 46.153177510423035 497
1757677519862 46.03462063697446 498
1757677520021 45.9163777625354 499
