1757517845469 11668.33370469026 0
1757517845544 283650135225.2954 1
1757517845620 7.012337105383281e+18 2
1757517845695 1.7335747787234674e+26 3
1757517845773 4.285705989688462e+33 4
1757517845848 1.0595029447519172e+41 5
1757517845922 2.6192802134324185e+48 6
1757517845998 6.475327766158283e+55 7
1757517846075 1.600816493941813e+63 8
1757517846150 3.957503835819754e+70 9
1757517846227 9.78365519708172e+77 10
1757517846294 2.4186940300351613e+85 11
1757517846365 5.979442951620704e+92 12
1757517846437 1.4782249250090822e+100 13
1757517846507 3.6544356164913895e+107 14
1757517846582 9.034416514793054e+114 15
1757517846651 2.2334688671059238e+122 16
1757517846714 5.5215333189071e+129 17
1757517846784 1.3650214982090102e+137 18
1757517846855 3.374576558638929e+144 19
1757517846928 8.342555018405806e+151 20
1757517847000 2.062428367700105e+159 21
1757517847075 5.098690703878625e+166 22
1757517847149 1.2604872635071478e+174 23
1757517847224 3.116149289571734e+181 24
1757517847297 7.70367672568184e+188 25
1757517847370 1.9044862610535602e+196 26
1757517847444 4.7082296514989986e+203 27
1757517847514 1.163958328530614e+211 28
1757517847586 2.8775125489566013e+218 29
1757517847654 7.113724148402709e+225 30
1757517847723 1.7586394637242402e+233 31
1757517847794 4.347670360626411e+240 32
1757517847865 1.0748216422165587e+248 33
1757517847936 2.657150765244904e+255 34
1757517848011 6.568950523438525e+262 35
1757517848081 1.6239617090529e+270 36
1757517848155 4.014722934904284e+277 37
1757517848229 9.925111013514344e+284 38
1757517848305 2.453664430343362e+292 39
1757517848383 6.065896017217878e+299 40
1757517848461 inf 41
