1757661387660 14.211372043452277 0
1757661387837 4.103157825728929 1
1757661387959 2.425232378382689 2
1757661388079 4.185168478391793 3
1757661388200 0.10669176768510247 4
1757661388321 0.13584781983881172 5
1757661388436 1.0408285682080622 6
1757661388551 4.476448706429821 7
1757661388668 0.8143177223784934 8
1757661388795 5.0406751454753875 9
1757661388911 1.0496261951172985 10
1757661389033 0.8361874602524871 11
1757661389165 0.18649344160409392 12
1757661389293 0.054731008483666986 13
1757661389418 0.004435390981840355 14
1757661389556 0.9945071183220093 15
1757661389686 0.0005874935038612914 16
1757661389810 3.9215159223722806 17
1757661389934 0.7106253796660724 18
1757661390059 0.07932113567317235 19
1757661390180 1.4854812746667405 20
1757661390306 0.33389992900225385 21
1757661390423 0.8145925691247244 22
1757661390541 0.5502997702620097 23
1757661390660 1.749459011650954 24
1757661390778 0.066701509432199 25
1757661390899 0.04628543251952082 26
1757661391016 1.0045831205576363 27
1757661391134 1.1954577408325031 28
1757661391261 0.11159686079307798 29
1757661391391 0.9518559732869387 30
1757661391513 3.9012618465872952 31
1757661391631 0.0250437769039679 32
1757661391750 0.028659205366063766 33
1757661391864 0.45722112963320244 34
1757661391997 0.021238006113964807 35
1757661392111 1.631263505082969 36
1757661392223 0.6404667363851179 37
1757661392336 1.7072252392142697 38
1757661392450 0.48756201371185065 39
1757661392565 3.838945504399166 40
1757661392680 0.2961271600587729 41
1757661392795 0.03506288745590353 42
1757661392909 0.9977730742544022 43
1757661393032 0.8592721652363022 44
1757661393149 0.21080177005157028 45
1757661393269 0.17373163462446245 46
1757661393387 0.8984912125068542 47
1757661393502 0.5913757704452368 48
1757661393631 0.005251203556757614 49
1757661393746 0.6157010094700431 50
1757661393861 0.045097127795892686 51
1757661393975 0.06631382089986834 52
1757661394091 0.38310281570437693 53
1757661394207 0.09291824943522976 54
1757661394327 0.0004441087423775122 55
1757661394441 0.07295877206539736 56
1757661394575 1.576775990798053 57
1757661394695 0.014027105553247732 58
1757661394809 1.015269286081611 59
1757661394931 0.06949450649523606 60
1757661395046 0.9666499253706649 61
1757661395160 0.004788282679734055 62
1757661395277 1.1013374207362236 63
1757661395406 1.5570954595218314 64
1757661395522 0.0017904000363553006 65
1757661395639 0.33073957868691944 66
1757661395754 1.0208110739361775 67
1757661395868 0.06993749422316103 68
1757661395983 0.37819489761107217 69
1757661396098 0.11741429013963046 70
1757661396213 0.5275290629187036 71
1757661396328 0.15176717845124046 72
1757661396445 0.4535722091088515 73
1757661396560 0.4660860130851715 74
1757661396673 0.0009048111540612113 75
1757661396787 0.15371953936152344 76
1757661396899 1.893832550345735 77
1757661397013 1.0202191618921217 78
1757661397143 2.0008976899104627 79
1757661397256 0.003967243464382516 80
1757661397370 1.087053294958105 81
1757661397484 1.1902322582793619 82
1757661397599 7.814187468287377 83
1757661397714 0.20469707723573566 84
1757661397828 0.10765459401453968 85
1757661397944 0.10801642259051364 86
1757661398059 0.5965158636609253 87
1757661398174 0.015914586663113878 88
1757661398288 0.08749570482845666 89
1757661398405 0.014151485289995724 90
1757661398520 1.9839203914615302 91
1757661398634 0.004862982235151718 92
1757661398749 1.2421664784528146 93
1757661398864 0.7158213118613516 94
1757661398978 1.1721245148767128 95
1757661399092 1.9667708198051674 96
1757661399208 1.768658799648477 97
1757661399326 0.09814263605270487 98
1757661399445 0.45856347306157597 99
1757661399562 1.4116230868768305 100
1757661399677 0.6363735873079112 101
1757661399794 0.3930705874638932 102
1757661399908 0.8481200034069397 103
1757661400024 1.9873305327397448 104
1757661400144 0.06968160390564752 105
1757661400260 1.14983765869333 106
1757661400377 0.08722040020272424 107
1757661400494 4.548558453287703 108
1757661400612 0.0067853575155185945 109
1757661400729 0.2005532800654748 110
1757661400845 1.8867523706294644 111
1757661400960 3.9000599939075276 112
1757661401075 0.031220558358837174 113
1757661401189 0.4281920573608513 114
