1757512369686 168.84389540493538 0
1757512369761 156.42337261385217 1
1757512369836 151.13093391225885 2
1757512369902 145.89502472731263 3
1757512369977 140.91636695836885 4
1757512370063 136.1753625683687 5
1757512370138 131.65991330687118 6
1757512370212 127.35838211246462 7
1757512370281 123.25977047955638 8
1757512370350 119.35367642320996 9
1757512370420 115.63026126932921 10
1757512370527 112.08021813941433 11
1757512370598 108.69474223595076 12
1757512370666 105.46550281867127 13
1757512370738 102.38461677471483 14
1757512370811 99.44462369110987 15
1757512370880 96.63846234330323 16
1757512370951 93.9594485184374 17
1757512371030 91.40125409677242 18
1757512371422 88.95788731906981 19
1757512371497 86.62367417192128 20
1757512371573 84.39324082693008 21
1757512371650 82.26149707334947 22
1757512371735 80.2236206872665 23
1757512371825 78.27504268370087 24
1757512371914 76.41143340108054 25
1757512372011 74.62868937046898 26
1757512372109 72.92292092466306 27
1757512372206 71.2904405048667 28
1757512372295 69.72775162508142 29
1757512372378 68.23153845665043 30
1757512372464 66.79865599755514 31
1757512372541 65.42612079310106 32
1757512372612 64.11110217654974 33
1757512372686 62.850914000061756 34
1757512372756 61.64300682802098 35
1757512372828 60.4849605664152 36
1757512372897 59.374477503462366 37
1757512372968 58.30937573809603 38
1757512373041 57.28758297426838 39
1757512373113 56.307130660293794 40
1757512373182 55.36614845364919 41
1757512373250 54.46285899277123 42
1757512373319 53.595572958449104 43
1757512373382 52.76268440840975 44
1757512373456 51.96266636963276 45
1757512373526 51.19406667381782 46
1757512373597 50.45550402226293 47
1757512373664 49.74566426719836 48
1757512373735 49.063296897362605 49
1757512373806 48.40721171630545 50
1757512373878 47.77627570256161 51
1757512373947 47.16941004145926 52
1757512374016 46.58558731891176 53
1757512374098 46.02382886809327 54
1757512374171 45.48320226041682 55
1757512374239 44.962818932724325 56
1757512374311 44.46183194305821 57
1757512374382 43.9794338478198 58
1757512374454 43.51485469352935 59
1757512374522 43.06736011678838 60
1757512374594 42.63624954640949 61
1757512374661 42.22085450202178 62
1757512374732 41.82053698378332 63
1757512374803 41.43468794813707 64
1757512374875 41.062725864833986 65
1757512374944 40.704095350717836 66
1757512375017 40.358265876021576 67
1757512375086 40.0247305391659 68
1757512375153 39.70300490627739 69
1757512375220 39.39262591185759 70
1757512375292 39.093150817235916 71
1757512375362 38.80415622362957 72
1757512375433 38.5252371368126 73
1757512375504 38.256006080565435 74
1757512375574 37.99609225623534 75
1757512375648 37.74514074588862 76
1757512375718 37.50281175667684 77
1757512375788 37.26877990417296 78
1757512375862 37.042733532559254 79
1757512375939 36.82437406966741 80
1757512376010 36.61341541498344 81
1757512376083 36.40958335883541 82
1757512376156 36.212615031081576 83
1757512376231 36.022258377710585 84
1757512376307 35.83827166385388 85
1757512376377 35.66042300179368 86
1757512376449 35.488489902629446 87
1757512376520 35.32225885033904 88
1757512376594 35.16152489704184 89
1757512376665 35.00609127833647 90
1757512376740 34.855769047648764 91
1757512376813 34.71037672858384 92
1757512376889 34.569739984332124 93
1757512376968 34.43369130323148 94
1757512377046 34.30206969963678 95
1757512377206 34.17472042929504 96
1757512377281 34.05149471846838 97
1757512377360 33.932249506088255 98
1757512377434 33.81684719826389 99
1757512377507 33.705155434504704 100
1757512377590 33.597046865051375 101
1757512377665 33.49239893874316 102
1757512377739 33.39109370088031 103
1757512377811 33.29301760056955 104
1757512377885 33.198061307068436 105
1757512377959 33.10611953467062 106
1757512378032 33.01709087569836 107
1757512378105 32.93087764119286 108
1757512378178 32.8473857089136 109
1757512378254 32.766524378280124 110
1757512378325 32.68820623190835 111
1757512378398 32.612347003412474 112
1757512378471 32.53886545116073 113
1757512378544 32.46768323769054 114
1757512378617 32.398724814503005 115
1757512378692 32.33191731197287 116
1757512378767 32.267190434122746 117
1757512378839 32.20447635802453 118
1757512378915 32.143709637602974 119
1757512378989 32.084827111628066 120
1757512379067 32.027767815694304 121
1757512379142 31.97247289799522 122
1757512379219 31.918885538711642 123
1757512379284 31.866950872841375 124
1757512379355 31.816615916307065 125
1757512379427 31.76782949518728 126
1757512379508 31.720542177924035 127
1757512379583 31.674706210367052 128
1757512379659 31.63027545352258 129
1757512379732 31.58720532388121 130
1757512379807 31.54545273620538 131
1757512379882 31.504976048663416 132
1757512379952 31.465735010202593 133
1757512380028 31.42769071005899 134
1757512380102 31.390805529307478 135
1757512380176 31.355043094359132 136
1757512380254 31.32036823231907 137
1757512380327 31.286746928120948 138
1757512380401 31.25414628335939 139
1757512380474 31.222534476744684 140
1757512380545 31.191880726108526 141
1757512380618 31.162155251892482 142
1757512380689 31.13332924205452 143
1757512380777 31.105374818331768 144
1757512380939 31.078265003801175 145
1757512381007 31.051973691681805 146
1757512381072 31.026475615325825 147
1757512381138 31.00174631934745 148
1757512381221 30.977762131841544 149
1757512381289 30.954500137646036 150
1757512381355 30.931938152604083 151
1757512381540 30.91005469878448 152
1757512381622 30.88882898062019 153
1757512381708 30.868240861927365 154
1757512381791 30.84827084376833 155
1757512381866 30.828900043124047 156
1757512381933 30.810110172343226 157
1757512382008 30.791883519336338 158
1757512382080 30.774202928484808 159
1757512382154 30.757051782236278 160
1757512382227 30.74041398335897 161
1757512382299 30.72427393782864 162
1757512382378 30.708616538323206 163
1757512382459 30.693427148301215 164
1757512382535 30.6786915866412 165
1757512382605 30.664396112820118 166
1757512382685 30.650527412609843 167
1757512382793 30.637072584271966 168
1757512382871 30.624019125231506 169
1757512382941 30.611354919211394 170
1757512383008 30.59906822381016 171
1757512383076 30.587147658505984 172
1757512383142 30.575582193071092 173
1757512383216 30.564361136381194 174
1757512383292 30.553474125604964 175
1757512383368 30.542911115759697 176
1757512383444 30.532662369619462 177
1757512383520 30.52271844796282 178
1757512383593 30.513070200147528 179
1757512383669 30.503708755000435 180
1757512383746 30.49462551201114 181
1757512383821 30.48581213281816 182
1757512383897 30.47726053297741 183
1757512383972 30.468962874002514 184
1757512384046 30.46091155566753 185
1757512384121 30.453099208562584 186
1757512384206 30.445518686893404 187
1757512384288 30.438163061516306 188
1757512384366 30.431025613200127 189
1757512384442 30.424099826107447 190
1757512384517 30.41737938148706 191
1757512384594 30.410858151570704 192
1757512384669 30.404530193666783 193
1757512384740 30.3983897444443 194
1757512384813 30.39243121440043 195
1757512384885 30.38664918250558 196
1757512384958 30.3810383910197 197
1757512385026 30.37559374047407 198
1757512385096 30.37031028481303 199
1757512385168 30.365183226690075 200
1757512385245 30.36020791291329 201
1757512385320 30.355379830034977 202
1757512385394 30.350694600080743 203
1757512385473 30.346147976413267 204
1757512385546 30.341735839726354 205
1757512385625 30.33745419416498 206
1757512385689 30.333299163566995 207
1757512385762 30.329266987822667 208
1757512385829 30.32535401934813 209
1757512385894 30.321556719668788 210
1757512385957 30.317871656109432 211
1757512386038 30.314295498587327 212
1757512386106 30.310825016504975 213
1757512386183 30.307457075739364 214
1757512386259 30.30418863572451 215
1757512386336 30.301016746624367 216
1757512386414 30.29793854659301 217
1757512386688 30.294951259119568 218
1757512386785 30.292052190454843 219
1757512386852 30.289238727117354 220
1757512386917 30.286508333475915 221
1757512387002 30.283858549406588 222
1757512387075 30.281286988021538 223
1757512387158 30.2787913334674 224
1757512387238 30.276369338791152 225
1757512387310 30.27401882387124 226
1757512387378 30.271737673411863 227
1757512387458 30.269523834998544 228
1757512387530 30.267375317212935 229
1757512387606 30.265290187805064 230
1757512387683 30.263266571921264 231
1757512387761 30.261302650385907 232
1757512387838 30.259396658035325 233
1757512387913 30.25754688210245 234
1757512387988 30.25575166065026 235
1757512388074 30.254009381052807 236
1757512388152 30.252318478522195 237
1757512388228 30.250677434680217 238
1757512388304 30.24908477617295 239
1757512388385 30.247539073327548 240
1757512388459 30.246038938849242 241
1757512388538 30.24458302655786 242
1757512388613 30.243170030162435 243
1757512388688 30.241798682072606 244
1757512388763 30.24046775224591 245
1757512388838 30.239176047069762 246
1757512388915 30.237922408277015 247
1757512388990 30.236705711894118 248
1757512389069 30.235524867220903 249
1757512389144 30.234378815840937 250
1757512389222 30.233266530661705 251
1757512389299 30.232187014983406 252
1757512389371 30.23113930159576 253
1757512389446 30.230122451901885 254
1757512389523 30.22913555506836 255
1757512389592 30.228177727200766 256
1757512389671 30.227248110543893 257
1757512389748 30.226345872705803 258
1757512389824 30.225470205905175 259
1757512389900 30.22462032624114 260
1757512389976 30.223795472984815 261
1757512390052 30.2229949078921 262
1757512390133 30.222217914536955 263
1757512390213 30.221463797664526 264
1757512390290 30.220731882563626 265
1757512390364 30.2200215144579 266
1757512390438 30.219332057915093 267
1757512390512 30.218662896274004 268
1757512390594 30.218013431088405 269
1757512390672 30.217383081587617 270
1757512390748 30.21677128415306 271
1757512390822 30.21617749181045 272
1757512390901 30.215601173737006 273
1757512390979 30.21504181478345 274
1757512391061 30.21449891501009 275
1757512391138 30.21397198923674 276
1757512391213 30.213460566606035 277
1757512391293 30.212964190159717 278
1757512391367 30.21248241642747 279
1757512391443 30.212014815027974 280
1757512391525 30.211560968281848 281
1757512391604 30.211120470836015 282
1757512391685 30.21069292929927 283
1757512391768 30.21027796188861 284
1757512391841 30.209875198086145 285
1757512391916 30.209484278306046 286
1757512391995 30.20910485357149 287
1757512392074 30.20873658520111 288
1757512392148 30.20837914450479 289
1757512392226 30.20803221248843 290
1757512392307 30.207695479567498 291
1757512392382 30.20736864528901 292
1757512392460 30.207051418061866 293
1757512392538 30.20674351489499 294
1757512392612 30.206444661143383 295
