1757603528331 7.161644605893957 0
1757603528438 2.569901587048667 1
1757603528543 3.8075155407630707 2
1757603528648 0.11939588840272544 3
1757603528752 0.0759368013540861 4
1757603528856 1.8502606825363335 5
1757603528959 0.42058026430615697 6
1757603529063 0.13399610094927356 7
1757603529166 0.321209619351994 8
1757603529273 2.842917825078881 9
1757603529376 5.1117446848003 10
1757603529480 3.101455449035108 11
1757603529584 0.4982380557325322 12
1757603529688 0.13427102276321257 13
1757603529863 0.19910061164650505 14
1757603529986 0.012721572343602503 15
1757603530094 4.58524951247906 16
1757603530204 0.6180133858892114 17
1757603530313 2.194755724944025 18
1757603530422 0.7440802099477031 19
1757603530531 0.1104565482957348 20
1757603530639 0.04699854934593051 21
1757603530751 3.5442083394621 22
1757603530862 0.24434307426853707 23
1757603530972 0.9353518696610064 24
1757603531091 2.720037307428643 25
1757603531202 0.007967932904275983 26
1757603531313 0.69343085780765 27
1757603531423 3.403482215363732 28
1757603531533 2.8375340830353117 29
1757603531643 6.163333692116897 30
1757603531750 0.04769877144614479 31
1757603531860 5.8791482581120995 32
1757603531971 0.08840148785014844 33
1757603532077 1.2995582943257 34
1757603532183 4.034397998470649 35
1757603532290 2.1923690916419596 36
1757603532396 0.45310337766968106 37
1757603532501 4.701431119908773 38
1757603532607 1.612228786908018 39
1757603532711 9.075370151535276 40
1757603532816 3.799711886410853 41
1757603532923 1.9152702920444566 42
1757603533028 1.32772941473174 43
1757603533133 2.4811290410932028 44
1757603533238 0.00807723500885406 45
1757603533344 0.17546524468696026 46
1757603533448 0.7529041098171156 47
1757603533549 3.482265184123984 48
1757603533651 0.660909566023989 49
1757603533752 2.1714231581639916 50
1757603533854 0.36774444670048884 51
1757603533957 1.7849523101130043 52
1757603534061 0.5862950809770691 53
1757603534165 0.9857826090321136 54
1757603534266 1.1541000214673147 55
1757603534366 0.7533971149138642 56
1757603534468 0.4408048457723821 57
1757603534570 0.019156252034988545 58
1757603534671 0.00029090637801180085 59
1757603534772 0.2080577845073761 60
1757603534873 1.3589381639542302 61
1757603534986 2.660195265510063 62
1757603535088 2.61703605615072 63
1757603535190 1.7985976579630654 64
1757603535291 0.311370512191061 65
1757603535393 3.193259763198903 66
1757603535494 0.2759822959831234 67
1757603535596 0.3220394509474982 68
1757603535699 3.7143750450668316 69
1757603535801 0.4245447212070469 70
1757603535904 0.851268642852552 71
1757603536012 1.8426646873911514 72
1757603536114 0.7653383226759588 73
1757603536216 1.8070154706591977 74
1757603536320 0.08006501972168968 75
1757603536426 3.334426244388955 76
1757603536528 0.2871829166894051 77
1757603536630 0.9767702742259049 78
1757603536734 1.9713917529098186 79
1757603536835 8.670914179092922 80
1757603536937 3.6957232215978904 81
1757603537040 10.56564321157658 82
1757603537141 0.4911504435478344 83
1757603537245 3.3519334103173826 84
1757603537349 3.0522396970736683 85
1757603537452 0.010540502606457496 86
1757603537554 1.8565194902698643 87
1757603537656 1.3813706478803822 88
1757603537758 0.46830122864109464 89
1757603537860 0.850113105452615 90
1757603537963 0.0016338915768323275 91
1757603538067 2.261515384697983 92
1757603538170 0.6058010138159708 93
1757603538274 1.2554617704327677 94
1757603538376 0.020381583943515535 95
1757603538480 3.700085541985685 96
1757603538582 4.607450051393175 97
1757603538685 7.464052432970328 98
1757603538788 0.3203982805315662 99
1757603538892 0.034957350836811736 100
1757603538995 2.1725918129730695 101
1757603539098 0.6875406985210212 102
1757603539201 6.612073130490335 103
1757603539305 4.008070420759012 104
1757603539409 0.1649633857197454 105
1757603539511 0.004199986440959337 106
1757603539615 4.368514259172504 107
1757603539719 0.5466442772746976 108
1757603539827 4.704120284057705 109
1757603539933 0.11093702489532568 110
1757603540040 8.612602922169408 111
1757603540145 1.2753010603171124 112
1757603540250 1.478550589655863 113
1757603540355 1.819334243056568 114
1757603540460 0.03293021580538344 115
1757603540566 0.0017728771148322637 116
1757603540672 1.5598933989479098 117
1757603540777 0.015547597794161348 118
1757603540882 0.44927427705672046 119
1757603540988 8.06786169238517 120
1757603541094 0.7822087153576494 121
1757603541201 12.313009817908526 122
1757603541309 0.0019044355835057757 123
1757603541414 2.1370406969630027 124
1757603541520 2.7672642150375975 125
1757603541626 2.967164030855545 126
1757603541734 3.716441438321336 127
1757603541838 2.0451130011230756 128
1757603541945 0.21093941087822937 129
1757603542054 0.3053633118621108 130
1757603542162 0.3715348173744949 131
1757603542291 2.2620626826052885 132
1757603542401 3.085619548091003 133
1757603542509 3.499952060163845 134
1757603542617 0.6431051631824125 135
1757603542725 0.5334629479433602 136
1757603542832 0.5644397210518707 137
1757603542940 0.27027958508399463 138
1757603543047 1.6486009228315681 139
1757603543156 2.022253533191036 140
1757603543266 0.6733891548743394 141
1757603543378 1.7021314758803017 142
1757603543487 3.7988660035766646 143
1757603543597 3.3775763056933505 144
1757603543708 1.4648229606490748 145
1757603543818 0.6258539621384934 146
1757603543929 1.5236922930663732 147
1757603544042 0.9491999015045486 148
1757603544154 0.9964341683889872 149
1757603544266 1.307087742783287 150
1757603544379 2.195573576246552 151
1757603544488 8.123081681598071 152
1757603544598 5.447303441501193 153
1757603544706 1.1219107484804123 154
1757603544816 2.513856926439031 155
1757603544926 0.7639333611953512 156
1757603545041 2.4181976627870765 157
1757603545154 0.056579476155037424 158
1757603545266 5.995117417245793 159
1757603545374 2.473629525609328 160
1757603545484 3.096318079147651 161
1757603545593 0.5030261090825423 162
1757603545701 1.146331527492711 163
1757603545808 2.082836535224835 164
1757603545919 5.371360524854725 165
1757603546029 0.003505685651605027 166
1757603546143 1.9894665474508961 167
1757603546254 1.884367339780957 168
1757603546375 0.5988572916417199 169
1757603546494 1.126937343049895 170
1757603546622 0.0008805870155530025 171
1757603546736 1.829808729245845 172
1757603546850 0.06974384087182195 173
1757603546963 3.944447590008701 174
1757603547075 2.6747450074455266 175
1757603547187 0.01228701961677309 176
1757603547300 0.011172160592060922 177
1757603547412 5.8346424347657395 178
1757603547530 0.6978048449434616 179
1757603547640 0.25904149733503545 180
1757603547748 0.014306903112329843 181
1757603547856 0.33244016865968906 182
1757603547966 5.266689292144084 183
1757603548079 0.8458159536150475 184
1757603548191 0.3207610568395285 185
1757603548300 3.026976316061568 186
1757603548411 1.2404405565077208 187
1757603548520 0.10244893305359212 188
1757603548629 0.2869992985831334 189
1757603548738 3.8550160415230383 190
1757603548848 0.07033936372466647 191
1757603548957 1.1786060170873331 192
1757603549065 1.5394576082468903 193
1757603549174 2.32357312591496 194
1757603549284 1.1095699306888531 195
1757603549393 2.805873283774841 196
1757603549500 2.2223546275945463 197
1757603549609 2.464160512931798 198
1757603549717 0.5817301973321986 199
1757603549826 2.3277850415912984 200
1757603549935 4.400097851945995 201
1757603550045 1.7856626018939263 202
1757603550157 3.1905717704506453 203
1757603550266 0.005651380506171207 204
1757603550376 0.7958586271440115 205
1757603550484 1.7797892507964652 206
1757603550594 3.6752325494656515 207
1757603550703 0.9908509949648318 208
1757603550828 1.0582497626229967 209
1757603550943 0.25387707767572965 210
1757603551055 2.4148864585240073 211
1757603551164 0.15226043631944283 212
1757603551273 5.148904018551857 213
1757603551382 2.0628149140011662 214
1757603551491 1.8278890737264615 215
1757603551600 0.028525161005070413 216
1757603551709 4.503553347659283 217
1757603551818 12.537147014512406 218
1757603551926 3.900190609152331 219
1757603552036 3.910975997173781 220
1757603552154 1.6540371010122932 221
1757603552270 0.024629333786325515 222
1757603552381 1.392687850126781 223
1757603552493 2.110350720177125 224
1757603552602 0.007266538119616926 225
1757603552711 0.14633503536469813 226
1757603552821 3.2283309345781865 227
1757603552930 0.7314302021102388 228
1757603553040 0.0010412165530701695 229
1757603553149 0.0002977267833384459 230
1757603553258 0.4337877260841492 231
1757603553367 2.489205149141494 232
1757603553477 0.030930399686261267 233
1757603553586 3.582534624904542 234
1757603553696 3.1895224680280254 235
1757603553805 1.5096442442643527 236
1757603553915 0.6049153616939962 237
1757603554024 0.4757522743173102 238
1757603554136 0.800061323427825 239
1757603554246 0.0567124057441222 240
1757603554354 4.15249393344369 241
1757603554463 0.03867576713000252 242
1757603554572 1.3909248296534935 243
1757603554679 0.002298689088207042 244
1757603554788 0.07710892554850253 245
1757603554895 1.0128979514936987 246
1757603555012 0.5885353248800862 247
1757603555122 2.947786967635249 248
1757603555231 0.004372434627289967 249
1757603555341 3.2416761593690757 250
1757603555448 2.2026950266325587 251
1757603555556 0.26482786475626985 252
1757603555666 7.251850727237738 253
1757603555775 3.6467042043990996 254
1757603555885 2.4367623908156877 255
1757603555996 1.7694617908947599 256
1757603556108 0.001409244578840641 257
1757603556220 4.312058339010018 258
1757603556333 3.2048299488059815 259
1757603556444 4.207141304182405 260
1757603556554 0.37081133562682117 261
1757603556665 0.13865107295027537 262
1757603556777 3.8470717060511026 263
1757603556887 1.681914483858694 264
1757603556998 0.027124031386479057 265
1757603557109 1.399144099488347 266
1757603557220 1.3201593611973161 267
1757603557332 4.200249481334137 268
1757603557447 1.3532539128479275 269
1757603557560 0.18735734243387792 270
1757603557671 1.3673210283078452 271
1757603557783 0.22033560746573977 272
1757603557894 0.6614739106733856 273
1757603558006 3.2565224768326697 274
1757603558119 1.5004081454813896 275
1757603558230 1.7972006980683395 276
1757603558342 0.6663870920226308 277
1757603558454 2.5917958053423096 278
1757603558566 1.9519298863333499 279
1757603558681 7.2074835232928045 280
1757603558795 2.8873782210303713 281
1757603558911 2.718460400969716e-07 282
1757603559023 1.4004196039244703 283
1757603559139 0.28070368566910686 284
1757603559256 0.433401633131366 285
1757603559370 0.5629027689398528 286
1757603559483 0.0003171308485630515 287
1757603559598 1.0140504474443903 288
1757603559713 3.1496615363144254 289
1757603559828 1.2821661676883482 290
1757603559944 0.46881086555038004 291
1757603560058 0.011907661650197982 292
1757603560176 1.1751156236458222 293
1757603560294 0.6530629118520711 294
1757603560410 0.47123064368144946 295
1757603560526 6.738599160495384 296
1757603560642 9.568593362553392 297
1757603560758 0.2404701636644216 298
1757603560875 1.6534092254712465 299
1757603560991 5.562987009059537 300
1757603561108 1.443130517118798 301
1757603561222 0.7301394335120688 302
1757603561336 3.14964626994303 303
1757603561448 2.887448750268797 304
1757603561562 0.9140745642838527 305
1757603561674 1.8899442386818537 306
1757603561785 4.921748493634741 307
1757603561896 3.6388896353105844 308
1757603562008 2.9478717019012577 309
1757603562120 1.5300678605882463 310
1757603562238 3.53307077918235 311
1757603562354 1.4678482166416524 312
1757603562468 2.258811565689689 313
1757603562579 1.5353389852946868 314
1757603562693 0.10645687811977907 315
1757603562805 1.4671481791630083 316
1757603562917 0.12993551463780492 317
1757603563030 0.9633959936167433 318
1757603563143 0.812902626003792 319
1757603563255 3.425220297030234 320
1757603563366 2.8137140814891 321
1757603563477 0.22306694967671975 322
1757603563589 0.3687693692541745 323
1757603563700 0.01835990503884361 324
1757603563850 6.916056086279734 325
1757603563966 2.0962033299778864 326
1757603564078 1.5227819857492892 327
1757603564194 0.8820166325140322 328
1757603564309 1.332364360059404 329
1757603564421 0.04904976006563679 330
1757603564534 0.42506171194651887 331
1757603564647 1.5428235829628518 332
1757603564759 1.7604743533286347 333
1757603564872 0.20716112603365233 334
1757603564995 5.308935568773146 335
1757603565110 12.011689645031328 336
1757603565224 0.4000061305958644 337
1757603565338 2.0634209445105083 338
1757603565452 2.523903493626395 339
1757603565565 0.0024738674094080516 340
1757603565679 8.50873782922902 341
1757603565792 1.4222105912810845 342
1757603565905 1.4062694456341798 343
1757603566021 0.1915374404342293 344
1757603566135 2.4891148303398594 345
1757603566251 2.1252249021610097 346
1757603566365 0.016891323018317167 347
1757603566479 0.2525096485239791 348
1757603566592 0.6470354225273415 349
1757603566704 0.8060292167569272 350
1757603566819 1.614327914914289 351
1757603566934 0.5922630659122826 352
1757603567048 1.6133603764050588 353
1757603567163 0.6159226584097159 354
1757603567280 12.749919172199043 355
1757603567396 0.06762729030211821 356
1757603567513 0.404522074357339 357
1757603567628 11.325471101853465 358
1757603567743 0.2604736162114735 359
1757603567856 0.26656585043192815 360
1757603567969 0.7834449840863567 361
1757603568083 0.749348154139502 362
1757603568198 2.5166961730425808 363
1757603568312 0.7709714435747119 364
1757603568427 1.38592153563132 365
1757603568540 0.15072535130798154 366
1757603568653 2.3744073696671513 367
1757603568766 0.004595745785236808 368
1757603568879 1.554267747521901 369
1757603568994 0.09979149430787125 370
1757603569106 1.2466818292440411 371
1757603569222 0.32068621278767145 372
1757603569337 1.5769994160813678 373
1757603569452 0.9535764396767873 374
1757603569567 0.48130897458370664 375
1757603569679 0.004643438187022306 376
1757603569792 4.29917394702927 377
1757603569906 3.1001169769017096 378
1757603570020 5.748738782465448 379
1757603570133 2.1525866837194902 380
1757603570247 2.740560352369494 381
1757603570363 0.9461540120270022 382
1757603570476 5.1229309892755195 383
1757603570590 2.282648834765058 384
1757603570703 0.12534179522498448 385
1757603570818 5.727841654189378 386
1757603570979 3.1065655702540895 387
1757603571111 0.07388582835345511 388
1757603571230 8.098538758006354 389
1757603571348 1.4324060141825634 390
1757603571468 0.8489908809424556 391
1757603571587 2.304867724807451 392
1757603571706 2.0777158929123027 393
1757603571827 2.7869620696072563 394
1757603571949 5.343627684550909 395
1757603572070 2.8858305773834902 396
1757603572197 2.0247259792447507 397
1757603572328 0.12298600361970627 398
1757603572450 0.228681266968198 399
1757603572570 0.15019533905963955 400
1757603572691 1.2240842023235332 401
1757603572811 0.639536166135432 402
1757603572932 1.4248080354697732 403
1757603573051 5.57108185527827 404
1757603573170 3.079507899018023 405
1757603573291 0.1007849890370145 406
1757603573410 0.014390551046031978 407
1757603573531 0.5704477436879031 408
1757603573650 0.6506971193413662 409
1757603573769 1.8469378659215994 410
1757603573889 0.0014018102014457436 411
1757603574008 3.5256053443032065 412
1757603574128 0.30430928055798545 413
1757603574249 1.0814913200251628 414
1757603574391 1.6658457196413763 415
1757603574510 0.1396493426843375 416
1757603574629 0.7080256496935029 417
1757603574743 0.21340147712348662 418
1757603574859 0.01338301760842766 419
1757603574982 0.02955920252868399 420
1757603575100 1.8703287951663743 421
1757603575216 1.3941263337323169 422
1757603575331 6.825610565101422 423
1757603575446 0.7910269260600722 424
1757603575561 1.1267485921366185 425
1757603575677 1.365321952514621 426
1757603575791 0.1402305198247644 427
1757603575906 0.0042139527742193535 428
1757603576024 0.22338099735471614 429
1757603576138 0.010472425123110538 430
1757603576256 1.2185465280130008 431
1757603576371 0.44126527737873633 432
1757603576489 0.39447382182863655 433
1757603576605 10.716606142494841 434
1757603576722 0.29139018036119074 435
1757603576838 1.8835060035457436 436
1757603576956 0.4623663353754639 437
1757603577073 4.7985688363615555 438
1757603577190 2.5544998510120775 439
1757603577306 0.0063142623240782705 440
1757603577424 2.3085757912900635 441
1757603577545 0.08107668109176486 442
1757603577660 0.225929017342227 443
1757603577776 2.243296083504853 444
1757603577892 0.3838860914324923 445
1757603578006 3.740419887753146 446
1757603578123 3.752030030215046 447
1757603578239 2.5103743281736475 448
1757603578358 2.652143147003182 449
1757603578473 2.016650629820914 450
1757603578590 0.215991627983536 451
1757603578706 0.02603078941309648 452
1757603578821 0.04955219198688489 453
1757603578937 0.5779291144199532 454
1757603579052 0.27970592281766465 455
1757603579168 0.13698578178130494 456
1757603579283 3.465165339807588 457
1757603579399 4.152186404216266 458
1757603579515 2.5824669236948377 459
1757603579631 0.6995115829268331 460
1757603579747 7.559822677561193 461
1757603579864 3.037899248734921 462
1757603579979 1.5017535683512202 463
1757603580096 0.0011300706177424127 464
1757603580213 2.4615364245136155 465
1757603580331 0.009156416299959582 466
1757603580446 1.0373514976210183 467
1757603580563 1.9568418155167426 468
1757603580680 0.48491265309254805 469
1757603580822 1.1369870156074273 470
1757603580940 4.635121400451443 471
1757603581058 12.156816301638328 472
1757603581176 0.3148402666753206 473
1757603581293 14.035834823917654 474
1757603581408 0.06595064018586089 475
1757603581525 0.15058979914592044 476
1757603581642 2.6151277014208776 477
1757603581758 1.365791529433953 478
1757603581873 3.3238769308586362 479
1757603581990 3.539987580575557 480
1757603582106 4.338835948435618 481
1757603582223 8.701269519489655 482
1757603582343 1.8863849312003493 483
1757603582460 0.9983108793281381 484
1757603582576 2.4475051296214567 485
1757603582693 0.7033086210433296 486
1757603582809 0.7771631020549811 487
1757603582925 3.9865033494162745 488
1757603583040 6.2743948285970195 489
1757603583156 6.960075746980393 490
1757603583274 5.540473915454469 491
1757603583391 2.8575192895865245 492
1757603583506 0.47298835544966505 493
1757603583623 1.1236585736437816 494
1757603583740 5.497296726231262 495
1757603583857 0.1060889211956277 496
1757603583973 1.230080992456673 497
1757603584090 3.399665998392428 498
1757603584207 0.6853148562486057 499
