1757666756842 169.17582318790855 0
1757666756932 168.51146845384454 1
1757666757025 168.0737994106078 2
1757666757114 167.63472169329197 3
1757666757207 167.1968229906343 4
1757666757295 166.76009096923744 5
1757666757395 166.324519919693 6
1757666757493 165.89011592321822 7
1757666757588 165.45686829808162 8
1757666757676 165.02477325166885 9
1757666757771 164.59383497190433 10
1757666757862 164.16404471226335 11
1757666757951 163.73539682777908 12
1757666758046 163.30789738205382 13
1757666758140 162.88153579899316 14
1757666758234 162.45630834095257 15
1757666758331 162.03221919180217 16
1757666758410 161.60925969634752 17
1757666758489 161.18742427782934 18
1757666758579 160.76671898197012 19
1757666758665 160.34713333706068 20
1757666758746 159.92866365958446 21
1757666758834 159.51131412899244 22
1757666758928 159.0950761802873 23
1757666759022 158.67994430397172 24
1757666759119 158.2659245276385 25
1757666759208 157.85300648272843 26
1757666759303 157.44118653902396 27
1757666759398 157.03046887120175 28
1757666759495 156.62084500334387 29
1757666759588 156.2123094922834 30
1757666759682 155.8048683472419 31
1757666759778 155.3985113015909 32
1757666759866 154.99323477759637 33
1757666759957 154.58904294481425 34
1757666760054 154.1859274153037 35
1757666760147 153.7838828113104 36
1757666760236 153.38291512345126 37
1757666760333 152.98301418582562 38
1757666760423 152.5841764723799 39
1757666760514 152.1864061472122 40
1757666760607 151.7896949092714 41
1757666760700 151.3940374453115 42
1757666760785 150.99943972711944 43
1757666760867 150.60589168833525 44
1757666760956 150.2133898537954 45
1757666761044 149.82193838181163 46
1757666761137 149.43152591856364 47
1757666761230 149.04215820545664 48
1757666761319 148.6538270536266 49
1757666761404 148.2665272344582 50
1757666761495 147.88026469429394 51
1757666761588 147.49502949767572 52
1757666761685 147.11081823608498 53
1757666761776 146.72763505962234 54
1757666761868 146.34547186583418 55
1757666761960 145.96432348855245 56
1757666762052 145.58419585479402 57
1757666762147 145.20507912593183 58
1757666762245 144.8269699425409 59
1757666762336 144.4498724482025 60
1757666762430 144.07377862383453 61
1757666762520 143.69868336485828 62
1757666762613 143.32459257876536 63
1757666762708 142.95149652262364 64
1757666762797 142.57939188535187 65
1757666762883 142.20828280371174 66
1757666762977 141.83816134096799 67
1757666763070 141.46902274498456 68
1757666763164 141.10087188203417 69
1757666763256 140.7337007090565 70
1757666763349 140.36750421245398 71
1757666763439 140.0022882700716 72
1757666763532 139.63804328042184 73
1757666763622 139.27476600355874 74
1757666763717 138.91246056546942 75
1757666763813 138.55111612196845 76
1757666763904 138.19073832630772 77
1757666763999 137.83131938818104 78
1757666764090 137.47285437295304 79
1757666764182 137.11534913177155 80
1757666764275 136.7587941868008 81
1757666764371 136.40318635996303 82
1757666764465 136.04852976713732 83
1757666764558 135.69481669946208 84
1757666764651 135.34204228070593 85
1757666764745 134.9902123417919 86
1757666764845 134.6393174963606 87
1757666764933 134.2893546119106 88
1757666765029 133.94032779642404 89
1757666765123 133.59222941958615 90
1757666765219 133.24505466277108 91
1757666765321 132.89880933651148 92
1757666765417 132.55348414485817 93
1757666765510 132.2090760001913 94
1757666765602 131.8655890023334 95
1757666765698 131.52301264253995 96
1757666765797 131.18135251067457 97
1757666765891 130.84060107778654 98
1757666765981 130.50075360083449 99
1757666766078 130.16181586291677 100
1757666766173 129.82377868699757 101
1757666766270 129.48663904423674 102
1757666766364 129.1504013028557 103
1757666766458 128.8150570327261 104
1757666766551 128.4806030856945 105
1757666766646 128.14704354614116 106
1757666766739 127.8143710011355 107
1757666766831 127.48258079101959 108
1757666766916 127.15167866771027 109
1757666767008 126.82165558575257 110
1757666767103 126.49250858101205 111
1757666767197 126.16424172883036 112
1757666767289 125.83684479577039 113
1757666767398 125.51032331637042 114
1757666767494 125.18466997558345 115
1757666767592 124.85988018644463 116
1757666767688 124.5359596728857 117
1757666767782 124.21289950449682 118
1757666767878 123.89069677342275 119
1757666767970 123.56935554282191 120
1757666768065 123.24886857321081 121
1757666768160 122.92923133127263 122
1757666768259 122.61044951979477 123
1757666768352 122.29251429348668 124
1757666768446 121.97542278595421 125
1757666768540 121.65917905095358 126
1757666768631 121.34377307523812 127
1757666768722 121.02921034689544 128
1757666768819 120.71548372155839 129
1757666768906 120.40258873631129 130
1757666768997 120.09053106555182 131
1757666769092 119.77930197595471 132
1757666769184 119.46889865542784 133
1757666769277 119.1593251448512 134
1757666769371 118.85057437332057 135
1757666769463 118.54264192987861 136
1757666769558 118.2355334674913 137
1757666769651 117.92924033567748 138
1757666769748 117.62375976235022 139
1757666769843 117.31909604604846 140
1757666769937 117.01523845103065 141
1757666770031 116.71219389066844 142
1757666770123 116.40995378118647 143
1757666770216 116.10851538337288 144
1757666770313 115.80788271979418 145
1757666770406 115.50804884868505 146
1757666770505 115.20900945252215 147
1757666770603 114.91077014468848 148
1757666770696 114.61332242411493 149
1757666770791 114.31666359048555 150
1757666770880 114.02079765609311 151
1757666770968 113.72571498677728 152
1757666771061 113.43142098593319 153
1757666771157 113.13790880218383 154
1757666771253 112.84517418450503 155
1757666771347 112.55322271727087 156
1757666771441 112.26204600610467 157
1757666771537 111.97164140163773 158
1757666771632 111.68201290216493 159
1757666771727 111.39315372618077 160
1757666771824 111.105059671743 161
1757666771918 110.81773630135613 162
1757666772014 110.53117257444613 163
1757666772109 110.24537542233558 164
1757666772202 109.96033655399415 165
1757666772298 109.67605336997461 166
1757666772394 109.392529854245 167
1757666772490 109.10975931486597 168
1757666772587 108.82773761430927 169
1757666772685 108.54647028577794 170
1757666772780 108.26594911770594 171
1757666772874 107.98617154742149 172
1757666772962 107.70714154793978 173
1757666773052 107.42884980435821 174
1757666773147 107.15130164396226 175
1757666773243 106.87449046125553 176
1757666773338 106.59841243800868 177
1757666773435 106.32307218135261 178
1757666773532 106.04846299105247 179
1757666773627 105.77458081642018 180
1757666773723 105.50143115012621 181
1757666773819 105.22900592083957 182
1757666773915 104.95730263187309 183
1757666774014 104.68632523571988 184
1757666774107 104.41606457227283 185
1757666774201 104.14652593029264 186
1757666774298 103.87770282320612 187
1757666774395 103.60959126186785 188
1757666774493 103.34219670930801 189
1757666774588 103.07551119434923 190
1757666774686 102.80953226714657 191
1757666774788 102.54426386492483 192
1757666774891 102.27969693818896 193
1757666774984 102.01583674750813 194
1757666775075 101.75267689116752 195
1757666775172 101.49021344061458 196
1757666775268 101.2284518291153 197
1757666775368 100.96738418412912 198
1757666775466 100.70700810171054 199
1757666775560 100.44732750354153 200
1757666775658 100.18833605230506 201
1757666775753 99.93002986417787 202
1757666775851 99.67241435002846 203
1757666775952 99.41547911648686 204
1757666776051 99.15923087669829 205
1757666776149 98.90366185363982 206
1757666776245 98.64876968834429 207
1757666776341 98.39455828668846 208
1757666776438 98.1410213938561 209
1757666776533 97.88815518473237 210
1757666776630 97.6359650402307 211
1757666776725 97.38444068781233 212
1757666776823 97.13358879811472 213
1757666776917 96.88340168981217 214
1757666777004 96.63387704800942 215
1757666777098 96.38501876252785 216
1757666777198 96.13682065974692 217
1757666777291 95.88927921614118 218
1757666777403 95.64239892837101 219
1757666777501 95.39617098540671 220
1757666777597 95.15060055189872 221
1757666777697 94.90568150272658 222
1757666777793 94.66141010595193 223
1757666777890 94.41779169361358 224
1757666777988 94.17481871520921 225
1757666778084 93.93248891499846 226
1757666778181 93.69080616033929 227
1757666778278 93.44976186690404 228
1757666778377 93.20936117049514 229
1757666778475 92.96959802513304 230
1757666778588 92.73046875487891 231
1757666778686 92.49197866158842 232
1757666778783 92.25412028705709 233
1757666778952 92.01689141754329 234
1757666779090 91.78029590380137 235
1757666779237 91.54432775995424 236
1757666779386 91.30898335140564 237
1757666779537 91.07426795732825 238
1757666779690 90.84017170049746 239
1757666779842 90.60670110844804 240
1757666779973 90.37384881233375 241
1757666780106 90.14161263957136 242
1757666780240 89.90999642409933 243
1757666780375 89.67899178447223 244
1757666780502 89.44860379884064 245
1757666780623 89.2188265757908 246
1757666780751 88.98965654841386 247
1757666780871 88.76109895799995 248
1757666780994 88.53314652681178 249
1757666781108 88.30579712259508 250
1757666781227 88.07905456227097 251
1757666781345 87.85291056362917 252
1757666781463 87.62737017588458 253
1757666781591 87.4024275830921 254
1757666781711 87.17807927141101 255
1757666781832 86.95433045176709 256
1757666781956 86.73117393463862 257
1757666782087 86.50860762729437 258
1757666782211 86.28663556191623 259
1757666782334 86.06524874001984 260
1757666782456 85.84445346114646 261
1757666782578 85.6242425888683 262
1757666782699 85.404614054755 263
1757666782822 85.1855716476711 264
1757666782943 84.96710965502366 265
1757666783058 84.74922463440727 266
1757666783171 84.53192175492931 267
1757666783288 84.31519154339195 268
1757666783412 84.09904037451216 269
1757666783529 83.88346119782467 270
1757666783650 83.66845198314472 271
1757666783766 83.45401650183878 272
1757666783887 83.24014911399465 273
1757666784019 83.02684642807222 274
1757666784148 82.81411358272635 275
1757666784266 82.60194121262225 276
1757666784396 82.39033565052664 277
1757666784516 82.17928993079931 278
1757666784646 81.9688020607358 279
1757666784749 81.75887579403911 280
1757666784863 81.54950319633708 281
1757666784962 81.34068921150225 282
1757666785060 81.13242828740975 283
1757666785154 80.92471709484298 284
1757666785255 80.71756073435877 285
1757666785354 80.51095232535043 286
1757666785467 80.30488991184265 287
1757666785575 80.09937722971885 288
1757666785676 79.89440643738162 289
1757666785776 79.689982449555 290
1757666785876 79.48609978428881 291
1757666785974 79.282755161236 292
1757666786079 79.07995365045905 293
1757666786181 78.8776861238381 294
1757666786280 78.67595882013376 295
1757666786378 78.4747649599926 296
1757666786478 78.27410263232512 297
1757666786578 78.07397555053443 298
1757666786676 77.87437830319821 299
1757666786779 77.67530765797747 300
1757666786878 77.47676865443398 301
1757666786978 77.2787522674962 302
1757666787079 77.08126469432857 303
1757666787171 76.8842994569888 304
1757666787269 76.6878539069837 305
1757666787374 76.4919329535819 306
1757666787483 76.2965299297975 307
1757666787586 76.10164297262237 308
1757666787690 75.9072757704865 309
1757666787791 75.7134207190359 310
1757666787896 75.5200826563868 311
1757666787993 75.32725627966369 312
1757666788097 75.13493843275444 313
1757666788194 74.94313410566235 314
1757666788293 74.75183443772384 315
1757666788393 74.56104555877218 316
1757666788495 74.37076089904838 317
1757666788596 74.18097863811758 318
1757666788693 73.99170244150211 319
1757666788790 73.80292481470264 320
1757666788893 73.61465055933654 321
1757666788994 73.42687445526172 322
1757666789094 73.23959340352897 323
1757666789189 73.05281235603915 324
1757666789283 72.8665248221517 325
1757666789386 72.68072901472422 326
1757666789484 72.49542858082357 327
1757666789589 72.31061611242328 328
1757666789690 72.12629638194556 329
1757666789791 71.94246423428815 330
1757666789892 71.75911661533286 331
1757666789993 71.57625844652121 332
1757666790093 71.39388108876479 333
1757666790197 71.21199057924305 334
1757666790296 71.03058052147402 335
1757666790393 70.84964916900442 336
1757666790491 70.669200145683 337
1757666790591 70.48922614984389 338
1757666790689 70.30973191743088 339
1757666790790 70.13071237323658 340
1757666790891 69.95216451808298 341
1757666790990 69.77409323537512 342
1757666791091 69.5964922051767 343
1757666791182 69.41935971285464 344
1757666791279 69.24269936357358 345
1757666791378 69.06650393939563 346
1757666791481 68.8907781471021 347
1757666791582 68.71551697429848 348
1757666791684 68.54071746489768 349
1757666791784 68.36638447191378 350
1757666791883 68.19250977995866 351
1757666791982 68.01909860257466 352
1757666792086 67.84614586078565 353
1757666792185 67.67364862518095 354
1757666792285 67.50161172980042 355
1757666792385 67.33002680877965 356
1757666792489 67.15889978196383 357
1757666792589 66.98822446607541 358
1757666792688 66.81799920445471 359
1757666792788 66.64822756699799 360
1757666792889 66.47890464266777 361
1757666792988 66.310027543805 362
1757666793087 66.14160107412697 363
1757666793182 65.97361696028196 364
1757666793283 65.80608108159976 365
1757666793382 65.63898732687501 366
1757666793481 65.4723340694863 367
1757666793581 65.30612486040755 368
1757666793682 65.14035271586519 369
1757666793781 64.97502225895563 370
1757666793879 64.81012865256889 371
1757666793979 64.64566906037734 372
1757666794078 64.48164824826425 373
1757666794177 64.31805805673712 374
1757666794279 64.15490431470677 375
1757666794380 63.99218099958676 376
1757666794483 63.82988652146688 377
1757666794583 63.66802440757122 378
1757666794681 63.50658777298552 379
1757666794781 63.34558120451935 380
1757666794893 63.184999938890456 381
1757666794995 63.02484118999196 382
1757666795095 62.86510968596053 383
1757666795191 62.70579737921821 384
1757666795287 62.54691004851521 385
1757666795390 62.388441758279875 386
1757666795491 62.230390954405934 387
1757666795592 62.07276114027188 388
1757666795697 61.915545528084834 389
1757666795803 61.75874866844198 390
1757666795905 61.60236587048855 391
1757666796006 61.44639439725565 392
1757666796111 61.29083893923078 393
1757666796213 61.13569155884304 394
1757666796312 60.98095798494811 395
1757666796413 60.82663236741751 396
1757666796514 60.67271318706499 397
1757666796616 60.51920392333994 398
1757666796715 60.36609994360837 399
1757666796815 60.21339874701275 400
1757666796916 60.061104302162256 401
1757666797017 59.909209845375905 402
1757666797136 59.757719880421305 403
1757666797233 59.60662980855465 404
1757666797335 59.45593695510902 405
1757666797443 59.305645961790134 406
1757666797544 59.15574903124359 407
1757666797647 59.00625182787253 408
1757666797751 58.857148610326945 409
1757666797851 58.708437903532364 410
1757666797952 58.5601231557251 411
1757666798052 58.41219779608104 412
1757666798152 58.264666292245245 413
1757666798252 58.1175241147927 414
1757666798352 57.97076863579963 415
1757666798454 57.824404459582276 416
1757666798554 57.67842389454319 417
1757666798655 57.532832555829685 418
1757666798757 57.38762478404026 419
1757666798862 57.242799137072204 420
1757666798962 57.09835903908497 421
1757666799061 56.954298010880045 422
1757666799160 56.810620484204236 423
1757666799254 56.66732199764653 424
1757666799351 56.52439996902503 425
1757666799452 56.38185896539397 426
1757666799555 56.23969139912281 427
1757666799659 56.09790283639145 428
1757666799759 55.95648769827799 429
1757666799862 55.815444574839916 430
1757666799963 55.67477686611372 431
1757666800065 55.53447818293091 432
1757666800169 55.394552921254494 433
1757666800273 55.254996686410124 434
1757666800376 55.11580694098015 435
1757666800475 54.97698821489237 436
1757666800575 54.838533022727106 437
1757666800676 54.700446881991255 438
1757666800778 54.56272429280316 439
1757666800879 54.42536387658966 440
1757666800982 54.2883690092288 441
1757666801081 54.15173339001762 442
1757666801182 54.01546137925791 443
1757666801279 53.87954864776174 444
1757666801379 53.74399270192072 445
1757666801477 53.608798034679786 446
1757666801578 53.473957261107124 447
1757666801679 53.33947585033696 448
1757666801782 53.20534838011731 449
1757666801881 53.0715735024738 450
1757666801980 52.93815475559002 451
1757666802084 52.80508527264653 452
1757666802186 52.67237040469295 453
1757666802304 52.54000476788271 454
1757666802405 52.40798702925804 455
1757666802508 52.27632052841442 456
1757666802614 52.14499909448036 457
1757666802718 52.01402703451303 458
1757666802823 51.88339819352393 459
1757666802923 51.753116871495976 460
1757666803028 51.62317884777266 461
1757666803127 51.493581701092346 462
1757666803231 51.36432986187981 463
1757666803325 51.235416112170114 464
1757666803426 51.106845839567924 465
1757666803528 50.97861375063433 466
1757666803631 50.85071854769983 467
1757666803737 50.72316354131399 468
1757666803842 50.59594266205317 469
1757666803945 50.46906017460677 470
1757666804048 50.342511920558294 471
1757666804153 50.2162955199867 472
1757666804254 50.09041536675794 473
1757666804358 49.96486433890366 474
1757666804458 49.83964777649208 475
1757666804563 49.71476046004523 476
1757666804668 49.59020112050854 477
1757666804768 49.46597304422563 478
1757666804881 49.342070244710314 479
1757666804989 49.218496951510026 480
1757666805093 49.09524906729213 481
1757666805197 48.97232425260094 482
1757666805299 48.84972686491313 483
1757666805395 48.727449876650965 484
1757666805498 48.60549858066466 485
1757666805601 48.483867830128204 486
1757666805705 48.362556383901634 487
1757666805805 48.241567504130856 488
1757666805912 48.12089528584058 489
1757666806018 48.000543923592765 490
1757666806133 47.88050938000661 491
1757666806246 47.76078935523681 492
1757666806369 47.641388170546534 493
1757666806474 47.52229889117287 494
1757666806580 47.403526763070545 495
1757666806690 47.28506486873536 496
1757666806813 47.16691844478316 497
1757666806926 47.04908242987945 498
1757666807055 46.93155561548232 499
