1757662837555 113.54755676756491 0
1757662837703 74.1290627755277 1
1757662837876 51.98862923407366 2
1757662838018 35.25527528323628 3
1757662838166 42.23062611471267 4
1757662838305 17.54375214287877 5
1757662838445 14.340352883143627 6
1757662838578 11.825390402173072 7
1757662838711 10.591085813206542 8
1757662838846 3.381328243061698 9
1757662838975 1.514106864192766 10
1757662839114 3.685223552187313 11
1757662839241 4.582052217791824 12
1757662839376 12.089196062404271 13
1757662839505 0.30888219416798934 14
1757662839648 0.4964277230771161 15
1757662839777 9.235113989208704 16
1757662839917 12.908157100174305 17
1757662840042 0.8455345143497827 18
1757662840180 4.654775374858706 19
1757662840305 1.0918316600971436 20
1757662840435 2.9805120547199984 21
1757662840563 0.09545047324865971 22
1757662840695 0.4043545229395443 23
1757662840821 0.428315477839747 24
1757662840950 1.0933705671120424 25
1757662841082 0.2093753765872678 26
1757662841214 0.6924431436035036 27
1757662841345 20.98880764496069 28
1757662841476 0.9355215110232649 29
1757662841608 0.09940797077054707 30
1757662841737 1.2407992979224978 31
1757662841869 0.0177759994690076 32
1757662841997 6.069570513863043 33
1757662842133 1.1545928678314912 34
1757662842262 0.058971358844840255 35
1757662842409 4.029015163998738 36
1757662842540 1.8307321244010852 37
1757662842680 1.0684433306309462 38
1757662842812 1.1902082191572996 39
1757662842950 2.533945728569075 40
1757662843080 2.2289397941651616 41
1757662843216 0.5102170120886795 42
1757662843352 2.81540124754801 43
1757662843486 0.0019548522492492887 44
1757662843633 2.3147003780850164 45
1757662843767 0.0013403544458266362 46
1757662843917 0.6735741070723336 47
1757662844049 0.6894343733223579 48
1757662844192 0.25795574119469533 49
1757662844327 0.03551839487714751 50
1757662844465 0.22273043669831116 51
1757662844601 0.002438754608685533 52
1757662844739 3.7977227174335577 53
1757662844878 2.473199279629443 54
1757662845011 1.786217707183022 55
1757662845150 0.006374980248549814 56
1757662845281 3.271690030295658 57
1757662845424 7.809374908935364 58
1757662845554 0.003656055211022659 59
1757662845702 0.9599670165655042 60
