1757667929010 174.59477477071982 0
1757667929095 165.5190694003194 1
1757667929181 156.92328320426668 2
1757667929262 148.80228822948808 3
1757667929345 141.12681798501077 4
1757667929435 133.85592540053744 5
1757667929518 126.9733806708959 6
1757667929610 120.45323674019824 7
1757667929705 114.27628481715945 8
1757667929793 108.42433765617007 9
1757667929884 102.88017513788714 10
1757667929976 97.62749275134428 11
1757667930067 92.65085282281149 12
1757667930158 87.93563834489083 13
1757667930243 83.46800926715237 14
1757667930335 79.23486111701396 15
1757667930426 75.22378582657343 16
1757667930515 71.42303464773286 17
1757667930606 67.82148304423218 18
1757667930688 64.40859745515151 19
1757667930772 61.174403830066616 20
1757667930861 58.10945784136813 21
1757667930956 55.20481668429468 22
1757667931049 52.452012380003204 23
1757667931133 49.84302650151705 24
1757667931219 47.37026624666806 25
1757667931309 45.026541786198045 26
1757667931403 42.80504481901657 27
1757667931495 40.69932827024009 28
1757667931583 38.70328707107126 29
1757667931673 36.81113996282874 30
1757667931767 35.01741227051484 31
1757667931862 33.316919594221595 32
1757667931953 31.704752369434324 33
1757667932043 30.176261249901675 34
1757667932134 28.727043269212977 35
1757667932227 27.35292873956334 36
1757667932318 26.04996884840133 37
1757667932402 24.81442391575102 38
1757667932489 23.642752276984595 39
1757667932580 22.53159975770067 40
1757667932669 21.477789709142055 41
1757667932762 20.478313574270402 42
1757667932854 19.530321956208844 43
1757667932941 18.63111616227294 44
1757667933031 17.77814019823811 45
1757667933120 16.968973188844295 46
1757667933202 16.201322201818304 47
1757667933287 15.473015453906015 48
1757667933376 14.781995878553941 49
1757667933467 14.126315035965112 50
1757667933559 13.504127347282523 51
1757667933648 12.913684635626351 52
1757667933739 12.353330957632252 53
1757667933835 11.82149771001033 54
1757667933928 11.316698996469624 55
1757667934021 10.837527241134625 56
1757667934112 10.382649035320112 57
1757667934200 9.950801205230839 58
1757667934294 9.540787088815717 59
1757667934388 9.151473010633586 60
1757667934477 8.781784944181963 61
1757667934566 8.430705351702493 62
1757667934656 8.097270192009281 63
1757667934744 7.780566087390363 64
1757667934837 7.4797276411096645 65
1757667934926 7.193934897488551 66
1757667935019 6.922410936973663 67
1757667935106 6.664419599002498 68
1757667935203 6.419263325861476 69
1757667935295 6.186281121093933 70
1757667935387 5.96484661635894 71
1757667935480 5.754366240966947 72
1757667935574 5.55427748862602 73
1757667935667 5.364047276223757 74
1757667935764 5.1831703897458485 75
1757667935860 5.011168012693309 76
1757667935947 4.847586332607544 77
1757667936041 4.6919952215465175 78
1757667936134 4.543986986576737 79
1757667936228 4.403175186555436 80
1757667936320 4.269193511675992 81
1757667936413 4.141694722437392 82
1757667936505 4.02034964487661 83
1757667936597 3.9048462190710946 84
1757667936696 3.794888598078068 85
1757667936792 3.6901962946282305 86
1757667936885 3.590503373034455 87
1757667936978 3.495557683911195 88
1757667937073 3.405120139428535 89
1757667937166 3.318964026945938 90
1757667937251 3.236874358985624 91
1757667937343 3.158647257614034 92
1757667937441 3.084089371402854 93
1757667937533 3.013017323238303 94
1757667937627 2.9452571873397 95
1757667937719 2.8806439939355015 96
1757667937814 2.8190212601276867 97
1757667937905 2.7602405455535646 98
1757667937999 2.7041610315281055 99
1757667938091 2.6506491224200355 100
1757667938184 2.599578068081264 101
1757667938277 2.5508276062120934 102
1757667938370 2.504283623604053 103
1757667938465 2.45983783525861 104
1757667938561 2.417387480433249 105
1757667938654 2.376835034716896 106
1757667938747 2.3380879372844725 107
1757667938841 2.3010583325255527 108
1757667938932 2.2656628252849473 109
1757667939024 2.2318222489935775 110
1757667939114 2.199461446006381 111
1757667939203 2.1685090595003276 112
1757667939291 2.1388973363200092 113
1757667939384 2.1105619401908853 114
1757667939480 2.083441774751025 115
1757667939574 2.057478815881456 116
1757667939667 2.032617952842804 117
1757667939760 2.0088068377521124 118
1757667939856 1.985995742958487 119
1757667939948 1.9641374258996491 120
1757667940037 1.9431870010437258 121
1757667940132 1.9231018185415736 122
1757667940227 1.903841349234893 123
1757667940321 1.8853670756841554 124
1757667940415 1.8676423888982978 125
1757667940506 1.850632490464947 126
1757667940599 1.8343042997959862 127
1757667940691 1.8186263662183737 128
1757667940788 1.8035687856544715 129
1757667940883 1.7891031216497428 130
1757667940975 1.7752023305184659 131
1757667941068 1.7618406903903348 132
1757667941150 1.7489937339522919 133
1757667941226 1.7366381846908836 134
1757667941311 1.7247518964507154 135
1757667941405 1.7133137961343816 136
1757667941501 1.7023038293785033 137
1757667941595 1.6917029090492532 138
1757667941692 1.6814928664090598 139
1757667941788 1.6716564048140488 140
1757667941879 1.6621770558091762 141
1757667941974 1.6530391374951092 142
1757667942066 1.6442277150475295 143
1757667942162 1.635728563275885 144
1757667942262 1.6275281311145624 145
1757667942355 1.619613507945151 146
1757667942452 1.6119723916537887 147
1757667942550 1.6045930583326942 148
1757667942645 1.5974643335397674 149
1757667942743 1.5905755650347042 150
1757667942838 1.583916596914385 151
1757667942932 1.5774777450743573 152
1757667943028 1.5712497739271303 153
1757667943128 1.56522387431161 154
1757667943221 1.5593916425315257 155
1757667943306 1.5537450604639236 156
1757667943397 1.5483347661809137 157
1757667943491 1.5430938944437458 158
1757667943588 1.538015534673363 159
1757667943679 1.5330355852902886 160
1757667943771 1.5282637139135815 161
1757667943868 1.5236354009325381 162
1757667943965 1.519144899725064 163
1757667944060 1.5147867199527374 164
1757667944153 1.5104992945550937 165
1757667944244 1.5063911518359834 166
1757667944339 1.5024002430570653 167
1757667944435 1.498521987395821 168
1757667944533 1.4947520045551286 169
1757667944627 1.4910308230985538 170
1757667944722 1.4874658486103933 171
1757667944833 1.4839970851078546 172
1757667944927 1.4806208652274364 173
1757667945027 1.4772791368363931 174
1757667945119 1.4740784358846737 175
1757667945227 1.4709601624771247 176
1757667945317 1.467921237361024 177
1757667945407 1.4649048368906736 178
1757667945503 1.4620166628714655 179
1757667945600 1.459199328091252 180
1757667945696 1.4564502395510126 181
1757667945790 1.4537669118715808 182
1757667945885 1.4510938318049145 183
1757667945980 1.4485357174087168 184
1757667946072 1.4460364799068188 185
1757667946168 1.4435940186451344 186
1757667946264 1.441153719246104 187
1757667946357 1.4388195613740555 188
1757667946455 1.4365363501483854 189
1757667946548 1.4343023047873409 190
1757667946641 1.4320635974714806 191
1757667946734 1.4299235146225662 192
1757667946825 1.427827645915649 193
1757667946922 1.425774477227793 194
1757667947019 1.4237108712767033 195
1757667947117 1.4217394661278555 196
1757667947212 1.4198065421725499 197
1757667947304 1.4179108081976706 198
1757667947393 1.4159997351220872 199
1757667947488 1.4141753564388162 200
1757667947587 1.412384562487218 201
1757667947685 1.410626248920918 202
1757667947792 1.408899353039975 203
1757667947892 1.4071520067171492 204
1757667947989 1.405485547949857 205
1757667948087 1.403847531704237 206
1757667948182 1.4022370458198936 207
1757667948279 1.4006026846443052 208
1757667948374 1.3990452733452596 209
1757667948470 1.39751283307117 210
1757667948567 1.3960045786944524 211
1757667948663 1.39446951608322 212
1757667948761 1.393007994716095 213
1757667948854 1.3915684513664712 214
1757667948948 1.390150208424795 215
1757667949042 1.388702639070112 216
1757667949142 1.387325651795424 217
1757667949240 1.3859680549925177 218
1757667949330 1.384629262327033 219
1757667949419 1.3832589758340383 220
1757667949516 1.3819566952669886 221
1757667949613 1.3806715622407393 222
1757667949707 1.3794030681401561 223
1757667949804 1.3781012103263643 224
1757667949901 1.376865109637336 225
1757667949999 1.3756442073361017 226
1757667950093 1.3744380611816576 227
1757667950189 1.3731969345582227 228
1757667950287 1.3720195968654145 229
1757667950383 1.3708557595922497 230
1757667950477 1.369705037349867 231
1757667950572 1.368517933880899 232
1757667950667 1.367392892378806 233
1757667950764 1.3662798687236688 234
1757667950861 1.3651785263635268 235
1757667950955 1.364039586874951 236
1757667951051 1.3629611903518477 237
1757667951148 1.361893514337397 238
1757667951242 1.3607874314987765 239
1757667951335 1.3597408672299585 240
1757667951423 1.3587041529026853 241
1757667951518 1.3576770218928649 242
1757667951614 1.3566105315481287 243
1757667951711 1.3556023399393506 244
1757667951806 1.3546029665496295 245
1757667951903 1.3536161600222731 246
1757667952001 1.3525851532904178 247
1757667952097 1.3516153457053839 248
1757667952193 1.3506494432701033 249
1757667952288 1.349695222676812 250
1757667952386 1.3486960846211593 251
1757667952483 1.3477571836403681 252
1757667952579 1.3468213959924915 253
1757667952676 1.3458965094579343 254
1757667952773 1.3449260791962947 255
1757667952868 1.344015030595646 256
1757667952966 1.3431063966910815 257
1757667953065 1.3422079740423574 258
1757667953165 1.3412674218496705 259
1757667953262 1.3403775412978851 260
1757667953360 1.3394974040252456 261
1757667953449 1.338618924840997 262
1757667953542 1.3377018166038819 263
1757667953639 1.3368347110193834 264
1757667953736 1.335976791152793 265
1757667953814 1.335119999406931 266
1757667953906 1.3342241494216522 267
1757667954001 1.3333777042452188 268
1757667954097 1.3325399501415798 269
1757667954196 1.3316549270606548 270
1757667954297 1.3308268163884203 271
1757667954392 1.3299991431347062 272
1757667954490 1.3291797219204273 273
1757667954586 1.32831270159781 274
1757667954687 1.3275020909506965 275
1757667954777 1.3266915254409024 276
1757667954874 1.325888821490316 277
1757667954971 1.325038230072004 278
1757667955071 1.324243596195981 279
1757667955178 1.3234486588606007 280
1757667955278 1.322661235384996 281
1757667955377 1.3218256728078677 282
1757667955468 1.321045660345975 283
1757667955561 1.3202689650243173 284
1757667955660 1.3194915875214832 285
1757667955762 1.3186737359376886 286
1757667955861 1.317903185292223 287
1757667955959 1.3171396251728518 288
1757667956057 1.316375114643988 289
1757667956154 1.3155699309254065 290
1757667956256 1.3148117234976835 291
1757667956356 1.314060252473985 292
1757667956457 1.3132601032376552 293
1757667956557 1.31251457104227 294
1757667956654 1.311767733589079 295
1757667956740 1.3110274057246976 296
1757667956831 1.3102382513060091 297
1757667956926 1.3095034335335847 298
1757667957023 1.308767109489448 299
1757667957121 1.30803709208089 300
1757667957225 1.3072581200615692 301
1757667957323 1.30653322951439 302
1757667957418 1.305806653243211 303
1757667957512 1.3050862018346594 304
1757667957610 1.3043166857280395 305
1757667957711 1.3036010183533844 306
1757667957815 1.3028835049504566 307
1757667957915 1.3021719534550973 308
1757667958014 1.3014151498151694 309
1757667958113 1.300704144170447 310
1757667958211 1.2999989863682204 311
1757667958310 1.2992446059085772 312
1757667958413 1.29854371040165 313
1757667958510 1.2978407253136865 314
1757667958610 1.297143453498542 315
1757667958710 1.296396888838266 316
1757667958810 1.2957036265734274 317
1757667958907 1.2950081571291931 318
1757667959008 1.294316767996418 319
1757667959106 1.2935775448775273 320
1757667959205 1.2928899440405128 321
1757667959303 1.2922015473487456 322
1757667959403 1.2915171224156285 323
1757667959494 1.2907848151238241 324
1757667959593 1.2901039744864944 325
1757667959691 1.2894222430410345 326
1757667959791 1.2887443856293879 327
1757667959887 1.288018606579429 328
1757667959987 1.2873441501654588 329
1757667960087 1.286668717820384 330
1757667960186 1.2859501157915911 331
1757667960286 1.285277954282937 332
1757667960392 1.2846095316740633 333
1757667960491 1.283940057117849 334
1757667960590 1.2832288887730132 335
1757667960689 1.2825649037749136 336
1757667960785 1.2818998121136735 337
1757667960883 1.2812383702045034 338
1757667960981 1.2805289357161005 339
1757667961082 1.2798704757735928 340
1757667961182 1.2792108462076974 341
1757667961285 1.278554800120573 342
1757667961386 1.2778507484302846 343
1757667961481 1.2771975611554987 344
1757667961572 1.276543147697163 345
1757667961673 1.2758454795554877 346
1757667961772 1.2751938355636727 347
1757667961870 1.2745456809468356 348
1757667961967 1.2738962496394666 349
1757667962070 1.2732035548335114 350
1757667962168 1.2725567907071884 351
1757667962263 1.2719134645167165 352
1757667962364 1.2712688162069121 353
1757667962465 1.2705808998741226 354
1757667962564 1.2699388262947289 355
1757667962664 1.269300143941673 356
1757667962765 1.2686600985820078 357
1757667962866 1.267976784498877 358
1757667962965 1.2673392302172182 359
1757667963065 1.266705024684781 360
1757667963167 1.266026666977065 361
1757667963269 1.2653910041508147 362
1757667963371 1.2647616599077596 363
1757667963470 1.2641278865421852 364
1757667963562 1.2634538499494827 365
1757667963659 1.2628224355110491 366
1757667963760 1.2621973014420795 367
1757667963860 1.2615677101865233 368
1757667963961 1.2608978613619428 369
1757667964061 1.2602705656181041 370
1757667964163 1.2596495151389724 371
1757667964265 1.2590239823606837 372
1757667964364 1.2583582001412181 373
1757667964462 1.2577349052138318 374
1757667964559 1.2571178232326592 375
1757667964658 1.2564497836984967 376
1757667964759 1.2558348907516694 377
1757667964857 1.2552154770226855 378
1757667964956 1.2546022467548286 379
1757667965058 1.25393808017042 380
1757667965161 1.2533269906025795 381
1757667965269 1.2527113615430157 382
1757667965371 1.2521018886643653 383
1757667965470 1.2514415024086727 384
1757667965563 1.2508341260820928 385
1757667965662 1.2502260313385158 386
1757667965769 1.2495700268616023 387
1757667965870 1.248963993245818 388
1757667965974 1.2483563758025893 389
1757667966075 1.2477518827395497 390
1757667966179 1.2470995033692496 391
1757667966280 1.2464970341746944 392
1757667966384 1.2458929653653932 393
1757667966486 1.245292001185027 394
1757667966587 1.2446431753317733 395
1757667966689 1.244044200801434 396
1757667966790 1.243443612309364 397
1757667966891 1.2428461101251194 398
1757667967008 1.2422007719722143 399
1757667967111 1.2416052279476286 400
1757667967214 1.2410080569058908 401
1757667967319 1.240369250406823 402
1757667967419 1.2397725187559565 403
1757667967520 1.2391818204023326 404
1757667967619 1.2385865055820797 405
1757667967724 1.237951068977075 406
1757667967833 1.2373576594163487 407
1757667967937 1.2367702658504218 408
1757667968038 1.23617824750194 409
1757667968150 1.2355461291870296 410
1757667968257 1.2349559913086667 411
1757667968359 1.2343718530836787 412
1757667968464 1.2337868986562932 413
1757667968570 1.2331542104507232 414
1757667968677 1.2325711121702636 415
1757667968781 1.231986345521294 416
1757667968884 1.2313585450267004 417
1757667968989 1.230775613204278 418
1757667969092 1.230195681865776 419
1757667969195 1.2296140741576722 420
1757667969301 1.2289894585761252 421
1757667969401 1.2284096659176469 422
1757667969505 1.2278328620743022 423
1757667969599 1.2272543744997382 424
1757667969695 1.2266329054627687 425
1757667969797 1.2260562144143656 426
1757667969899 1.2254825011225992 427
1757667970002 1.2248611552331845 428
1757667970105 1.2242892180538594 429
1757667970210 1.2237155810777287 430
1757667970313 1.2231449116827027 431
1757667970416 1.2225266411300735 432
1757667970517 1.221957731866906 433
1757667970618 1.2213871170790231 434
1757667970720 1.2208194601578217 435
1757667970824 1.2202042337694627 436
1757667970930 1.2196383218714 437
1757667971030 1.2190706991293503 438
1757667971131 1.2184601859161592 439
1757667971234 1.2178980867013176 440
1757667971339 1.2173313122671414 441
1757667971439 1.2167704347537198 442
1757667971543 1.2161590845016406 443
1757667971636 1.2155999216967817 444
1757667971737 1.2150360814088983 445
1757667971842 1.2144781274849692 446
1757667971947 1.2138697354053944 447
1757667972050 1.2133134835783466 448
1757667972153 1.2127525522735352 449
1757667972273 1.2121517592609048 450
1757667972379 1.211592517362919 451
1757667972483 1.211039139895861 452
1757667972587 1.210481081526496 453
1757667972687 1.2098831881774217 454
1757667972790 1.2093268081429436 455
1757667972894 1.2087762829817645 456
1757667972998 1.2082210756769192 457
1757667973103 1.2076260601827122 458
1757667973209 1.2070725205274189 459
1757667973312 1.2065248263899173 460
1757667973416 1.2059724490322863 461
1757667973519 1.205380290322277 462
1757667973623 1.2048295702798788 463
1757667973718 1.2042846865846975 464
1757667973820 1.2036932926625994 465
1757667973923 1.2031462509861124 466
1757667974026 1.2026020923142093 467
1757667974130 1.2020561899117823 468
1757667974234 1.2014690768991394 469
1757667974338 1.2009233349961028 470
1757667974440 1.200383412054961 471
1757667974543 1.1998388007977139 472
1757667974646 1.1992544806658307 473
1757667974749 1.1987114955008686 474
1757667974851 1.1981743208024722 475
1757667974958 1.197586954932642 476
1757667975056 1.1970513910076352 477
1757667975166 1.1965111326134508 478
1757667975272 1.1959766766339395 479
1757667975376 1.195392064923254 480
1757667975480 1.1948592116736318 481
1757667975584 1.1943216640126486 482
1757667975679 1.1937899107816952 483
1757667975783 1.193208037166396 484
1757667975888 1.1926778787238599 485
1757667975992 1.1921430259622594 486
1757667976096 1.1915685544728833 487
1757667976203 1.1910352869459484 488
1757667976308 1.190507795349569 489
1757667976413 1.1899756098863044 490
1757667976520 1.1894038331684298 491
1757667976626 1.188876980702582 492
1757667976731 1.188348362591312 493
1757667976834 1.1878225845161765 494
1757667976934 1.1872497108739748 495
1757667977058 1.1867255025651626 496
1757667977163 1.186199526971587 497
1757667977269 1.185631077337428 498
1757667977369 1.1851066610061698 499
