1757601033514 0.004593147722514631 0
1757601033615 0.17454583861150086 1
1757601033718 0.23849478617213848 2
1757601033815 5.063435012311247e-06 3
1757601033912 7.291840441656409e-05 4
1757601034010 0.007313944132625285 5
1757601034109 0.0009889792729528945 6
1757601034207 0.0006158432611114622 7
1757601034308 0.5380940789168976 8
1757601034407 0.267453034292174 9
1757601034508 0.007457631682163844 10
1757601034607 0.165955664982198 11
1757601034710 0.00020576370294489086 12
1757601034807 0.001813021492038788 13
1757601034906 0.3745891179044735 14
1757601035004 0.0057126655629344695 15
1757601035102 0.3528748826381396 16
1757601035201 0.04600008076117365 17
1757601035301 0.13979231800110997 18
1757601035401 0.025674321778193846 19
1757601035499 0.18929674931417018 20
1757601035596 0.01521102630155454 21
1757601035695 0.46272517224023435 22
1757601035794 0.048023215557643516 23
1757601035893 0.10969309890044916 24
1757601035993 0.48426761353607234 25
1757601036091 0.601968959303382 26
1757601036191 0.07849328264489965 27
1757601036290 0.10729663209094047 28
1757601036391 0.012223760855486125 29
1757601036493 0.11034486006255907 30
1757601036592 0.00037730192220830036 31
1757601036691 8.219481256464791e-06 32
1757601036791 0.20402614565589905 33
1757601036892 0.22610160334182305 34
1757601036992 0.0790600566422778 35
1757601037091 0.00020005728266954084 36
1757601037191 0.020811280658514047 37
1757601037290 1.0343650045986237 38
1757601037391 0.05752341316757023 39
1757601037490 0.30271851936832456 40
1757601037589 0.24673252689208142 41
1757601037691 0.027944489589301725 42
1757601037792 0.07641447898711101 43
1757601037892 0.2621897512898664 44
1757601037991 0.00014274325898413074 45
1757601038091 0.18610351487206844 46
1757601038191 0.09745051026890585 47
1757601038292 1.7201021394590803 48
1757601038392 0.29330158503100306 49
1757601038494 0.009621087695964453 50
1757601038596 0.00026396741165490953 51
1757601038696 0.0010584289127401017 52
1757601038796 0.15693478324815852 53
1757601038898 0.0345527679002437 54
1757601038998 0.016537194752653583 55
1757601039099 0.3855942412689631 56
1757601039198 0.11301733700658492 57
1757601039299 0.01742282050779766 58
1757601039401 0.025039307135149243 59
1757601039500 0.29144452245319874 60
1757601039600 0.009993959472893594 61
1757601039700 0.003125381102271369 62
1757601039801 0.012313692863199206 63
1757601039901 0.12738069264097396 64
1757601040000 0.04881615872030871 65
1757601040105 0.12008970641920982 66
1757601040208 0.00043105860092546754 67
1757601040311 0.09600288698070654 68
1757601040414 0.07365280152829773 69
1757601040518 0.3708467221829635 70
1757601040618 0.009968106632491919 71
1757601040718 0.10544848147826719 72
1757601040819 0.004900114921895591 73
1757601040920 0.003247195130651581 74
1757601041020 0.004788959920157323 75
1757601041122 0.11459438470413623 76
1757601041224 0.25176206235272 77
1757601041326 8.380577466813257e-06 78
1757601041429 0.33707554533349326 79
1757601041530 0.2597966015669473 80
1757601041631 0.04963880123662266 81
1757601041731 1.320562642447092 82
1757601041832 0.255831248567144 83
1757601041934 0.0366102121853874 84
1757601042035 0.031204325366227803 85
1757601042138 0.15082537952612207 86
1757601042240 0.024818262323477815 87
1757601042343 0.8739809773313235 88
1757601042445 0.02637508383260936 89
1757601042547 0.053297163298997356 90
1757601042647 0.08780283111041187 91
1757601042748 0.0008392686884180405 92
1757601042850 0.12399072154032856 93
1757601042951 0.00030318536500797304 94
1757601043053 0.002810567013633466 95
1757601043155 0.05291299175442515 96
1757601043257 0.5627746528651204 97
1757601043360 0.0414028294279723 98
1757601043461 0.07105852982380821 99
1757601043564 0.0951365038845011 100
1757601043665 0.446066338034981 101
1757601043767 0.13410607474793845 102
1757601043871 0.024662793416087313 103
1757601043972 0.08377349476076724 104
1757601044074 0.3743476594508281 105
1757601044178 0.5761212855394675 106
1757601044284 0.11330236000682935 107
1757601044385 0.32218319265651696 108
1757601044488 0.026907038636600333 109
1757601044592 0.04978995471209511 110
1757601044694 0.013481878368761307 111
1757601044797 0.05185591048860328 112
1757601044899 0.006726381609421625 113
1757601045000 0.016188515085703997 114
1757601045103 0.6998967555189274 115
1757601045205 0.00863566748130677 116
1757601045307 0.0020326607839849468 117
1757601045408 0.19329565379225425 118
1757601045510 0.016414790423545135 119
1757601045611 0.03862519030377746 120
1757601045714 0.3305624992773628 121
1757601045817 0.8582589730375666 122
1757601045918 0.05132935938975968 123
1757601046020 0.1298981338663172 124
1757601046123 1.0193542733287122 125
1757601046226 0.0001240622082853359 126
1757601046330 0.033553574863815154 127
1757601046432 4.3680441252089895e-06 128
1757601046536 0.001424929317462506 129
1757601046638 0.8915951030139946 130
1757601046739 0.11433684156936272 131
1757601046843 0.15050965723629203 132
1757601046945 0.0005223553558934276 133
1757601047047 0.017184376575609072 134
1757601047149 6.21472563151667e-05 135
1757601047250 0.00031499402243326746 136
1757601047354 0.08022938293606763 137
1757601047457 0.02336050725195551 138
1757601047558 0.10262680494908578 139
1757601047661 0.07924344781030727 140
1757601047766 0.20516288926088422 141
1757601047869 0.1706863067955803 142
1757601047973 0.030348402365348446 143
1757601048074 0.09357339054563353 144
1757601048177 0.019818590711449095 145
1757601048338 0.006370213757139274 146
1757601048439 0.00015628526678385844 147
1757601048542 0.048206689793345185 148
1757601048645 0.016999006861057257 149
1757601048747 0.1875242006335306 150
1757601048850 0.043826783342922726 151
1757601048952 0.0017604555182124085 152
1757601049054 0.0008315591266389324 153
1757601049156 0.30603828480855516 154
1757601049259 0.152242191135897 155
1757601049363 0.0420710748345095 156
1757601049466 0.0233602713828109 157
1757601049571 0.02359569436519576 158
1757601049675 0.07945247069542018 159
1757601049782 0.07446291148788979 160
1757601049891 0.013812433403149584 161
1757601050007 0.06616176919734963 162
1757601050111 0.00023049182543237017 163
1757601050215 0.013797030510948665 164
1757601050319 0.0043733788501021074 165
1757601050423 0.03958482126808259 166
1757601050529 0.06974818018266432 167
1757601050634 0.036994034778568316 168
1757601050739 0.03465102582973249 169
1757601050843 0.007988059452589447 170
1757601050948 0.119487698461128 171
1757601051052 0.19364894869906477 172
1757601051157 0.09262743939843268 173
1757601051262 0.07034324498372833 174
1757601051364 0.00440288190026999 175
1757601051471 0.2273466649409197 176
1757601051576 0.27531383378690816 177
1757601051682 0.0008823323493552962 178
1757601051787 0.1559965259129552 179
1757601051890 0.021593107681880344 180
1757601051996 0.018969300739443484 181
1757601052099 0.13361229241380013 182
1757601052203 0.00033200106583732594 183
1757601052308 2.9915412025763227e-06 184
1757601052413 0.4619063539395634 185
1757601052518 0.16661118689703744 186
1757601052622 0.2371222901384177 187
1757601052726 0.33550964074398304 188
1757601052831 0.04209108148915158 189
1757601052935 0.04158295812317522 190
1757601053039 0.12036341734595744 191
1757601053142 0.0009013268754990725 192
1757601053247 0.0004042458939299091 193
1757601053351 0.046870199126362214 194
1757601053455 0.01258830782690791 195
1757601053558 0.2555068046582223 196
1757601053662 0.03517050525575798 197
1757601053765 0.024443741830630344 198
1757601053869 0.009201464587542844 199
1757601053973 0.2812477102275042 200
1757601054084 0.158176096834234 201
1757601054191 0.17706340817424024 202
1757601054300 0.022730126067834092 203
1757601054405 0.06750550239342477 204
1757601054509 0.1581740710035859 205
1757601054617 0.04235349469507506 206
1757601054720 0.045587099466363676 207
1757601054825 0.7000155917707038 208
1757601054928 0.14857748241096108 209
1757601055032 0.635418962265984 210
1757601055137 0.27320493898304293 211
1757601055245 0.2692921102845713 212
1757601055350 0.06353419757242298 213
1757601055455 0.12539173960486225 214
1757601055561 0.02245417677127989 215
1757601055665 0.34000769118092783 216
1757601055771 0.09666104209537454 217
1757601055876 0.05249197054167092 218
1757601055981 0.02552892464286701 219
1757601056088 0.11300296438427716 220
1757601056186 0.03766987759937669 221
1757601056287 0.1050542339995552 222
1757601056386 0.03171922811585588 223
1757601056487 0.1919259724795201 224
1757601056652 0.021567147566597177 225
1757601056763 0.003333548408957279 226
1757601056872 0.09533674521433945 227
1757601057047 0.05166389078394428 228
1757601057152 0.14947214079034338 229
1757601057256 0.10369614786574408 230
1757601057362 0.009103972722901373 231
1757601057466 0.16600362925131523 232
1757601057573 0.025689657397745064 233
1757601057678 0.04218838932582133 234
1757601057783 0.12411868411100492 235
1757601057887 0.8443011554181766 236
1757601057991 0.1877684632869807 237
1757601058094 0.04477319506344042 238
1757601058198 4.5475010799584135e-05 239
1757601058302 0.7752443297082174 240
1757601058408 0.19972502243001924 241
1757601058513 0.11655756772339161 242
1757601058618 0.29048826936617833 243
1757601058723 0.02689695124654707 244
1757601058828 0.07878155077146136 245
1757601058934 0.045749753001385216 246
1757601059038 0.012877806683494862 247
1757601059142 0.06815089386908094 248
1757601059248 0.03199702529650157 249
1757601059354 0.015300162829116152 250
1757601059460 0.06361664989606605 251
1757601059567 0.07237296020306822 252
1757601059673 0.07567674573643267 253
1757601059778 0.2294468685655024 254
1757601059883 0.02018592915618168 255
1757601059987 0.04072987084567923 256
1757601060092 0.0048136696956378984 257
1757601060197 0.06679175190463126 258
1757601060303 0.024225503972252316 259
1757601060408 0.07074783221175249 260
1757601060513 0.046927656619981106 261
1757601060619 0.01734991195498181 262
1757601060721 0.1559809590114086 263
1757601060828 0.00784435802226505 264
1757601060933 0.05057898581787068 265
1757601061040 0.05450405334600762 266
1757601061146 0.11798284206446202 267
1757601061252 0.2775610547600776 268
1757601061359 0.0016959951536082319 269
1757601061468 0.1606509091246927 270
1757601061573 0.17673934114577192 271
1757601061679 0.14284597819381087 272
1757601061785 0.028169744668362518 273
1757601061893 0.27378670533638244 274
1757601061999 1.2353229048905185 275
1757601062104 0.44883313898534655 276
1757601062209 0.11307646620554333 277
1757601062314 0.005185517531638657 278
1757601062420 0.0007002408471849803 279
1757601062526 0.24459063759915925 280
1757601062631 0.34839782604454456 281
1757601062737 0.026502116898219893 282
1757601062841 0.11070920154957584 283
1757601062947 0.07274705970743478 284
1757601063053 0.0923770981715796 285
1757601063160 0.001743639814195877 286
1757601063266 0.032361464214209185 287
1757601063373 0.20202692150814414 288
1757601063480 0.09621609660719145 289
1757601063588 0.037618866444420376 290
1757601063696 0.016272868340649824 291
1757601063801 0.13403119044784662 292
1757601063909 0.01620862848531474 293
1757601064017 0.015761307395405034 294
1757601064124 0.12005217231354187 295
1757601064230 0.016482525407188406 296
1757601064339 0.07135588525410275 297
1757601064448 0.37550936220110837 298
1757601064555 0.06142536060096354 299
1757601064664 0.18263949062014326 300
1757601064771 0.04068356059751607 301
1757601064878 1.1186188849612142 302
1757601064985 0.07668883136060095 303
1757601065092 0.9557089359598859 304
1757601065198 0.03162518753526264 305
1757601065306 0.023800519465178024 306
1757601065414 0.3421349623976511 307
1757601065520 0.06122330660828183 308
1757601065628 0.06665254620805182 309
1757601065733 0.005086016251612401 310
1757601065840 0.02198239199852028 311
1757601065946 0.0032476637957547577 312
1757601066054 0.0008727351771250344 313
1757601066161 0.2654041985479255 314
1757601066269 0.013211965269465742 315
1757601066375 0.08542075815829117 316
1757601066482 0.17477048488912658 317
1757601066589 0.0632823247059853 318
1757601066698 0.15116868284366752 319
1757601066807 0.142186595028751 320
1757601066914 0.22637982726611233 321
1757601067023 0.22948432594233717 322
1757601067130 0.03434805227705237 323
1757601067239 0.07008190533183509 324
1757601067347 0.20748941265347876 325
1757601067455 0.19650365886776283 326
1757601067567 0.022909706730440967 327
1757601067688 0.14096017820924087 328
1757601067810 0.18177402977753937 329
1757601067929 0.006532456005274371 330
1757601068047 0.012524488300502349 331
1757601068157 0.09303269127388679 332
1757601068267 0.0007702708830445269 333
1757601068380 0.005110338993495777 334
1757601068492 0.016109610207111245 335
1757601068600 0.06433328001809405 336
1757601068715 0.04011392378626459 337
1757601068823 0.0010727497916886584 338
1757601068932 0.1839754461921841 339
1757601069038 0.03725957127260895 340
1757601069145 0.027022209027315343 341
1757601069254 0.13220845815797028 342
1757601069363 0.010059519867185828 343
1757601069475 0.0807658673891922 344
1757601069594 0.1850314517364906 345
1757601069713 0.15937172401300115 346
1757601069829 0.07514235205902392 347
1757601069939 0.00037513020499662053 348
1757601070048 0.20107978422746828 349
1757601070156 0.024064385205139153 350
1757601070265 0.018908372391025868 351
1757601070377 0.0340688583985847 352
1757601070490 0.0006982173717073565 353
1757601070601 0.1563385865263957 354
1757601070713 0.22224982210450056 355
1757601070826 0.00948794582155869 356
1757601070937 0.013059633079083432 357
1757601071047 0.026256076760813575 358
1757601071158 0.18699590366370933 359
1757601071269 0.02565620477824791 360
1757601071380 0.00010910019925862919 361
1757601071493 0.020495457262395864 362
1757601071604 0.0007764053105010562 363
1757601071715 0.007319703439131625 364
1757601071825 0.015713522587528252 365
1757601071936 0.34012444610053394 366
1757601072048 0.06323903853985254 367
1757601072161 0.33145790100457384 368
1757601072273 0.03860855240430229 369
1757601072386 0.2284528615111268 370
1757601072499 0.028642585981405316 371
1757601072624 0.14459136967637604 372
1757601072736 0.047572791515572366 373
1757601072848 0.0807874024734255 374
1757601072956 0.014326792407320115 375
1757601073065 0.004808659100091631 376
1757601073174 0.032930659092267826 377
1757601073285 0.040964191009777495 378
1757601073394 0.11202119159743756 379
1757601073502 0.824967171921975 380
1757601073612 0.16513961694568122 381
1757601073725 0.15837516084371078 382
1757601073838 0.004391122791706923 383
1757601073951 0.04195833036307444 384
1757601074065 0.06891496946691905 385
1757601074178 0.09935312144025024 386
1757601074294 0.47156199247459646 387
1757601074404 0.23096307539861885 388
1757601074515 2.7536396254266303e-05 389
1757601074628 1.1922736229266948 390
1757601074774 0.01050196617302149 391
1757601074885 0.13575219257370336 392
1757601074998 0.12506734544550524 393
1757601075112 0.03068180779136347 394
1757601075226 0.2064715428558242 395
1757601075340 0.22438122355329398 396
1757601075451 0.15666346202323453 397
1757601075562 0.00038636916653061 398
1757601075675 0.06250480951435805 399
1757601075786 0.014159273141804148 400
1757601075901 0.00450713991332671 401
1757601076016 0.49796227219890216 402
1757601076130 0.1409834514091272 403
1757601076244 0.016121868452700538 404
1757601076356 0.2383735770354062 405
1757601076467 0.06904045042950264 406
1757601076577 0.1782088674956682 407
1757601076694 0.7617131699231904 408
1757601076814 0.1551541813535288 409
1757601076934 0.10631418754077059 410
1757601077052 0.3259593475377193 411
1757601077162 0.08284415868658512 412
1757601077271 0.031092617255283773 413
1757601077383 0.15369213529710524 414
1757601077498 0.08228164687739822 415
1757601077621 0.028336217416567066 416
1757601077735 0.024808141019661688 417
1757601077847 0.11503264099539302 418
1757601077958 0.00012067993418165354 419
1757601078068 0.23420392434747242 420
1757601078185 0.08830169683964083 421
1757601078302 0.23784289919640822 422
1757601078419 0.00018858288100922485 423
1757601078532 0.00031510979287292004 424
1757601078642 0.0012487474619456418 425
1757601078751 0.018537914647038 426
1757601078863 0.004136106272619207 427
1757601078975 0.010948072398952808 428
1757601079085 0.07453089154572028 429
1757601079197 0.20323631502617265 430
1757601079311 0.18889989115917458 431
1757601079423 0.048516980538109 432
1757601079534 0.0004664789276857598 433
1757601079649 0.008574366127310627 434
1757601079762 0.0178022413690227 435
1757601079891 0.02550306831572245 436
1757601080006 0.07971217709634888 437
1757601080119 0.007293866644641416 438
1757601080232 0.017707452014802342 439
1757601080344 0.0048171379132650564 440
1757601080457 0.4313029646221715 441
1757601080569 0.024325301571889068 442
1757601080683 0.5141863043206343 443
1757601080796 0.09932412544969946 444
1757601080905 0.031776310676258926 445
1757601081018 0.47732658521934573 446
1757601081130 0.17134453206504122 447
1757601081243 0.577452981804587 448
1757601081355 0.019303563182627027 449
1757601081468 0.29486970269583546 450
1757601081580 0.2812360638050547 451
1757601081692 0.040801432049254356 452
1757601081806 0.2224583382986513 453
1757601081920 0.11328393823016157 454
1757601082032 0.0007139785025097233 455
1757601082152 0.48751090551461734 456
1757601082270 0.1424768099146535 457
1757601082389 0.09996880991692385 458
1757601082502 0.06797700491926086 459
1757601082616 0.04038670097411433 460
1757601082730 0.1334865230560909 461
1757601082844 0.0021056119106479493 462
1757601082955 0.12091207322105765 463
1757601083068 0.07565247514154123 464
1757601083180 0.0022530720592910023 465
1757601083293 0.07450692013545657 466
1757601083405 0.06028248559294422 467
1757601083517 0.08008367521681752 468
1757601083630 0.09672622255611728 469
1757601083744 0.020236083229114514 470
1757601083856 0.025557431224341256 471
1757601083970 0.005844395984981624 472
1757601084082 0.26663485407394444 473
1757601084198 0.007212000836448966 474
1757601084311 0.16884699528407693 475
1757601084425 0.11873691257002829 476
1757601084539 0.10382926105017815 477
1757601084652 0.07249268814724752 478
1757601084767 0.03307256868281231 479
1757601084880 0.0012331715557308653 480
1757601085010 0.016490666029705843 481
1757601085125 0.05482034869999683 482
1757601085238 0.00740414393608329 483
1757601085352 0.050625541451983995 484
1757601085467 0.08926221291556913 485
1757601085581 0.0010718022692469472 486
1757601085694 0.0009630530706612352 487
1757601085808 0.18834675960959596 488
1757601085921 0.31741730499590953 489
1757601086034 0.0456013124402352 490
1757601086217 0.020564409679582497 491
1757601086331 0.06413951349044607 492
1757601086443 0.01873517574358571 493
1757601086554 0.01309534613760001 494
1757601086668 0.1676796605681968 495
1757601086782 0.08827212358267544 496
1757601086895 0.01026454860865144 497
1757601087010 0.1367990605365889 498
1757601087123 0.08007497134934666 499
