1757647562103 167.74622392717205 0
1757647562183 166.85817628019078 1
1757647562258 165.9750447496246 2
1757647562337 165.09680164404872 3
1757647562413 164.2234194294311 4
1757647562495 163.3548707282338 5
1757647562569 162.49112831851966 6
1757647562646 161.63216513306344 7
1757647562723 160.77795425846875 8
1757647562797 159.92846893428955 9
1757647562868 159.08368255215694 10
1757647562934 158.24356865491077 11
1757647563006 157.4081009357364 12
1757647563079 156.57725323730628 13
1757647563159 155.75099955092642 14
1757647563237 154.92931401568796 15
1757647563316 154.1121709176232 16
1757647563395 153.29954468886683 17
1757647563471 152.4914099068218 18
1757647563550 151.68774129333002 19
1757647563628 150.88851371384771 20
1757647563708 150.09370217662564 21
1757647563784 149.3032818318937 22
1757647563863 148.51722797105083 23
1757647564094 147.73551602585857 24
1757647564163 146.9581215676404 25
1757647564224 146.18502030648452 26
1757647564284 145.4161880904522 27
1757647564358 144.65160090478986 28
1757647564435 143.89123487114617 29
1757647564522 143.13506624679334 30
1757647564599 142.38307142385312 31
1757647564676 141.63522692852698 32
1757647564757 140.89150942033072 33
1757647564835 140.15189569133392 34
1757647564910 139.4163626654028 35
1757647564984 138.68488739744848 36
1757647565057 137.95744707267878 37
1757647565130 137.23401900585458 38
1757647565208 136.51458064055058 39
1757647565285 135.79910954841984 40
1757647565364 135.08758342846312 41
1757647565436 134.3799801063019 42
1757647565515 133.6762775334558 43
1757647565593 132.97645378662403 44
1757647565670 132.2804870669713 45
1757647565744 131.58835569941704 46
1757647565823 130.9000381319296 47
1757647565902 130.2155129348239 48
1757647565981 129.53475880006317 49
1757647566061 128.857754540565 50
1757647566140 128.18447908951086 51
1757647566215 127.51491149966013 52
1757647566292 126.84903094266755 53
1757647566372 126.18681670840489 54
1757647566450 125.52824820428644 55
1757647566526 124.87330495459824 56
1757647566604 124.22196659983125 57
1757647566682 123.57421289601844 58
1757647566763 122.93002371407545 59
1757647566839 122.28937903914502 60
1757647566915 121.65225896994549 61
1757647566986 121.01864371812277 62
1757647567061 120.38851360760587 63
1757647567133 119.76184907396653 64
1757647567207 119.13863066378214 65
1757647567283 118.51883903400255 66
1757647567362 117.9024549513204 67
1757647567435 117.28945929154494 68
1757647567510 116.67983303897978 69
1757647567588 116.07355728580372 70
1757647567666 115.47061323145547 71
1757647567745 114.87098218202193 72
1757647567826 114.27464554962964 73
1757647567906 113.68158485183994 74
1757647567984 113.0917817110477 75
1757647568061 112.5052178538831 76
1757647568139 111.92187511061738 77
1757647568219 111.3417354145713 78
1757647568298 110.76478080152773 79
1757647568378 110.19099340914707 80
1757647568458 109.6203554763862 81
1757647568538 109.05284934292071 82
1757647568622 108.48845744857046 83
1757647568700 107.92716233272857 84
1757647568779 107.3689466337933 85
1757647568859 106.8137930886036 86
1757647568939 106.26168453187762 87
1757647569012 105.71260389565451 88
1757647569088 105.16653420873944 89
1757647569167 104.62345859615174 90
1757647569247 104.08336027857628 91
1757647569321 103.54622257181789 92
1757647569401 103.01202888625896 93
1757647569479 102.48076272632008 94
1757647569559 101.95240768992392 95
1757647569638 101.42694746796197 96
1757647569718 100.90436584376442 97
1757647569796 100.38464669257321 98
1757647569875 99.86777398101779 99
1757647569952 99.35373176659418 100
1757647570031 98.84250419714682 101
1757647570107 98.33407551035349 102
1757647570183 97.82843003321308 103
1757647570264 97.32555218153634 104
1757647570343 96.82542645943958 105
1757647570426 96.32803745884128 106
1757647570509 95.83336985896132 107
1757647570588 95.34140842582356 108
1757647570666 94.85213801176076 109
1757647570795 94.36554355492265 110
1757647570923 93.88161007878676 111
1757647571048 93.40032269167192 112
1757647571176 92.92166658625464 113
1757647571305 92.44562703908834 114
1757647571419 91.9721894101251 115
1757647571519 91.50133914224038 116
1757647571624 91.03306176076032 117
1757647571738 90.56734287299174 118
1757647571844 90.10416816775498 119
1757647571951 89.64352341491916 120
1757647572052 89.18539446494033 121
1757647572161 88.72976724840213 122
1757647572265 88.27662777555912 123
1757647572389 87.82596213588272 124
1757647572555 87.37775649760977 125
1757647572657 86.93199710729351 126
1757647572758 86.4886702893575 127
1757647572847 86.04776244565159 128
1757647572932 85.60926005501084 129
1757647573012 85.17314967281682 130
1757647573089 84.73941793056134 131
1757647573168 84.30805153541273 132
1757647573252 83.87903726978473 133
1757647573333 83.45236199090759 134
1757647573415 83.02801263040185 135
1757647573502 82.60597619385446 136
1757647573587 82.18623976039727 137
1757647573668 81.76879048228807 138
1757647573752 81.35361558449387 139
1757647573836 80.94070236427669 140
1757647573920 80.5300381907817 141
1757647573999 80.12161050462753 142
1757647574081 79.71540681749929 143
1757647574160 79.31141471174348 144
1757647574239 78.90962183996564 145
1757647574320 78.51001592462991 146
1757647574398 78.11258475766122 147
1757647574481 77.71731620004951 148
1757647574567 77.32419818145627 149
1757647574649 76.93321869982351 150
1757647574730 76.54436582098462 151
1757647574811 76.15762767827785 152
1757647574894 75.77299247216158 153
1757647574970 75.39044846983224 154
1757647575036 75.009984004844 155
1757647575104 74.63158747673096 156
1757647575179 74.25524735063118 157
1757647575254 73.88095215691325 158
1757647575333 73.50869049080461 159
1757647575416 73.13845101202224 160
1757647575500 72.7702224444054 161
1757647575585 72.40399357555037 162
1757647575662 72.03975325644748 163
1757647575744 71.67749040112002 164
1757647575826 71.3171939862653 165
1757647575911 70.95885305089773 166
1757647575994 70.60245669599408 167
1757647576074 70.2479940841405 168
1757647576155 69.89545443918179 169
1757647576237 69.54482704587257 170
1757647576318 69.19610124953047 171
1757647576400 68.84926645569135 172
1757647576481 68.50431212976629 173
1757647576564 68.16122779670086 174
1757647576645 67.8200030406361 175
1757647576728 67.48062750457142 176
1757647576810 67.14309089002968 177
1757647576897 66.80738295672386 178
1757647576980 66.47349352222584 179
1757647577056 66.14141246163709 180
1757647577133 65.81112970726106 181
1757647577211 65.48263524827763 182
1757647577292 65.15591913041935 183
1757647577375 64.83097145564943 184
1757647577457 64.50778238184185 185
1757647577539 64.1863421224629 186
1757647577621 63.86664094625491 187
1757647577701 63.548669176921564 188
1757647577782 63.2324171928151 189
1757647577863 62.91787542662527 190
1757647577950 62.60503436507009 191
1757647578016 62.293884548588316 192
1757647578090 61.984416571033805 193
1757647578168 61.67662107937138 194
1757647578250 61.37048877337477 195
1757647578331 61.06601040532591 196
1757647578415 60.763176779716225 197
1757647578500 60.46197875294956 198
1757647578581 60.16240723304673 199
1757647578667 59.8644531793518 200
1757647578750 59.56810760224009 201
1757647578832 59.2733615628278 202
1757647578901 58.980206172683275 203
1757647578977 58.68863259353999 204
1757647579055 58.398632037011105 205
1757647579132 58.11019576430568 206
1757647579210 57.82331508594655 207
1757647579292 57.53798136148968 208
1757647579374 57.25418599924534 209
1757647579455 56.97192045600062 210
1757647579540 56.69117623674378 211
1757647579623 56.41194489438993 212
1757647579704 56.134218029508524 213
1757647579791 55.85798729005217 214
1757647579871 55.5832443710872 215
1757647579954 55.30998101452562 216
1757647580031 55.03818900885868 217
1757647580111 54.76786018889197 218
1757647580194 54.49898643548196 219
1757647580276 54.23155967527406 220
1757647580359 53.965571880442305 221
1757647580439 53.70101506843033 222
1757647580522 53.43788130169394 223
1757647580602 53.17616268744514 224
1757647580685 52.91585137739762 225
1757647580770 52.65693956751368 226
1757647580856 52.39941949775261 227
1757647580940 52.14328345182052 228
1757647581023 51.88852375692154 229
1757647581103 51.635132783510564 230
1757647581180 51.38310294504726 231
1757647581262 51.13242669775158 232
1757647581346 50.88309654036067 233
1757647581426 50.635105013887056 234
1757647581508 50.38844470137838 235
1757647581597 50.14310822767839 236
1757647581678 49.89908825918931 237
1757647581761 49.6563775036356 238
1757647581844 49.414968709829054 239
1757647581927 49.17485466743522 240
1757647582009 48.93602820674114 241
1757647582094 48.69848219842454 242
1757647582178 48.462209553324136 243
1757647582262 48.2272032222114 244
1757647582344 47.99345619556361 245
1757647582425 47.760961503338144 246
1757647582515 47.52971221474809 247
1757647582598 47.29970143803914 248
1757647582684 47.0709223202678 249
1757647582764 46.843368047080745 250
1757647582845 46.617031842495564 251
1757647582931 46.391906968682704 252
1757647583015 46.167986725748655 253
1757647583096 45.94526445152037 254
1757647583174 45.72373352133092 255
1757647583255 45.503387347806395 256
1757647583339 45.28421938065398 257
1757647583424 45.066223106451275 258
1757647583513 44.84939204843682 259
1757647583598 44.63371976630177 260
1757647583683 44.41919985598285 261
1757647583769 44.20582594945635 262
1757647583854 43.99359171453345 263
1757647583937 43.78249085465662 264
1757647584023 43.572517108697184 265
1757647584108 43.36366425075412 266
1757647584192 43.155926089953866 267
1757647584274 42.94929647025144 268
1757647584363 42.74376927023254 269
1757647584448 42.53933840291688 270
1757647584531 42.3359978155626 271
1757647584614 42.13374148947177 272
1757647584699 41.93256343979711 273
1757647584786 41.73245771534966 274
1757647584873 41.533418398407704 275
1757647584956 41.33543960452664 276
1757647585046 41.13851548235004 277
1757647585127 40.94264021342175 278
1757647585205 40.747808011999034 279
1757647585289 40.55401312486687 280
1757647585373 40.36124983115322 281
1757647585456 40.169512442145354 282
1757647585542 39.97879530110732 283
1757647585655 39.789092783098326 284
1757647585743 39.60039929479226 285
1757647585828 39.412709274298194 286
1757647585913 39.22601719098192 287
1757647585999 39.04031754528848 288
1757647586084 38.855604868565756 289
1757647586169 38.67187372288906 290
1757647586255 38.489118700886685 291
1757647586339 38.30733442556646 292
1757647586433 38.12651555014333 293
1757647586518 37.94665675786793 294
1757647586604 37.76775276185603 295
1757647586690 37.589798304919114 296
1757647586774 37.41278815939579 297
1757647586862 37.23671712698421 298
1757647586949 37.06158003857548 299
1757647587034 36.88737175408798 300
1757647587116 36.71408716230263 301
1757647587193 36.54172118069911 302
1757647587273 36.37026875529303 303
1757647587359 36.19972486047396 304
1757647587447 36.03008449884448 305
1757647587532 35.86134270106008 306
1757647587618 35.69349452567001 307
1757647587701 35.526535058959006 308
1757647587788 35.36045941478993 309
1757647587872 35.19526273444732 310
1757647587955 35.030940186481864 311
1757647588043 34.86748696655565 312
1757647588130 34.70489829728845 313
1757647588215 34.54316942810472 314
1757647588301 34.38229563508161 315
1757647588386 34.222272220797805 316
1757647588472 34.06309451418315 317
1757647588559 33.90475787036922 318
1757647588642 33.747257670540726 319
1757647588728 33.59058932178773 320
1757647588812 33.434748256958784 321
1757647588898 33.279729934514776 322
1757647588985 33.12552983838373 323
1757647589072 32.972143477816395 324
1757647589173 32.81956638724266 325
1757647589251 32.66779412612875 326
1757647589336 32.51682227883526 327
1757647589422 32.366646454476054 328
1757647589507 32.21726228677789 329
1757647589593 32.068665433940886 330
1757647589680 31.92085157849975 331
1757647589767 31.77381642718585 332
1757647589852 31.62755571079003 333
1757647589939 31.482065184026244 334
1757647590032 31.33734062539589 335
1757647590119 31.193377837053042 336
1757647590205 31.050172644670347 337
1757647590289 30.907720897305737 338
1757647590374 30.766018467269827 339
1757647590469 30.62506124999423 340
1757647590553 30.484845163900417 341
1757647590643 30.345366150269516 342
1757647590726 30.206620173112707 343
1757647590809 30.068603219042426 344
1757647590896 29.93131129714432 345
1757647590979 29.794740438849853 346
1757647591067 29.65888669780975 347
1757647591152 29.52374614976804 348
1757647591233 29.389314892436932 349
1757647591311 29.25558904537233 350
1757647591398 29.122564749850053 351
1757647591485 28.990238168742835 352
1757647591570 28.858605486397927 353
1757647591658 28.72766290851549 354
1757647591745 28.597406662027613 355
1757647591829 28.46783299497807 356
1757647591917 28.338938176402685 357
1757647592002 28.210718496210518 358
1757647592088 28.08317026506555 359
1757647592174 27.956289814269194 360
1757647592268 27.83007349564342 361
1757647592356 27.70451768141451 362
1757647592442 27.57961876409751 363
1757647592536 27.455373156381363 364
1757647592621 27.331777291014664 365
1757647592707 27.208827620692063 366
1757647592794 27.086520617941343 367
1757647592883 26.96485277501111 368
1757647592971 26.84382060375916 369
1757647593058 26.72342063554143 370
1757647593144 26.603649421101643 371
1757647593223 26.48450353046153 372
1757647593303 26.365979552811705 373
1757647593390 26.24807409640317 374
1757647593480 26.130783788439402 375
1757647593570 26.014105274969086 376
1757647593657 25.898035220779466 377
1757647593742 25.78257030929025 378
1757647593829 25.667707242448206 379
1757647593915 25.55344274062226 380
1757647594001 25.439773542499278 381
1757647594090 25.3266964049804 382
1757647594174 25.21420810307795 383
1757647594260 25.102305429812976 384
1757647594349 24.990985196113336 385
1757647594438 24.88024423071238 386
1757647594524 24.77007938004823 387
1757647594610 24.660487508163595 388
1757647594699 24.551465496606163 389
1757647594784 24.443010244329578 390
1757647594874 24.33511866759502 391
1757647594961 24.22778769987323 392
1757647595053 24.121014291747194 393
1757647595144 24.014795410815378 394
1757647595232 23.90912804159544 395
1757647595310 23.80400918542856 396
1757647595392 23.699435860384305 397
1757647595476 23.595405101166 398
1757647595561 23.491913959016678 399
1757647595649 23.388959501625532 400
1757647595739 23.28653881303494 401
1757647595826 23.184648993547977 402
1757647595913 23.083287159636473 403
1757647596003 22.982450443849615 404
1757647596092 22.882135994723008 405
1757647596183 22.782340976688353 406
1757647596272 22.683062569983527 407
1757647596364 22.584297970563263 408
1757647596450 22.486044390010292 409
1757647596536 22.388299055446993 410
1757647596628 22.291059209447592 411
1757647596716 22.194322109950786 412
1757647596808 22.09808503017292 413
1757647596912 22.00234525852166 414
1757647597002 21.907100098510114 415
1757647597088 21.812346868671465 416
1757647597175 21.71808290247414 417
1757647597263 21.62430554823735 418
1757647597343 21.531012169047212 419
1757647597424 21.438200142673338 420
1757647597512 21.345866861485806 421
1757647597599 21.25400973237273 422
1757647597686 21.16262617665821 423
1757647597775 21.071713630020792 424
1757647597866 20.98126954241237 425
1757647597953 20.891291377977584 426
1757647598042 20.801776614973605 427
1757647598131 20.712722745690456 428
1757647598220 20.624127276371766 429
1757647598309 20.535987727135936 430
1757647598398 20.44830163189779 431
1757647598483 20.361066538290665 432
1757647598574 20.274280007588935 433
1757647598658 20.187939614630995 434
1757647598748 20.102042947742657 435
1757647598836 20.016587608661006 436
1757647598927 19.93157121245868 437
1757647599016 19.846991387468595 438
1757647599102 19.762845775209023 439
1757647599190 19.67913203030924 440
1757647599279 19.595847820435452 441
1757647599359 19.512990826217244 442
1757647599441 19.43055874117438 443
1757647599531 19.348549271644057 444
1757647599620 19.266960136708573 445
1757647599708 19.1857890681234 446
1757647599798 19.10503381024562 447
1757647599887 19.024692119962886 448
1757647599973 18.94476176662265 449
1757647600062 18.865240531961874 450
1757647600151 18.786126210037136 451
1757647600242 18.70741660715511 452
1757647600331 18.62910954180345 453
1757647600423 18.551202844582086 454
1757647600511 18.47369435813487 455
1757647600599 18.396581937081645 456
1757647600686 18.319863447950702 457
1757647600775 18.2435367691116 458
1757647600882 18.167599790708362 459
1757647600970 18.092050414593107 460
1757647601059 18.01688655425997 461
1757647601148 17.942106134779493 462
1757647601237 17.8677070927333 463
1757647601322 17.793687376149244 464
1757647601404 17.72004494443678 465
1757647601492 17.64677776832288 466
1757647601579 17.573883829788176 467
1757647601669 17.501361122003516 468
1757647601760 17.429207649266885 469
1757647601849 17.35742142694068 470
1757647601938 17.28600048138934 471
1757647602025 17.214942849917325 472
1757647602112 17.144246580707446 473
1757647602202 17.073909732759574 474
1757647602291 17.003930375829672 475
1757647602381 16.93430659036914 476
1757647602472 16.865036467464606 477
1757647602562 16.796118108777936 478
1757647602658 16.72754962648668 479
1757647602783 16.659329143224827 480
1757647602910 16.591454792023864 481
1757647603033 16.523924716254196 482
1757647603161 16.45673706956694 483
1757647603284 16.38989001583597 484
1757647603392 16.32338172910035 485
1757647603500 16.257210393507073 486
1757647603612 16.19137420325412 487
1757647603723 16.125871362533868 488
1757647603839 16.060700085476782 489
1757647603955 15.99585859609546 490
1757647604068 15.93134512822899 491
1757647604175 15.867157925487609 492
1757647604280 15.803295241197668 493
1757647604390 15.73975533834695 494
1757647604505 15.676536489530267 495
1757647604613 15.613636976895371 496
1757647604725 15.55105509208918 497
1757647604816 15.488789136204307 498
1757647604907 15.426837419725864 499
