1757437500994 121.38838901528771 0
1757437501060 80.51697751722429 1
1757437501116 62.9743910893855 2
1757437501183 51.88661019280934 3
1757437501239 36.76061344747488 4
1757437501297 29.7471281996081 5
1757437501359 26.23925684685984 6
1757437501419 21.610490240239024 7
1757437501484 19.243403836009243 8
1757437501576 15.012385317430839 9
1757437501654 12.604446229023694 10
1757437501700 17.536721976434514 11
1757437501745 10.429481256319407 12
1757437501792 7.834599176033716 13
1757437501837 15.950737924768713 14
1757437501883 17.254134633633907 15
1757437501938 17.484802128463823 16
1757437501997 19.947638423058997 17
1757437502052 8.31880687531725 18
1757437502113 8.955873543707618 19
1757437502162 17.74893250617506 20
1757437502229 12.374533689106993 21
1757437502290 11.203280018720546 22
1757437502356 12.687523179761023 23
1757437502413 15.026022773697058 24
1757437502481 19.650748796875174 25
1757437502537 13.910464653017815 26
1757437502600 19.825660987433224 27
1757437502662 18.51284936525663 28
1757437502721 13.2101612214442 29
1757437502781 14.001095086758607 30
1757437502845 18.13796316058435 31
1757437502906 15.340436198124838 32
1757437502965 10.506093854827508 33
1757437503024 15.957687560347562 34
1757437503083 6.598355940202817 35
1757437503132 10.54419760384469 36
1757437503178 17.550945355703718 37
1757437503234 12.131669881330222 38
1757437503293 18.02085148806038 39
1757437503350 14.00019636551319 40
1757437503402 11.061408274334136 41
