1757677644051 168.86266928634348 0
1757677644174 168.8155562824507 1
1757677644278 168.77112749496143 2
1757677644388 168.72671014452078 3
1757677644511 168.68230458262204 4
1757677644622 168.637910806089 5
1757677644731 168.59352881179362 6
1757677644833 168.54915859660838 7
1757677644936 168.50480015740683 8
1757677645047 168.46045349106325 9
1757677645158 168.41611859445274 10
1757677645259 168.37179546445125 11
1757677645361 168.32748409793555 12
1757677645462 168.28318449178323 13
1757677645566 168.2388966428727 14
1757677645655 168.1946205480833 15
1757677645766 168.15035620429504 16
1757677645866 168.10610360838888 17
1757677645968 168.06186275724656 18
1757677646072 168.01763364775064 19
1757677646175 167.97341627678455 20
1757677646272 167.92921064123243 21
1757677646370 167.88501673797947 22
1757677646475 167.8408345639115 23
1757677646577 167.79666411591515 24
1757677646686 167.752505390878 25
1757677646792 167.7083583856885 26
1757677646889 167.6642230972357 27
1757677646997 167.6200995224097 28
1757677647127 167.5759876581013 29
1757677647256 167.53188750120216 30
1757677647384 167.48779904860478 31
1757677647515 167.44372229720247 32
1757677647645 167.39965724388944 33
1757677647755 167.3556038855605 34
1757677647862 167.31156221911155 35
1757677647971 167.26753224143914 36
1757677648078 167.22351394944076 37
1757677648183 167.17950734001465 38
1757677648286 167.13551241005985 39
1757677648390 167.0915291564763 40
1757677648490 167.04755757616473 41
1757677648594 167.00359766602668 42
1757677648694 166.95964942296445 43
1757677648798 166.91571284388138 44
1757677648891 166.8717879256814 45
1757677648999 166.82787466526935 46
1757677649114 166.78397305955087 47
1757677649228 166.7400831054325 48
1757677649340 166.6962047998215 49
1757677649454 166.65233813962595 50
1757677649571 166.6084831217549 51
1757677649699 166.56463974311805 52
1757677649813 166.52080800062595 53
1757677649924 166.47698789119005 54
1757677650034 166.43317941172262 55
1757677650138 166.38938255913658 56
1757677650237 166.3455973303459 57
1757677650338 166.3018237222652 58
1757677650439 166.25806173181002 59
1757677650540 166.21431135589665 60
1757677650639 166.17057259144227 61
1757677650742 166.12684543536477 62
1757677650854 166.083129884583 63
1757677650946 166.03942593601644 64
1757677651053 165.99573358658563 65
1757677651168 165.95205283321172 66
1757677651287 165.9083836728168 67
1757677651407 165.8647261023237 68
1757677651508 165.82108011865608 69
1757677651607 165.77744571873848 70
1757677651718 165.73382289949618 71
1757677651851 165.6902116578553 72
1757677651978 165.6466119907428 73
1757677652101 165.60302389508647 74
1757677652244 165.5594473678148 75
1757677652376 165.5158824058573 76
1757677652495 165.47232900614404 77
1757677652605 165.42878716560614 78
1757677652724 165.38525688117537 79
1757677652831 165.34173814978445 80
1757677652934 165.29823096836677 81
1757677653046 165.25473533385664 82
1757677653162 165.21125124318917 83
1757677653335 165.16777869330016 84
1757677653482 165.12431768112648 85
1757677653636 165.08086820360558 86
1757677653785 165.0374302576758 87
1757677653923 164.9940038402763 88
1757677654058 164.95058894834702 89
1757677654196 164.90718557882883 90
1757677654333 164.8637937286632 91
1757677654456 164.82041339479264 92
1757677654614 164.77704457416033 93
1757677654751 164.7336872637103 94
1757677654888 164.69034146038734 95
1757677654999 164.6470071611372 96
1757677655122 164.60368436290622 97
1757677655242 164.56037306264176 98
1757677655358 164.51707325729186 99
1757677655473 164.4737849438054 100
1757677655579 164.4305081191321 101
1757677655691 164.38724278022252 102
1757677655808 164.34398892402788 103
1757677655932 164.30074654750038 104
1757677656061 164.25751564759292 105
1757677656217 164.2142962212593 106
1757677656354 164.17108826545402 107
1757677656480 164.12789177713245 108
1757677656603 164.08470675325077 109
1757677656720 164.041533190766 110
1757677656847 163.99837108663584 111
1757677656959 163.95522043781898 112
1757677657103 163.91208124127476 113
1757677657233 163.86895349396343 114
1757677657361 163.82583719284594 115
1757677657490 163.78273233488417 116
1757677657613 163.73963891704074 117
1757677657736 163.69655693627908 118
1757677657863 163.65348638956345 119
1757677657976 163.61042727385885 120
1757677658089 163.56737958613115 121
1757677658200 163.52434332334704 122
1757677658305 163.481318482474 123
1757677658407 163.43830506048022 124
1757677658515 163.39530305433482 125
1757677658621 163.35231246100764 126
1757677658738 163.30933327746945 127
1757677658842 163.26636550069165 128
1757677658942 163.22340912764656 129
1757677659048 163.18046415530725 130
1757677659176 163.13753058064765 131
1757677659310 163.09460840064247 132
1757677659441 163.0516976122672 133
1757677659570 163.00879821249808 134
1757677659706 162.96591019831232 135
1757677659846 162.92303356668776 136
1757677659988 162.88016831460314 137
1757677660132 162.83731443903798 138
1757677660282 162.79447193697257 139
1757677660431 162.7516408053881 140
1757677660554 162.7088210412664 141
1757677660696 162.6660126415902 142
1757677660831 162.62321560334306 143
1757677660958 162.58042992350934 144
1757677661067 162.53765559907407 145
1757677661174 162.4948926270232 146
1757677661289 162.4521410043435 147
1757677661401 162.40940072802246 148
1757677661511 162.36667179504838 149
1757677661631 162.32395420241045 150
1757677661760 162.28124794709854 151
1757677661901 162.23855302610332 152
1757677662041 162.19586943641636 153
1757677662180 162.15319717503002 154
1757677662312 162.11053623893739 155
1757677662437 162.06788662513233 156
1757677662571 162.02524833060957 157
1757677662694 161.98262135236467 158
1757677662800 161.94000568739392 159
1757677662902 161.8974013326944 160
1757677663003 161.854808285264 161
1757677663112 161.81222654210146 162
1757677663219 161.76965610020622 163
1757677663322 161.72709695657866 164
1757677663438 161.68454910821973 165
1757677663570 161.64201255213143 166
1757677663704 161.59948728531646 167
1757677663841 161.55697330477818 168
1757677663984 161.5144706075209 169
1757677664125 161.47197919054972 170
1757677664269 161.42949905087048 171
1757677664420 161.38703018548983 172
1757677664559 161.34457259141524 173
1757677664695 161.30212626565492 174
1757677664832 161.25969120521793 175
1757677664963 161.2172674071141 176
1757677665075 161.17485486835406 177
1757677665190 161.13245358594918 178
1757677665307 161.09006355691176 179
1757677665430 161.0476847782547 180
1757677665567 161.00531724699192 181
1757677665700 160.9629609601379 182
1757677665823 160.92061591470812 183
1757677665943 160.87828210771866 184
1757677666068 160.83595953618652 185
1757677666183 160.7936481971295 186
1757677666344 160.7513480875661 187
1757677666485 160.70905920451568 188
1757677666634 160.6667815449984 189
1757677666775 160.62451510603512 190
1757677666915 160.5822598846476 191
1757677667070 160.54001587785837 192
1757677667219 160.49778308269066 193
1757677667363 160.4555614961686 194
1757677667508 160.41335111531706 195
1757677667654 160.37115193716173 196
1757677667801 160.328963958729 197
1757677667942 160.28678717704614 198
1757677668074 160.2446215891412 199
1757677668203 160.20246719204297 200
1757677668317 160.16032398278114 201
1757677668448 160.118191958386 202
1757677668571 160.07607111588882 203
1757677668684 160.03396145232153 204
1757677668799 159.99186296471692 205
1757677668907 159.9497756501085 206
1757677669015 159.90769950553064 207
1757677669115 159.8656345280185 208
1757677669222 159.82358071460794 209
1757677669332 159.78153806233564 210
1757677669441 159.73950656823916 211
1757677669548 159.6974862293567 212
1757677669667 159.65547704272737 213
1757677669778 159.61347900539099 214
1757677669887 159.57149211438815 215
1757677669990 159.52951636676036 216
1757677670161 159.48755175954975 217
1757677670298 159.4455982897993 218
1757677670443 159.40365595455282 219
1757677670590 159.36172475085485 220
1757677670777 159.31980467575076 221
1757677670946 159.2778957262866 222
1757677671167 159.23599789950933 223
1757677671400 159.1941111924666 224
1757677671690 159.15223560220699 225
1757677671929 159.1103711257796 226
1757677672163 159.06851776023458 227
1757677672414 159.02667550262277 228
1757677672621 158.9848443499957 229
1757677672810 158.9430242994058 230
1757677673033 158.9012153479063 231
1757677673246 158.85941749255105 232
1757677673450 158.81763073039482 233
1757677673656 158.7758550584932 234
1757677673871 158.73409047390237 235
1757677674079 158.6923369736795 236
1757677674268 158.65059455488242 237
1757677674484 158.6088632145698 238
1757677674697 158.56714294980102 239
1757677674861 158.52543375763634 240
1757677675049 158.4837356351367 241
1757677675199 158.4420485793639 242
1757677675359 158.40037258738045 243
1757677675526 158.35870765624966 244
1757677675690 158.31705378303567 245
1757677675880 158.2754109648034 246
1757677676042 158.23377919861846 247
1757677676239 158.19215848154732 248
1757677676393 158.15054881065717 249
1757677676554 158.108950183016 250
1757677676762 158.06736259569263 251
1757677676923 158.0257860457566 252
1757677677091 157.98422053027824 253
1757677677235 157.94266604632864 254
1757677677368 157.90112259097972 255
1757677677501 157.8595901613041 256
1757677677626 157.81806875437528 257
1757677677743 157.7765583672675 258
1757677677861 157.73505899705563 259
1757677677977 157.69357064081558 260
1757677678089 157.6520932956238 261
1757677678207 157.61062695855767 262
1757677678315 157.56917162669524 263
1757677678424 157.52772729711546 264
1757677678535 157.48629396689793 265
1757677678660 157.44487163312306 266
1757677678786 157.40346029287213 267
1757677678910 157.36205994322697 268
1757677679031 157.3206705812705 269
1757677679152 157.27929220408615 270
1757677679258 157.2379248087582 271
1757677679365 157.19656839237177 272
1757677679471 157.1552229520127 273
1757677679576 157.1138884847676 274
1757677679680 157.0725649877239 275
1757677679780 157.03125245796969 276
1757677679881 156.98995089259398 277
1757677679982 156.9486602886864 278
1757677680088 156.90738064333755 279
1757677680203 156.86611195363858 280
1757677680309 156.8248542166816 281
1757677680411 156.78360742955934 282
1757677680520 156.74237158936543 283
1757677680623 156.70114669319415 284
1757677680728 156.65993273814067 285
1757677680830 156.61872972130087 286
1757677680933 156.5775376397714 287
1757677681020 156.53635649064967 288
1757677681144 156.49518627103387 289
1757677681253 156.45402697802302 290
1757677681376 156.41287860871682 291
1757677681488 156.3717411602158 292
1757677681596 156.33061462962118 293
1757677681707 156.28949901403507 294
1757677681815 156.2483943105603 295
1757677681923 156.20730051630034 296
1757677682041 156.16621762835968 297
1757677682152 156.1251456438434 298
1757677682257 156.08408455985736 299
1757677682371 156.04303437350822 300
1757677682486 156.00199508190343 301
1757677682633 155.9609666821512 302
1757677682745 155.91994917136043 303
1757677682858 155.87894254664096 304
1757677682964 155.83794680510312 305
1757677683073 155.79696194385835 306
1757677683178 155.7559879600186 307
1757677683276 155.7150248506966 308
1757677683386 155.67407261300605 309
1757677683495 155.6331312440612 310
1757677683608 155.59220074097715 311
1757677683719 155.55128110086974 312
1757677683828 155.51037232085568 313
1757677683942 155.46947439805226 314
1757677684051 155.42858732957774 315
1757677684157 155.38771111255096 316
1757677684267 155.3468457440916 317
1757677684375 155.30599122132023 318
1757677684485 155.26514754135792 319
1757677684592 155.22431470132673 320
1757677684702 155.1834926983494 321
1757677684808 155.14268152954938 322
1757677684918 155.10188119205102 323
1757677685025 155.06109168297934 324
1757677685129 155.0203129994601 325
1757677685233 154.97954513861987 326
1757677685333 154.938788097586 327
1757677685448 154.89804187348656 328
1757677685566 154.85730646345039 329
1757677685689 154.8165818646071 330
1757677685806 154.77586807408707 331
1757677685918 154.73516508902142 332
1757677686024 154.6944729065421 333
1757677686132 154.6537915237817 334
1757677686247 154.61312093787367 335
1757677686355 154.5724611459522 336
1757677686456 154.53181214515214 337
1757677686564 154.4911739326093 338
1757677686670 154.4505465054601 339
1757677686802 154.40992986084174 340
1757677686931 154.36932399589224 341
1757677687057 154.32872890775033 342
1757677687181 154.28814459355553 343
1757677687292 154.247571050448 344
1757677687407 154.20700827556882 345
1757677687530 154.16645626605978 346
1757677687652 154.12591501906343 347
1757677687764 154.085384531723 348
1757677687876 154.0448648011826 349
1757677688020 154.00435582458704 350
1757677688152 153.96385759908185 351
1757677688271 153.92337012181335 352
1757677688391 153.88289338992868 353
1757677688511 153.84242740057562 354
1757677688628 153.8019721509028 355
1757677688746 153.76152763805956 356
1757677688863 153.721093859196 357
1757677688982 153.68067081146302 358
1757677689100 153.6402584920122 359
1757677689221 153.59985689799598 360
1757677689333 153.55946602656743 361
1757677689451 153.5190858748805 362
1757677689575 153.47871644008976 363
1757677689709 153.43835771935073 364
1757677689844 153.39800970981943 365
1757677689976 153.35767240865286 366
1757677690108 153.31734581300864 367
1757677690292 153.27702992004524 368
1757677690421 153.23672472692178 369
1757677690552 153.1964302307982 370
1757677690673 153.15614642883526 371
1757677690802 153.1158733181943 372
1757677690937 153.07561089603752 373
1757677691068 153.0353591595279 374
1757677691204 152.9951181058291 375
1757677691344 152.95488773210562 376
1757677691490 152.91466803552262 377
1757677691647 152.87445901324608 378
1757677691812 152.8342606624427 379
1757677691966 152.79407298027988 380
1757677692139 152.75389596392588 381
1757677692313 152.7137296105497 382
1757677692483 152.67357391732102 383
1757677692660 152.63342888141025 384
1757677692851 152.5932944999887 385
1757677693056 152.5531707702283 386
1757677693271 152.5130576893017 387
1757677693502 152.47295525438247 388
1757677693711 152.43286346264475 389
1757677694018 152.39278231126355 390
1757677694294 152.35271179741457 391
1757677694607 152.3126519182743 392
1757677694873 152.2726026710199 393
1757677695115 152.2325640528294 394
1757677695394 152.19253606088148 395
1757677695646 152.15251869235567 396
1757677695893 152.11251194443207 397
1757677696189 152.07251581429168 398
1757677696437 152.03253029911627 399
1757677696652 151.99255539608825 400
1757677696882 151.95259110239084 401
1757677697141 151.91263741520794 402
1757677697366 151.8726943317243 403
1757677697626 151.83276184912535 404
1757677697859 151.79283996459733 405
1757677698071 151.75292867532713 406
1757677698267 151.71302797850242 407
1757677698448 151.6731378713117 408
1757677698630 151.6332583509441 409
1757677698817 151.59338941458958 410
1757677699009 151.5535310594388 411
1757677699214 151.51368328268316 412
1757677699396 151.47384608151486 413
1757677699577 151.43401945312678 414
1757677699786 151.39420339471255 415
1757677699973 151.35439790346666 416
1757677700161 151.31460297658418 417
1757677700353 151.27481861126097 418
1757677700544 151.23504480469376 419
1757677700734 151.19528155407986 420
1757677700916 151.15552885661742 421
1757677701092 151.11578670950524 422
1757677701271 151.076055109943 423
1757677701456 151.03633405513105 424
1757677701649 150.99662354227044 425
1757677701834 150.95692356856307 426
1757677702013 150.91723413121142 427
1757677702253 150.8775552274189 428
1757677702443 150.83788685438952 429
1757677702626 150.79822900932814 430
1757677702809 150.75858168944032 431
1757677702984 150.71894489193227 432
1757677703167 150.6793186140111 433
1757677703350 150.6397028528845 434
1757677703536 150.60009760576105 435
1757677703730 150.56050286985 436
1757677703911 150.52091864236135 437
1757677704089 150.48134492050582 438
1757677704267 150.44178170149485 439
1757677704453 150.40222898254072 440
1757677704630 150.3626867608564 441
1757677704817 150.32315503365552 442
1757677705057 150.28363379815255 443
1757677705242 150.24412305156267 444
1757677705456 150.2046227911018 445
1757677705617 150.16513301398655 446
1757677705789 150.12565371743437 447
1757677705950 150.08618489866336 448
1757677706114 150.04672655489242 449
1757677706265 150.00727868334113 450
1757677706415 149.96784128122985 451
1757677706555 149.92841434577966 452
1757677706696 149.88899787421235 453
1757677706825 149.84959186375053 454
1757677706954 149.8101963116175 455
1757677707072 149.7708112150372 456
1757677707186 149.73143657123455 457
1757677707299 149.69207237743495 458
1757677707415 149.65271863086465 459
1757677707531 149.61337532875064 460
1757677707641 149.5740424683207 461
1757677707756 149.53472004680316 462
1757677707870 149.4954080614273 463
1757677707977 149.456106509423 464
1757677708087 149.41681538802095 465
1757677708195 149.37753469445252 466
1757677708301 149.33826442594986 467
1757677708410 149.29900457974577 468
1757677708513 149.2597551530739 469
1757677708628 149.22051614316862 470
1757677708749 149.18128754726496 471
1757677708868 149.14206936259865 472
1757677709021 149.10286158640633 473
1757677709140 149.06366421592517 474
1757677709252 149.02447724839323 475
1757677709364 148.98530068104927 476
1757677709477 148.94613451113264 477
1757677709588 148.90697873588368 478
1757677709749 148.86783335254324 479
1757677709900 148.82869835835297 480
1757677710059 148.78957375055535 481
1757677710262 148.75045952639343 482
1757677710452 148.71135568311107 483
1757677710624 148.6722622179529 484
1757677710829 148.6331791281642 485
1757677711008 148.59410641099106 486
1757677711209 148.55504406368027 487
1757677711380 148.5159920834793 488
1757677711578 148.47695046763644 489
1757677711783 148.43791921340065 490
1757677711990 148.39889831802162 491
1757677712176 148.35988777874982 492
1757677712389 148.32088759283639 493
1757677712593 148.28189775753322 494
1757677712771 148.24291827009296 495
1757677712965 148.20394912776894 496
1757677713175 148.16499032781527 497
1757677713342 148.12604186748675 498
1757677713524 148.08710374403896 499
