1757445485917 168.83789575554601 0
1757445485990 167.77956385703774 1
1757445486061 167.1570470916288 2
1757445486133 166.5362202078439 3
1757445486202 165.91806450894006 4
1757445486281 165.30256591835888 5
1757445486340 164.68971269151453 6
1757445486404 164.07949313135651 7
1757445486462 163.4723992238141 8
1757445486522 162.86766034390467 9
1757445486586 162.26551942827248 10
1757445486644 161.66596444770465 11
1757445486709 161.06898397421327 12
1757445486779 160.47456662986067 13
1757445486843 159.8827010877801 14
1757445486912 159.29336875284432 15
1757445486982 158.70657671859212 16
1757445487067 158.1222918275799 17
1757445487133 157.54052492071102 18
1757445487201 156.96124297816343 19
1757445487275 156.38445689849206 20
1757445487342 155.81014108023805 21
1757445487411 155.23828099412972 22
1757445487479 154.6688839553652 23
1757445487546 154.101917298889 24
1757445487612 153.53739206458164 25
1757445487679 152.9752757212628 26
1757445487745 152.41557936401816 27
1757445487813 151.85827059895772 28
1757445487884 151.3033605756804 29
1757445487951 150.75081703653169 30
1757445488018 150.2006511849478 31
1757445488108 149.65283089846324 32
1757445488275 149.10736743368292 33
1757445488329 148.56422880229272 34
1757445488379 148.02342631340426 35
1757445488427 147.48493528724404 36
1757445488476 146.94874195698574 37
1757445488528 146.41485409254904 38
1757445488589 145.88324004056332 39
1757445488648 145.35391123885867 40
1757445488705 144.82683616029001 41
1757445488766 144.30202629294004 42
1757445488830 143.77945023925017 43
1757445488893 143.2591195369152 44
1757445488950 142.7410029169715 45
1757445489015 142.22511196610083 46
1757445489079 141.71141554295127 47
1757445489139 141.19992528257296 48
1757445489203 140.69061726016025 49
1757445489269 140.1834783303032 50
1757445489337 139.67851662617713 51
1757445489402 139.17570132516008 52
1757445489470 138.6750441808613 53
1757445489539 138.1765144906308 54
1757445489608 137.68012405433998 55
1757445489677 137.18584229262478 56
1757445489748 136.69368105101975 57
1757445489819 136.2036098725071 58
1757445489891 135.7156406477005 59
1757445489962 135.22974304099645 60
1757445490033 134.74592898750987 61
1757445490101 134.26416827212725 62
1757445490172 133.78447287389275 63
1757445490239 133.3068196916045 64
1757445490307 132.83119625428125 65
1757445490371 132.35761108107732 66
1757445490437 131.88603425794886 67
1757445490512 131.41647787160272 68
1757445490583 130.94891212115925 69
1757445490650 130.4833491353079 70
1757445490726 130.0197592295927 71
1757445490796 129.55815457413158 72
1757445490868 129.098505600009 73
1757445490937 128.64082451823163 74
1757445491010 128.18508187454816 75
1757445491083 127.73128992031972 76
1757445491155 127.27942622922517 77
1757445491225 126.8294788800501 78
1757445491298 126.38145669972299 79
1757445491369 125.93533052061254 80
1757445491441 125.49111269296884 81
1757445491512 125.04877415675783 82
1757445491581 124.60832730076642 83
1757445491652 124.1697431757704 84
1757445491723 123.73303420857577 85
1757445491793 123.29817155993071 86
1757445491867 122.86516769415634 87
1757445491936 122.43399388114274 88
1757445492008 122.00466262222734 89
1757445492080 121.57714529561834 90
1757445492156 121.15145443917604 91
1757445492223 120.72756836310167 92
1757445492294 120.30547574294569 93
1757445492375 119.88518573200906 94
1757445492443 119.46666997937604 95
1757445492516 119.04994111239272 96
1757445492585 118.6349708816783 97
1757445492651 118.22177194942334 98
1757445492716 117.8103161709406 99
1757445492779 117.4006162427865 100
1757445492846 116.9926441241798 101
1757445492914 116.58641254557746 102
1757445492979 116.1818935693232 103
1757445493047 115.77909995931387 104
1757445493113 115.37800388024337 105
1757445493181 114.97861812899292 106
1757445493251 114.58092170971094 107
1757445493319 114.18490385693225 108
1757445493387 113.79057402174968 109
1757445493455 113.39790462492486 110
1757445493524 113.00690854414141 111
1757445493595 112.6175582959973 112
1757445493666 112.22986678961115 113
1757445493741 111.84380664052229 114
1757445493811 111.45939078884234 115
1757445493880 111.07659194831123 116
1757445493953 110.69542308960399 117
1757445494022 110.31585702392641 118
1757445494091 109.93790675209186 119
1757445494161 109.5615451820434 120
1757445494234 109.18678534431224 121
1757445494306 108.81360689703037 122
1757445494378 108.44199959838095 123
1757445494444 108.0719731707969 124
1757445494515 107.70350076435768 125
1757445494586 107.3365954823825 126
1757445494659 106.97123056542938 127
1757445494732 106.6074191451062 128
1757445494803 106.24513455550151 129
1757445494874 105.88438995610363 130
1757445494946 105.52515877383462 131
1757445495019 105.1674541956671 132
1757445495088 104.81124974066552 133
1757445495159 104.45655862289455 134
1757445495237 104.10335445287545 135
1757445495314 103.75165047137719 136
1757445495390 103.40142695299734 137
1757445495460 103.05267414651547 138
1757445495531 102.70540202123283 139
1757445495591 102.35958441669828 140
1757445495647 102.01523463907583 141
1757445495709 101.67232661335464 142
1757445495771 101.33087367108543 143
1757445495834 100.99084982569691 144
1757445495904 100.65226843374973 145
1757445495970 100.3151035964565 146
1757445496040 99.97936869502239 147
1757445496107 99.64503791779356 148
1757445496180 99.31212467025819 149
1757445496248 98.98060322725077 150
1757445496319 98.65048701818513 151
1757445496390 98.32175689889631 152
1757445496452 97.99440357784351 153
1757445496514 97.66843724856552 154
1757445496581 97.343832402587 155
1757445496648 97.02060252790096 156
1757445496712 96.69872219673366 157
1757445496783 96.3782049197897 158
1757445496858 96.05902535294423 159
1757445496934 95.7411970292659 160
1757445497008 95.42469468766161 161
1757445497080 95.10953188322739 162
1757445497153 94.79568343728972 163
1757445497224 94.48316292663903 164
1757445497295 94.17194525441417 165
1757445497367 93.86204401877058 166
1757445497439 93.55343420405713 167
1757445497509 93.2461294294685 168
1757445497582 92.9401111697191 169
1757445497654 92.63537061938395 170
1757445497738 92.33191820090101 171
1757445497818 92.02972910219911 172
1757445497890 91.72881699397347 173
1757445497962 91.42915713982251 174
1757445498032 91.13076323037518 175
1757445498102 90.83361060778863 176
1757445498172 90.53771298230863 177
1757445498241 90.24304577407479 178
1757445498313 89.94962271264306 179
1757445498384 89.6574192955639 180
1757445498451 89.36644927140019 181
1757445498519 89.07668821454607 182
1757445498593 88.78814989227159 183
1757445498665 88.50081629237357 184
1757445498737 88.21467900965507 185
1757445498808 87.92974864808133 186
1757445498879 87.64600097477847 187
1757445498950 87.36344980279856 188
1757445499020 87.0820709707766 189
1757445499086 86.80187830945466 190
1757445499155 86.52284773181533 191
1757445499226 86.2449930859986 192
1757445499298 85.96829035879196 193
1757445499371 85.69275341545135 194
1757445499444 85.41835831603083 195
1757445499517 85.1451189426233 196
1757445499591 84.87301142801547 197
1757445499667 84.60204967086129 198
1757445499742 84.33221614309026 199
1757445499817 84.06350281464343 200
1757445499894 83.79592045335279 201
1757445499967 83.52944537452076 202
1757445500046 83.26409151732187 203
1757445500121 82.99983526465168 204
1757445500198 82.73669057131076 205
1757445500272 82.47463389057656 206
1757445500342 82.21367919260683 207
1757445500413 81.9538030005499 208
1757445500482 81.69501929966134 209
1757445500552 81.43730468245343 210
1757445500621 81.18067314902306 211
1757445500690 80.9251013607435 212
1757445500765 80.6706033322995 213
1757445500840 80.41715579342635 214
1757445500912 80.16477277314587 215
1757445500987 79.91343725930469 216
1757445501063 79.66314161871004 217
1757445501136 79.41389678523943 218
1757445501208 79.16567966027938 219
1757445501280 78.91850430792101 220
1757445501354 78.67234769298298 221
1757445501426 78.42722389304424 222
1757445501497 78.18310993908887 223
1757445501571 77.94001992193904 224
1757445501646 77.69793093826665 225
1757445501718 77.45685709190155 226
1757445501794 77.21677554472971 227
1757445501864 76.97770041335572 228
1757445501935 76.7396089244095 229
1757445502010 76.50251520704022 230
1757445502087 76.26639655215546 231
1757445502160 76.03126710122129 232
1757445502232 75.79711032543372 233
1757445502304 75.56391896049755 234
1757445502375 75.33170408722783 235
1757445502447 75.1004431580275 236
1757445502517 74.87015034448108 237
1757445502582 74.64080315853704 238
1757445502648 74.41241578332641 239
1757445502720 74.18496579302203 240
1757445502792 73.95846738207909 241
1757445502865 73.73289818644828 242
1757445502937 73.50827241169527 243
1757445503015 73.28456775510577 244
1757445503103 73.06179843314452 245
1757445503177 72.83994220399289 246
1757445503255 72.61901329480587 247
1757445503329 72.39899557795808 248
1757445503402 72.17988209303965 249
1757445503478 71.96168403602603 250
1757445503550 71.74437931818187 251
1757445503624 71.52798219279539 252
1757445503697 71.31247062746006 253
1757445503772 71.0978588854481 254
1757445503843 70.88412499331359 255
1757445503915 70.67128322410854 256
1757445503989 70.45931166292677 257
1757445504063 70.24822459240413 258
1757445504134 70.03800015575683 259
1757445504205 69.8286526450109 260
1757445504278 69.62016026109065 261
1757445504350 69.4125373052209 262
1757445504422 69.2057620356231 263
1757445504496 68.99984876253176 264
1757445504565 68.79478178622699 265
1757445504634 68.59055446792735 266
1757445504707 68.38717811903872 267
1757445504780 68.18463114191319 268
1757445504857 67.98292786880141 269
1757445504932 67.78204675496359 270
1757445505006 67.58200214102071 271
1757445505083 67.3827725377204 272
1757445505156 67.18437229386876 273
1757445505226 66.98677997530729 274
1757445505301 66.79000993884983 275
1757445505375 66.59404080504125 276
1757445505446 66.39888693852784 277
1757445505519 66.20452701417042 278
1757445505595 66.01097540427457 279
1757445505671 65.81821083763262 280
1757445505747 65.62624769403824 281
1757445505824 65.43507067505364 282
1757445505899 65.24467344100226 283
1757445505973 65.05506740410746 284
1757445506052 64.86623142891598 285
1757445506125 64.67817991351184 286
1757445506210 64.49089177215203 287
1757445506283 64.30438140983087 288
1757445506357 64.11862779304387 289
1757445506429 63.93364533352779 290
1757445506492 63.74941304964836 291
1757445506550 63.56594535972449 292
1757445506616 63.38322133362678 293
1757445506684 63.201255396097935 294
1757445506754 63.02002666815083 295
1757445506821 62.839549580795435 296
1757445506888 62.65980330582722 297
1757445506955 62.48080228036881 298
1757445507029 62.302531582426795 299
1757445507104 62.124985150532055 300
1757445507177 61.948174484433636 301
1757445507247 61.772078883842035 302
1757445507321 61.596712800802955 303
1757445507398 61.4220555817469 304
1757445507474 61.24812168431077 305
1757445507552 61.07489050412328 306
1757445507626 60.90237650426063 307
1757445507702 60.73055912920517 308
1757445507774 60.55945284732769 309
1757445507849 60.389037151622105 310
1757445507926 60.21932651561094 311
1757445508003 60.050300480460336 312
1757445508075 59.881973524703355 313
1757445508150 59.71432523734169 314
1757445508229 59.54737010177942 315
1757445508314 59.381093549289986 316
1757445508388 59.21548977722116 317
1757445508462 59.05057036076919 318
1757445508537 58.8863150095116 319
1757445508612 58.72273821873701 320
1757445508684 58.55981974194591 321
1757445508758 58.39757407882818 322
1757445508833 58.235981029236704 323
1757445508909 58.07505509712537 324
1757445508984 57.914776128376715 325
1757445509062 57.75515863107832 326
1757445509139 57.5961824968222 327
1757445509218 57.437862237700834 328
1757445509295 57.280177790698076 329
1757445509371 57.12314367178407 330
1757445509450 56.96673986301923 331
1757445509525 56.81098088412583 332
1757445509601 56.655846761927904 333
1757445509676 56.50135201977589 334
1757445509754 56.347482458261545 335
1757445509833 56.19423254277097 336
1757445509908 56.04161391986718 337
1757445509981 55.88960672929736 338
1757445510060 55.7382255032557 339
1757445510136 55.58745042249863 340
1757445510209 55.43729602243128 341
1757445510282 55.287742527195576 342
1757445510358 55.13880447528516 343
1757445510433 54.990462133927544 344
1757445510506 54.84273004458921 345
1757445510578 54.695588517285664 346
1757445510661 54.54905209634189 347
1757445510766 54.403101134266066 348
1757445510823 54.25775017812879 349
1757445510880 54.112979622637944 350
1757445510939 53.96880401749824 351
1757445511008 53.82520947244898 352
1757445511079 53.68219067511359 353
1757445511148 53.53975932549137 354
1757445511220 53.39789592482365 355
1757445511303 53.256615029228335 356
1757445511385 53.11589717852543 357
1757445511454 52.97575693109273 358
1757445511530 52.836174867658876 359
1757445511604 52.69716554875126 360
1757445511677 52.5587095957262 361
1757445511747 52.420821571156836 362
1757445511823 52.28348213674841 363
1757445511902 52.14670585701722 364
1757445511979 52.0104734337407 365
1757445512058 51.874799433277076 366
1757445512133 51.73966459720144 367
1757445512208 51.60508349361401 368
1757445512320 51.47104252268874 369
1757445512398 51.33753657891988 370
1757445512472 51.20457740684609 371
1757445512550 51.07214584858771 372
1757445512620 50.94025647647748 373
1757445512689 50.80889016893878 374
1757445512762 50.678061499711276 375
1757445512840 50.54775138580616 376
1757445512916 50.417974402270936 377
1757445512994 50.288711504441316 378
1757445513072 50.159977268579624 379
1757445513148 50.03175268808482 380
1757445513226 49.90405234034222 381
1757445513304 49.776857256554706 382
1757445513380 49.650182015139976 383
1757445513456 49.524007684847525 384
1757445513539 49.39834884503802 385
1757445513619 49.27318660175212 386
1757445513698 49.14853553520524 387
1757445513775 49.024382349565656 388
1757445513854 48.90072215370914 389
1757445513930 48.7775667324403 390
1757445514007 48.654897286094275 391
1757445514082 48.53272839695147 392
1757445514159 48.41104129927688 393
1757445514230 48.2898505759105 394
1757445514303 48.16913749728297 395
1757445514377 48.04891664670605 396
1757445514453 47.92916933053111 397
1757445514531 47.80991013245969 398
1757445514610 47.6911203945208 399
1757445514674 47.5728147007249 400
1757445514743 47.454974428537255 401
1757445514816 47.33761416219747 402
1757445514889 47.22071531436768 403
1757445514965 47.10429246943788 404
1757445515043 46.98833258634312 405
1757445515120 46.872830951825954 406
1757445515208 46.75779937911666 407
1757445515281 46.64321936994689 408
1757445515355 46.529105509052 409
1757445515429 46.41543933011177 410
1757445515505 46.30223541774924 411
1757445515577 46.18947533978556 412
1757445515656 46.0771736806529 413
1757445515735 45.965312042084065 414
1757445515831 45.85390500824731 415
1757445515903 45.742934214559085 416
1757445515977 45.632414244851795 417
1757445516054 45.52232676799918 418
1757445516131 45.41268636742678 419
1757445516210 45.30347474524106 420
1757445516290 45.19470648439064 421
1757445516361 45.086363319991776 422
1757445516431 44.97845983444715 423
1757445516504 44.87098325357438 424
1757445516583 44.76392904852811 425
1757445516664 44.657309056656274 426
1757445516741 44.55110509668629 427
1757445516817 44.445331749667204 428
1757445516890 44.33997086420645 429
1757445516971 44.235037020577295 430
1757445517048 44.130512099414275 431
1757445517134 44.026410680145695 432
1757445517210 43.92271467521927 433
1757445517288 43.81943866315448 434
1757445517361 43.716564587999876 435
1757445517428 43.61410702730312 436
1757445517490 43.512047956502855 437
1757445517560 43.41040195211286 438
1757445517630 43.30915102075268 439
1757445517697 43.20830973784105 440
1757445517771 43.107860140970736 441
1757445517842 43.00781680440516 442
1757445517917 42.90816720328709 443
1757445517993 42.80890697916137 444
1757445518072 42.710047986316454 445
1757445518152 42.611572340871625 446
1757445518226 42.51349461425083 447
1757445518306 42.415796950528986 448
1757445518385 42.31849391977456 449
1757445518463 42.22156769612037 450
1757445518600 42.1250328482187 451
1757445518677 42.02887158006099 452
1757445518746 41.93309845882769 453
1757445518815 41.83769571817107 454
1757445518886 41.742677923744886 455
1757445518958 41.64802733866588 456
1757445519027 41.55375852700711 457
1757445519103 41.459853781154926 458
1757445519177 41.366327663548454 459
1757445519250 41.273167858541875 460
1757445519325 41.18037014915354 461
1757445519402 41.08794639944287 462
1757445519488 40.99587897606747 463
1757445519572 40.90418243746128 464
1757445519650 40.812839176628614 465
1757445519731 40.72186375019349 466
1757445519811 40.63123857957048 467
1757445519890 40.54097821951982 468
1757445519967 40.45106511967925 469
1757445520047 40.36151383289621 470
1757445520129 40.272306836845885 471
1757445520204 40.183458682414745 472
1757445520280 40.09495187513095 473
1757445520360 40.00680096387255 474
1757445520437 39.91898848183772 475
1757445520519 39.83152897584933 476
1757445520598 39.74440500659385 477
1757445520671 39.65763111879295 478
1757445520739 39.57119521624417 479
1757445520810 39.48509322875978 480
1757445520880 39.3993370259184 481
1757445520950 39.31390923822715 482
1757445521021 39.22882440526513 483
1757445521093 39.14406518220518 484
1757445521162 39.05964610637359 485
1757445521233 38.97554985963043 486
1757445521308 38.891790977002245 487
1757445521380 38.80835216686189 488
1757445521452 38.72524796189396 489
1757445521528 38.64246109681093 490
1757445521602 38.560006101913906 491
1757445521675 38.47786573808302 492
1757445521755 38.39605453319507 493
1757445521832 38.31455527412719 494
1757445521912 38.233382486291596 495
1757445521986 38.152518982393026 496
1757445522060 38.07197928533959 497
1757445522138 37.99175150421247 498
1757445522211 37.91183170456962 499
