1757449192451 154.60486496234515 0
1757449192528 145.75413864371237 1
1757449192597 132.31050613905532 2
1757449192665 126.54004763622024 3
1757449192729 121.81739894723678 4
1757449192792 106.85944558141044 5
1757449192863 101.38798441227709 6
1757449192921 92.97858099477334 7
1757449192984 86.54522767020569 8
1757449193047 87.30081646646215 9
1757449193105 82.8470087833156 10
1757449193169 69.08640197816113 11
1757449193234 67.0373398665154 12
1757449193297 66.19753325012276 13
1757449193350 67.12923851817376 14
1757449193408 58.5965825857102 15
1757449193472 66.066828819972 16
1757449193541 55.604971165960826 17
1757449193613 58.89831158128822 18
1757449193686 45.708484867631164 19
1757449193758 42.09067436862011 20
1757449193830 37.513075800639115 21
1757449193901 44.970324831611286 22
1757449193970 32.35706990884859 23
1757449194043 30.146104401822853 24
1757449194113 28.87722082849063 25
1757449194178 23.33920509349943 26
1757449194249 28.66971775653621 27
1757449194321 25.581830578764055 28
1757449194396 28.831243851425757 29
1757449194470 39.90535338400941 30
1757449194542 23.66688182321008 31
1757449194612 21.543430012693847 32
1757449194682 18.625974486058173 33
1757449194748 26.641666511043816 34
1757449194812 22.680249659782774 35
1757449194876 27.50089800133388 36
1757449194945 12.915210921205531 37
1757449195010 38.80552382546262 38
1757449195076 25.02068397023735 39
1757449195145 21.138598113963347 40
1757449195217 19.253190612474402 41
1757449195288 7.722275085492903 42
1757449195358 19.479853250002588 43
1757449195426 19.35621093282848 44
1757449195490 20.44066990374904 45
1757449195555 12.268824482203595 46
1757449195620 22.602140128456416 47
1757449195689 13.581752051107696 48
1757449195755 13.077821165643536 49
1757449195824 19.51279236506734 50
1757449195902 13.036447372156124 51
1757449195973 9.573554522914817 52
1757449196043 15.75732117475489 53
1757449196114 21.433385905565842 54
1757449196185 9.459716346710787 55
1757449196269 17.82371884041561 56
1757449196349 13.604779521346135 57
1757449196455 9.580828966190762 58
1757449196549 11.88130506641484 59
1757449196641 10.418933875310799 60
1757449196717 16.947208195606894 61
1757449196819 17.558738547449156 62
1757449196894 10.559662846421615 63
1757449196965 15.33948347253294 64
1757449197034 18.217695420348768 65
1757449197377 14.545709072931224 66
1757449197514 9.277152451045827 67
1757449197594 14.343254371898846 68
1757449197662 11.741417114521264 69
1757449197734 13.874860734562981 70
1757449197818 15.56708773665853 71
1757449197885 16.433980703304943 72
1757449197954 10.764354137051198 73
1757449198031 15.761612342001873 74
1757449198113 14.70697218847285 75
1757449198185 15.97630950264578 76
1757449198262 9.818756876052047 77
1757449198321 25.969147752170937 78
1757449198387 15.350221105585222 79
1757449198452 16.379219451527867 80
1757449198516 17.805087983733316 81
1757449198581 16.400057557281233 82
1757449198647 14.275417402240425 83
1757449198708 14.557281672707639 84
1757449198774 25.63387313149259 85
1757449198839 19.50172399589094 86
1757449198903 17.955317462976762 87
1757449198970 13.597442046771203 88
1757449199059 15.340535355863645 89
1757449199126 6.715791371411098 90
1757449199192 9.066559333222244 91
1757449199259 8.278338032715183 92
1757449199326 7.73252340969136 93
1757449199391 19.75030492998135 94
1757449199459 16.108983721099307 95
1757449199533 8.140807439988656 96
1757449199603 12.36949914601021 97
1757449199669 8.777632326845005 98
1757449199750 17.159568180525522 99
1757449199870 12.064569048480347 100
1757449199950 17.994348034406755 101
1757449200010 20.761348034839312 102
1757449200069 9.909772512854692 103
1757449200125 17.223974233926302 104
1757449200192 14.270700685731875 105
1757449200256 10.067776028209744 106
1757449200326 10.011488028031494 107
1757449200401 4.524048513720171 108
1757449200490 10.799927795621594 109
1757449200568 13.250545724936869 110
1757449200650 11.639104907203821 111
1757449200714 7.987228973684212 112
1757449200780 13.63423876404616 113
1757449200846 17.34229517835951 114
1757449200912 26.981258344989048 115
1757449200986 11.264169467158757 116
1757449201058 13.85989958318676 117
1757449201126 14.329453486330287 118
1757449201190 10.558659976625806 119
1757449201257 9.677088776553779 120
1757449201327 11.083108341841777 121
1757449201402 18.174765336688544 122
1757449201466 16.453593477272733 123
1757449201535 10.53100813424943 124
1757449201600 17.547072565069843 125
1757449201666 13.20173752933313 126
1757449201733 14.50179311638732 127
1757449201800 20.847148019831444 128
1757449201872 21.01671556095932 129
1757449201949 11.250279740828573 130
1757449202025 13.497750278569368 131
1757449202100 7.8316550660085795 132
1757449202167 18.508304439421302 133
1757449202242 28.504996792471108 134
1757449202307 9.817477629176462 135
1757449202374 13.696954880770358 136
1757449202446 10.784352708168514 137
1757449202515 12.319523453636224 138
