1757587457798 176.09880992620032 0
1757587457865 186.7287197009014 1
1757587457924 165.27027815634221 2
1757587457987 162.70927773339852 3
1757587458051 155.05126763999698 4
1757587458113 151.09226997040804 5
1757587458176 146.53220949574867 6
1757587458239 142.8640291354894 7
1757587458298 139.29304095308552 8
1757587458359 136.05520760904676 9
1757587458423 132.99154514497283 10
1757587458491 130.12842588461913 11
1757587458554 127.42575760304396 12
1757587458615 124.8776950162327 13
1757587458678 122.4680807151245 14
1757587458743 120.18766568276003 15
1757587458806 118.02618646843607 16
1757587458949 115.97520685307727 17
1757587459028 114.0266789484207 18
1757587459083 112.17335969028764 19
1757587459137 110.40852318038947 20
1757587459193 108.72598711138836 21
1757587459252 107.1200327772797 22
1757587459313 105.58537737853183 23
1757587459373 104.11713458173143 24
1757587459435 102.71078443736701 25
1757587459499 101.36214461645433 26
1757587459565 100.06734435948783 27
1757587459629 98.82280071690148 28
1757587459695 97.62519649432673 29
1757587459751 96.47146009031573 30
1757587459816 95.35874678871318 31
1757587459876 94.28442156764183 32
1757587459942 93.24604318520565 33
1757587460006 92.24134951324186 34
1757587460072 91.26824397804316 35
1757587460136 90.32478304805296 36
1757587460200 89.40916467249298 37
1757587460264 88.51971760652955 38
1757587460328 87.65489154965202 39
1757587460391 86.81324803774692 40
1757587460454 85.99345202927567 41
1757587460522 85.19426413326573 42
1757587460588 84.41453342930205 43
1757587460648 83.65319083443728 44
1757587460710 82.9092429748962 45
1757587460776 82.18176652398819 46
1757587460839 81.46990297044036 47
1757587460904 80.772853784216 48
1757587460969 80.08987594935961 49
1757587461033 79.42027783578587 50
1757587461097 78.76341538406946 51
1757587461163 78.11868857929959 52
1757587461227 77.48553819189516 53
1757587461292 76.86344276498035 54
1757587461357 76.25191582948425 55
1757587461418 75.65050332957767 56
1757587461482 75.05878124239327 57
1757587461547 74.47635337720908 58
1757587461612 73.90284934041235 59
1757587461676 73.3379226536101 60
1757587461738 72.78124901322244 61
1757587461806 72.23252468078857 62
1757587461871 71.69146499404091 63
1757587461936 71.15780298956506 64
1757587462003 70.63128812856604 65
1757587462067 70.11168511791155 66
1757587462132 69.59877281922039 67
1757587462199 69.09234323931983 68
1757587462262 68.59220059590398 69
1757587462325 68.09816045269837 70
1757587462394 67.61004891886999 71
1757587462457 67.12770190782483 72
1757587462524 66.65096445090462 73
1757587462597 66.17969006183799 74
1757587462660 65.7137401481169 75
1757587462727 65.2529834657611 76
1757587462794 64.79729561420294 77
1757587462857 64.34655856827354 78
1757587462922 63.900660244501424 79
1757587462986 63.45949409914658 80
1757587463050 63.02295875558861 81
1757587463116 62.590957658869286 82
1757587463182 62.163398755355914 83
1757587463242 61.740194195647 84
1757587463311 61.32126005898359 85
1757587463378 60.90651609756177 86
1757587463444 60.49588549926267 87
1757587463511 60.08929466742936 88
1757587463574 59.68667301642287 89
1757587463638 59.287952781786146 90
1757587463705 58.89306884393246 91
1757587463765 58.501958564357004 92
1757587463830 58.11456163344568 93
1757587463895 57.73081992902498 94
1757587463962 57.35067738486099 95
1757587464026 56.9740798683755 96
1757587464090 56.60097506690167 97
1757587464159 56.231312381853215 98
1757587464224 55.86504283022723 99
1757587464289 55.50211895290481 100
1757587464358 55.1424947292536 101
1757587464425 54.78612549757311 102
1757587464492 54.432967880958316 103
1757587464562 54.08297971818857 104
1757587464629 53.736119999277925 105
1757587464696 53.39234880535067 106
1757587464762 53.05162725252981 107
1757587464826 52.71391743955055 108
1757587464894 52.37918239883124 109
1757587464960 52.04738605075468 110
1757587465026 51.71849316093059 111
1757587465092 51.392469300227035 112
1757587465152 51.06928080737439 113
1757587465221 50.74889475395962 114
1757587465287 50.43127891164233 115
1757587465351 50.11640172143611 116
1757587465419 49.80423226491041 117
1757587465488 49.49474023717857 118
1757587465555 49.187895921547636 119
1757587465622 48.88367016571437 120
1757587465693 48.58203435940063 121
1757587465761 48.28296041332867 122
1757587465820 47.986420739444476 123
1757587465885 47.6923882323036 124
1757587465959 47.40083625154023 125
1757587466030 47.111738605346076 126
1757587466100 46.825069534890716 127
1757587466166 46.54080369962005 128
1757587466233 46.25891616337401 129
1757587466299 45.979382381268934 130
1757587466368 45.70217818729381 131
1757587466439 45.427279782573315 132
1757587466503 45.15466372425368 133
1757587466567 44.88430691497088 134
1757587466636 44.616186592863095 135
1757587466700 44.350280322092466 136
1757587466763 44.08656598384317 137
1757587466831 43.82502176776566 138
1757587466902 43.56562616383841 139
1757587466969 43.30835795462124 140
1757587467040 43.05319620787523 141
1757587467106 42.800120269526744 142
1757587467175 42.54910975695408 143
1757587467245 42.300144552577066 144
1757587467314 42.05320479773102 145
1757587467384 41.808270886807975 146
1757587467451 41.56532346164908 147
1757587467518 41.3243434061732 148
1757587467586 41.08531184122782 149
1757587467655 40.848210119649146 150
1757587467722 40.61301982151941 151
1757587467786 40.3797227496098 152
1757587467848 40.148300924998686 153
1757587467915 39.91873658285503 154
1757587467983 39.69101216837788 155
1757587468050 39.46511033288315 156
1757587468121 39.24101393002981 157
1757587468188 39.01870601217775 158
1757587468258 38.79816982687026 159
1757587468326 38.57938881343462 160
1757587468396 38.36234659969448 161
1757587468467 38.14702699878828 162
1757587468538 37.933414006088114 163
1757587468606 37.72149179621436 164
1757587468676 37.51124472014064 165
1757587468745 37.302657302385235 166
1757587468813 37.095714238284316 167
1757587468884 36.8904003913433 168
1757587468953 36.6867007906624 169
1757587469024 36.484600628433085 170
1757587469096 36.284085257501964 171
1757587469165 36.08514018899915 172
1757587469234 35.887751090028104 173
1757587469307 35.69190378141435 174
1757587469377 35.497584235510274 175
1757587469446 35.30477857405378 176
1757587469512 35.11347306607842 177
1757587469583 34.923654125872794 178
1757587469648 34.735308310987364 179
1757587469719 34.54842232028647 180
1757587469787 34.36298299204403 181
1757587469850 34.178977302080966 182
1757587469920 33.99639236194293 183
1757587469992 33.81521541711665 184
1757587470063 33.63543384528345 185
1757587470131 33.45703515460879 186
1757587470198 33.280006982066034 187
1757587470267 33.10433709179386 188
1757587470337 32.93001337348557 189
1757587470405 32.75702384080954 190
1757587470465 32.58535662985952 191
1757587470526 32.41499999763403 192
1757587470596 32.24594232054368 193
1757587470665 32.07817209294559 194
1757587470733 31.911677925704108 195
1757587470804 31.74644854477685 196
1757587470870 31.58247278982549 197
1757587470940 31.419739612850403 198
1757587471013 31.258238076848407 199
1757587471080 31.09795735449314 200
1757587471150 30.938886726837236 201
1757587471219 30.781015582035742 202
1757587471288 30.624333414090135 203
1757587471356 30.46882982161254 204
1757587471430 30.314494506609446 205
1757587471498 30.161317273284386 206
1757587471565 30.009288026859224 207
1757587471630 29.858396772413478 208
1757587471702 29.708633613741295 209
1757587471771 29.559988752225532 210
1757587471837 29.412452485728554 211
1757587471906 29.266015207499567 212
1757587471975 29.120667405097652 213
1757587472046 28.976399659330646 214
1757587472114 28.833202643209052 215
1757587472182 28.691067120914962 216
1757587472253 28.549983946785513 217
1757587472327 28.409944064310555 218
1757587472398 28.270938505144272 219
1757587472467 28.132958388130465 220
1757587472535 27.995994918341143 221
1757587472606 27.86003938612823 222
1757587472674 27.72508316618801 223
1757587472746 27.591117716638276 224
1757587472815 27.45813457810756 225
1757587472885 27.326125372836607 226
1757587472955 27.195081803791634 227
1757587473025 27.06499565378911 228
1757587473094 26.935858784632032 229
1757587473163 26.80766313625728 230
1757587473236 26.680400725894014 231
1757587473306 26.554063647232795 232
1757587473374 26.428644069605298 233
1757587473445 26.30413423717436 234
1757587473512 26.18052646813433 235
1757587473583 26.05781315392137 236
1757587473657 25.935986758433618 237
1757587473729 25.815039817261056 238
1757587473802 25.694964936924933 239
1757587473865 25.57575479412649 240
1757587473936 25.457402135004926 241
1757587474007 25.339899774404447 242
1757587474077 25.223240595150212 243
1757587474150 25.10741754733303 244
1757587474220 24.99242364760274 245
1757587474291 24.878251978470054 246
1757587474361 24.764895687616786 247
1757587474432 24.652347987214274 248
1757587474505 24.540602153249996 249
1757587474576 24.42965152486211 250
1757587474646 24.31948950368184 251
1757587474713 24.210109553183727 252
1757587474783 24.101505198043373 253
1757587474856 23.993670023502798 254
1757587474928 23.886597674743204 255
1757587474996 23.780281856265013 256
1757587475069 23.674716331275125 257
1757587475138 23.56989492108127 258
1757587475205 23.465811504493388 259
1757587475277 23.36246001723181 260
1757587475347 23.259834451342396 261
1757587475418 23.157928854618227 262
1757587475487 23.056737330028042 263
1757587475559 22.956254035151087 264
1757587475630 22.856473181618448 265
1757587475701 22.757389034560795 266
1757587475775 22.658995912062238 267
1757587475842 22.56128818462052 268
1757587475917 22.46426027461318 269
1757587475994 22.36790665576981 270
1757587476069 22.272221852650212 271
1757587476139 22.177200440128406 272
1757587476210 22.08283704288242 273
1757587476283 21.989126334889807 274
1757587476352 21.89606303892878 275
1757587476424 21.803641926084854 276
1757587476495 21.71185781526307 277
1757587476565 21.620705572705543 278
1757587476635 21.530180111514404 279
1757587476703 21.440276391180006 280
1757587476776 21.350989417114345 281
1757587476847 21.262314240189628 282
1757587476920 21.1742459562819 283
1757587476995 21.086779705819726 284
1757587477067 20.99991067333779 285
1757587477139 20.913634087035398 286
1757587477210 20.82794521833982 287
1757587477282 20.742839381474422 288
1757587477352 20.658311933031452 289
1757587477425 20.574358271549546 290
1757587477495 20.490973837095787 291
1757587477565 20.408154110852347 292
1757587477639 20.32589461470757 293
1757587477713 20.244190910851522 294
1757587477784 20.16303860137592 295
1757587477853 20.082433327878345 296
1757587477926 20.002370771070794 297
1757587477999 19.92284665039242 298
1757587478070 19.84385672362641 299
1757587478140 19.765396786521045 300
1757587478213 19.687462672414842 301
1757587478285 19.610050251865623 302
1757587478360 19.533155432283678 303
1757587478436 19.456774157568788 304
1757587478510 19.380902407751154 305
1757587478580 19.30553619863616 306
1757587478653 19.230671581452953 307
1757587478724 19.15630464250669 308
1757587478798 19.082431502834623 309
1757587478870 19.009048317865734 310
1757587478943 18.936151277084033 311
1757587479018 18.863736603695408 312
1757587479090 18.79180055429806 313
1757587479162 18.720339418556392 314
1757587479235 18.64934951887836 315
1757587479310 18.578827210096218 316
1757587479380 18.508768879150693 317
1757587479454 18.439170944778454 318
1757587479525 18.370029857202873 319
1757587479601 18.301342097828073 320
1757587479674 18.233104178936152 321
1757587479746 18.165312643387704 322
1757587479817 18.097964064325314 323
1757587479885 18.03105504488033 324
1757587479959 17.964582217882626 325
1757587480030 17.898542245573424 326
1757587480106 17.832931819321132 327
1757587480178 17.76774765934015 328
1757587480255 17.70298651441263 329
1757587480326 17.638645161613116 330
1757587480398 17.574720406036107 331
1757587480470 17.5112090805264 332
1757587480541 17.44810804541227 333
1757587480674 17.385414188241473 334
1757587480751 17.32312442351992 335
1757587480823 17.26123569245312 336
1757587480896 17.199744962690293 337
1757587480968 17.13864922807113 338
1757587481037 17.077945508375205 339
1757587481110 17.017630849073957 340
1757587481183 16.957702321085268 341
1757587481255 16.89815702053054 342
1757587481329 16.838992068494335 343
1757587481403 16.780204610786452 344
1757587481474 16.7217918177065 345
1757587481548 16.66375088381084 346
1757587481618 16.606079027682025 347
1757587481693 16.54877349170052 348
1757587481767 16.49183154181882 349
1757587481842 16.435250467337877 350
1757587481910 16.379027580685847 351
1757587481985 16.323160217199067 352
1757587482061 16.26764573490531 353
1757587482134 16.212481514309285 354
1757587482208 16.15766495818025 355
1757587482285 16.10319349134189 356
1757587482357 16.049064560464327 357
1757587482428 15.995275633858189 358
1757587482503 15.941824201270865 359
1757587482576 15.888707773684821 360
1757587482649 15.835923883117925 361
1757587482724 15.783470082425858 362
1757587482799 15.731343945106516 363
1757587482872 15.679543065106436 364
1757587482947 15.628065056629133 365
1757587483020 15.576907553945418 366
1757587483096 15.526068211205653 367
1757587483174 15.475544702253892 368
1757587483252 15.42533472044393 369
1757587483327 15.375435978457167 370
1757587483402 15.325846208122375 371
1757587483472 15.276563160237275 372
1757587483547 15.227584604391867 373
1757587483619 15.178908328793595 374
1757587483695 15.130532140094344 375
1757587483776 15.082453863218992 376
1757587483848 15.034671341195887 377
1757587483920 14.987182434988915 378
1757587483990 14.93998502333131 379
1757587484060 14.893077002561126 380
1757587484136 14.846456286458375 381
1757587484212 14.80012080608373 382
1757587484293 14.754068509618968 383
1757587484372 14.708297362208935 384
1757587484450 14.662805345805094 385
1757587484521 14.61759045901065 386
1757587484594 14.572650716927287 387
1757587484673 14.527984151003352 388
1757587484749 14.483588808883573 389
1757587484822 14.439462754260344 390
1757587484898 14.39560406672643 391
1757587484976 14.352010841629149 392
1757587485052 14.308681189926018 393
1757587485128 14.265613238041883 394
1757587485209 14.222805127727394 395
1757587485277 14.180255015918917 396
1757587485344 14.13796107459987 397
1757587485418 14.095921490663404 398
1757587485496 14.05413446577646 399
1757587485572 14.012598216245166 400
1757587485648 13.971310972881584 401
1757587485726 13.930270980871773 402
1757587485796 13.889476499645134 403
1757587485870 13.84892580274509 404
1757587485951 13.808617177701013 405
1757587486028 13.768548925901452 406
1757587486102 13.728719362468558 407
1757587486178 13.689126816133804 408
1757587486256 13.64976962911489 409
1757587486334 13.610646156993871 410
1757587486415 13.571754768596557 411
1757587486491 13.533093845872942 412
1757587486566 13.494661783778964 413
1757587486640 13.45645699015935 414
1757587486714 13.41847788563163 415
1757587486813 13.380722903471288 416
1757587486892 13.343190489498035 417
1757587486970 13.30587910196321 418
1757587487048 13.268787211438278 419
1757587487124 13.231913300704386 420
1757587487203 13.195255864643077 421
1757587487277 13.158813410127989 422
1757587487353 13.122584455917677 423
1757587487431 13.086567532549424 424
1757587487508 13.050761182234128 425
1757587487588 13.015163958752238 426
1757587487665 12.979774427350584 427
1757587487745 12.944591164640396 428
1757587487823 12.909612758496129 429
1757587487901 12.874837807955418 430
1757587487974 12.840264923119909 431
1757587488054 12.805892725057108 432
1757587488134 12.771719845703142 433
1757587488211 12.737744927766522 434
1757587488291 12.703966624632745 435
1757587488371 12.670383600269922 436
1757587488449 12.63699452913524 437
1757587488529 12.603798096082357 438
1757587488604 12.570792996269734 439
1757587488683 12.537977935069774 440
1757587488765 12.505351627978865 441
1757587488846 12.472912800528343 442
1757587488930 12.440660188196262 443
1757587489012 12.408592536319972 444
1757587489090 12.376708600009644 445
1757587489173 12.345007144062555 446
1757587489253 12.313486942878203 447
1757587489335 12.282146780374239 448
1757587489417 12.250985449903228 449
1757587489498 12.220001754170205 450
1757587489589 12.189194505150963 451
1757587489674 12.158562524011215 452
1757587489752 12.128104641026447 453
1757587489829 12.097819695502611 454
1757587489903 12.067706535697488 455
1757587489975 12.037764018742884 456
1757587490054 12.007991010567531 457
1757587490131 11.978386385820725 458
1757587490210 11.948949027796711 459
1757587490287 11.91967782835971 460
1757587490362 11.890571687869802 461
1757587490441 11.86162951510937 462
1757587490521 11.832850227210336 463
1757587490596 11.804232749582035 464
1757587490678 11.775776015839803 465
1757587490757 11.747478967734251 466
1757587490833 11.719340555081137 467
1757587490937 11.691359735692016 468
1757587491008 11.663535475305455 469
1757587491082 11.635866747518932 470
1757587491161 11.608352533721387 471
1757587491239 11.580991823026357 472
1757587491320 11.553783612205825 473
1757587491398 11.526726905624638 474
1757587491478 11.499820715175545 475
1757587491559 11.473064060214856 476
1757587491638 11.446455967498736 477
1757587491716 11.419995471119993 478
1757587491794 11.39368161244562 479
1757587491877 11.367513440054783 480
1757587491954 11.341490009677456 481
1757587492032 11.315610384133631 482
1757587492111 11.28987363327307 483
1757587492191 11.26427883391563 484
1757587492272 11.238825069792199 485
1757587492350 11.213511431486058 486
1757587492429 11.188337016374952 487
1757587492504 11.163300928573568 488
1757587492583 11.138402278876592 489
1757587492666 11.113640184702366 490
1757587492750 11.08901377003693 491
1757587492835 11.064522165378728 492
1757587492919 11.040164507683713 493
1757587493001 11.015939940311046 494
1757587493082 10.99184761296925 495
1757587493161 10.967886681662886 496
1757587493238 10.9440563086397 497
1757587493319 10.920355662338288 498
1757587493399 10.896783917336226 499
