1757589981783 161.35691530788836 0
1757589981856 87.82514589527894 1
1757589981929 73.83384659693398 2
1757589982005 57.492005874456645 3
1757589982072 45.42789208713186 4
1757589982141 35.89061681356003 5
1757589982212 28.439283802573346 6
1757589982277 22.605753441220106 7
1757589982347 18.040059844431592 8
1757589982415 14.466187807723575 9
1757589982491 11.66844589238672 10
1757589982560 9.478019210433368 11
1757589982628 7.762816664704542 12
1757589982694 6.419477450720485 13
1757589982762 5.367122726280361 14
1757589982833 4.542465484106737 15
1757589982905 3.8959841852651196 16
1757589982971 3.3889286460197527 17
1757589983032 2.9909771728699925 18
1757589983104 2.678403291223672 19
1757589983172 2.432641226876302 20
1757589983242 2.2391634079844835 21
1757589983312 2.0866021203144673 22
1757589983380 1.9660622102627276 23
1757589983448 1.8705832810640537 24
1757589983522 1.7947188660932092 25
1757589983594 1.734207135704991 26
1757589983664 1.6857132282563734 27
1757589983733 1.6466276264160071 28
1757589983803 1.614908388414069 29
1757589983873 1.5889576953940472 30
1757589983941 1.5675252508099866 31
1757589984012 1.549632691311188 32
1757589984081 1.534514438929517 33
1757589984150 1.5215714184402056 34
1757589984219 1.510334841606839 35
1757589984290 1.5004378686739366 36
1757589984360 1.4915934337359238 37
1757589984432 1.4835768932847297 38
1757589984504 1.4762124488518797 39
1757589984570 1.4693625228460712 40
1757589984638 1.4629194452400212 41
1757589984707 1.4567989484763868 42
1757589984779 1.4509350772890655 43
1757589984851 1.4452762056832464 44
1757589984922 1.4397819202573536 45
1757589984993 1.4344205814298503 46
1757589985064 1.4291674151205822 47
1757589985132 1.4240030195080902 48
1757589985205 1.4189121965801954 49
1757589985271 1.413883037832441 50
1757589985345 1.4089062088349704 51
1757589985418 1.403974389412208 52
1757589985488 1.3990818355881665 53
1757589985559 1.394224036812285 54
1757589985631 1.3893974477414386 55
1757589985698 1.3845992783614887 56
1757589985766 1.3798273297590085 57
1757589985837 1.3750798656138692 58
1757589985908 1.370355511643083 59
1757589985976 1.365653176916254 60
1757589986047 1.360971992285373 61
1757589986118 1.3563112622064373 62
1757589986185 1.351670427040051 63
1757589986258 1.347049033551737 64
1757589986330 1.3424467118284547 65
1757589986402 1.3378631572157398 66
1757589986473 1.3332981161834372 67
1757589986548 1.3287513752655244 68
1757589986624 1.3242227524053876 69
1757589986694 1.3197120901833392 70
1757589986766 1.3152192505169755 71
1757589986841 1.3107441105140207 72
1757589986913 1.306286559226983 73
1757589986985 1.3018464951134652 74
1757589987056 1.297423824048654 75
1757589987131 1.2930184577698791 76
1757589987201 1.2886303126592642 77
1757589987274 1.2842593087909357 78
1757589987343 1.2799053691852422 79
1757589987413 1.2755684192249654 80
1757589987486 1.2712483861982797 81
1757589987561 1.2669451989409026 82
1757589987638 1.2626587875558537 83
1757589987705 1.2583890831939457 84
1757589987779 1.2541360178818004 85
1757589987853 1.2498995243870514 86
1757589987927 1.245679536112644 87
1757589988003 1.2414759870139076 88
1757589988080 1.2372888115334515 89
1757589988155 1.233117944549994 90
1757589988227 1.2289633213381144 91
1757589988299 1.2248248775365387 92
1757589988376 1.2207025491231103 93
1757589988448 1.216596272394989 94
1757589988520 1.2125059839529426 95
1757589988592 1.2084316206888475 96
1757589988661 1.2043731197756915 97
1757589988730 1.200330418659543 98
1757589988805 1.1963034550530536 99
1757589988878 1.1922921669301705 100
1757589988953 1.1882964925217856 101
1757589989026 1.1843163703121247 102
1757589989100 1.1803517390357168 103
1757589989176 1.1764025376748168 104
1757589989253 1.1724687054571794 105
1757589989322 1.1685501818541213 106
1757589989395 1.1646469065787914 107
1757589989464 1.1607588195846241 108
1757589989536 1.1568858610639199 109
1757589989608 1.153027971446538 110
1757589989680 1.1491850913986699 111
1757589989750 1.1453571618216851 112
1757589989826 1.1415441238510238 113
1757589989901 1.137745918855135 114
1757589989975 1.1339624884344504 115
1757589990046 1.1301937744203805 116
1757589990117 1.1264397188743376 117
1757589990188 1.122700264086777 118
1757589990263 1.1189753525762465 119
1757589990338 1.115264927088458 120
1757589990410 1.1115689305953638 121
1757589990480 1.1078873062942403 122
1757589990554 1.1042199976067852 123
1757589990628 1.100566948178217 124
1757589990696 1.096928101876382 125
1757589990767 1.093303402790867 126
1757589990838 1.089692795232119 127
1757589990913 1.0860962237305647 128
1757589990989 1.0825136330357388 129
1757589991061 1.0789449681154144 130
1757589991133 1.0753901741547391 131
1757589991209 1.0718491965553743 132
1757589991283 1.0683219809346358 133
1757589991354 1.0648084731246406 134
1757589991427 1.0613086191714594 135
1757589991499 1.0578223653342678 136
1757589991573 1.0543496580845038 137
1757589991648 1.0508904441050293 138
1757589991723 1.0474446702892914 139
1757589991793 1.0440122837404926 140
1757589991863 1.0405932317707587 141
1757589991937 1.0371874619003156 142
1757589992009 1.0337949218566644 143
1757589992083 1.0304155595737616 144
1757589992154 1.0270493231912041 145
1757589992225 1.0236961610534152 146
1757589992297 1.0203560217088368 147
1757589992374 1.0170288539091192 148
1757589992447 1.0137146066083211 149
1757589992523 1.0104132289621064 150
1757589992599 1.0071246703269505 151
1757589992670 1.0038488802593444 152
1757589992741 1.0005858085150026 153
1757589992808 0.9973354050480786 154
1757589992883 0.9940976200103789 155
1757589992960 0.9908724037505806 156
1757589993041 0.9876597068134547 157
1757589993117 0.9844594799390903 158
1757589993193 0.9812716740621223 159
1757589993270 0.9780962403109607 160
1757589993343 0.9749331300070294 161
1757589993406 0.9717822946639968 162
1757589993477 0.9686436859870206 163
1757589993550 0.9655172558719884 164
1757589993627 0.962402956404765 165
1757589993704 0.95930073986044 166
1757589993782 0.9562105587025802 167
1757589993860 0.9531323655824855 168
1757589993937 0.9500661133384457 169
1757589994011 0.9470117549950015 170
1757589994084 0.9439692437622068 171
1757589994158 0.9409385330348994 172
1757589994230 0.9379195763919652 173
1757589994304 0.9349123275956148 174
1757589994378 0.9319167405906571 175
1757589994454 0.9289327695037756 176
1757589994528 0.9259603686428138 177
1757589994604 0.9229994924960547 178
1757589994679 0.9200500957315103 179
1757589994770 0.9171121331962093 180
1757589994849 0.9141855599154906 181
1757589994925 0.9112703310922966 182
1757589995002 0.9083664021064752 183
1757589995076 0.9054737285140751 184
1757589995150 0.9025922660466525 185
1757589995226 0.8997219706105773 186
1757589995303 0.8968627982863403 187
1757589995378 0.8940147053278658 188
1757589995453 0.8911776481618269 189
1757589995531 0.8883515833869609 190
1757589995609 0.8855364677733903 191
1757589995682 0.8827322582619449 192
1757589995758 0.8799389119634863 193
1757589995830 0.8771563861582364 194
1757589995903 0.8743846382951087 195
1757589995981 0.8716236259910392 196
1757589996055 0.8688733070303248 197
1757589996130 0.8661336393639597 198
1757589996205 0.8634045811089764 199
1757589996280 0.8606860905477919 200
1757589996356 0.8579781261275502 201
1757589996432 0.8552806464594738 202
1757589996512 0.8525936103182146 203
1757589996596 0.8499169766412062 204
1757589996678 0.8472507045280223 205
1757589996751 0.8445947532397352 206
1757589996826 0.8419490821982776 207
1757589996901 0.8393136509858048 208
1757589996980 0.8366884193440649 209
1757589997056 0.8340733471737642 210
1757589997134 0.8314683945339404 211
1757589997211 0.8288735216413384 212
1757589997287 0.8262886888697837 213
1757589997364 0.8237138567495641 214
1757589997439 0.8211489859668085 215
1757589997518 0.8185940373628737 216
1757589997594 0.816048971933729 217
1757589997670 0.8135137508293453 218
1757589997745 0.8109883353530872 219
1757589997820 0.8084726869611051 220
1757589997894 0.8059667672617318 221
1757589997970 0.803470538014882 222
1757589998046 0.8009839611314509 223
1757589998121 0.7985069986727209 224
1757589998197 0.7960396128497627 225
1757589998272 0.793581766022846 226
1757589998347 0.79113342070085 227
1757589998428 0.7886945395406736 228
1757589998505 0.7862650853466526 229
1757589998583 0.7838450210699749 230
1757589998667 0.7814343098081028 231
1757589998750 0.779032914804191 232
1757589998823 0.7766407994465141 233
1757589998910 0.7742579272678908 234
1757589998988 0.7718842619451146 235
1757589999068 0.7695197672983809 236
1757589999150 0.7671644072907241 237
1757589999229 0.7648181460274514 238
1757589999308 0.7624809477555795 239
1757589999384 0.7601527768632766 240
1757589999459 0.7578335978793022 241
1757589999534 0.755523375472452 242
1757589999613 0.753222074451006 243
1757589999690 0.7509296597621741 244
1757589999770 0.7486460964915495 245
1757589999847 0.7463713498625608 246
1757589999926 0.7441053852359265 247
1757590000005 0.7418481681091138 248
1757590000081 0.7395996641157963 249
1757590000164 0.7373598390253163 250
1757590000246 0.7351286587421488 251
1757590000327 0.7329060893053682 252
1757590000411 0.7306920968881132 253
1757590000491 0.7284866477970607 254
1757590000569 0.7262897084718953 255
1757590000647 0.7241012454847838 256
1757590000728 0.7219212255398534 257
1757590000801 0.7197496154726666 258
1757590000880 0.7175863822497061 259
1757590000963 0.7154314929678532 260
1757590001050 0.7132849148538751 261
1757590001140 0.7111466152639101 262
1757590001222 0.709016561682956 263
1757590001306 0.7068947217243625 264
1757590001390 0.7047810631293219 265
1757590001474 0.7026755537663641 266
1757590001556 0.7005781616308552 267
1757590001641 0.6984888548444929 268
1757590001722 0.6964076016548096 269
1757590001805 0.6943343704346752 270
1757590001885 0.6922691296817981 271
1757590001968 0.6902118480182377 272
1757590002058 0.6881624941899066 273
1757590002138 0.6861210370660856 274
1757590002219 0.6840874456389339 275
1757590002301 0.6820616890230042 276
1757590002385 0.6800437364547578 277
1757590002470 0.6780335572920847 278
1757590002552 0.6760311210138206 279
1757590002633 0.6740363972192729 280
1757590002718 0.6720493556277409 281
1757590002792 0.6700699660780433 282
1757590002872 0.6680981985280448 283
1757590002953 0.6661340230541866 284
1757590003032 0.6641774098510174 285
1757590003118 0.6622283292307256 286
1757590003197 0.6602867516226756 287
1757590003279 0.6583526475729441 288
1757590003363 0.6564259877438582 289
1757590003443 0.6545067429135373 290
1757590003523 0.6525948839754336 291
1757590003603 0.6506903819378781 292
1757590003683 0.6487932079236244 293
1757590003764 0.6469033331693993 294
1757590003845 0.645020729025449 295
1757590003938 0.6431453669550931 296
1757590004025 0.6412772185342764 297
1757590004113 0.6394162554511232 298
1757590004194 0.637562449505495 299
1757590004277 0.6357157726085501 300
1757590004361 0.6338761967822986 301
1757590004447 0.6320436941591704 302
1757590004535 0.6302182369815758 303
1757590004614 0.6283997976014696 304
1757590004700 0.6265883484799211 305
1757590004781 0.6247838621866799 306
1757590004856 0.622986311399749 307
1757590004942 0.6211956689049549 308
1757590005023 0.6194119075955213 309
1757590005106 0.617635000471648 310
1757590005188 0.6158649206400824 311
1757590005278 0.6141016413137036 312
1757590005362 0.6123451358111 313
1757590005444 0.6105953775561523 314
1757590005527 0.6088523400776169 315
1757590005614 0.6071159970087128 316
1757590005700 0.6053863220867068 317
1757590005790 0.6036632891525034 318
1757590005875 0.601946872150235 319
1757590005959 0.6002370451268533 320
1757590006042 0.5985337822317238 321
1757590006131 0.5968370577162208 322
1757590006216 0.5951468459333236 323
1757590006314 0.5934631213372155 324
1757590006405 0.5917858584828835 325
1757590006492 0.5901150320257201 326
1757590006580 0.5884506167211263 327
1757590006674 0.5867925874241163 328
1757590006755 0.5851409190889241 329
1757590006836 0.5834955867686109 330
1757590006917 0.5818565656146748 331
1757590007000 0.580223830876661 332
1757590007084 0.5785973579017761 333
1757590007166 0.5769771221344998 334
1757590007248 0.5753630991162022 335
1757590007330 0.5737552644847599 336
1757590007415 0.5721535939741748 337
1757590007494 0.5705580634141943 338
1757590007575 0.5689686487299332 339
1757590007658 0.567385325941496 340
1757590007733 0.5658080711636014 341
1757590007813 0.5642368606052103 342
1757590007904 0.5626716705691498 343
1757590007987 0.5611124774517456 344
1757590008065 0.559559257742451 345
1757590008145 0.5580119880234787 346
1757590008228 0.5564706449694343 347
1757590008310 0.5549352053469516 348
1757590008390 0.5534056460143285 349
1757590008470 0.551881943921164 350
1757590008549 0.550364076107999 351
1757590008631 0.5488520197059558 352
1757590008710 0.5473457519363799 353
1757590008793 0.5458452501104839 354
1757590008865 0.5443504916289928 355
1757590008951 0.5428614539817891 356
1757590009038 0.5413781147475609 357
1757590009125 0.539900451593451 358
1757590009214 0.5384284422747075 359
1757590009301 0.5369620646343352 360
1757590009387 0.5355012966027493 361
1757590009475 0.5340461161974291 362
1757590009560 0.5325965015225747 363
1757590009651 0.531152430768764 364
1757590009733 0.529713882212611 365
1757590009813 0.5282808342164265 366
1757590009896 0.5268532652278779 367
1757590009984 0.5254311537796547 368
1757590010064 0.5240144784891292 369
1757590010148 0.5226032180580238 370
1757590010231 0.5211973512720768 371
1757590010312 0.5197968570007118 372
1757590010394 0.5184017141967049 373
1757590010477 0.5170119018958564 374
1757590010562 0.5156273992166628 375
1757590010644 0.5142481853599895 376
1757590010729 0.5128742396087457 377
1757590010814 0.5115055413275598 378
1757590010890 0.5101420699624568 379
1757590010968 0.5087838050405361 380
1757590011053 0.5074307261696518 381
1757590011138 0.5060828130380927 382
1757590011223 0.5047400454142652 383
1757590011308 0.5034024031463761 384
1757590011396 0.502069866162118 385
1757590011483 0.5007424144683539 386
1757590011572 0.499420028150806 387
1757590011656 0.49810268737374197 388
1757590011742 0.4967903723796664 389
1757590011828 0.49548306348901117 390
1757590011916 0.4941807410998263 391
1757590012002 0.4928833856874751 392
1757590012088 0.4915909778043269 393
1757590012175 0.49030349807945434 394
1757590012260 0.48902092721832785 395
1757590012346 0.4877432460025169 396
1757590012432 0.4864704352893866 397
1757590012519 0.48520247601180005 398
1757590012608 0.4839393491778184 399
1757590012717 0.482681035870404 400
1757590012804 0.4814275172471264 401
1757590012888 0.4801787745398644 402
1757590012970 0.4789347890545144 403
1757590013053 0.4776955421706978 404
1757590013136 0.47646101534146845 405
1757590013222 0.47523119009302345 406
1757590013302 0.47400604802441443 407
1757590013386 0.47278557080725864 408
1757590013469 0.47156974018545317 409
1757590013551 0.47035853797488797 410
1757590013635 0.4691519460631629 411
1757590013718 0.46794994640930326 412
1757590013799 0.4667525210434782 413
1757590013883 0.4655596520667191 414
1757590013972 0.46437132165063927 415
1757590014062 0.46318751203715647 416
1757590014151 0.462008205538213 417
1757590014238 0.4608333845355007 418
1757590014324 0.4596630314801854 419
1757590014409 0.45849712889263 420
1757590014498 0.45733565936212367 421
1757590014585 0.45617860554660894 422
1757590014670 0.4550259501724089 423
1757590014757 0.453877676033959 424
1757590014843 0.4527337659935362 425
1757590014923 0.451594202980992 426
1757590015007 0.4504589699934853 427
1757590015089 0.44932805009521554 428
1757590015176 0.44820142641715854 429
1757590015261 0.4470790821568033 430
1757590015350 0.445961000577887 431
1757590015438 0.4448471650101356 432
1757590015520 0.4437375588490016 433
1757590015603 0.44263216555540486 434
1757590015689 0.4415309686554741 435
1757590015778 0.44043395174028827 436
1757590015866 0.4393410984656214 437
1757590015955 0.43825239255168535 438
1757590016041 0.4371678177828764 439
1757590016127 0.4360873580075207 440
1757590016213 0.43501099713762276 441
1757590016302 0.4339387191486124 442
1757590016391 0.4328705080790957 443
1757590016479 0.431806348030604 444
1757590016588 0.4307462231673464 445
1757590016681 0.4296901177159606 446
1757590016770 0.42863801596526807 447
1757590016858 0.4275899022660268 448
1757590016939 0.4265457610306873 449
1757590017022 0.42550557673314876 450
1757590017105 0.424469333908516 451
1757590017190 0.42343701715285786 452
1757590017277 0.4224086111229668 453
1757590017364 0.4213841005361173 454
1757590017454 0.42036347016982833 455
1757590017543 0.4193467048616258 456
1757590017633 0.4183337895088031 457
1757590017723 0.4173247090681879 458
1757590017813 0.4163194485559044 459
1757590017902 0.41531799304714045 460
1757590017991 0.41432032767591354 461
1757590018080 0.41332643763483884 462
1757590018167 0.41233630817489786 463
1757590018253 0.4113499246052065 464
1757590018343 0.4103672722927865 465
1757590018432 0.409388336662337 466
1757590018521 0.40841310319600466 467
1757590018609 0.4074415574331595 468
1757590018697 0.4064736849701664 469
1757590018786 0.4055094714601612 470
1757590018875 0.40454890261282583 471
1757590018961 0.4035919641941651 472
1757590019200 0.402638642026284 473
1757590019273 0.4016889219871666 474
1757590019345 0.40074279001045443 475
1757590019430 0.39980023208522686 476
1757590019518 0.3988612342557825 477
1757590019607 0.39792578262142053 478
1757590019696 0.3969938633362233 479
1757590019785 0.39606546260884057 480
1757590019875 0.39514056670227304 481
1757590019963 0.3942191619336581 482
1757590020053 0.39330123467405603 483
1757590020137 0.39238677134823674 484
1757590020226 0.39147575843446725 485
1757590020319 0.390568182464301 486
1757590020411 0.3896640300223669 487
1757590020506 0.38876328774615954 488
1757590020600 0.3878659423258306 489
1757590020711 0.3869719805039807 490
1757590020806 0.38608138907545203 491
1757590020898 0.38519415488712205 492
1757590020979 0.38431026483769826 493
1757590021063 0.3834297058775123 494
1757590021151 0.3825524650083177 495
1757590021239 0.3816785292830852 496
1757590021331 0.380807885805801 497
1757590021422 0.37994052173126563 498
1757590021510 0.37907642426489174 499
