1757450492947 39.54768078101409 0
1757450493028 8.65350073720797 1
1757450493102 2.3058527277400716 2
1757450493172 0.8475008511536791 3
1757450493265 0.9082704288759232 4
1757450493336 1.0916179959140142 5
1757450493397 1.364500360248123 6
1757450493460 0.6945337598222218 7
1757450493527 0.7864020667501264 8
1757450493595 0.5133099347159173 9
1757450493663 0.5135854259769654 10
1757450493725 1.5765098078311899 11
1757450493789 1.574064797724672 12
1757450493852 1.5955039305831846 13
1757450493919 0.8298059546199312 14
1757450493992 1.9194943263195807 15
1757450494066 2.400326646399388 16
1757450494136 1.2783296786302936 17
1757450494192 1.2020253996894992 18
1757450494253 0.9204250816083391 19
1757450494321 2.2916326394835758 20
1757450494394 1.618645930222163 21
1757450494469 1.3401798766943127 22
1757450494542 0.9879156477156824 23
1757450494618 0.7384684738036289 24
1757450494698 1.2249547402588714 25
1757450494775 0.424452230654258 26
1757450494849 2.094263077061818 27
1757450494923 1.168075807441515 28
1757450494997 1.1072765556439097 29
1757450495072 0.7391570176929699 30
1757450495146 1.237774856344805 31
1757450495221 0.9568701983621344 32
1757450495299 0.9198818499664221 33
1757450495375 2.2232165897301677 34
1757450495442 1.1950214196614075 35
1757450495517 0.6083816087347775 36
1757450495589 0.8838775189906027 37
1757450495666 1.306682173676577 38
1757450495740 3.947543915329399 39
1757450495816 1.112435367710769 40
1757450495890 0.8576486266522552 41
1757450495964 1.7923254480669562 42
1757450496040 1.1803540802278505 43
1757450496115 2.114177385585044 44
1757450496191 0.9250783624119252 45
1757450496265 2.1563204545089625 46
1757450496342 0.38946868453454864 47
1757450496417 1.7737263328046189 48
1757450496492 0.5541898632281528 49
1757450496571 1.1305064944361594 50
1757450496645 1.628661487549283 51
1757450496725 0.9198923456897576 52
1757450496802 0.5592285856303492 53
1757450496891 1.6825975692643018 54
1757450496971 1.9848975935127033 55
1757450497040 1.3066863983131034 56
1757450497108 1.7183452316599144 57
1757450497176 1.3015576403450275 58
1757450497242 1.5443755463876194 59
1757450497311 0.5684062780302344 60
1757450497378 1.0939220006505446 61
1757450497438 1.1665384499294076 62
1757450497507 2.041215340631001 63
1757450497571 0.7025039494312654 64
1757450497638 1.1761702085834196 65
1757450497711 3.1400234616687044 66
1757450497777 1.482353843035328 67
1757450497840 0.7580806974671455 68
1757450497913 0.8409897609409541 69
1757450497986 1.3060793515596636 70
1757450498050 0.3990954375003162 71
1757450498123 0.9020597508412809 72
1757450498195 1.7675838230897252 73
1757450498268 0.9242576067897462 74
1757450498344 2.400187737671976 75
1757450498418 1.117304829552769 76
1757450498492 1.0178433821461748 77
1757450498570 0.9318867243459787 78
1757450498646 0.7012547889706103 79
1757450498722 1.6942969328734276 80
1757450498800 1.4514404944201598 81
1757450498876 1.2905664692186325 82
1757450498953 2.796101300131936 83
1757450499027 0.6378501863907718 84
1757450499101 0.6980337020620389 85
1757450499176 1.6470655512991854 86
1757450499251 0.7303098615939225 87
1757450499329 1.4208095043264337 88
1757450499405 1.1394629314475477 89
1757450499471 1.033750592377307 90
1757450499544 0.8048621657299744 91
1757450499617 1.1714639788324885 92
1757450499693 1.0286638036694518 93
1757450499771 0.8813439294688215 94
1757450499847 1.0722612649708687 95
1757450499923 1.6451210843206399 96
1757450499999 0.622953572869824 97
1757450500077 1.0975125952259526 98
1757450500152 1.0274996312876405 99
1757450500226 2.731270816157913 100
1757450500304 1.9071547990834152 101
1757450500380 1.0457305537906363 102
1757450500453 1.3339429609199236 103
1757450500530 0.746855710907367 104
1757450500606 1.1967916103276601 105
1757450500680 0.49590793832159863 106
1757450500759 1.0851923550410887 107
1757450500834 1.1630405182275136 108
1757450500908 1.921481107556129 109
1757450500983 0.37595020376014876 110
1757450501059 1.059095724613824 111
1757450501134 1.3992569202347838 112
1757450501209 0.9314788744745508 113
1757450501291 0.6597336257999805 114
1757450501371 0.831633560578549 115
1757450501443 0.952330611049194 116
1757450501513 0.5962645467549413 117
1757450501579 0.9808720178318935 118
1757450501649 1.6780391582112584 119
1757450501722 0.8916524674713913 120
1757450501797 1.1802654573016644 121
1757450501872 1.38809852978609 122
1757450501946 0.7937088381147448 123
1757450502025 0.7050272867875412 124
1757450502105 1.5406413592268215 125
1757450502184 0.3952493493566551 126
1757450502262 2.0580223221186973 127
1757450502341 1.6823074396059152 128
1757450502417 2.0843916803428675 129
1757450502498 1.8896193327469315 130
1757450502576 0.4669310647735885 131
1757450502651 0.45650043652166494 132
1757450502731 1.4161573584188647 133
1757450502810 0.663152742117977 134
1757450502884 1.8621954257437516 135
1757450502960 0.21039346241283996 136
1757450503037 1.2784355665543705 137
1757450503120 1.1415394442837665 138
1757450503198 0.9647848739671171 139
1757450503277 0.380334348489587 140
1757450503352 1.066264065737768 141
1757450503424 0.4998149775599843 142
1757450503487 1.1164345625267167 143
1757450503558 1.6908904859616625 144
1757450503628 0.825625712389185 145
1757450503697 1.5089559685457814 146
1757450503769 1.58513387728396 147
1757450503847 0.4257748933725236 148
1757450503925 0.6720250076631757 149
1757450504004 1.6062389820414593 150
1757450504083 1.1078064642035699 151
1757450504163 1.2852320304458507 152
1757450504242 0.74505288683536 153
1757450504319 0.8529166812461562 154
1757450504397 1.851701178219285 155
1757450504473 1.4960804037333575 156
