1757650608773 50.06827938928165 0
1757650608897 20.646782740636567 1
1757650609015 2.0301057788708583 2
1757650609130 1.0532492313132407 3
1757650609304 0.19266261418102748 4
1757650609478 2.6218736259843385 5
1757650609589 2.396799282210777 6
1757650609697 0.5815381427426357 7
1757650609808 0.01356900868179837 8
1757650609918 1.5969717977494955 9
1757650610029 0.2863370361737915 10
1757650610139 0.4259322730434158 11
1757650610248 1.8546571577804416 12
1757650610358 3.5224976462834405 13
1757650610467 3.292739520018157 14
1757650610577 0.8109017550451356 15
1757650610692 8.432488276639726 16
1757650610800 4.04737197955635 17
1757650610910 0.019390797434105246 18
1757650611019 0.5221748675372109 19
1757650611134 2.612328159624949 20
1757650611247 4.381750874939215 21
1757650611357 1.32381658070942 22
1757650611467 0.015092727493187548 23
1757650611577 0.6559061261842704 24
1757650611686 1.074227249584967 25
1757650611796 0.35519758304708504 26
1757650611906 4.432713462936455 27
1757650612015 1.0006933043964121 28
1757650612127 0.9365943366255776 29
1757650612236 0.3185564881612871 30
1757650612345 1.8244083534649806 31
1757650612452 0.7696176608336578 32
1757650612561 0.15278858845603932 33
1757650612671 1.03374360189846 34
1757650612780 0.04933701186541263 35
1757650612891 1.0761241195191742 36
1757650612998 0.14984968443491542 37
1757650613108 0.0067670016266262465 38
1757650613217 0.34315462756630594 39
1757650613327 0.3489519443151605 40
1757650613437 0.0004991255527380341 41
1757650613547 0.1182818096659546 42
1757650613656 0.1472663813222614 43
1757650613767 0.11396375065460602 44
1757650613884 1.2339916538181446 45
1757650613997 0.03195340646060075 46
1757650614110 3.0892777873056683 47
1757650614221 0.22566290999227712 48
1757650614330 0.7711486458191685 49
1757650614546 1.6447049271049532 50
1757650614685 0.36320298597154893 51
1757650614795 0.0279390336885812 52
1757650614904 0.20140225461380348 53
1757650615014 0.33937822910759197 54
1757650615130 0.9569848288888292 55
1757650615246 2.1003663964904837 56
1757650615360 0.025511823575134568 57
1757650615475 0.3218589907859843 58
1757650615592 0.062672293370683 59
1757650615707 0.014777160360777085 60
1757650615818 0.9540065311838187 61
1757650615929 0.20807466377199058 62
1757650616040 0.13016817349800808 63
1757650616152 0.5886054000228325 64
1757650616263 0.4122782482848136 65
1757650616373 0.15505265621324524 66
1757650616486 0.9264995719766906 67
1757650616606 0.3248738479285627 68
1757650616725 7.688237724541316e-05 69
1757650616845 0.014125537795186383 70
1757650616960 1.7045798623022923 71
1757650617072 3.6694443174046527 72
1757650617186 0.0074254699006275696 73
1757650617298 0.06756504447871106 74
1757650617409 0.9846296947378805 75
1757650617521 0.03536412572155555 76
1757650617631 0.8508528045421879 77
1757650617740 0.000429558446429625 78
1757650617861 0.09573435247526894 79
1757650618015 0.284286545276083 80
1757650618133 8.350951593708829e-05 81
1757650618245 0.0420130043313397 82
1757650618374 1.3762104389450291 83
1757650618485 0.0005823835316485964 84
1757650618596 0.5982147975551854 85
1757650618707 0.01688498174787828 86
1757650618818 0.23915978523242185 87
1757650618929 0.2675757195046516 88
1757650619040 0.05409505180062291 89
1757650619153 0.01809300377978637 90
1757650619265 0.000780502929062538 91
1757650619377 0.2938564318970896 92
1757650619490 0.04772549253157285 93
1757650619602 0.14155291016248253 94
1757650619713 0.00023388996023302166 95
1757650619823 0.2733153204691598 96
1757650619933 0.2577111207596827 97
1757650620045 0.010429034996445602 98
1757650620161 0.26060054527383536 99
1757650620272 0.2528716653273069 100
1757650620384 0.004454215709782503 101
1757650620509 0.3295302730843687 102
1757650620629 0.12705834353560766 103
1757650620746 0.022792110071462337 104
1757650620859 8.065030160045014e-06 105
1757650620972 0.004381161264835387 106
1757650621083 1.4696601473136999 107
1757650621195 0.5681463919027986 108
1757650621308 1.0969881867171842 109
1757650621427 0.7498871889811548 110
1757650621541 0.059959584170229285 111
1757650621655 2.1298341480081686 112
1757650621772 0.24850798971658306 113
1757650621891 0.16199155495767373 114
1757650622010 0.2897233964090018 115
1757650622125 0.12564502018478427 116
1757650622237 0.8327044134080968 117
1757650622349 0.001193867983905618 118
1757650622459 0.8254352966874516 119
1757650622569 0.8787584841560949 120
1757650622680 2.0497451289967836 121
1757650622791 0.04609633215755339 122
1757650622903 0.2820038544138254 123
1757650623013 0.03943652640486943 124
1757650623125 0.00023722238679828146 125
1757650623237 0.14707311413473426 126
1757650623348 8.555036296668395e-05 127
1757650623460 0.29526465547523567 128
1757650623572 0.06143418466961893 129
1757650623684 1.655252311426741 130
1757650623796 0.004787306613070909 131
1757650623908 0.12600972601455326 132
1757650624026 1.565483010511956 133
1757650624145 0.20562479660590946 134
1757650624261 0.2052682790911346 135
1757650624372 0.17712634765959534 136
1757650624484 0.09734700834501206 137
1757650624595 0.4744123710162513 138
1757650624708 0.1304645516307556 139
1757650624824 0.5424147218957206 140
1757650624941 3.580493462633478 141
1757650625061 0.0861862118576781 142
1757650625181 0.5497770062334209 143
1757650625296 0.3112931000368093 144
1757650625410 0.07135424201138828 145
1757650625523 5.322945342199208 146
1757650625634 0.34130423365488066 147
1757650625747 0.35417484391264065 148
1757650625860 2.185350012046745 149
1757650625972 0.015232503339912096 150
1757650626085 0.478999989694571 151
1757650626200 0.14968121549081562 152
1757650626312 0.7248045320194316 153
1757650626424 0.08687655912474435 154
1757650626536 0.05411114234656369 155
1757650626647 0.4416085107119459 156
1757650626760 0.16862648336938485 157
1757650626875 0.0031814127868424196 158
1757650626988 0.005758399232855705 159
1757650627099 0.5348758162862906 160
1757650627212 0.041648096272020034 161
1757650627323 0.033522891423329766 162
1757650627436 0.002782597397038882 163
1757650627547 0.09869183360382626 164
1757650627659 0.047118387892804 165
1757650627771 0.31641468721134397 166
1757650627884 0.19238237185889698 167
1757650627997 0.04893378474312826 168
1757650628111 0.285414674023127 169
1757650628226 0.21709845046976475 170
1757650628341 0.00977499366643785 171
1757650628461 0.6554471132228689 172
1757650628589 0.012821517313629741 173
1757650628705 0.14449780434830728 174
1757650628824 0.057918838039990685 175
1757650628946 0.7910043502136983 176
1757650629067 0.19472859101562626 177
1757650629189 0.9844485242559528 178
1757650629308 0.011794407497083317 179
1757650629430 1.9422687499874673 180
1757650629549 1.6198661822397888 181
1757650629666 0.0010381504308661711 182
1757650629779 0.0970406217674576 183
1757650629895 0.06352607690030246 184
1757650630010 0.0030030621468881097 185
1757650630127 0.016394675466665055 186
1757650630246 0.08795588202294395 187
1757650630360 0.41446728726617765 188
1757650630473 0.002901026656397203 189
1757650630586 0.40192767370927474 190
1757650630701 0.035245047599309444 191
1757650630814 2.4643469812429806 192
1757650630930 5.582591691224714e-05 193
1757650631042 0.15225062180449792 194
1757650631157 0.011700330322908455 195
1757650631275 0.06655434515687911 196
1757650631396 0.07799350214005157 197
1757650631512 0.17442514406063572 198
1757650631627 0.11714619563251985 199
1757650631743 0.12980491727040674 200
1757650631857 0.02371701369189418 201
1757650631970 2.6842844979396925 202
1757650632085 0.0650605246272155 203
1757650632202 0.02691868884581482 204
1757650632320 0.520488815464217 205
1757650632435 0.017435748004632694 206
1757650632551 0.012207015693905894 207
1757650632665 1.0033880413845286 208
1757650632780 0.2766330258698741 209
1757650632895 0.1471543164439969 210
1757650633009 1.3237991076603643 211
1757650633126 0.3932551254143273 212
1757650633241 0.36780986678404615 213
1757650633357 0.046169107510844215 214
1757650633473 0.019177193864756695 215
1757650633589 0.3065925087670296 216
1757650633705 0.029170941086993092 217
1757650633819 0.040010132270666035 218
1757650633935 0.015251690187616782 219
1757650634051 0.09778581913471879 220
1757650634168 0.02358429033442742 221
1757650634287 0.008532660698843602 222
1757650634405 0.019607189097102167 223
1757650634521 0.0013733562617876144 224
1757650634636 0.020564113004822124 225
1757650634752 2.01855934319702 226
1757650634870 0.00024299406599282943 227
1757650635052 0.4074855113642948 228
1757650635210 1.2401138665650075 229
1757650635334 0.11604182640405071 230
1757650635457 0.361636759727135 231
1757650635579 0.2512726398951711 232
1757650635699 0.0008882948072081905 233
1757650635816 0.04496664353898196 234
