1757434768502 169.38634097125342 0
1757434768567 169.12978799096558 1
1757434768623 169.001831773259 2
1757434768680 168.8739240795917 3
1757434768737 168.74612669406483 4
1757434768792 168.61843948692731 5
1757434768845 168.490862358333 6
1757434768901 168.3633952085145 7
1757434768959 168.2360379377975 8
1757434769009 168.10879044660055 9
1757434769061 167.98165263543513 10
1757434769115 167.85462440490548 11
1757434769173 167.72770565570852 12
1757434769230 167.60089628863375 13
1757434769288 167.47419620456324 14
1757434769346 167.3476053044714 15
1757434769403 167.22112348942503 16
1757434769457 167.09475066058314 17
1757434769513 166.96848671919696 18
1757434769569 166.84233156660977 19
1757434769623 166.71628510425677 20
1757434769681 166.5903472336651 21
1757434769740 166.4645178564538 22
1757434769791 166.33879687433344 23
1757434769837 166.21318418910644 24
1757434769892 166.08767970266666 25
1757434769954 165.96228331699942 26
1757434770008 165.8369949341814 27
1757434770059 165.7118144563807 28
1757434770106 165.58674178585642 29
1757434770160 165.46177682495897 30
1757434770220 165.3369194761297 31
1757434770277 165.21216964190089 32
1757434770334 165.0875272248957 33
1757434770388 164.9629921278281 34
1757434770445 164.8385642535027 35
1757434770506 164.7142435048148 36
1757434770564 164.59002978475004 37
1757434770619 164.46592299638468 38
1757434770678 164.34192304288518 39
1757434770737 164.21802982750836 40
1757434770796 164.0942432536012 41
1757434770857 163.97056322460068 42
1757434770920 163.8469896440339 43
1757434770981 163.7235224155178 44
1757434771035 163.6001614427592 45
1757434771091 163.47690662955466 46
1757434771147 163.35375787979032 47
1757434771207 163.23071509744204 48
1757434771269 163.10777818657508 49
1757434771326 162.98494705134414 50
1757434771384 162.86222159599322 51
1757434771442 162.73960172485556 52
1757434771502 162.61708734235359 53
1757434771559 162.49467835299873 54
1757434771618 162.37237466139155 55
1757434771678 162.25017617222136 56
1757434771732 162.12808279026635 57
1757434771787 162.00609442039342 58
1757434771835 161.88421096755818 59
1757434771891 161.76243233680475 60
1757434771948 161.64075843326572 61
1757434772006 161.51918916216212 62
1757434772068 161.39772442880326 63
1757434772127 161.27636413858679 64
1757434772183 161.1551081969983 65
1757434772238 161.03395650961164 66
1757434772298 160.9129089820885 67
1757434772353 160.7919655201786 68
1757434772410 160.67112602971937 69
1757434772467 160.550390416636 70
1757434772527 160.42975858694138 71
1757434772585 160.30923044673582 72
1757434772645 160.18880590220732 73
1757434772706 160.0684848596311 74
1757434772769 159.9482672253698 75
1757434772826 159.82815290587325 76
1757434772887 159.70814180767843 77
1757434772944 159.58823383740943 78
1757434772999 159.46842890177732 79
1757434773056 159.34872690758 80
1757434773109 159.22912776170224 81
1757434773164 159.10963137111563 82
1757434773218 158.99023764287824 83
1757434773274 158.87094648413492 84
1757434773337 158.75175780211688 85
1757434773391 158.6326715041418 86
1757434773444 158.51368749761355 87
1757434773495 158.39480569002248 88
1757434773547 158.27602598894498 89
1757434773603 158.15734830204352 90
1757434773663 158.03877253706656 91
1757434773724 157.92029860184857 92
1757434773792 157.80192640430977 93
1757434773847 157.68365585245616 94
1757434773905 157.56548685437946 95
1757434773971 157.447419318257 96
1757434774031 157.3294531523515 97
1757434774088 157.21158826501127 98
1757434774146 157.09382456466992 99
1757434774202 156.97616195984625 100
1757434774259 156.8586003591444 101
1757434774319 156.74113967125353 102
1757434774373 156.62377980494782 103
1757434774434 156.50652066908648 104
1757434774497 156.38936217261354 105
1757434774557 156.27230422455781 106
1757434774615 156.15534673403283 107
1757434774679 156.03848961023678 108
1757434774742 155.9217327624524 109
1757434774801 155.80507610004688 110
1757434774857 155.68851953247173 111
1757434774911 155.57206296926293 112
1757434774972 155.45570632004058 113
1757434775029 155.33944949450893 114
1757434775094 155.2232924024564 115
1757434775155 155.1072349537552 116
1757434775212 154.99127705836173 117
1757434775268 154.87541862631602 118
1757434775328 154.75965956774192 119
1757434775392 154.6439997928469 120
1757434775464 154.52843921192212 121
1757434775525 154.41297773534222 122
1757434775586 154.29761527356527 123
1757434775646 154.18235173713268 124
1757434775708 154.0671870366691 125
1757434775769 153.9521210828825 126
1757434775816 153.83715378656396 127
1757434775864 153.72228505858746 128
1757434775911 153.60751480991013 129
1757434775964 153.4928429515718 130
1757434776026 153.3782693946953 131
1757434776088 153.263794050486 132
1757434776148 153.14941683023207 133
1757434776208 153.03513764530425 134
1757434776268 152.92095640715564 135
1757434776324 152.80687302732187 136
1757434776386 152.69288741742093 137
1757434776448 152.57899948915298 138
1757434776508 152.4652091543004 139
1757434776571 152.3515163247277 140
1757434776632 152.23792091238144 141
1757434776690 152.12442282929 142
1757434776747 152.01102198756388 143
1757434776802 151.89771829939508 144
1757434776864 151.7845116770575 145
1757434776921 151.67140203290668 146
1757434776982 151.55838927937967 147
1757434777043 151.44547332899504 148
1757434777103 151.33265409435273 149
1757434777160 151.21993148813402 150
1757434777224 151.10730542310154 151
1757434777287 150.9947758120989 152
1757434777351 150.882342568051 153
1757434777416 150.77000560396374 154
1757434777481 150.6577648329239 155
1757434777546 150.5456201680991 156
1757434777612 150.43357152273785 157
1757434777679 150.32161881016938 158
1757434777747 150.20976194380353 159
1757434777819 150.09800083713066 160
1757434777879 149.9863354037217 161
1757434777944 149.874765557228 162
1757434778009 149.76329121138104 163
1757434778075 149.65191227999293 164
1757434778139 149.54062867695566 165
1757434778205 149.42944031624145 166
1757434778273 149.31834711190257 167
1757434778340 149.2073489780712 168
1757434778408 149.09644582895947 169
1757434778476 148.98563757885918 170
1757434778546 148.87492414214205 171
1757434778613 148.76430543325932 172
1757434778687 148.65378136674187 173
1757434778752 148.5433518572 174
1757434778817 148.43301681932365 175
1757434778882 148.3227761678819 176
1757434778952 148.21262981772318 177
1757434779018 148.10257768377517 178
1757434779085 147.99261968104457 179
1757434779150 147.88275572461737 180
1757434779217 147.77298572965822 181
1757434779282 147.66330961141094 182
1757434779348 147.55372728519805 183
1757434779418 147.4442386664209 184
1757434779486 147.33484367055942 185
1757434779552 147.2255422131723 186
1757434779619 147.11633420989665 187
1757434779685 147.00721957644802 188
1757434779759 146.8981982286205 189
1757434779830 146.78927008228627 190
1757434779886 146.68043505339597 191
1757434779943 146.57169305797817 192
1757434780003 146.46304401213985 193
1757434780062 146.35448783206567 194
1757434780127 146.24602443401847 195
1757434780190 146.13765373433878 196
1757434780254 146.02937564944511 197
1757434780317 145.92119009583354 198
1757434780376 145.81309699007787 199
1757434780437 145.70509624882945 200
1757434780498 145.5971877888172 201
1757434780559 145.4893715268473 202
1757434780617 145.3816473798035 203
1757434780677 145.27401526464664 204
1757434780740 145.16647509841494 205
1757434780809 145.05902679822358 206
1757434780877 144.95167028126497 207
1757434780944 144.8444054648084 208
1757434781013 144.73723226620012 209
1757434781083 144.63015060286324 210
1757434781152 144.52316039229757 211
1757434781221 144.4162615520797 212
1757434781295 144.30945399986277 213
1757434781363 144.20273765337663 214
1757434781433 144.09611243042735 215
1757434781495 143.98957824889766 216
1757434781563 143.88313502674646 217
1757434781628 143.77678268200907 218
1757434781692 143.67052113279684 219
1757434781761 143.56435029729738 220
1757434781830 143.45827009377422 221
1757434781893 143.35228044056697 222
1757434781956 143.2463812560911 223
1757434782019 143.14057245883797 224
1757434782079 143.03485396737454 225
1757434782140 142.9292257003437 226
1757434782202 142.82368757646373 227
1757434782260 142.71823951452865 228
1757434782324 142.6128814334078 229
1757434782386 142.507613252046 230
1757434782451 142.40243488946345 231
1757434782514 142.29734626475556 232
1757434782574 142.19234729709285 233
1757434782632 142.08743790572106 234
1757434782695 141.98261800996102 235
1757434782754 141.87788752920838 236
1757434782817 141.77324638293385 237
1757434782878 141.66869449068298 238
1757434782970 141.56423177207589 239
1757434783032 141.45985814680762 240
1757434783095 141.3555735346477 241
1757434783161 141.25137785544027 242
1757434783227 141.147271029104 243
1757434783294 141.04325297563184 244
1757434783361 140.93932361509118 245
1757434783427 140.83548286762365 246
1757434783497 140.7317306534451 247
1757434783569 140.62806689284554 248
1757434783633 140.5244915061889 249
1757434783699 140.42100441391335 250
1757434783767 140.31760553653072 251
1757434783840 140.21429479462682 252
1757434783906 140.11107210886132 253
1757434783966 140.00793739996743 254
1757434784026 139.90489058875212 255
1757434784090 139.80193159609595 256
1757434784153 139.69906034295283 257
1757434784219 139.5962767503503 258
1757434784284 139.4935807393892 259
1757434784349 139.39097223124352 260
1757434784415 139.2884511471607 261
1757434784482 139.18601740846123 262
1757434784550 139.08367093653865 263
1757434784622 138.98141165285955 264
1757434784691 138.8792394789635 265
1757434784758 138.777154336463 266
1757434784827 138.67515614704325 267
1757434784893 138.5732448324622 268
1757434784960 138.47142031455056 269
1757434785025 138.36968251521154 270
1757434785091 138.26803135642103 271
1757434785158 138.16646676022725 272
1757434785227 138.0649886487509 273
1757434785297 137.963596944185 274
1757434785363 137.8622915687948 275
1757434785430 137.76107244491777 276
1757434785496 137.6599394949635 277
1757434785569 137.55889264141362 278
1757434785637 137.4579318068219 279
1757434785703 137.35705691381372 280
1757434785769 137.25626788508663 281
1757434785840 137.1555646434098 282
1757434785910 137.0549471116242 283
1757434785968 136.95441521264232 284
1757434786030 136.8539688694484 285
1757434786087 136.7536080050981 286
1757434786153 136.65333254271852 287
1757434786217 136.55314240550823 288
1757434786280 136.453037516737 289
1757434786338 136.3530177997459 290
1757434786389 136.25308317794722 291
1757434786443 136.1532335748243 292
1757434786508 136.0534689139315 293
1757434786578 135.9537891188943 294
1757434786643 135.85419411340885 295
1757434786703 135.75468382124245 296
1757434786769 135.65525816623293 297
1757434786835 135.55591707228885 298
1757434786902 135.45666046338957 299
1757434786967 135.3574882635849 300
1757434787036 135.25840039699517 301
1757434787101 135.1593967878112 302
1757434787168 135.0604773602942 303
1757434787236 134.96164203877552 304
1757434787303 134.86289074765696 305
1757434787369 134.76422341141043 306
1757434787436 134.66563995457793 307
1757434787502 134.5671403017715 308
1757434787570 134.46872437767317 309
1757434787640 134.37039210703492 310
1757434787707 134.27214341467848 311
1757434787774 134.17397822549546 312
1757434787845 134.07589646444714 313
1757434787913 133.97789805656447 314
1757434787974 133.87998292694792 315
1757434788038 133.78215100076756 316
1757434788103 133.6844022032628 317
1757434788165 133.58673645974267 318
1757434788228 133.4891536955852 319
1757434788293 133.3916538362379 320
1757434788358 133.29423680721737 321
1757434788422 133.19690253410946 322
1757434788489 133.09965094256884 323
1757434788557 133.0024819583194 324
1757434788623 132.90539550715388 325
1757434788691 132.8083915149339 326
1757434788758 132.71146990758982 327
1757434788827 132.61463061112076 328
1757434788894 132.51787355159453 329
1757434788963 132.42119865514758 330
1757434789031 132.3246058479848 331
1757434789104 132.22809505637957 332
1757434789173 132.13166620667377 333
1757434789248 132.03531922527756 334
1757434789319 131.9390540386694 335
1757434789388 131.8428705733959 336
1757434789456 131.746768756072 337
1757434789526 131.65074851338042 338
1757434789595 131.55480977207225 339
1757434789662 131.45895245896625 340
1757434789729 131.36317650094918 341
1757434789798 131.26748182497582 342
1757434789871 131.17186835806837 343
1757434789940 131.07633602731696 344
1757434790006 130.9808847598793 345
1757434790073 130.8855144829807 346
1757434790140 130.79022512391393 347
1757434790208 130.6950166100392 348
1757434790278 130.59988886878418 349
1757434790347 130.5048418276438 350
1757434790417 130.40987541418025 351
1757434790487 130.31498955602297 352
1757434790554 130.2201841808684 353
1757434790623 130.12545921648018 354
1757434790690 130.03081459068886 355
1757434790756 129.936250231392 356
1757434790824 129.841766066554 357
1757434790894 129.747362024206 358
1757434790963 129.65303803244606 359
1757434791030 129.55879401943878 360
1757434791100 129.46462991341545 361
1757434791167 129.3705456426739 362
1757434791237 129.2765411355784 363
1757434791302 129.18261632055984 364
1757434791372 129.08877112611523 365
1757434791443 128.99500548080806 366
1757434791512 128.90131931326803 367
1757434791582 128.80771255219102 368
1757434791653 128.71418512633903 369
1757434791721 128.62073696454007 370
1757434791789 128.52736799568828 371
1757434791858 128.43407814874357 372
1757434791923 128.34086735273183 373
1757434791990 128.24773553674473 374
1757434792055 128.1546826299397 375
1757434792118 128.06170856153983 376
1757434792183 127.96881326083383 377
1757434792243 127.87599665717602 378
1757434792324 127.78325867998618 379
1757434792396 127.69059925874951 380
1757434792466 127.59801832301669 381
1757434792539 127.50551580240358 382
1757434792614 127.41309162659137 383
1757434792683 127.3207457253264 384
1757434792754 127.2284780284202 385
1757434792822 127.13628846574935 386
1757434792893 127.04417696725532 387
1757434792960 126.95214346294475 388
1757434793030 126.86018788288897 389
1757434793099 126.76831015722422 390
1757434793171 126.67651021615146 391
1757434793241 126.5847879899364 392
1757434793310 126.49314340890938 393
1757434793381 126.40157640346528 394
1757434793451 126.31008690406351 395
1757434793520 126.21867484122798 396
1757434793589 126.12734014554698 397
1757434793661 126.03608274767305 398
1757434793730 125.94490257832315 399
1757434793799 125.85379956827832 400
1757434793870 125.76277364838384 401
1757434793942 125.67182474954906 402
1757434794011 125.58095280274736 403
1757434794074 125.49015773901608 404
1757434794135 125.39943948945644 405
1757434794203 125.30879798523362 406
1757434794273 125.21823315757646 407
1757434794342 125.12774493777766 408
1757434794408 125.03733325719345 409
1757434794476 124.94699804724378 410
1757434794552 124.85673923941215 411
1757434794622 124.76655676524543 412
1757434794690 124.67645055635406 413
1757434794759 124.58642054441181 414
1757434794829 124.4964666611557 415
1757434794906 124.40658883838603 416
1757434794974 124.31678700796638 417
1757434795044 124.22706110182335 418
1757434795112 124.13741105194667 419
1757434795181 124.04783679038903 420
1757434795250 123.95833824926613 421
1757434795320 123.86891536075656 422
1757434795408 123.77956805710166 423
1757434795479 123.6902962706057 424
1757434795547 123.60109993363551 425
1757434795619 123.51197897862068 426
1757434795690 123.42293333805335 427
1757434795761 123.33396294448818 428
1757434795832 123.24506773054237 429
1757434795902 123.15624762889551 430
1757434795973 123.06750257228957 431
1757434796042 122.97883249352877 432
1757434796111 122.89023732547959 433
1757434796180 122.8017170010708 434
1757434796255 122.71327145329313 435
1757434796321 122.62490061519944 436
1757434796387 122.53660441990469 437
1757434796453 122.44838280058565 438
1757434796506 122.3602356904811 439
1757434796562 122.27216302289159 440
1757434796623 122.18416473117946 441
1757434796688 122.09624074876878 442
1757434796751 122.00839100914523 443
1757434796815 121.92061544585614 444
1757434796880 121.83291399251041 445
1757434796948 121.74528658277836 446
1757434797021 121.65773315039175 447
1757434797097 121.57025362914375 448
1757434797172 121.48284795288876 449
1757434797266 121.39551605554253 450
1757434797349 121.30825787108195 451
1757434797421 121.22107333354509 452
1757434797497 121.133962377031 453
1757434797577 121.04692493569988 454
1757434797658 120.9599609437728 455
1757434797737 120.87307033553174 456
1757434797812 120.78625304531965 457
1757434797889 120.69950900754017 458
1757434797980 120.61283815665763 459
1757434798067 120.52624042719712 460
1757434798128 120.43971575374434 461
1757434798198 120.35326407094558 462
1757434798268 120.26688531350753 463
1757434798335 120.18057941619742 464
1757434798407 120.09434631384285 465
1757434798476 120.00818594133176 466
1757434798539 119.92209823361236 467
1757434798604 119.8360831256931 468
1757434798670 119.75014055264255 469
1757434798736 119.66427044958938 470
1757434798803 119.57847275172247 471
1757434798885 119.49274739429046 472
1757434798966 119.40709431260207 473
1757434799038 119.32151344202587 474
1757434799109 119.23600471799027 475
1757434799208 119.15056807598346 476
1757434799286 119.06520345155323 477
1757434799364 118.97991078030718 478
1757434799444 118.89468999791241 479
1757434799525 118.80954104009561 480
1757434799605 118.72446384264295 481
1757434799685 118.6394583414 482
1757434799762 118.55452447227177 483
1757434799840 118.46966217122248 484
1757434799910 118.38487137427576 485
1757434799985 118.30015201751429 486
1757434800072 118.21550403708002 487
1757434800141 118.13092736917392 488
1757434800207 118.0464219500561 489
1757434800276 117.96198771604554 490
1757434800345 117.87762460352016 491
1757434800433 117.79333254891685 492
1757434800503 117.70911148873124 493
1757434800580 117.6249613595177 494
1757434800654 117.54088209788941 495
1757434800719 117.45687364051813 496
1757434800788 117.37293592413414 497
1757434800857 117.2890688855264 498
1757434800923 117.20527246154231 499
