1757653177845 1.4021159839960209 0
1757653177957 1.208013678663119 1
1757653178067 0.47068653091630086 2
1757653178175 0.13737280510556465 3
1757653178282 0.12033721607544219 4
1757653178391 0.3877330276457263 5
1757653178501 0.3169439445030134 6
1757653178611 0.021713243725664456 7
1757653178721 0.5497155666436517 8
1757653178839 0.23188839012876958 9
1757653178953 0.11320010062415373 10
1757653179094 1.2277508668062334 11
1757653179218 1.250474943130853 12
1757653179329 0.17859676361593482 13
1757653179441 0.8933945972360324 14
1757653179553 0.14741176455579033 15
1757653179664 0.19086696400635236 16
1757653179773 0.4600555415502293 17
1757653179884 0.5827498397457191 18
1757653179992 0.581348057713336 19
1757653180104 1.8386225619287389 20
1757653180213 0.6388442907465252 21
1757653180323 0.8149361273471899 22
1757653180431 0.8899911701813266 23
1757653180541 1.4322255885780921 24
1757653180650 4.570506509520055 25
1757653180758 1.1212763659271225 26
1757653180869 0.30020853551143 27
1757653180979 0.47967784432697647 28
1757653181091 0.1861747521986652 29
1757653181204 0.40768520315459417 30
1757653181314 0.3909765783980872 31
1757653181426 0.03313636836304523 32
1757653181535 0.18773272376616704 33
1757653181646 1.4722538618884433 34
1757653181757 1.4010626222777385 35
1757653181869 0.035993884698063916 36
1757653181981 6.854505581270052 37
1757653182091 0.2348330749884081 38
1757653182202 10.516053909092687 39
1757653182312 0.000272312484999459 40
1757653182424 1.4378549918970702 41
1757653182533 0.20664645628760003 42
1757653182644 0.08795429996073409 43
1757653182752 0.4321119328866193 44
1757653182861 0.7160261498274622 45
1757653182970 0.0039494950908557465 46
1757653183080 0.28989625715232176 47
1757653183190 0.2906577625799134 48
1757653183300 0.17785036684679767 49
1757653183409 0.5383296326073468 50
1757653183519 0.745714909009987 51
1757653183629 0.0006638301206059371 52
1757653183737 0.0030909628849202027 53
1757653183846 0.42708958044085976 54
1757653183955 0.8374950176586697 55
1757653184064 0.029006366787727753 56
1757653184173 3.947748908525298 57
1757653184281 0.05424440790763816 58
1757653184389 0.25791520687603053 59
1757653184496 0.008967454397445703 60
1757653184606 0.1625731697050381 61
1757653184714 0.00558032594746741 62
1757653184821 0.18705663654057528 63
1757653184931 0.06723876542803726 64
1757653185040 1.6790989839865125 65
1757653185151 1.4962625249304984 66
1757653185260 1.693058244869657 67
1757653185370 1.0623523424912926 68
1757653185476 0.17510043363192576 69
1757653185587 0.2573676695904566 70
1757653185698 0.4816992550693099 71
1757653185807 0.16015865751443076 72
1757653185916 0.810285024410269 73
1757653186026 0.23782167506552215 74
1757653186135 0.18978260022160454 75
1757653186244 0.43568241371209043 76
1757653186351 0.0714956573085866 77
1757653186459 0.3956108852451351 78
1757653186569 0.09667694797809928 79
1757653186679 0.7313577114453238 80
1757653186790 0.004569019829322896 81
1757653186902 0.10572150306321682 82
1757653187016 0.5109416239296523 83
1757653187129 0.6000820665508743 84
1757653187246 0.048994424052684594 85
1757653187356 0.7979740075282571 86
1757653187463 3.6446305976963007 87
1757653187576 6.891647746231287 88
1757653187687 0.5645525045507294 89
1757653187797 3.3463526159108654 90
1757653187911 1.4794977398341678 91
1757653188034 0.5341295409825164 92
1757653188147 1.1669198205816051 93
1757653188260 0.27478250345486377 94
1757653188372 1.088738445753207 95
1757653188482 3.9639309466252235 96
1757653188597 2.3258958451118525 97
1757653188714 0.4917645003264318 98
1757653188832 2.5457338189352465 99
1757653188949 2.657744334065601 100
1757653189073 0.32528212269830525 101
1757653189201 4.0174048759057825 102
1757653189311 0.048658662304804076 103
1757653189425 1.668987091427218 104
1757653189539 0.020519813311166382 105
1757653189649 0.16323268879170233 106
1757653189762 0.8218715416780461 107
1757653189875 0.052008698355052986 108
1757653189986 0.053596611786629195 109
1757653190095 1.705624800767707 110
1757653190207 4.828930846209248 111
1757653190317 7.057236453332943 112
1757653190429 0.13972015003486882 113
1757653190540 0.43020857807932883 114
1757653190651 1.5484882552579349 115
1757653190771 1.149508374980702 116
1757653190892 0.4219905502811624 117
1757653191015 3.5758983063541767 118
1757653191138 0.6371643849540857 119
1757653191261 0.03073311807687119 120
1757653191383 0.8255590913447245 121
1757653191505 0.9279029963128175 122
1757653191624 1.0929447492856554 123
1757653191739 0.2634265860275377 124
1757653191862 0.2272823972003598 125
1757653191987 2.6473398236300394 126
1757653192106 2.5531679977858657 127
1757653192224 2.128985608638562 128
1757653192337 0.7965351435449114 129
1757653192453 0.021084845186105504 130
1757653192571 1.9603196027127046 131
1757653192682 1.1111316504541622 132
1757653192794 0.9344365882274415 133
1757653192916 0.12830638972857197 134
1757653193036 0.4162522577612046 135
1757653193150 8.017362993908895 136
1757653193264 0.7326216894657357 137
1757653193376 0.004667471998150616 138
1757653193487 0.9795299566617912 139
1757653193598 0.19156890909070795 140
1757653193709 0.20348975608163747 141
1757653193822 0.7588504103118673 142
1757653193933 11.472512976779392 143
1757653194045 0.7818125601674326 144
1757653194159 0.829027426210043 145
1757653194270 0.8920707740636846 146
1757653194381 0.0014296477698942768 147
1757653194492 0.43560529942378295 148
1757653194603 1.2500339285448652 149
1757653194718 9.202339756385099 150
1757653194831 1.1234676493277114 151
1757653194944 2.673858702479439 152
1757653195057 0.2735019365420491 153
1757653195170 0.9999222831740016 154
1757653195286 2.1317623469083684 155
1757653195398 0.07899123608107386 156
1757653195510 1.6815952949860702 157
1757653195632 0.02465343955673451 158
1757653195755 0.7272816959985843 159
1757653195871 0.6012495292884132 160
1757653195984 0.36147369629276355 161
1757653196098 1.7344085570227197 162
