1757425569197 39.08523818855452 0
1757425569287 27.36794352176824 1
1757425569377 36.58446458729092 2
1757425569470 2.4751148777817775 3
1757425569557 74.55346589249548 4
1757425569647 20.48559610675223 5
1757425569737 3.786065587885314 6
1757425569827 41.56225755344064 7
1757425569921 83.37741888818837 8
1757425570011 16.172902675317076 9
1757425570102 43.46968108344823 10
1757425570192 78.92010885992521 11
1757425570283 44.212882716341234 12
1757425570375 16.315809599039497 13
1757425570467 5.274496474561376 14
1757425570559 39.4126303508134 15
1757425570651 78.29096348342819 16
1757425570742 9.864475845149125 17
1757425570833 8.382398383077382 18
1757425570921 15.46728198173407 19
1757425571018 64.77099111494032 20
1757425571109 55.78442815031198 21
1757425571200 93.12231181515757 22
1757425571291 54.178574955090475 23
1757425571381 23.57769947582659 24
1757425571472 8.714496021772902 25
1757425571564 6.026299632735699 26
1757425571656 9.507970949680931 27
1757425571747 40.41841479664254 28
1757425571838 8.71511452361286 29
1757425571928 2.516275165272544 30
1757425572018 9.709388081988187 31
1757425572110 42.126428571656284 32
1757425572203 74.42657007951574 33
1757425572292 9.003681090434577 34
1757425572382 10.236495439959807 35
1757425572474 3.9204940851727668 36
1757425572565 15.776133678955478 37
1757425572655 21.427132341447713 38
1757425572744 57.50128560909588 39
1757425572833 23.33046719835275 40
1757425572921 26.512479492917134 41
1757425573012 4.828184454470471 42
1757425573103 18.73101960548799 43
1757425573192 43.88339256801457 44
1757425573280 0.008618636953943114 45
1757425573371 21.577450445380165 46
1757425573458 11.506873504229969 47
1757425573546 19.151821501035794 48
1757425573636 104.94684156542489 49
1757425573728 13.349020735074362 50
1757425573819 40.45293579245295 51
1757425573913 38.93769185512224 52
1757425574003 3.326053749843777 53
1757425574094 9.832859137765702 54
1757425574183 76.02296670194666 55
1757425574274 51.80739202677461 56
1757425574391 14.522320584962888 57
1757425574486 1.6653623873921806 58
1757425574579 33.50320831241243 59
1757425574672 37.40803298734931 60
1757425574765 20.281970598787527 61
1757425574856 55.74590893264234 62
1757425574986 27.692783665729838 63
1757425575081 42.98859857466254 64
1757425575176 20.41839084801097 65
1757425575268 51.2694928231603 66
1757425575361 9.181880020823872 67
1757425575454 88.20710364083295 68
1757425575547 10.43049721819099 69
1757425575640 3.0059236939547826 70
1757425575743 86.24804004298683 71
1757425575845 27.316772940294047 72
1757425575940 11.437685449124515 73
1757425576035 12.550496424258585 74
1757425576159 37.95403359406781 75
1757425576264 0.7039674015971804 76
1757425576363 3.756018936093236 77
1757425576458 1.699531260481196 78
1757425576550 9.410098871779066 79
1757425576644 15.922917360130683 80
1757425576745 62.253241170932235 81
1757425576846 8.684548673415687 82
1757425576956 52.02851962052367 83
1757425577147 51.21126421401517 84
1757425577247 15.072540067587472 85
1757425577347 7.869791109281902 86
1757425577458 5.339562666238804 87
1757425577557 37.16576578005179 88
1757425577654 30.94093614736732 89
1757425577756 86.38252129801283 90
1757425577854 29.322164126428444 91
1757425577955 57.93914431551295 92
1757425578058 8.033088092704308 93
1757425578157 46.02675471488605 94
1757425578258 22.99326742826268 95
1757425578354 43.195175392814484 96
1757425578466 2.9530805089157965 97
1757425578568 2.359880008197532 98
1757425578672 39.02039695343499 99
1757425578771 35.93078148819927 100
1757425578865 52.792312205154715 101
1757425578958 26.392754610688154 102
1757425579051 22.718340470684975 103
1757425579146 5.560720636095046 104
1757425579241 6.248358279144175 105
1757425579340 15.733386359035276 106
1757425579442 25.85430164203845 107
1757425579536 60.39436734432581 108
1757425579631 3.6183398531281443 109
1757425579723 5.929229813011599 110
1757425579816 27.493184679456895 111
1757425579910 41.018374688484926 112
1757425580003 81.26319615165075 113
1757425580103 9.523388229309747 114
1757425580203 7.788531974610985 115
1757425580303 26.210961876282475 116
1757425580403 74.4020548199776 117
1757425580510 56.79821777902314 118
1757425580609 19.99575429699093 119
1757425580702 10.821442317337628 120
1757425580796 76.48335082011373 121
1757425580891 22.524810388115853 122
1757425580983 10.68156214040875 123
1757425581074 66.78340620752802 124
1757425581167 8.19633943244437 125
1757425581263 45.30935371272009 126
1757425581365 15.500885598907571 127
1757425581470 48.61164534296323 128
1757425581570 42.33715629339864 129
1757425581672 60.64108228596294 130
1757425581774 16.631525886008596 131
1757425581875 76.88278352036671 132
1757425581974 9.984821411379086 133
1757425582072 7.712130881379059 134
1757425582168 43.68901493907429 135
1757425582271 23.53174080102404 136
1757425582377 42.68144717012834 137
1757425582479 9.671821459318613 138
1757425582582 78.21952529715473 139
1757425582687 37.09185231994394 140
1757425582787 2.0922268795156613 141
1757425582884 5.458985600408638 142
1757425583064 11.361210744438356 143
1757425583167 6.953611928070248 144
1757425583268 0.4988644272261425 145
1757425583370 19.914616814439654 146
1757425583475 10.98534547038946 147
1757425583575 39.73659485481033 148
1757425583676 2.781158151075191 149
1757425583777 46.02972492021336 150
1757425583880 27.52571962748922 151
1757425583986 21.835793303133592 152
1757425584083 12.4865470332676 153
1757425584178 3.2798748495274586 154
1757425584282 11.42834029820897 155
1757425584387 45.25680790432961 156
1757425584491 15.392801637364258 157
1757425584593 39.5780972944852 158
1757425584694 42.84713184517279 159
1757425584797 62.9388487730394 160
1757425584896 10.308534102832258 161
1757425584997 11.284849612010367 162
1757425585127 9.902466196123461 163
1757425585234 5.682028053816556 164
1757425585341 102.74852917198037 165
1757425585445 5.219845700777852 166
1757425585550 9.050729783531112 167
1757425585644 13.518413470593865 168
1757425585737 7.0087401958925755 169
1757425585835 7.093758358114386 170
1757425585936 78.38792491444174 171
1757425586041 9.109425406014472 172
1757425586145 44.8813195529826 173
1757425586247 41.67478158613522 174
1757425586350 5.308182484167914 175
1757425586452 21.89152825938649 176
1757425586553 86.99239615216655 177
1757425586657 36.70840795286387 178
1757425586758 2.3504903923658587 179
1757425586856 51.67918916457684 180
1757425586952 32.49090020577216 181
1757425587054 5.2939413525988535 182
1757425587176 70.51953309949972 183
1757425587299 47.68702742309782 184
1757425587403 9.773492270694144 185
1757425587503 6.962215105624935 186
1757425587602 25.666995466383316 187
1757425587702 18.260825080012022 188
1757425587804 13.210574339243104 189
1757425587904 29.7593180277294 190
1757425588000 5.6024296182560915 191
1757425588096 2.0464694775541643 192
1757425588200 51.27328448104629 193
1757425588306 86.13730623076742 194
1757425588409 33.19145188925598 195
1757425588512 48.826257136342335 196
1757425588613 20.602178318013443 197
1757425588721 6.049895455130203 198
1757425588820 102.23288542853983 199
1757425588919 4.761952791092071 200
1757425589018 21.87804933107585 201
1757425589121 42.938503513503555 202
1757425589223 44.562357519570085 203
1757425589326 42.14452139813772 204
1757425589428 10.549850090637205 205
1757425589529 15.616516939046878 206
1757425589630 61.809766550861234 207
1757425589735 42.73088644563299 208
1757425589834 11.561186297768517 209
1757425589938 16.101067774827182 210
