1757601482303 0.5945852950234651 0
1757601482365 0.992471694246291 1
1757601482429 0.4420680084405586 2
1757601482495 0.19562145177832668 3
1757601482561 0.38902178770460166 4
1757601482624 0.41392212257865185 5
1757601482681 0.18050720874865595 6
1757601482745 0.20928467820781793 7
1757601482808 0.24505234979834584 8
1757601482877 0.21488166149046928 9
1757601482947 0.0983394147881691 10
1757601483014 0.21237766937500802 11
1757601483079 0.16680356819032255 12
1757601483145 0.16066296593463572 13
1757601483206 0.09443966556874787 14
1757601483262 0.12511778258504552 15
1757601483324 0.11574810712701007 16
1757601483393 0.08130589043842525 17
1757601483459 0.18468335582001388 18
1757601483601 0.08738651798521443 19
1757601483665 0.14050094346274233 20
1757601483728 0.051348089532261804 21
1757601483792 0.19771457486428956 22
1757601483851 0.1172850312665955 23
1757601483909 0.1150198363372641 24
1757601483966 0.1520428941423436 25
1757601484031 0.12267794060206808 26
1757601484098 0.12395758453557748 27
1757601484166 0.06712132933627388 28
1757601484228 0.14643062983687605 29
1757601484293 0.10215772198404371 30
1757601484364 0.0912453512959473 31
1757601484425 0.12458318791913885 32
1757601484486 0.043975341257472454 33
1757601484552 0.1481539277015101 34
1757601484615 0.06569347844491868 35
1757601484677 0.062461526006730675 36
1757601484743 0.07160553933048919 37
1757601484808 0.11263145827346692 38
1757601484876 0.10762945592369515 39
1757601484941 0.12351059030867645 40
1757601485007 0.0841502365576585 41
1757601485073 0.12016978461078781 42
