1757673324924 5.009924241059546 0
1757673325038 0.28859650571339684 1
1757673325156 2.2794385482800963 2
1757673325279 1.0765389723211842 3
1757673325399 0.13755787765245725 4
1757673325513 0.18785698818201238 5
1757673325625 0.15902827670925618 6
1757673325740 0.08855093453533418 7
1757673325853 2.8663059221452714 8
1757673325966 0.18879970412083316 9
1757673326079 0.295404088444154 10
1757673326197 1.3364781790892006 11
1757673326321 0.2684050774479449 12
1757673326434 0.29128423206174753 13
1757673326549 0.03802960529390029 14
1757673326666 1.2092670092385414 15
1757673326779 0.07618526283321408 16
1757673326901 1.9380766772546658 17
1757673327016 0.7199884054111073 18
1757673327129 0.025206776136954524 19
1757673327245 2.660656920334297 20
1757673327360 0.6608155896023916 21
1757673327475 0.15272976156536047 22
1757673327587 0.5202373658522295 23
1757673327701 1.3836173991505984 24
1757673327815 0.21876737915803704 25
1757673327930 10.367756876003774 26
1757673328044 0.001952521152576595 27
1757673328157 0.18371667519027413 28
1757673328271 0.04883550112680695 29
1757673328383 0.5809257867473442 30
1757673328496 0.42517155177440313 31
1757673328608 0.15148117486461435 32
1757673328722 0.31395977968260763 33
1757673328835 0.05682901767369131 34
1757673328948 0.29577226825489217 35
1757673329063 2.0146249966748155 36
1757673329176 0.8462257261619069 37
1757673329291 0.8372692620868952 38
1757673329406 0.8304044266462239 39
1757673329521 0.0008796613188915665 40
1757673329638 0.08400749980738217 41
1757673329751 0.2935176347684414 42
1757673329864 0.05287846094523961 43
1757673329990 0.2249714192544905 44
1757673330104 0.038184969000456925 45
1757673330218 0.4068261779839677 46
1757673330332 0.7141963044909153 47
1757673330446 2.9704402179708014 48
1757673330581 0.5818706983235667 49
1757673330709 0.27854409664415924 50
1757673330826 0.4032182207960851 51
1757673330939 0.39186220903590857 52
1757673331061 0.35787891537696986 53
1757673331185 1.0687679958723064 54
1757673331298 0.1828160925780396 55
1757673331413 0.2384530774278053 56
1757673331529 0.33038731716978353 57
1757673331644 0.2542121851244756 58
1757673331759 0.8198211492420341 59
1757673331873 1.9011288567050482 60
1757673331986 0.37450152628568384 61
1757673332101 0.08486291527362069 62
1757673332217 0.34494886061076035 63
1757673332333 3.1690914418210543 64
1757673332448 1.7025882390899056 65
1757673332562 0.41040882871362466 66
1757673332674 0.7449083149680741 67
1757673332789 5.409405085575097 68
1757673332903 0.08768801726884524 69
1757673333017 0.314908632606608 70
1757673333133 0.17974621447793343 71
1757673333246 0.11173175578074765 72
1757673333362 0.14960451423579427 73
1757673333478 0.3951725362126962 74
1757673333591 0.20636772159752423 75
1757673333717 0.1998778499728337 76
1757673333835 0.2792118644509883 77
1757673333953 0.4524997846285069 78
1757673334070 0.27413654813912164 79
1757673334183 0.10945392753566614 80
1757673334298 26.27864585567184 81
1757673334413 1.022121537380486 82
1757673334557 0.011405449362441616 83
1757673334676 0.6918830513158177 84
1757673334792 0.1379207166210953 85
1757673334907 2.6693965703384172e-05 86
1757673335022 2.3877314954061037 87
1757673335136 5.791584377645289 88
1757673335251 0.38765281993063216 89
1757673335366 3.2150077192046065 90
1757673335482 0.10295059352616132 91
