1757670706390 0.08763520751217231 0
1757670706542 3.1586050328703195 1
1757670706655 0.033546817950027855 2
1757670706783 0.003934139845015788 3
1757670706891 0.2018398575610744 4
1757670707006 0.5564653412408077 5
1757670707117 0.041759443584944815 6
1757670707231 0.44552895564791084 7
1757670707348 0.0064801744057480385 8
1757670707459 0.0006921638511814922 9
1757670707581 0.00017656288787046826 10
1757670707711 0.21616050908121737 11
1757670707839 0.110712241454149 12
1757670707953 0.054446489743587595 13
1757670708076 0.010074134461799288 14
1757670708183 0.01688172285990159 15
1757670708303 0.13955173354965214 16
1757670708416 0.14069195373570612 17
1757670708562 0.049389150666476034 18
1757670708675 0.03461184277124428 19
1757670708792 0.08900328557177196 20
1757670708904 0.3912910167282358 21
1757670709027 0.002550476389073216 22
1757670709141 0.010269843371488252 23
1757670709258 0.05605229845333575 24
1757670709375 0.00603409783024773 25
1757670709491 0.04992811671775767 26
1757670709612 0.13488836483486763 27
1757670709731 0.3260803305520248 28
1757670709851 0.05323884244327239 29
1757670709960 0.4161955402935393 30
1757670710081 0.07263180010268498 31
1757670710191 0.0007983150743810432 32
1757670710311 0.2925119605758006 33
1757670710422 0.08754475857363628 34
1757670710539 0.3508287738825743 35
1757670710651 0.0529565430254908 36
1757670710768 0.02871599795675954 37
1757670710883 0.45051198916259266 38
1757670710997 1.5475726980778224 39
1757670711115 0.08079953483732626 40
1757670711229 0.10927066936368333 41
1757670711355 0.01696279243622118 42
1757670711464 0.006390434324090127 43
1757670711582 0.0005931865005061864 44
1757670711694 0.031511241728000676 45
1757670711813 0.6576466750980399 46
1757670711923 0.14796569047811714 47
1757670712041 0.21596799969119307 48
1757670712154 0.09775728056459904 49
1757670712270 0.011062718298851366 50
1757670712386 0.0005601406269442989 51
1757670712503 0.2594940339844324 52
1757670712621 0.02654308474646907 53
1757670712734 0.002998557061241334 54
1757670712853 0.7139576278605397 55
1757670712964 0.2357733808021794 56
1757670713081 0.0021830702853137857 57
1757670713193 0.006023915699789276 58
1757670713309 0.12412363612759629 59
1757670713423 0.09980102914601463 60
1757670713541 0.07393114376496436 61
1757670713653 0.029612356061115983 62
1757670713769 0.20903159196382876 63
1757670713886 0.306149897408988 64
1757670714002 0.5215379705633585 65
1757670714121 0.14649803708551049 66
1757670714232 0.007758008101445693 67
1757670714359 0.020894929781857405 68
1757670714471 0.5802096562119471 69
1757670714590 0.0014838063951902341 70
1757670714703 7.582373185334031e-05 71
1757670714819 0.007038510128123144 72
1757670714932 0.05379830213876267 73
1757670715049 0.008936815542415438 74
1757670715163 0.2188351342260534 75
1757670715283 0.06960551706203906 76
1757670715399 0.9851453535217977 77
1757670715514 0.23594448143763702 78
1757670715635 0.18051669239503593 79
1757670715750 0.0467563534042831 80
1757670715873 1.0348213681149916 81
1757670715990 0.0781919379319527 82
1757670716117 0.05294581743157303 83
1757670716229 0.08404041106627755 84
1757670716351 0.30800469015924176 85
1757670716463 0.010577246570840913 86
1757670716581 0.006193840163610673 87
1757670716694 0.09033322295414427 88
1757670716813 0.00019981473580538484 89
1757670716929 0.02014766484214008 90
1757670717054 0.009375966577904937 91
1757670717169 0.06786605683801443 92
1757670717287 0.15808462033611112 93
1757670717406 1.3079455590800819e-06 94
1757670717526 0.04715488071979804 95
1757670717653 0.0027539832038604266 96
1757670717769 0.03573174588064414 97
1757670717893 0.0008342358382176246 98
1757670718004 0.09440677712227037 99
1757670718129 0.24344610542301548 100
1757670718244 0.0156672347704658 101
1757670718368 0.0035791171237834524 102
1757670718480 0.0005358707622097753 103
1757670718602 0.0733543220074138 104
1757670718715 0.20210236383690586 105
1757670718833 0.5181723562984638 106
1757670718948 0.02993981475234258 107
1757670719069 0.007348694809297265 108
1757670719184 0.19879187804519205 109
1757670719300 0.14328510783309187 110
1757670719418 0.011090275080513317 111
1757670719536 0.15901688065976263 112
1757670719656 0.18216563436202032 113
1757670719772 0.009994234358321103 114
1757670719897 0.005302169973270762 115
1757670720011 0.00983666315598858 116
1757670720137 0.00605161644388185 117
1757670720251 0.11566702346934148 118
1757670720373 0.02010068376386052 119
