1757654465946 90.9282847694925 0
1757654466030 57.23143080941854 1
1757654466124 35.01116483254762 2
1757654466213 21.49668532994471 3
1757654466294 14.651104611906085 4
1757654466369 8.39765156625736 5
1757654466448 3.888413916847031 6
1757654466527 3.4013477709246813 7
1757654466611 3.1843768969339252 8
1757654466684 3.584274507305082 9
1757654466762 2.3125442067542665 10
1757654466840 0.9736379544095721 11
1757654466918 1.8791074106635701 12
1757654466996 0.8667635576980417 13
1757654467076 0.8201761256006846 14
1757654467163 1.2464566879056198 15
1757654467248 1.0613773896755223 16
1757654467333 0.89959839405078 17
1757654467404 1.8192944525961057 18
1757654467483 1.8452273764823377 19
1757654467554 1.1647326801647184 20
1757654467634 0.47339244759832966 21
1757654467715 2.18666662274606 22
1757654467794 1.7305822857584383 23
1757654467873 0.7621004975167855 24
1757654467956 0.6970186123662281 25
1757654468044 0.6449548658531793 26
1757654468125 1.6803051522718735 27
1757654468208 1.5608380243116815 28
1757654468294 0.8568254411741174 29
1757654468370 0.5019501308590396 30
1757654468449 2.3128266236440504 31
1757654468531 1.470566081037374 32
1757654468615 1.161399679356332 33
1757654468696 1.2155437155425517 34
1757654468777 0.8082955299523727 35
1757654468860 0.756251340951932 36
1757654468946 1.1254683403375227 37
1757654469032 0.9280014189856494 38
1757654469121 1.2527634028225767 39
1757654469231 0.8612651672061934 40
1757654469324 0.8619738903706444 41
1757654469422 0.7125744843735387 42
1757654469514 0.5771273679194819 43
1757654469595 1.7802842186617884 44
1757654469676 1.516738551833675 45
1757654469759 1.0108501957862013 46
1757654469849 1.520700011373088 47
1757654469933 0.736765245897115 48
1757654470021 1.6021894053498174 49
1757654470109 0.7659163347053706 50
1757654470199 1.308489635575853 51
1757654470288 0.8869998716579284 52
1757654470377 0.6650202589089413 53
1757654470465 1.0685183807552114 54
1757654470557 1.0974165590679301 55
1757654470647 0.8571622382885753 56
1757654470736 1.1106377733333284 57
1757654470825 0.49092834018094156 58
1757654470917 1.4783160528501185 59
1757654471006 1.4320154444520652 60
1757654471094 0.5953452243511621 61
1757654471183 1.146328776735895 62
1757654471270 0.37022275567523755 63
1757654471360 0.9924233726411777 64
1757654471457 1.1672967922762236 65
1757654471550 0.8442062083125724 66
1757654471632 1.2711991191510472 67
1757654471721 0.6793949222334363 68
1757654471800 1.1374011216784823 69
1757654471881 0.6765874703380808 70
1757654471964 1.9465451588391118 71
1757654472047 0.7864772417340594 72
1757654472128 0.8462285484666711 73
1757654472210 0.6754031847548732 74
1757654472288 0.708283218086709 75
1757654472370 1.1514764213333428 76
1757654472484 0.9072389520405759 77
1757654472573 1.068942470083753 78
1757654472663 1.3979513702777868 79
1757654472750 0.33998968624669446 80
1757654472838 0.5229976264548292 81
1757654472928 0.7278306741321218 82
1757654473015 0.6438698366046829 83
1757654473099 0.594114325043433 84
1757654473185 1.310897105905028 85
1757654473271 0.9414923984186263 86
1757654473361 0.4841706951015141 87
1757654473447 0.5799237155765036 88
1757654473533 0.7218243700970477 89
1757654473612 0.5251981353316574 90
1757654473696 1.1680604142564017 91
1757654473783 1.3893611147671914 92
1757654473867 0.9354348889529954 93
1757654473954 0.5866574977168101 94
1757654474042 0.6542953268654597 95
1757654474131 0.7628376779453705 96
1757654474222 0.5931949752749616 97
1757654474310 1.3266886574923051 98
1757654474399 0.5926244359114954 99
1757654474486 1.0405218597995392 100
1757654474575 0.46185953586785145 101
1757654474662 0.8818117287448968 102
1757654474747 0.8654236061607472 103
1757654474836 0.5475948442850967 104
1757654474938 0.5412227656077637 105
1757654475044 0.7713351717460528 106
1757654475146 0.5233704481533752 107
1757654475241 0.5434828548411588 108
1757654475376 0.7380994046086193 109
1757654475468 0.6944326721186326 110
1757654475563 0.8120050498040927 111
1757654475643 1.2704193966078023 112
1757654475722 0.9641098811397493 113
1757654475807 0.38806323747731586 114
1757654475893 0.6028717407616501 115
1757654475966 0.6127985968917664 116
1757654476054 0.6313530127576817 117
1757654476153 0.8422608430637234 118
1757654476250 0.6551350907935322 119
1757654476337 0.8601140110175598 120
1757654476422 0.6301402129159286 121
1757654476507 0.4384092103785835 122
1757654476590 1.1587869410446956 123
1757654476673 0.5685204103905994 124
1757654476752 0.6064971933694754 125
1757654476837 0.6391285991747319 126
1757654476923 0.5334111230362699 127
1757654477004 1.0864862895362704 128
1757654477084 0.47738927007806886 129
1757654477173 0.6823724890959546 130
1757654477258 0.8427595933256417 131
1757654477342 0.6727480113150275 132
1757654477425 0.6721940736795038 133
1757654477510 0.4889538267883838 134
1757654477593 0.554126053833554 135
1757654477674 0.5416091464472078 136
1757654477757 0.7799086744478241 137
1757654477841 0.7863175332590957 138
1757654477922 0.7177747275564539 139
1757654478003 0.5287155981799685 140
1757654478087 0.399799993121815 141
1757654478168 0.67582954599707 142
1757654478250 0.6288341128320372 143
1757654478334 0.760729468155873 144
1757654478415 0.7068865804422962 145
1757654478499 0.841157486270172 146
1757654478587 1.196557372174549 147
1757654478680 0.6436068800771493 148
1757654478773 0.8331514594940813 149
1757654478870 0.46371256427912966 150
1757654478961 0.4780006818209802 151
1757654479046 0.7957445401539116 152
1757654479135 0.7369750232391801 153
1757654479221 0.42381485024460885 154
1757654479304 0.4971766545124788 155
1757654479402 0.6153331200281517 156
1757654479505 0.5947595581308204 157
1757654479614 0.3477642231827868 158
1757654479706 0.4490701566760958 159
1757654479850 0.7669685535219039 160
1757654479956 0.7013209899345779 161
1757654480059 0.3742170656940057 162
1757654480158 0.40642227516605334 163
1757654480241 0.5819173977655231 164
1757654480324 0.45310839484428234 165
1757654480410 0.6906914272430819 166
1757654480498 0.5728141762202548 167
1757654480582 0.5312478115377952 168
1757654480666 0.5238043775608207 169
1757654480754 0.5120738424219975 170
1757654480840 0.6139472602688861 171
1757654480941 0.5694546571582807 172
1757654481037 0.2355007996323319 173
1757654481125 0.4815084303473839 174
1757654481215 1.0450596974484467 175
1757654481301 0.7403451514159543 176
1757654481385 0.34277790494439075 177
1757654481469 0.531652986260471 178
1757654481552 0.4431077078065952 179
1757654481639 0.34148484866240625 180
1757654481722 0.5654476783801132 181
1757654481806 0.37465739127017783 182
1757654481895 0.5028280875766162 183
1757654481982 0.3972666203316973 184
1757654482070 0.6250763885175052 185
1757654482158 1.0188869557115 186
1757654482241 0.6383849813205387 187
1757654482326 0.49840507592907934 188
1757654482410 0.4413966597986627 189
1757654482497 0.36834350894475726 190
1757654482581 0.7987523263952179 191
1757654482669 0.576210856218557 192
1757654482753 0.6291512055524076 193
1757654482839 0.6681157918241918 194
1757654482928 0.38753254145706245 195
1757654483019 0.9835601119610089 196
1757654483119 0.5252898796249661 197
1757654483228 1.2002432176682707 198
1757654483328 0.6057356487610779 199
1757654483437 0.453338684151884 200
1757654483547 0.6975181692481685 201
1757654483651 0.5969460907939991 202
1757654483740 0.4326272751246002 203
1757654483831 0.4691496549065714 204
1757654483927 0.5822312035066466 205
1757654484019 0.6153250081710462 206
1757654484109 0.2190197073625617 207
1757654484197 0.5237170579801427 208
1757654484286 0.7800755392394539 209
1757654484376 0.43292173599946504 210
1757654484467 0.2642467290498398 211
1757654484558 0.8920288270988961 212
1757654484652 0.48771224988715456 213
1757654484787 0.5727127807112303 214
1757654484894 0.5745658686641932 215
1757654485005 0.36070856680040875 216
1757654485112 0.7828643711969121 217
1757654485223 0.48984068585897556 218
1757654485336 0.5025108944217843 219
1757654485449 0.37170790172014934 220
1757654485555 0.9326766932315356 221
1757654485657 0.3050655644127426 222
1757654485750 0.29677748237196655 223
1757654485850 0.17068059028437832 224
1757654485953 0.3588250940738703 225
1757654486060 0.4964561209626726 226
1757654486170 0.33176573543888116 227
1757654486278 0.7937753817721869 228
1757654486379 0.904087099469708 229
1757654486482 0.29627421236208695 230
1757654486597 1.0617772966320616 231
1757654486705 0.4863999754583275 232
1757654486814 0.35962854259836385 233
1757654486923 0.3983534100912628 234
1757654487032 0.46064820588108046 235
1757654487139 0.36194519215661614 236
1757654487244 0.21059130862159353 237
1757654487347 1.1428168818236155 238
1757654487447 0.3823747088045644 239
1757654487551 0.16798204991569912 240
1757654487656 0.5480412120145797 241
1757654487748 0.2703588462793474 242
1757654487841 0.2634685241468605 243
1757654487942 0.623190491306121 244
1757654488049 0.35369741548145095 245
1757654488142 0.19874228448814274 246
1757654488239 0.6263777551507895 247
1757654488330 0.37680533731392724 248
1757654488429 0.588634369027166 249
1757654488547 1.106267155961992 250
1757654488646 0.4154463770390019 251
1757654488748 0.15447438992165521 252
1757654488843 0.4231175044944966 253
1757654488939 0.38961684417892806 254
1757654489035 0.4686885336878926 255
1757654489133 0.3378273094073094 256
1757654489236 0.5205277142276354 257
1757654489327 0.5551696680709608 258
1757654489417 0.747100774714152 259
1757654489508 0.45682450658986984 260
1757654489603 0.7076639504376958 261
1757654489696 0.18665020298560958 262
1757654489780 0.22700388752044742 263
1757654489868 0.3417499834194539 264
1757654489960 0.3463944337074897 265
1757654490053 0.27169048490588654 266
1757654490147 0.5518307342771169 267
1757654490239 0.5311029484214063 268
1757654490331 0.658909282274872 269
1757654490419 0.2440669242721345 270
1757654490514 0.2684617405702505 271
1757654490607 0.3996438341996046 272
1757654490700 0.6541106606773788 273
1757654490792 0.3568049643778677 274
1757654490881 0.3805443603289066 275
1757654490980 0.398290467286178 276
1757654491082 0.40903455264524924 277
1757654491187 0.25842282095745495 278
1757654491288 0.37209185125090927 279
1757654491381 0.7904557837260245 280
1757654491467 0.5840993948788243 281
1757654491562 0.42428956008213103 282
1757654491658 0.31979528683160474 283
1757654491744 0.4403136816119071 284
1757654491818 0.20433706344806624 285
1757654491895 0.47363425179390783 286
1757654491985 0.24820659916792034 287
1757654492075 0.5920499149824786 288
1757654492171 0.22318493931016864 289
1757654492263 0.2988579797870735 290
1757654492357 0.21417765633985558 291
1757654492449 0.38562424564480896 292
1757654492541 0.2831527877216198 293
1757654492633 0.17644820762659713 294
1757654492723 0.32822440747527026 295
1757654492820 0.5160338589317573 296
1757654492912 0.6018451729296842 297
1757654493005 0.4256389180413851 298
1757654493096 0.458537221655361 299
1757654493185 1.0662719586809537 300
1757654493275 0.437291881096621 301
1757654493366 0.625162528835934 302
1757654493459 0.3120848162053853 303
1757654493551 0.51416235268403 304
1757654493643 0.3373202280201356 305
1757654493734 0.2629361813667099 306
1757654493819 0.41081717256950256 307
1757654493905 0.39663342320859907 308
1757654493998 0.21051201443206988 309
1757654494090 0.531584746854539 310
1757654494184 0.20631460154358136 311
1757654494280 0.527977773675798 312
1757654494371 0.21873249148834528 313
1757654494466 0.2907027544644769 314
1757654494557 0.42176621566887734 315
1757654494649 0.6235025589836745 316
1757654494740 0.580674986114775 317
1757654494830 0.48376016548956363 318
1757654494921 0.26106194730771565 319
1757654495014 0.3274876924287008 320
1757654495105 0.27577810130096797 321
1757654495195 0.5180700071938877 322
1757654495286 0.3905468023063855 323
1757654495381 0.16790693865358888 324
1757654495478 0.32454168917188403 325
1757654495571 0.5132905601088926 326
1757654495665 0.21435978817075382 327
1757654495757 0.1563111190080177 328
1757654495845 0.35677516739816495 329
1757654495932 0.6785229781002959 330
1757654496063 0.23496947210952357 331
1757654496163 0.40104249488355137 332
1757654496260 0.22797328223198082 333
1757654496362 0.2813929560359043 334
1757654496459 0.31830300085047014 335
1757654496561 0.32919687136802733 336
1757654496684 0.7503251479067348 337
1757654496794 0.13386428920559665 338
1757654496891 0.7002325999513371 339
1757654496997 0.5592209728282329 340
1757654497095 0.24598782441224024 341
1757654497191 0.6834475913361369 342
1757654497287 0.514087841981669 343
1757654497385 0.31588734497545956 344
1757654497481 0.21289522657516569 345
1757654497574 0.33592023612193866 346
1757654497668 0.4046782981827559 347
1757654497767 0.45390907639043565 348
1757654497859 0.4586095542955939 349
1757654497950 0.2730523493666246 350
1757654498050 0.4826047272428304 351
1757654498144 0.5012042906889833 352
1757654498238 0.4321972832205394 353
1757654498334 0.4935253540826541 354
1757654498430 0.5647676672284121 355
1757654498526 0.36898380074357956 356
1757654498620 0.4322070714136638 357
1757654498717 0.36430590133591956 358
1757654498815 0.18289419507565832 359
1757654498914 0.3583074337573214 360
1757654499010 0.35882710584525224 361
1757654499109 0.5396730004081369 362
1757654499215 0.40738914886696964 363
1757654499313 0.48148717016489284 364
1757654499410 0.18559462148987396 365
1757654499507 0.3466141497644352 366
1757654499604 0.3655791700976819 367
1757654499700 0.3198705229356894 368
1757654499798 0.4684096561814801 369
1757654499892 1.1336408551057167 370
1757654499985 0.19451057006378808 371
1757654500082 0.5302175423196338 372
1757654500176 0.41212402003157417 373
