1757665739694 168.30571297146744 0
1757665739793 165.21323096604698 1
1757665739894 157.59500657104658 2
1757665739989 166.55049640503856 3
1757665740085 172.75123890958034 4
1757665740181 151.5119440048477 5
1757665740272 161.53335262640027 6
1757665740363 157.12904252397414 7
1757665740447 158.39863574328731 8
1757665740541 159.1254616863751 9
1757665740623 155.8624649367657 10
1757665740714 155.7405214553445 11
1757665740807 151.76831678769167 12
1757665740900 148.8286834635343 13
1757665740998 155.74052440043107 14
1757665741098 152.35571676459315 15
1757665741199 158.66127182456626 16
1757665741298 149.3145428541431 17
1757665741397 140.89153478278126 18
1757665741499 152.30054817329295 19
1757665741606 138.75141219075917 20
1757665741693 148.14923250455482 21
1757665741785 149.67497266607924 22
1757665741880 141.4191407570523 23
1757665741975 147.2247607154557 24
1757665742068 138.19583685844424 25
1757665742161 147.77037335272058 26
1757665742251 129.31107528886702 27
1757665742348 136.93753021383034 28
1757665742441 138.5037188495391 29
1757665742532 135.68910157359383 30
1757665742614 131.95166264253092 31
1757665742706 134.84116986813058 32
1757665742800 129.0337932522704 33
1757665742892 134.86160999731467 34
1757665742981 131.10525806470443 35
1757665743095 129.51345652986248 36
1757665743192 129.90213214713313 37
1757665743290 122.01245518261318 38
1757665743387 125.04098940539637 39
1757665743490 125.69345579153138 40
1757665743588 127.87346031427944 41
1757665743688 123.91373485877659 42
1757665743792 119.20892979823238 43
1757665743892 120.26862983099075 44
1757665743993 120.00498197211203 45
1757665744090 114.4906122785096 46
1757665744188 122.48299419639721 47
1757665744287 121.9095904020502 48
1757665744388 118.44892073800533 49
1757665744499 118.93738098758693 50
1757665744607 114.94981858977543 51
1757665744705 118.90429177767973 52
1757665744801 120.83708031979565 53
1757665744896 117.89085581444832 54
1757665744988 111.90549932057026 55
1757665745080 104.32944858299388 56
1757665745180 108.57833831681137 57
1757665745273 106.84923029774097 58
1757665745367 114.43292965191252 59
1757665745456 110.26842176452598 60
1757665745554 105.51465777446819 61
1757665745648 103.70473656045438 62
1757665745741 107.97434771951443 63
1757665745831 106.83708656054868 64
1757665745922 107.30219551662293 65
1757665746014 105.50400555801974 66
1757665746112 105.54466718510967 67
1757665746213 106.32528235857487 68
1757665746317 98.68181501625111 69
1757665746431 105.22973290938208 70
1757665746534 105.97700567857359 71
1757665746636 100.39411088586267 72
1757665746726 101.87819252915654 73
1757665746814 95.77790119066223 74
1757665746905 102.76283914294314 75
1757665747002 94.85690081855964 76
1757665747105 94.87347615475981 77
1757665747207 96.9681659714174 78
1757665747299 94.8458332917629 79
1757665747392 94.06915560032525 80
1757665747485 89.712795543316 81
1757665747575 94.95558030744232 82
1757665747667 91.44446933417828 83
1757665747762 87.70580091306621 84
1757665747856 90.3067768544305 85
1757665747947 88.30082330776051 86
1757665748056 90.30649564111889 87
1757665748151 92.46746570337139 88
1757665748250 89.59816839797296 89
1757665748352 91.21534650271039 90
1757665748458 88.61461360876662 91
1757665748558 87.49674893736758 92
1757665748654 87.0364894074512 93
1757665748745 84.52187166870493 94
1757665748843 83.82427526647156 95
1757665748945 85.1052257890043 96
1757665749043 84.45946134507223 97
1757665749141 79.10449870659868 98
1757665749234 83.49503469264106 99
1757665749327 82.32866075014137 100
1757665749422 80.84387791034234 101
1757665749523 77.95406631185257 102
1757665749624 83.71345134103251 103
1757665749724 83.2885183551372 104
1757665749825 80.7378282055826 105
1757665749925 75.28525372319825 106
1757665750031 81.16052009849795 107
1757665750137 75.74218037290638 108
1757665750242 76.77738711584752 109
1757665750345 76.49414855095449 110
1757665750450 71.84844119851651 111
1757665750550 74.95759194770801 112
1757665750656 75.55057955462244 113
1757665750749 73.63248603181724 114
1757665750843 75.18752759723667 115
1757665750939 71.53618845845423 116
1757665751042 76.90177381002049 117
1757665751148 69.58711773703673 118
1757665751251 71.45436299711398 119
1757665751356 70.29491510327203 120
1757665751460 66.89577586674824 121
1757665751566 68.42884117345 122
1757665751667 67.77396039084158 123
1757665751770 73.89304961602475 124
1757665751874 68.4980755433283 125
1757665751979 65.62179457900633 126
1757665752080 67.27260550747472 127
1757665752182 66.60627286246938 128
1757665752283 68.1602215933907 129
1757665752390 67.15529518189811 130
1757665752492 66.71143942617721 131
1757665752597 62.74747640364428 132
1757665752697 68.86180060344226 133
1757665752794 63.229092597037074 134
1757665752891 68.82945954212812 135
1757665752987 65.28550938718548 136
1757665753092 63.10813319438628 137
1757665753196 64.71324515158652 138
1757665753299 64.02980968347529 139
1757665753405 64.56652566981099 140
1757665753508 60.48682382619609 141
1757665753614 62.70306909053641 142
1757665753716 62.65013499713068 143
1757665753821 60.988796752391345 144
1757665753923 60.778297718143904 145
1757665754030 60.79799321379908 146
1757665754132 62.72195692471232 147
1757665754235 61.99968702921656 148
1757665754338 60.660528853088394 149
1757665754439 63.14656010417316 150
1757665754554 59.303763807581745 151
1757665754663 55.09934658274555 152
1757665754761 56.912113735313916 153
1757665754859 56.29816782286362 154
1757665754952 57.03478972370104 155
1757665755044 57.076841989446464 156
1757665755137 57.06845145696203 157
1757665755235 56.184387575495016 158
1757665755334 55.65471691889081 159
1757665755434 55.21401344571795 160
1757665755531 53.47741964763502 161
1757665755631 52.598093366568285 162
1757665755734 51.43338544537805 163
1757665755837 54.378206141073754 164
1757665755939 52.240598395410885 165
1757665756048 51.419690105712945 166
1757665756151 52.2659150104254 167
1757665756259 51.976846732547614 168
1757665756359 51.25747582166348 169
1757665756464 50.84426309448706 170
1757665756570 50.8157289742125 171
1757665756671 49.95397840342814 172
1757665756772 47.41791120450063 173
1757665756870 50.55725422679899 174
1757665756951 50.32748730185314 175
1757665757051 49.58107934378613 176
1757665757160 51.40659140372529 177
1757665757266 48.76135946486181 178
1757665757368 47.521384683818624 179
1757665757472 49.05032764520086 180
1757665757580 47.92845361247966 181
1757665757686 49.65300574241432 182
1757665757793 47.37179406085381 183
1757665757895 49.547858644797124 184
1757665758003 44.001296113025546 185
1757665758120 49.50689300032762 186
1757665758231 44.132953341717645 187
1757665758337 46.630034536295696 188
1757665758443 45.83831724822289 189
1757665758550 41.82656530786136 190
1757665758653 46.763462514621494 191
1757665758757 44.547741467472946 192
1757665758857 42.86071652141511 193
1757665758962 43.37771593884217 194
1757665759065 40.079828714221506 195
1757665759171 45.74846656650202 196
1757665759278 40.41095090204678 197
1757665759385 43.35063606676679 198
1757665759492 43.028300223227426 199
1757665759601 42.30065918045519 200
1757665759705 41.82217457047735 201
1757665759809 39.867393916609075 202
1757665759917 40.09381553611105 203
1757665760022 41.74925023162994 204
1757665760135 39.958242533174406 205
1757665760246 40.18539468335218 206
1757665760352 38.0924066250394 207
1757665760456 40.17566314502315 208
1757665760568 43.30116571097288 209
1757665760678 39.70519658518471 210
1757665760783 39.240786970754755 211
1757665760884 37.89103979526857 212
1757665760986 38.63663199754415 213
1757665761094 37.735543631916926 214
1757665761201 39.60727433889714 215
1757665761309 43.57817084185756 216
1757665761413 37.77876041496023 217
1757665761518 40.82788406993966 218
1757665761623 35.471368765594995 219
1757665761733 41.6137633559286 220
1757665761835 37.045870170608815 221
1757665761942 38.121516539163444 222
1757665762048 35.265683974656305 223
1757665762149 35.25995809854475 224
1757665762252 34.785708553719516 225
1757665762357 34.30277931010215 226
1757665762462 35.497230406604054 227
1757665762567 35.066823734834934 228
1757665762676 34.412439145115314 229
1757665762782 36.9822394842014 230
1757665762882 33.31233939891948 231
1757665762984 35.89769755566503 232
1757665763086 35.602077898566165 233
1757665763191 34.623622624509586 234
1757665763299 35.1441511373309 235
1757665763402 35.55105462616682 236
1757665763511 33.450189962760945 237
1757665763617 33.06807540870298 238
1757665763724 34.059677231725914 239
1757665763833 29.413126026034444 240
1757665763943 29.783302850999466 241
1757665764049 35.582311325269124 242
1757665764157 32.52056378471189 243
1757665764265 32.34342730344422 244
1757665764369 29.67416752766015 245
1757665764480 28.76335147846369 246
1757665764590 32.55463951582352 247
1757665764696 31.60975984316086 248
1757665764801 30.473778590515508 249
1757665764900 31.181504821707442 250
1757665764998 31.285730714013138 251
1757665765101 33.715531167211395 252
1757665765211 29.293918742975176 253
1757665765318 30.71796855867075 254
1757665765439 27.632854862159405 255
1757665765553 28.66566740638775 256
1757665765664 26.833912145621536 257
1757665765772 27.63483225123288 258
1757665765880 27.410979733715173 259
1757665765987 28.832573478372233 260
1757665766094 31.128168363480047 261
1757665766199 28.241735294123274 262
1757665766305 27.78724143102875 263
1757665766413 29.502535774110967 264
1757665766522 28.293629518269565 265
1757665766630 25.264995297567946 266
1757665766743 23.62066315589435 267
1757665766852 25.131576026950974 268
1757665766949 27.563957931880093 269
1757665767052 26.1400519226487 270
1757665767166 26.18238416334473 271
1757665767274 25.162768165246735 272
1757665767382 26.144340826190554 273
1757665767489 27.430744144440567 274
1757665767596 25.379498489596696 275
1757665767701 25.13656430567109 276
1757665767810 23.55332612469869 277
1757665767917 25.87112841144313 278
1757665768028 26.29382141485067 279
1757665768138 25.660383954498606 280
1757665768246 26.0923393957241 281
1757665768356 24.154758078918935 282
1757665768465 23.687965173193643 283
1757665768577 27.17667391739177 284
1757665768686 23.932573912586644 285
1757665768793 24.732150236989742 286
1757665768895 21.80970603747272 287
1757665769001 22.119289668244146 288
1757665769111 23.508839116125017 289
1757665769220 27.01694345936421 290
1757665769330 23.462164668878675 291
1757665769435 22.565219073475472 292
1757665769541 23.776473316966747 293
1757665769651 25.617775277874333 294
1757665769758 24.572717338742343 295
1757665769866 21.63950660270163 296
1757665769972 23.447110904609463 297
1757665770078 21.146919770183466 298
1757665770186 21.150623868087017 299
1757665770296 23.097650394574515 300
1757665770402 20.749135788547513 301
1757665770511 23.056297355717007 302
1757665770617 19.885073468602144 303
1757665770727 22.49845905638321 304
1757665770834 22.09617730480289 305
1757665770934 22.69148253055934 306
1757665771033 19.82214093269795 307
1757665771141 19.538369236228363 308
1757665771249 19.912500526707756 309
1757665771356 19.96738712488237 310
1757665771463 18.496702306953114 311
1757665771570 21.59484978238911 312
1757665771676 20.934349363692093 313
1757665771803 21.482230668158184 314
1757665771915 20.248409413406353 315
1757665772021 19.6871703080423 316
1757665772136 19.66359222821407 317
1757665772245 22.335253063034493 318
1757665772354 21.44697885055575 319
1757665772457 20.047992369632382 320
1757665772567 21.556908662058614 321
1757665772674 21.533696934029443 322
1757665772783 19.664181281445288 323
1757665772890 19.301109205721076 324
1757665772989 18.741353836456803 325
1757665773094 17.524209927997394 326
1757665773208 20.289743224731875 327
1757665773318 17.47284398865566 328
1757665773427 18.380162006009293 329
1757665773537 16.74640767313874 330
1757665773644 18.179400543243634 331
1757665773755 20.6306543970739 332
1757665773860 19.00623286583686 333
1757665773968 16.04815321087224 334
1757665774077 21.255049686077488 335
1757665774187 16.469005331299666 336
1757665774296 19.230706847340862 337
1757665774404 17.926203275416196 338
1757665774525 18.094712847265715 339
1757665774638 15.96211052773109 340
1757665774750 18.50255478377448 341
1757665774862 19.20550484413263 342
1757665774961 16.601213700223884 343
1757665775063 18.81269931819054 344
1757665775166 21.40246711695965 345
1757665775270 16.138689789430803 346
1757665775374 15.94201774339698 347
1757665775480 14.570585926399318 348
1757665775588 14.900821933271363 349
1757665775700 15.614675691376462 350
1757665775816 18.143533835689 351
1757665775927 19.245855705532207 352
1757665776037 16.436193972838893 353
1757665776150 15.417763640828397 354
1757665776259 16.890285688408333 355
1757665776373 16.4880233103716 356
1757665776483 14.603172758682996 357
1757665776593 18.45517436148247 358
1757665776707 14.385481316872058 359
1757665776817 15.311940097369378 360
1757665776928 16.575906125896037 361
1757665777034 16.177328726068957 362
1757665777152 14.107961760779828 363
1757665777264 14.919915103646144 364
1757665777373 16.23007611534676 365
1757665777484 15.649873450868363 366
1757665777597 14.331926222693866 367
1757665777706 13.375014958123792 368
1757665777816 16.38009358019752 369
1757665777924 14.321722860324739 370
1757665778034 13.809305435427714 371
1757665778149 15.11809917537392 372
1757665778261 14.169452194681321 373
1757665778369 13.955930263655128 374
1757665778480 13.422851691386695 375
1757665778593 13.492583908373827 376
1757665778702 12.305205722362144 377
1757665778814 13.114303072493557 378
1757665778926 14.736627550588347 379
1757665779030 14.455222470459258 380
1757665779133 13.883256295881976 381
1757665779242 19.418267367195472 382
1757665779354 15.309550925146725 383
1757665779465 14.973902528639643 384
1757665779576 13.535341914676664 385
1757665779686 15.021360452990152 386
1757665779794 10.654300764331989 387
1757665779902 12.943043268043517 388
1757665780010 13.4997953612538 389
1757665780123 12.136833711527 390
1757665780236 12.306224937622444 391
1757665780349 14.896834812055637 392
1757665780459 11.774189284540885 393
1757665780574 12.775338408250123 394
1757665780684 15.115909415575837 395
1757665780802 12.255589985518727 396
1757665780914 11.951870690978332 397
1757665781024 14.225153571427397 398
1757665781132 12.685989513222168 399
1757665781242 12.869355501540431 400
1757665781356 13.221390446609902 401
1757665781466 13.1883619796179 402
1757665781576 9.646444972757932 403
1757665781689 13.722670716397387 404
1757665781799 12.906755701133596 405
1757665781907 12.342220695121247 406
1757665782025 11.510539551838175 407
1757665782136 11.711234617734364 408
1757665782252 11.795468690404999 409
1757665782366 10.393371617802453 410
1757665782506 11.983529919009792 411
1757665782620 14.146682517439288 412
1757665782736 13.988696860415617 413
1757665782848 12.297141895875521 414
1757665782962 16.502282174419165 415
1757665783068 13.102457069353811 416
1757665783179 13.375078421377697 417
1757665783290 11.738549122709067 418
1757665783404 12.291378716348046 419
1757665783517 11.0723168217943 420
1757665783631 8.857957787719842 421
1757665783744 11.439200248368474 422
1757665783854 13.407761224594035 423
1757665783967 9.936712348567873 424
1757665784078 9.98324233304739 425
1757665784195 10.148009679353713 426
1757665784309 9.479947290770417 427
1757665784426 10.017849005096831 428
1757665784550 9.21887192238003 429
1757665784665 11.411428657286525 430
1757665784777 9.100492995767961 431
1757665784890 13.885267096214116 432
1757665785003 11.505018717965966 433
1757665785111 11.677230132521318 434
1757665785220 12.341570167059608 435
1757665785337 10.026241421074284 436
1757665785448 10.253599165258052 437
1757665785562 10.839804303090585 438
1757665785674 9.691428309255919 439
1757665785793 9.869044510083688 440
1757665785904 12.971281321956049 441
1757665786021 8.672568732897528 442
1757665786137 9.865643119826474 443
1757665786253 9.840451535785213 444
1757665786366 9.914752018938767 445
1757665786479 8.889553369756573 446
1757665786594 9.544597467132702 447
1757665786708 11.279899967975624 448
1757665786823 8.938993405547896 449
1757665786935 8.387228397044652 450
1757665787051 9.37996151348514 451
1757665787161 11.784815834273001 452
1757665787273 10.49518442300454 453
1757665787390 8.312461074179184 454
1757665787504 9.858203525363566 455
1757665787618 8.277014853844166 456
1757665787754 8.16500830759607 457
1757665787866 8.626354905608986 458
1757665787982 8.913965657115343 459
1757665788093 9.110698844043498 460
1757665788219 9.389674117597176 461
1757665788335 11.461219044532664 462
1757665788452 10.927967059802167 463
1757665788565 10.035550370528181 464
1757665788679 12.412465443337494 465
1757665788792 8.242366390518884 466
1757665788903 11.745762825988084 467
1757665789019 7.382985319702418 468
1757665789130 6.991391479266232 469
1757665789235 8.183485095700027 470
1757665789339 7.045859620954549 471
1757665789450 7.9413189369258586 472
1757665789564 9.756300032474796 473
1757665789676 9.84466554153643 474
1757665789790 9.976336725812844 475
1757665789901 12.118873640069992 476
1757665790016 7.368002417261462 477
1757665790129 10.405398706000454 478
1757665790237 11.921488991967895 479
1757665790344 9.737683518107131 480
1757665790452 7.507750327389753 481
1757665790565 10.185382977053235 482
1757665790678 7.6182902833128106 483
1757665790792 6.414269927718642 484
1757665790905 10.361011159215522 485
1757665791018 7.708566099408828 486
1757665791133 10.277753294673579 487
1757665791244 8.263270006383145 488
1757665791353 9.508612567547937 489
1757665791463 8.518483364603398 490
1757665791579 7.89790166029458 491
1757665791690 7.599217058953597 492
1757665791806 6.876294312355068 493
1757665791923 10.10541997340223 494
1757665792038 6.788387870829318 495
1757665792154 8.432429149781754 496
1757665792268 6.241443647609212 497
1757665792385 8.989490657020095 498
1757665792502 8.37496933959193 499
