1757441740030 143.36027076455466 0
1757441740135 119.25465585338439 1
1757441740239 112.43808684429648 2
1757441740345 116.44018418264267 3
1757441740452 48.50637555563686 4
1757441740562 56.67872794098996 5
1757441740666 47.467655156718365 6
1757441740768 30.35839066640035 7
1757441740872 30.170140094468785 8
1757441740975 88.03283392144871 9
1757441741078 21.666013449552207 10
1757441741185 44.37025544683572 11
1757441741294 44.59983957453217 12
1757441741401 21.641434616711578 13
1757441741506 26.495407278451367 14
1757441741611 52.35237270421359 15
1757441741717 0.6990290046477425 16
1757441741821 34.65383551347869 17
1757441741926 15.883121082541654 18
1757441742030 8.615012010877289 19
1757441742138 89.39764844603324 20
1757441742244 33.318861944715046 21
1757441742347 7.982925653483032 22
1757441742452 52.83556851054438 23
1757441742560 83.26090336443386 24
1757441742669 0.8202049397071973 25
1757441742775 44.254879932338234 26
1757441742882 4.447838464381988 27
1757441742986 6.173893632042461 28
1757441743090 13.520619475248605 29
1757441743195 4.718900813550535 30
1757441743304 9.484267800969647 31
1757441743409 44.54559960227348 32
1757441743515 6.169236136955671 33
1757441743623 1.5579069398893577 34
1757441743731 42.81345096759802 35
1757441743837 7.279809633600572 36
1757441743946 21.48181593702739 37
1757441744049 39.103592734086554 38
1757441744154 0.9336744123596266 39
1757441744260 12.12052819490269 40
1757441744365 14.258402037876271 41
1757441744470 25.807994748865816 42
1757441744576 20.848882908661025 43
1757441744677 7.675038529904281 44
1757441744782 50.76001568973094 45
1757441744889 1.2516569125062482 46
1757441744997 0.12118898453283553 47
1757441745099 57.18590839858904 48
1757441745204 8.21910559498606 49
1757441745310 44.97889966099179 50
1757441745415 1.3447832222855498 51
1757441745518 0.02459007943132402 52
1757441745625 7.01240115506131 53
1757441745733 29.445107905867648 54
1757441745839 0.16614195151926614 55
1757441745943 5.021489836875495 56
1757441746048 1.3248280584223897 57
1757441746152 9.375978447474715 58
1757441746253 4.5666920894342855 59
1757441746356 4.7205330591727535 60
1757441746464 2.9881079927086582 61
1757441746569 3.793619008757089 62
1757441746676 8.50489579706004 63
1757441746782 61.892253830875084 64
1757441746888 81.21123530985409 65
1757441746995 20.984627220454254 66
1757441747100 9.881141867296641 67
1757441747206 33.10824787908606 68
1757441747311 22.245633308546715 69
1757441747416 2.9858961888308326 70
1757441747521 20.92642636739375 71
1757441747628 18.61220249562717 72
1757441747737 0.6213935564755806 73
1757441747843 9.239319879281252 74
1757441747947 1.4396996322879154 75
