1757444360563 165.64959355536118 0
1757444360638 164.9690421851865 1
1757444360688 160.99882782668988 2
1757444360743 158.36440138949825 3
1757444360802 154.79989400980332 4
1757444360863 150.14841411572417 5
1757444360919 157.68439092323882 6
1757444360978 165.2440077451924 7
1757444361043 142.21765932438967 8
1757444361101 146.40036576433323 9
1757444361156 141.34728858938996 10
1757444361220 147.32941694620519 11
1757444361288 142.31324656463173 12
1757444361357 137.9455404658363 13
1757444361431 130.0895716038285 14
1757444361494 131.76331587067813 15
1757444361561 134.2733401414712 16
1757444361626 138.98076877258833 17
1757444361689 127.24735178807056 18
1757444361755 125.18906778804752 19
1757444361831 125.67021057204617 20
1757444361897 125.23857680458441 21
1757444361964 117.7814517194609 22
1757444362037 117.49081094059665 23
1757444362110 121.61338255565234 24
1757444362166 111.60593328303791 25
1757444362216 111.67291583626735 26
1757444362275 112.59766578155565 27
1757444362338 110.06145098627132 28
1757444362397 112.06384743874513 29
1757444362464 112.18301976857765 30
1757444362533 110.86724495708293 31
1757444362607 109.49791616476763 32
1757444362678 104.54621974503186 33
1757444362748 102.86708567711396 34
1757444362818 97.30112665920763 35
1757444362888 101.17618403081158 36
1757444362962 100.19491440224532 37
1757444363034 95.44025127524222 38
1757444363125 94.84524884014967 39
1757444363204 89.47304374290627 40
1757444363274 92.65265355966777 41
1757444363348 92.86534818469283 42
1757444363426 89.57860669508432 43
1757444363492 91.76889846130041 44
1757444363556 86.51539086579875 45
1757444363617 87.02422047068926 46
1757444363686 86.16886538221576 47
1757444363756 81.34523113373699 48
1757444363824 83.26555664649858 49
1757444363894 82.97498017342427 50
1757444363958 79.24867930625884 51
1757444364020 84.20599737825088 52
1757444364087 80.47234848249384 53
1757444364150 76.35481182309475 54
1757444364206 80.38332829085441 55
1757444364277 75.3263393436999 56
1757444364344 73.82858638204173 57
1757444364407 71.4070610319397 58
1757444364476 73.02543771155602 59
1757444364545 72.98118683323705 60
1757444364610 71.65929044428897 61
1757444364673 67.71178919361955 62
1757444364735 64.28988906974529 63
1757444364809 67.88594942178877 64
1757444364880 66.48693992397455 65
1757444364949 64.02118967009915 66
1757444365020 61.16200340763838 67
1757444365092 63.262945215100295 68
1757444365164 67.3845217196695 69
1757444365234 60.85283351170736 70
1757444365302 61.735246778374375 71
1757444365373 58.21281592675938 72
1757444365441 57.644794548485216 73
1757444365513 61.03419051927246 74
1757444365586 54.70516923264718 75
1757444365659 55.51494649626409 76
1757444365728 55.15847641903946 77
1757444365801 55.05005066360201 78
1757444365873 55.46934268986046 79
1757444365947 54.548296244923925 80
1757444366024 54.95619128726404 81
1757444366095 53.52627261694789 82
1757444366166 52.17928031233884 83
1757444366230 51.53498005688425 84
1757444366297 52.49642307990388 85
1757444366367 51.92109173853945 86
1757444366434 50.44277503942706 87
1757444366502 46.58423628692719 88
1757444366574 49.11778008958687 89
1757444366645 47.17196693143974 90
1757444366718 46.323997071737125 91
1757444366791 47.15843336759366 92
1757444366867 49.33708516170463 93
1757444366937 45.78830964092472 94
1757444367011 45.28497320375177 95
1757444367081 46.28407545334456 96
1757444367154 43.19335399118625 97
1757444367224 43.421073749151354 98
1757444367296 40.546037388292454 99
1757444367371 44.29890444523375 100
1757444367446 42.59055244662788 101
1757444367518 40.910621002746836 102
1757444367592 39.698027935685026 103
1757444367661 39.98360749864578 104
1757444367733 38.95566779482215 105
1757444367804 37.3312520435191 106
1757444367875 36.487800833925036 107
1757444367946 38.19690114739577 108
1757444368016 40.44168766106461 109
1757444368089 35.56621365920936 110
1757444368159 35.70435635429532 111
1757444368223 38.45473134520667 112
1757444368285 33.397537032172316 113
1757444368355 39.59970133072999 114
1757444368426 32.55944677807787 115
1757444368498 31.91079532432709 116
1757444368567 32.04621623294973 117
1757444368633 32.932840404256915 118
1757444368699 31.079992984491067 119
1757444368771 30.15319307855324 120
1757444368835 31.763730601988943 121
1757444368905 32.60093831669729 122
1757444368974 29.481801639093952 123
1757444369042 32.52492411534127 124
1757444369106 31.434595243853316 125
1757444369172 31.267861272093214 126
1757444369239 28.876785954229984 127
1757444369311 27.773330555753343 128
1757444369383 27.75639163856882 129
1757444369455 27.2025007973487 130
1757444369525 31.238984929768108 131
1757444369597 29.606833987959845 132
1757444369671 25.7186990504435 133
1757444369745 28.8880174734339 134
1757444369816 25.554943254846336 135
1757444369892 25.74248984409343 136
1757444369964 24.481752157559054 137
1757444370039 24.494790046788026 138
1757444370114 26.92791325812322 139
1757444370186 23.749951694651056 140
1757444370253 24.75119453276193 141
1757444370319 21.422343872176338 142
1757444370389 23.65099042490676 143
1757444370461 24.190847863435987 144
1757444370527 22.562458231916036 145
1757444370599 22.275727174933166 146
1757444370673 22.500439299593396 147
1757444370741 20.18870879557332 148
1757444370815 20.45333271095543 149
1757444370888 22.806604674237395 150
1757444370958 23.967674170610138 151
1757444371034 22.799693778699254 152
1757444371104 19.036373885082746 153
1757444371178 21.13969734413799 154
1757444371249 21.45705485149646 155
1757444371305 20.606714203103465 156
1757444371359 18.62632918443519 157
1757444371423 20.230806963572427 158
1757444371487 21.402966955644146 159
1757444371553 19.766377407931582 160
1757444371617 21.43119068529368 161
1757444371683 17.36975498261144 162
1757444371751 20.48462436195523 163
1757444371819 18.187726658333705 164
1757444371885 17.549429319726034 165
1757444371949 18.700007098916224 166
1757444372017 19.968764409633668 167
1757444372089 16.567813803586525 168
1757444372159 19.773710783707017 169
1757444372229 17.09097475855801 170
1757444372286 18.043867478604657 171
1757444372353 15.807000057700701 172
1757444372420 16.503824588226852 173
1757444372493 15.728638503534171 174
1757444372566 15.521592889026158 175
1757444372641 17.490319116888788 176
1757444372715 17.038478815958353 177
1757444372789 14.118091711314253 178
1757444372861 12.26140078713978 179
1757444372932 12.568394821573841 180
1757444373005 14.914871947894111 181
1757444373077 14.829143866080717 182
1757444373151 14.36840904724353 183
1757444373227 13.430517163727838 184
1757444373300 13.129521768768559 185
1757444373371 15.81105280694876 186
1757444373447 14.283911668006883 187
1757444373523 15.474039810562866 188
1757444373596 12.224855503278299 189
1757444373668 11.10592265960855 190
1757444373741 14.47746708599092 191
1757444373811 14.739194901674956 192
1757444373883 13.669546828609603 193
1757444373955 10.979740263530513 194
1757444374028 14.135670647796273 195
1757444374098 12.460648427366468 196
1757444374169 12.90428496085183 197
1757444374240 12.125791802947264 198
1757444374305 13.69098287304715 199
1757444374366 12.510494024865649 200
1757444374435 11.295489444723195 201
1757444374506 12.611171806603133 202
1757444374577 12.029991144737798 203
1757444374646 11.793436700780894 204
1757444374722 12.548791037720866 205
1757444374797 18.70444131555884 206
1757444374885 13.319787132162947 207
1757444374958 12.497947235297675 208
1757444375034 12.076793983229745 209
1757444375106 10.979411367954675 210
1757444375183 13.179878861165589 211
1757444375259 10.430816719922994 212
1757444375339 10.929899341553389 213
1757444375415 10.711016666831657 214
1757444375497 10.612817056646477 215
1757444375569 11.66850707383026 216
1757444375646 12.081878486316514 217
1757444375718 10.180739072325853 218
1757444375792 11.028581465405324 219
1757444375868 9.957283951932725 220
1757444375945 8.125837300812496 221
1757444376022 7.7465548350017075 222
1757444376099 7.838401041186806 223
1757444376174 8.11247204972026 224
1757444376248 8.665216580670542 225
1757444376320 10.461456732323075 226
1757444376389 11.824217239778202 227
1757444376461 10.714424925468206 228
1757444376535 10.046212174423525 229
1757444376607 8.646132695338906 230
1757444376683 7.581530324234206 231
1757444376758 10.064843634344463 232
1757444376834 17.828058821897883 233
1757444376906 8.29103975381234 234
1757444376978 8.776421761690575 235
1757444377052 9.602548369809853 236
1757444377124 7.912548660723473 237
1757444377196 8.000676625566392 238
1757444377268 6.608337005818855 239
1757444377343 8.224503889072423 240
1757444377418 7.073107883543138 241
1757444377493 7.739152289871307 242
1757444377568 16.099146861087686 243
1757444377640 8.014960732102551 244
1757444377715 8.173181205368847 245
1757444377791 7.1400475946456226 246
1757444377865 6.764833381951452 247
1757444377939 8.212929067574112 248
1757444378017 11.090886393431099 249
1757444378092 6.152387732862376 250
1757444378164 9.73920923944199 251
1757444378241 7.07467861207621 252
1757444378310 5.614848382360385 253
1757444378383 6.853816704764144 254
1757444378456 7.545354218578872 255
1757444378528 6.746477114967772 256
1757444378602 9.410536277834076 257
1757444378674 8.920645568704401 258
1757444378750 6.925285642589614 259
1757444378826 5.272697099783655 260
1757444378902 7.202325403534784 261
1757444378975 8.685338559799344 262
1757444379055 5.422600954557824 263
1757444379131 7.934694073269999 264
1757444379203 7.582603031265499 265
1757444379280 6.798765985087336 266
1757444379354 5.237232757945371 267
1757444379428 8.305631848570203 268
1757444379500 5.862381642802505 269
1757444379573 5.941070363577738 270
1757444379652 7.602818835596131 271
1757444379727 6.265218674379664 272
1757444379804 7.272432353938927 273
1757444379877 5.764408301619544 274
1757444379946 6.935015575503594 275
1757444380022 6.107221842394 276
1757444380100 6.91152897561095 277
1757444380173 5.708078812687234 278
1757444380246 6.103841351494215 279
1757444380321 6.014073880667013 280
1757444380391 5.862759763531715 281
1757444380464 5.92090573824715 282
1757444380533 4.642577367729301 283
1757444380604 6.398331152481862 284
1757444380678 4.8335822826629595 285
1757444380753 4.404510558233199 286
1757444380828 4.8809438006354675 287
1757444380911 4.791050122253946 288
1757444380983 4.2655906027296115 289
1757444381051 5.383788434174741 290
1757444381118 8.497734615099919 291
1757444381187 4.5001269542548465 292
1757444381260 3.581441666866197 293
1757444381329 7.897998714493991 294
1757444381393 4.474895956463395 295
1757444381464 6.921184145123187 296
1757444381535 6.805255736255624 297
1757444381615 3.4477130891509464 298
1757444381696 4.9809528431959 299
1757444381773 4.40509390793284 300
1757444381849 4.530666263147196 301
1757444381924 6.313756185077899 302
1757444382015 6.12278553139877 303
1757444382085 6.287705249445566 304
1757444382159 4.67334382855803 305
1757444382235 4.578619662244768 306
1757444382306 4.632664137420986 307
1757444382370 13.324767514373711 308
1757444382424 5.003333273928607 309
1757444382486 4.229195552608781 310
1757444382553 3.2246899746637405 311
1757444382621 4.7355162011652885 312
1757444382695 4.883589937568774 313
1757444382775 6.153939307740974 314
1757444382855 4.4825216086801 315
1757444382932 5.954941878063699 316
1757444383009 5.2440173468827735 317
1757444383085 7.117616038942187 318
1757444383163 4.243974132814194 319
1757444383239 4.696219577999789 320
1757444383316 3.891816752776406 321
1757444383394 3.5198840601377843 322
1757444383470 6.223481513623735 323
1757444383547 4.128522210038211 324
1757444383626 3.4801271314226203 325
1757444383704 4.195481771001376 326
1757444383777 3.563698057105728 327
1757444383854 4.418718267704602 328
1757444383929 4.271952355587161 329
1757444384014 3.7768120683694253 330
1757444384088 4.934771320299447 331
1757444384163 3.3854314098338554 332
1757444384237 5.593645600260119 333
1757444384314 5.336314018456921 334
1757444384388 4.574377627564651 335
1757444384459 4.424956724475216 336
1757444384533 3.9443003675727235 337
1757444384607 4.933702259397386 338
1757444384675 3.9486763350034617 339
1757444384746 5.548330237076504 340
1757444384819 2.972486375734197 341
1757444384889 3.882736128933739 342
1757444384960 3.8187613884542855 343
1757444385030 4.220604189222867 344
1757444385099 5.9322564650938645 345
1757444385173 4.910140270195797 346
1757444385244 2.769637718564034 347
1757444385311 3.04132848553724 348
1757444385381 4.304236773758808 349
1757444385454 3.3025126590849205 350
1757444385528 2.7266034916024195 351
1757444385603 3.3065928371994233 352
1757444385673 2.4775886349542366 353
1757444385744 3.7993390915109178 354
1757444385821 3.64057162867073 355
1757444385903 3.7308697914316 356
1757444385981 3.4471549182335752 357
1757444386061 4.243204511767524 358
1757444386139 3.30702238619287 359
1757444386218 3.2392431125604695 360
1757444386297 2.8493620883209605 361
1757444386376 5.514510457200914 362
1757444386447 3.461895988755529 363
1757444386517 2.1443276870240453 364
1757444386589 2.4361080763998233 365
1757444386658 3.121784002343831 366
1757444386735 3.5250185331334443 367
1757444386809 4.068060122856586 368
1757444386895 3.9879477400063728 369
1757444386967 2.4947767792733218 370
1757444387041 2.981570021013214 371
1757444387115 2.669721359076872 372
1757444387195 3.6203954293143252 373
1757444387274 3.4805939298462 374
1757444387354 3.071635499622322 375
1757444387461 5.084569345405355 376
1757444387540 2.5592866970065313 377
1757444387620 2.8034593534617316 378
1757444387699 5.082039208163415 379
1757444387775 3.2876611348433706 380
1757444387852 1.8664611267476237 381
1757444387929 6.480612409647899 382
1757444388012 2.3575755751674103 383
1757444388096 1.4313070731687303 384
1757444388174 3.8388677729571414 385
1757444388249 3.4789407086849975 386
1757444388331 3.742244067776791 387
1757444388404 3.104946275279084 388
1757444388476 4.358542416456654 389
1757444388548 2.2573707135778696 390
1757444388622 3.739275835276414 391
1757444388694 1.9064426911554226 392
1757444388768 3.7426965182634246 393
1757444388845 3.0415415380871047 394
1757444388924 2.7650260962147373 395
1757444389055 2.59954262430254 396
1757444389113 1.8321940938882442 397
1757444389173 2.2087790584926936 398
1757444389233 3.506345464247409 399
1757444389296 2.1064000836182517 400
1757444389368 3.1869251286799467 401
1757444389439 3.69372619889976 402
1757444389511 2.610071666926313 403
1757444389578 5.568531777479933 404
1757444389650 3.2786274619456375 405
1757444389721 3.2925925880761735 406
1757444389790 3.169311596056492 407
1757444389866 3.50094523595199 408
1757444389940 3.2699982110556847 409
1757444390014 2.972725301135238 410
1757444390088 2.6194304772012225 411
1757444390162 3.830825317981389 412
1757444390235 1.6571132458542142 413
1757444390308 5.93663351050024 414
1757444390378 3.889598647144713 415
1757444390446 2.991708020620549 416
1757444390527 2.026711097945853 417
1757444390626 4.488818925861519 418
1757444390714 4.573310443302683 419
1757444390790 2.4612621792901574 420
1757444390868 2.248467374029127 421
1757444390950 3.6016564407938936 422
1757444391038 2.5296961220032173 423
1757444391120 2.5750186022625208 424
1757444391204 1.5884833337699913 425
1757444391277 3.40097602576557 426
1757444391348 1.4899427681830826 427
1757444391421 2.8946044904511385 428
1757444391504 1.8565520497441768 429
1757444391577 2.268594130240132 430
1757444391651 2.431300929993727 431
1757444391726 1.9533380250191763 432
1757444391802 3.3873812558342404 433
1757444391879 2.496551167907686 434
1757444391950 3.5552450432599616 435
1757444392022 2.13059325808656 436
1757444392088 2.7743470892673834 437
1757444392166 2.5984265283887877 438
1757444392238 1.7706515920328725 439
1757444392302 2.5303386284053033 440
1757444392371 2.272511454493492 441
1757444392450 1.503765035320139 442
1757444392513 3.039978896915513 443
1757444392585 2.517203080676262 444
1757444392657 2.7425871508233497 445
1757444392730 2.2260044370587266 446
1757444392803 4.299162812568687 447
1757444392876 3.7612034858757055 448
1757444392953 2.170457613722666 449
1757444393028 1.7646016273526297 450
1757444393105 1.6447380854548657 451
1757444393194 2.2313482206947275 452
1757444393263 2.2868078898320623 453
1757444393340 1.3704778325665194 454
1757444393416 1.7228149018152819 455
1757444393488 3.620948280207979 456
1757444393560 2.6405240512729864 457
1757444393630 3.3039888217792592 458
1757444393702 1.954979206274396 459
1757444393787 1.5319984354131353 460
1757444393868 1.9484745847692024 461
1757444393943 2.1866776610604814 462
1757444394020 1.706617674794425 463
1757444394093 2.023274739653254 464
1757444394170 3.5168031902177583 465
1757444394240 3.21187366914654 466
1757444394317 3.6514928213068494 467
1757444394389 1.920979032412761 468
1757444394466 2.8402053145394954 469
1757444394580 1.761816385636348 470
1757444394653 3.4379197199554663 471
1757444394727 3.2429210174630256 472
1757444394803 2.3549615823699654 473
1757444394893 2.014182881434134 474
1757444394978 2.232689956971221 475
1757444395058 2.764172936074586 476
1757444395136 3.6112892727615775 477
1757444395217 4.565579480409938 478
1757444395296 2.250882357590447 479
1757444395374 1.2231075317427351 480
1757444395453 3.3060228673019836 481
1757444395527 3.5607810998556255 482
1757444395609 2.2252548615493293 483
1757444395688 3.5451558410996133 484
1757444395769 2.2607698271885805 485
1757444395852 1.6699068353934823 486
1757444395931 2.7150059367164645 487
1757444396008 2.4944242679844475 488
1757444396087 2.315538762513899 489
1757444396166 3.6015564407909326 490
1757444396245 3.9574438799424647 491
1757444396327 2.5387052839919635 492
1757444396405 4.0524154642726185 493
1757444396487 1.2170299399798585 494
1757444396558 1.809897620018347 495
1757444396629 2.0827387820496455 496
1757444396702 1.5098754587531076 497
1757444396772 2.196509924875544 498
1757444396847 1.3864771774635196 499
