1757664198266 140.846325713022 0
1757664198366 99.63460672954363 1
1757664198465 81.93019038508618 2
1757664198560 57.44289744503775 3
1757664198655 52.98103741993398 4
1757664198749 37.46138305876314 5
1757664198853 30.194567902490604 6
1757664198949 25.637415499816793 7
1757664199048 20.419924422755884 8
1757664199126 15.876483333209869 9
1757664199213 9.737927262360646 10
1757664199302 9.391572646114467 11
1757664199394 6.405246685748662 12
1757664199490 7.049799529902302 13
1757664199580 4.462846684061351 14
1757664199665 5.555139800301078 15
1757664199750 4.3018667095263075 16
1757664199833 3.5554579048431565 17
1757664199924 2.0636343959696397 18
1757664200015 1.7316438124922708 19
1757664200111 3.849761453240318 20
1757664200206 2.1121201295357763 21
1757664200304 3.76884079238705 22
1757664200399 1.9573711820915232 23
1757664200495 2.807572351927999 24
1757664200589 1.354409829309052 25
1757664200684 1.8976994297521184 26
1757664200777 1.9059995059022683 27
1757664200876 2.0127881173214046 28
1757664200972 1.531348326629468 29
1757664201074 1.3427957500993406 30
1757664201160 1.8283617067527627 31
1757664201247 1.1147151592788949 32
1757664201339 1.4582195438457128 33
1757664201435 2.049034699527622 34
1757664201533 1.5453301329236178 35
1757664201630 2.0233793862801415 36
1757664201722 1.508093831212703 37
1757664201818 1.7790099175242986 38
1757664201913 1.2629412169009793 39
1757664202007 1.8456979212652642 40
1757664202101 1.3283851695147053 41
1757664202200 1.3705025044072674 42
1757664202296 0.5691824650851586 43
1757664202390 1.8327646583838648 44
1757664202484 1.8876250792167664 45
1757664202580 1.2072612951179251 46
1757664202674 2.0917249661616815 47
1757664202767 1.0383750352538212 48
1757664202866 0.6619545020064654 49
1757664202960 0.7998904439449146 50
1757664203060 2.11028856930623 51
1757664203151 1.0599310662588959 52
1757664203243 1.0903528880783604 53
1757664203333 1.315462725577163 54
1757664203427 1.047141618553276 55
1757664203516 1.3747855474707944 56
1757664203619 1.6340880675298814 57
1757664203725 0.5306028985870328 58
1757664203828 1.1640546125866642 59
1757664203930 0.9332796586228866 60
1757664204032 0.6162200628224292 61
1757664204139 0.9452885646933044 62
1757664204239 1.2714076365893563 63
1757664204353 1.0505162963089807 64
1757664204446 1.8507577444565573 65
1757664204553 1.2704138591168677 66
1757664204666 0.7268700887559458 67
1757664204775 0.965746756116385 68
1757664204913 0.8291550568881926 69
1757664205021 1.3305661423983477 70
1757664205131 1.5850369200374281 71
1757664205223 0.7351455789542811 72
1757664205340 1.1270932004544805 73
1757664205443 0.9316164316391095 74
1757664205533 0.810216923317724 75
1757664205629 1.2058868742416389 76
1757664205720 1.288622974617782 77
1757664205815 1.8112380705897615 78
1757664205914 1.440344658676765 79
1757664206013 1.0536034409724877 80
1757664206109 1.4012877151464507 81
1757664206207 1.156661274400726 82
1757664206300 0.7005807031651334 83
1757664206396 0.9805306188281574 84
1757664206496 1.2597596232309536 85
1757664206594 1.3059724662640326 86
1757664206701 1.36995777560218 87
1757664206800 0.9981820994578046 88
1757664206901 0.8154183095005605 89
1757664206997 1.1900051857734444 90
1757664207095 0.7739092353544637 91
1757664207185 2.4874798503462285 92
1757664207277 1.207069091752396 93
1757664207374 1.7758727915986396 94
1757664207478 1.7372764759685546 95
1757664207577 2.4226629634871273 96
1757664207670 0.9490307765349909 97
1757664207770 1.128278904294772 98
1757664207867 1.1940621833803235 99
1757664207963 0.6605317202218344 100
1757664208062 0.8849652420816523 101
1757664208157 2.422754604678086 102
1757664208253 0.9852214517115916 103
1757664208350 0.7969983711035343 104
1757664208447 0.944762138669054 105
1757664208545 1.5300834054040156 106
1757664208627 0.7749515039496547 107
1757664208708 0.9092124728615374 108
1757664208809 0.5587440638510514 109
1757664208911 0.952342478963034 110
1757664209012 0.6478329236899719 111
1757664209110 1.398932207134007 112
1757664209204 0.9188928906653749 113
1757664209306 1.0181740088642837 114
1757664209412 1.0709512996905115 115
1757664209520 1.3354154093223092 116
1757664209626 0.3593702678322673 117
1757664209734 1.9408282960163907 118
1757664209839 1.7905705545293131 119
1757664209941 0.5522866909784524 120
1757664210042 0.849616838747419 121
1757664210148 0.8965356503763273 122
1757664210260 1.1982004711044218 123
1757664210375 1.5379634187552713 124
1757664210492 1.3531480316688904 125
1757664210599 1.5076728645980726 126
1757664210706 2.1566727706988367 127
1757664210826 0.6523337718868065 128
1757664210928 0.8413358199576786 129
1757664211034 1.4055567482333104 130
1757664211140 1.8311388913685813 131
1757664211238 0.8958560015105259 132
1757664211333 1.2508436709726876 133
1757664211436 0.8720919394363387 134
1757664211541 1.0800999204224706 135
1757664211644 0.5657430252913908 136
1757664211749 0.5726954008005896 137
1757664211855 0.7397398085059342 138
1757664211958 1.119511658192187 139
1757664212061 1.1071479852973707 140
1757664212162 2.102247114901806 141
1757664212267 0.9460680126272791 142
1757664212366 1.9679094575236797 143
1757664212462 1.5768901213904551 144
1757664212561 0.4992573879816521 145
1757664212658 1.707237721130336 146
1757664212757 0.2672828009894199 147
1757664212858 0.776037736764888 148
1757664212952 1.0421858379624973 149
1757664213050 0.8270926303631198 150
1757664213149 1.598657876004187 151
1757664213245 1.3891667109154913 152
1757664213334 0.7219990734952328 153
1757664213428 0.4783148744896194 154
1757664213530 0.9672715542204002 155
1757664213633 1.4767893114619506 156
1757664213736 0.6455041637100976 157
1757664213835 1.3236399909003538 158
1757664213939 1.4763887038955212 159
1757664214042 0.9353128175698232 160
1757664214152 0.9289186155017333 161
1757664214263 1.6440620511677737 162
1757664214368 0.8629565890322791 163
1757664214466 2.541280828298458 164
1757664214566 0.9665923222342228 165
1757664214668 1.5032282001020512 166
1757664214779 0.6395914902192652 167
1757664214881 0.9271282390551508 168
1757664214988 1.1298271278929004 169
1757664215095 1.0418957787154153 170
1757664215207 0.83314183299789 171
1757664215308 1.2793796462066793 172
1757664215408 0.6719936766529687 173
1757664215510 1.3236006192946956 174
1757664215612 0.9416007719494737 175
1757664215719 1.249064181629068 176
1757664215825 1.445049002447286 177
1757664215929 1.2109360605096309 178
1757664216030 1.0075989388406985 179
1757664216137 1.0006360532344085 180
1757664216249 0.9558661398884124 181
1757664216357 0.5396859688941196 182
1757664216465 1.0773996270365576 183
1757664216575 0.982952266468021 184
1757664216681 1.4380556567208698 185
1757664216784 0.8294143296430441 186
1757664216884 0.7134939961176957 187
1757664216985 0.4879370374849117 188
1757664217087 1.2756084312110354 189
1757664217187 1.4345760182100267 190
1757664217288 1.5536859597215285 191
1757664217380 0.6338056048598899 192
1757664217471 0.7362285614092883 193
1757664217576 0.7693376698126925 194
1757664217678 1.0876763846020885 195
1757664217781 1.1279176650603164 196
1757664217887 1.436395071222201 197
1757664218006 0.8762213501973283 198
1757664218107 0.7345407944948601 199
1757664218213 0.6153670409871284 200
1757664218316 0.829153166058569 201
1757664218418 0.9341859229066753 202
1757664218523 1.0220442295501295 203
1757664218626 0.9274159678138438 204
1757664218728 0.9156354038764348 205
1757664218831 0.8665452588458544 206
1757664218934 0.9003120691985683 207
1757664219039 0.9800149093691497 208
1757664219146 0.8712048250858062 209
1757664219260 0.9937061713317535 210
1757664219363 0.7428971336407534 211
1757664219472 0.419431449877948 212
1757664219588 1.8522094914290108 213
1757664219702 0.4961680064361026 214
1757664219812 1.1723186704583208 215
1757664219921 1.3045789235553589 216
1757664220026 1.2385799619690967 217
1757664220131 1.2815955623612243 218
1757664220238 0.883322339961308 219
1757664220343 1.1820090716495846 220
1757664220448 0.4226311699018735 221
1757664220578 1.0139437218232763 222
1757664220690 0.3682477171305488 223
1757664220793 1.1114613488756198 224
1757664220901 1.2948427157258846 225
1757664221004 0.45961454960526454 226
1757664221107 0.6653206712744141 227
1757664221210 0.47131908567869424 228
1757664221316 1.0401100173151474 229
1757664221407 0.9235795514150199 230
1757664221505 0.9632487456768899 231
1757664221603 0.782680922893 232
1757664221700 0.6197305886255582 233
1757664221806 2.1058109630858244 234
1757664221915 0.6337545991578225 235
1757664222023 0.35075635041304803 236
1757664222134 0.8149027019830944 237
1757664222245 1.174143157193 238
1757664222358 0.9782857303810775 239
1757664222470 1.2018085601780304 240
1757664222580 0.8551452123180038 241
1757664222690 1.0737596771996045 242
1757664222794 0.5759555075225467 243
1757664222903 0.6389392604585096 244
1757664223008 1.7293254695533629 245
1757664223119 1.0247240602902625 246
1757664223227 1.0015504870827294 247
1757664223333 1.3422655156063499 248
1757664223422 0.8561503726124446 249
1757664223521 1.0657952885350088 250
1757664223617 0.5201357132212991 251
1757664223714 1.1883050114367393 252
1757664223812 0.42324725173716143 253
1757664223900 0.9783022524085269 254
1757664224018 0.7468598512005628 255
1757664224145 0.7598467066375204 256
1757664224262 1.2686072942774884 257
1757664224376 0.6841608178839139 258
1757664224485 0.5226258870523455 259
1757664224599 1.8356709559301758 260
1757664224710 0.507478654144414 261
1757664224833 0.9655043526543354 262
1757664224949 0.7061172849404495 263
1757664225058 0.8414919299931172 264
1757664225170 1.1426501144407246 265
1757664225284 0.5472176404736746 266
1757664225384 0.7790342729343265 267
1757664225477 0.9893980699245314 268
1757664225574 0.7153933849377099 269
1757664225674 0.6143999178706299 270
1757664225777 0.609995632797189 271
1757664225872 1.4026325739167929 272
1757664225965 0.8065069710192874 273
1757664226069 1.1922950660250813 274
1757664226173 1.0160450527241562 275
1757664226272 0.8940500441640188 276
1757664226371 0.9112314073136487 277
1757664226470 0.6602498839362843 278
1757664226569 1.5522134446506382 279
1757664226676 0.4862131166386014 280
1757664226797 0.6714742695826061 281
1757664226906 0.6412430031996524 282
1757664227019 0.7788798316088872 283
1757664227126 0.4405335201017637 284
1757664227233 1.1152898947844345 285
1757664227341 0.6245033930887302 286
1757664227435 0.7591074959114262 287
1757664227532 0.70385455874582 288
1757664227627 0.3924671951905317 289
1757664227723 0.7748607163339694 290
1757664227822 0.4676123016081613 291
1757664227914 1.1883840342216825 292
1757664228007 0.5208095053299641 293
1757664228105 0.8044212004848263 294
1757664228213 1.182085010864042 295
1757664228340 0.49386735833722983 296
1757664228472 0.5624862743655784 297
1757664228615 0.8653053565091514 298
1757664228735 0.6943401192971541 299
1757664228848 0.4846181826811846 300
1757664228987 0.4515661727811111 301
1757664229100 0.604673109646966 302
1757664229207 0.8496649202098421 303
1757664229379 1.2311968089722092 304
1757664229503 0.9526965644645395 305
1757664229628 0.7099638242638686 306
1757664229738 0.3248942181206868 307
1757664229841 0.9573288833459186 308
1757664229939 0.45247819074489787 309
1757664230039 1.0515834118741803 310
1757664230143 1.3432262018457501 311
1757664230238 0.7877683000094162 312
1757664230351 0.6515357474945829 313
1757664230457 0.8045244559234339 314
1757664230562 0.6690613063717535 315
1757664230671 1.3910608781270362 316
1757664230785 1.1200249547144647 317
1757664230897 0.5745073590221514 318
1757664230995 0.9396138425947775 319
1757664231101 1.211807944977269 320
1757664231219 0.8287002475499996 321
1757664231326 1.073860918796902 322
1757664231438 1.0121270039457908 323
1757664231530 0.823058875765108 324
1757664231630 1.3007787210165018 325
1757664231733 0.6813286595721035 326
1757664231840 0.5511151915078393 327
1757664231946 1.0881198101263845 328
1757664232058 1.1365944460748576 329
1757664232166 0.6500241575688057 330
1757664232275 0.727682610361783 331
1757664232386 1.2077322932605048 332
1757664232490 1.2178232265081217 333
1757664232598 0.9032781376279814 334
1757664232707 1.2591250242997662 335
1757664232812 0.8512093834171988 336
1757664232918 0.9712808730942166 337
1757664233021 0.597657089396034 338
1757664233128 0.39305996914987995 339
1757664233238 0.7052727880340831 340
1757664233345 0.5816073014957661 341
1757664233449 0.5985625090543581 342
1757664233541 1.1829468025868326 343
1757664233638 0.7641812674040611 344
1757664233734 0.9814190100176935 345
1757664233828 0.6173217575627375 346
1757664233921 0.806180957509203 347
1757664234020 0.5218510980920101 348
1757664234134 1.5391462702004544 349
1757664234245 0.4152565465033568 350
1757664234401 0.8584494849297516 351
1757664234512 0.5721769870472164 352
1757664234618 0.7453140909697046 353
1757664234727 1.3824793575981504 354
1757664234834 1.232912351999038 355
1757664234941 1.0465053459969254 356
1757664235049 0.4991405215268646 357
1757664235159 1.1574192375047356 358
1757664235268 0.8784280656326818 359
1757664235380 0.4885101165022223 360
1757664235490 1.052523972303793 361
1757664235587 1.134231265248145 362
1757664235696 0.5402507413532168 363
1757664235808 0.7066660693860974 364
1757664235916 0.415089109435936 365
1757664236023 0.9200653688287442 366
1757664236129 0.7035794079501594 367
1757664236236 1.1476576880896996 368
1757664236343 0.3888006317782303 369
1757664236450 0.8753830290245607 370
1757664236559 0.6699860885250665 371
1757664236675 0.7089683395819717 372
1757664236792 0.943496079570177 373
1757664236893 0.4810347094312904 374
1757664236996 1.2001037934484406 375
1757664237105 1.199212408158955 376
1757664237210 0.9131889952293277 377
1757664237315 0.8825468348783754 378
1757664237428 0.7977700009696629 379
1757664237523 0.2276626230980814 380
1757664237626 1.1633442602608184 381
1757664237723 0.5909667358106356 382
1757664237822 0.6669895136062494 383
1757664237924 1.0052272861674225 384
1757664238028 0.852765873262 385
1757664238133 1.4368488469729086 386
1757664238238 0.675150358293444 387
1757664238345 0.4263533347166853 388
1757664238453 1.0366202291959303 389
1757664238560 0.5219486978726974 390
1757664238668 1.029144349130318 391
1757664238780 0.6051744900955225 392
1757664238888 0.5717098079704681 393
1757664238994 0.5320957243814313 394
1757664239100 1.6138683776098302 395
1757664239206 0.5938802079303827 396
1757664239313 0.8070571553105763 397
1757664239425 1.1646122556081009 398
1757664239534 0.9681488719085853 399
1757664239627 0.7500860414308346 400
1757664239728 0.7422745051416056 401
1757664239833 0.5938714945495592 402
1757664239938 1.035687183627477 403
1757664240048 0.6144472353391348 404
1757664240153 0.6563518319375287 405
1757664240258 0.5987414317022756 406
1757664240364 0.9036372357941755 407
1757664240465 0.5102939494265282 408
1757664240570 0.8032825441427877 409
1757664240674 0.5737102966935934 410
1757664240781 0.9313084187346132 411
1757664240886 0.734456650781244 412
1757664240994 1.0632572751273557 413
1757664241100 0.9456961058282252 414
1757664241207 1.188550597072304 415
1757664241310 1.560437771296529 416
1757664241415 0.9366044225080573 417
1757664241522 0.5871952198308883 418
1757664241621 1.2134868437697712 419
1757664241726 0.6660626084815165 420
1757664241837 0.6318579793266439 421
1757664241944 0.9625413022733073 422
1757664242053 0.8717710470708523 423
1757664242158 0.7201936188839276 424
1757664242271 0.7510615656045128 425
1757664242377 0.9811519046961232 426
1757664242482 1.0766043546749757 427
1757664242585 0.5700490381303397 428
1757664242695 0.5052437671932806 429
1757664242819 0.8888017630782367 430
1757664242930 0.9285098204280805 431
1757664243032 0.5514006183686453 432
1757664243138 1.0050981489912298 433
1757664243245 0.9169465844195687 434
1757664243351 0.5093287291417742 435
1757664243462 0.37961195435950595 436
1757664243572 1.096177164367277 437
1757664243668 1.2393646530099782 438
1757664243767 0.7065883916841624 439
1757664243873 0.7673955380301223 440
1757664243990 0.7874265419958782 441
1757664244104 0.601321529862609 442
1757664244228 0.8557855781972362 443
1757664244341 0.5977972543886446 444
1757664244450 0.7874948836613734 445
1757664244562 0.3412192689964614 446
1757664244667 0.4799632669617349 447
1757664244774 1.0806109202172531 448
1757664244882 0.5300532773051311 449
1757664244990 1.24720808934858 450
1757664245097 0.6281677662166445 451
1757664245206 0.5271167199179037 452
1757664245310 0.3433735688710519 453
1757664245420 0.8534589953037811 454
1757664245527 0.6708559385584696 455
1757664245626 1.197686951190275 456
1757664245732 1.0487021998256885 457
1757664245835 0.4715159930797147 458
1757664245939 2.0054456850484463 459
1757664246048 0.5915695641286304 460
1757664246157 0.6576113041332698 461
1757664246264 1.1660168034358316 462
1757664246373 0.7390304566322886 463
1757664246482 0.6625763834562116 464
1757664246587 1.1083546035647407 465
1757664246701 0.38916731192088716 466
1757664246815 0.3805138785528337 467
1757664246923 0.3663936768477864 468
1757664247030 0.5171237181432561 469
1757664247136 0.5083817076415018 470
1757664247242 0.7914617603634072 471
1757664247349 0.34144963935489864 472
1757664247458 0.7471740589229511 473
1757664247562 0.5442724854835961 474
1757664247679 0.7933981605836252 475
1757664247784 1.0947935919635292 476
1757664247891 1.079745200984523 477
1757664247994 0.6379469009736427 478
1757664248102 0.6435232812016698 479
1757664248210 0.8493594041059098 480
1757664248317 0.6949317770609971 481
1757664248425 0.5842999618627562 482
1757664248532 0.8250868957808328 483
1757664248636 0.5921123838082235 484
1757664248743 0.8090617362847375 485
1757664248849 1.2587249171513037 486
1757664248953 0.6904727005851852 487
1757664249057 0.3786403156094142 488
1757664249163 0.4639692087330116 489
1757664249270 0.4895798455379334 490
1757664249375 0.4725218874108266 491
1757664249482 0.4171695279705455 492
1757664249592 0.4359502073040254 493
1757664249695 0.4146275011446686 494
1757664249792 0.3806854919571878 495
1757664249898 0.9459468152737623 496
1757664250004 0.8126697475377508 497
1757664250112 0.901557815392373 498
1757664250219 0.4078417099953075 499
