1757444262913 46.49023467793797 0
1757444262975 13.646182865901537 1
1757444263041 2.9652367437778477 2
1757444263109 3.709723998177648 3
1757444263162 2.6229635114149006 4
1757444263224 1.0538699513891152 5
1757444263285 2.118394789489342 6
1757444263351 2.431608208516601 7
1757444263415 1.9765673004235547 8
1757444263479 1.927882084822653 9
1757444263544 2.282487542626257 10
1757444263610 1.51325728720908 11
1757444263676 3.53718746601488 12
1757444263746 2.3084058944489714 13
1757444263810 3.128759183448109 14
1757444263876 2.1564433067122746 15
1757444263945 2.474934413526836 16
1757444264009 1.3859377500178187 17
1757444264074 0.8566711807006513 18
1757444264138 1.6562252600937786 19
