1757431791239 1.6241171792554 0
1757431791325 8.399190466302297 1
1757431791411 5.145699856837858 2
1757431791498 12.028957626254599 3
1757431791582 2.95586786416091 4
1757431791669 12.19521855686427 5
1757431791756 3.6833918307615923 6
1757431791844 4.971865642042934 7
1757431791931 12.621366223501685 8
1757431792016 8.554372814589879 9
1757431792101 6.454928453229557 10
1757431792191 7.410473953073933 11
1757431792277 4.006572495517429 12
1757431792363 11.759927300465103 13
1757431792451 10.725005333031403 14
1757431792540 3.3828384227524926 15
1757431792629 4.586427671742146 16
1757431792714 1.5780334854115738 17
1757431792800 10.615012438688824 18
1757431792887 5.3802768166671955 19
1757431792973 6.075214927897149 20
1757431793058 13.116353337224451 21
1757431793142 6.363191511707771 22
1757431793228 6.3443432191405265 23
1757431793314 6.442618217755575 24
1757431793404 5.315456612349823 25
1757431793490 8.733118736818243 26
1757431793578 4.010387808109607 27
1757431793665 7.690071072963489 28
1757431793753 3.7570144273934587 29
1757431793844 41.03537609062745 30
1757431793931 16.943681976141907 31
1757431794020 17.53269368014163 32
1757431794108 10.78275676170582 33
1757431794194 3.975535844506356 34
1757431794282 5.185171591567051 35
1757431794370 3.6920891403030964 36
1757431794461 10.288933866053288 37
1757431794551 2.683463121065409 38
1757431794634 19.65602031544577 39
1757431794719 4.982957909425094 40
1757431794804 7.311052870798139 41
1757431794891 10.027952796802259 42
1757431794978 3.6019531417352244 43
1757431795066 10.334280808521726 44
1757431795157 3.4341868663172246 45
1757431795246 6.53180170603471 46
1757431795335 3.577865262201907 47
1757431795422 8.737045965658078 48
1757431795510 15.276434339630796 49
1757431795597 3.3733747051080947 50
1757431795684 7.922119266171101 51
1757431795773 12.954261364335933 52
1757431795861 8.98659984430284 53
1757431795947 9.063341605095916 54
1757431796034 6.989915953415104 55
1757431796122 14.29026148783009 56
1757431796212 3.742380402045953 57
1757431796316 6.007518007793382 58
1757431796404 4.563287528760716 59
1757431796493 2.5994437903573075 60
1757431796582 17.70915255104035 61
1757431796671 7.813608617522655 62
1757431796763 5.6421246742186835 63
1757431796850 4.732189667257043 64
1757431796937 5.229070437013385 65
1757431797025 6.668285506297419 66
1757431797112 4.8714283160388385 67
1757431797201 9.712601250839446 68
1757431797290 11.074148568506011 69
1757431797382 19.044324054681233 70
1757431797474 2.48053504604697 71
1757431797563 5.422809204206546 72
1757431797653 4.199951744987836 73
1757431797742 5.141003237131691 74
1757431797837 10.895222804498479 75
1757431797924 6.9230596711364445 76
1757431798042 14.52115876938162 77
1757431798131 10.194930018708662 78
1757431798216 5.339025993098135 79
1757431798305 17.768008749500996 80
1757431798395 10.529962780795143 81
1757431798485 6.051931593791769 82
1757431798574 6.432949469442754 83
1757431798661 11.999358386174967 84
1757431798751 4.551022869404784 85
1757431798841 3.770736003138136 86
1757431798930 2.3891891023553486 87
1757431799020 7.074149423852545 88
1757431799112 12.79947609214806 89
1757431799201 6.476818580062517 90
1757431799293 12.751789869109016 91
1757431799382 14.804903091224928 92
1757431799472 6.2459338114959015 93
1757431799560 5.978300933561481 94
1757431799651 5.282521640465218 95
1757431799742 5.976894896951947 96
1757431799832 9.19124078088797 97
1757431799925 4.258268652344321 98
1757431800016 18.633278725794412 99
1757431800104 10.39295431175667 100
1757431800196 3.7765941703334227 101
1757431800287 3.168565195572386 102
1757431800377 4.739022375527217 103
1757431800466 5.040468771323938 104
1757431800553 13.82617828287961 105
1757431800642 1.6464766232137609 106
1757431800731 8.854812017628394 107
1757431800861 4.0067850117343955 108
1757431800963 11.817019561332476 109
1757431801050 5.277729519389296 110
1757431801140 21.36665083062925 111
1757431801227 2.4935065751327206 112
1757431801317 3.13269390334577 113
1757431801404 7.318346476705967 114
1757431801493 7.232689973585299 115
1757431801583 16.623099842325423 116
1757431801673 6.476458334488198 117
1757431801762 12.911823377363433 118
1757431801854 3.279896960095874 119
1757431801942 12.113118853964663 120
1757431802033 3.7434020937288204 121
1757431802169 12.741454535664476 122
1757431802257 6.9165477166866 123
1757431802347 28.15021451798054 124
1757431802437 3.796116582897718 125
1757431802528 7.111126838827538 126
1757431802620 9.614296630419538 127
1757431802712 6.624495788729539 128
1757431802804 4.740248771676868 129
1757431802896 8.505782509491636 130
1757431802987 10.466896531304668 131
1757431803077 5.539355828492622 132
1757431803172 3.598621260141475 133
1757431803264 15.400766248444318 134
1757431803357 9.434572891267576 135
1757431803448 4.234723784911784 136
1757431803543 9.885128076018745 137
1757431803635 6.667530034948317 138
1757431803727 7.06200873585693 139
1757431803821 5.76887100529566 140
1757431803914 7.1357303511702606 141
1757431804004 7.218272798595283 142
1757431804095 4.873907774404684 143
1757431804187 7.8590273845410055 144
1757431804278 7.021235949524171 145
1757431804367 18.82487895666387 146
1757431804458 3.816946511929441 147
1757431804547 3.5472530523634167 148
1757431804636 3.182877904510731 149
1757431804726 8.667106554538146 150
1757431804816 7.961996597876901 151
1757431804905 10.2500697945301 152
1757431804996 14.809032496389737 153
1757431805086 9.969337235585654 154
1757431805178 10.105358641219965 155
1757431805269 31.028943311006294 156
1757431805360 4.271302079362675 157
1757431805451 11.731563663422563 158
1757431805541 7.005007782315794 159
1757431805631 2.7731617806388362 160
1757431805720 9.343160255558596 161
1757431805811 9.880785505801754 162
1757431805901 11.39152439899211 163
1757431805989 10.986246079924568 164
1757431806079 4.208345892208991 165
1757431806170 7.46473730462557 166
1757431806259 14.779631941269363 167
1757431806347 4.262517068068677 168
1757431806438 8.264674177336248 169
1757431806530 6.433374045437608 170
1757431806621 5.207381675196558 171
1757431806711 8.442057558934051 172
1757431806804 10.501354440170651 173
1757431806896 17.926642601992317 174
1757431806986 4.041948608764909 175
1757431807078 4.655811024513385 176
1757431807170 2.843545312658874 177
1757431807264 12.688809597873764 178
1757431807354 7.251283126715586 179
1757431807446 3.3841484111093716 180
1757431807537 14.901821834835406 181
1757431807630 11.470133654459914 182
1757431807723 9.198511213829693 183
1757431807816 13.97354032623778 184
1757431807908 16.57449921810386 185
1757431807998 9.687615957157096 186
1757431808089 5.5750618586712894 187
1757431808181 8.623622835553562 188
1757431808271 6.405250363039387 189
1757431808363 16.140059648531782 190
1757431808454 3.222419925729078 191
1757431808548 3.7853561058609295 192
1757431808642 5.054000553068154 193
1757431808733 15.987247404967437 194
1757431808827 11.111284043162925 195
1757431808919 8.175498538719612 196
1757431809013 20.266476389119433 197
1757431809104 4.246341056609066 198
1757431809196 8.518729760940309 199
1757431809288 8.63344730629167 200
1757431809379 11.43293905896437 201
1757431809469 6.606430918173547 202
1757431809563 11.932355471455402 203
1757431809656 10.626334836676463 204
1757431809747 2.6306362006834942 205
1757431809840 9.991858091554139 206
1757431809929 5.8052925629550085 207
1757431810020 5.611581678304514 208
1757431810111 2.501449840981551 209
1757431810202 2.3142288764198966 210
1757431810295 5.334979413375259 211
1757431810387 8.939780056864977 212
1757431810484 4.640395795707212 213
1757431810577 9.427152919069249 214
1757431810670 7.950029225557901 215
1757431810762 8.335406171694911 216
1757431810855 5.089978772471938 217
1757431810947 14.586671877855322 218
1757431811039 3.5701164239805885 219
1757431811131 7.838542656337315 220
1757431811223 9.09276392825095 221
1757431811313 2.01326227239834 222
1757431811405 6.141927660977541 223
1757431811498 3.5913751318124034 224
1757431811591 6.449126331686073 225
1757431811685 6.9105278591449455 226
1757431811780 13.842572126408623 227
1757431811873 4.5795995941589585 228
1757431811967 13.58325967737428 229
1757431812064 7.550530301856355 230
1757431812186 5.147594814922898 231
1757431812280 12.983563988783729 232
1757431812374 8.75445263037808 233
1757431812466 14.129711089821809 234
1757431812558 10.217992753116311 235
1757431812652 8.42981909688964 236
1757431812746 3.431370058570514 237
1757431812839 9.54596616387663 238
1757431812934 5.379671395029423 239
1757431813030 3.7013916960867475 240
1757431813133 8.837129541071072 241
1757431813225 8.251421566481778 242
1757431813316 12.899917462357289 243
1757431813407 4.284588565987367 244
1757431813500 5.459552866987596 245
1757431813591 5.922272213396344 246
1757431813683 13.584428213005836 247
1757431813775 7.217237174035079 248
1757431813869 7.579869054468468 249
1757431813963 10.216235680550955 250
1757431814052 16.82491077519958 251
1757431814143 14.97431139430618 252
1757431814236 11.480584946696844 253
1757431814331 6.329967435897167 254
1757431814424 12.78713806508406 255
1757431814519 11.144049659250934 256
1757431814613 13.454069102075195 257
1757431814706 4.401596014031948 258
1757431814797 1.5909372335553167 259
1757431814890 6.5099201500105535 260
1757431814983 8.398314388398392 261
1757431815075 3.4467355633359325 262
1757431815168 6.25403334601938 263
1757431815259 4.818449954773205 264
1757431815350 7.718939534054654 265
1757431815442 7.127526526689275 266
1757431815536 13.21537094706387 267
1757431815632 3.594679011522267 268
1757431815726 5.964616538387756 269
1757431815819 2.748920785420283 270
1757431815914 6.5215648585411365 271
1757431816008 5.176179719664062 272
1757431816102 1.4926677012518428 273
1757431816195 10.023543104288224 274
1757431816289 5.947191018352661 275
1757431816381 17.94557895507513 276
1757431816474 4.432609074681364 277
1757431816568 3.833037110326662 278
1757431816662 5.638424615529903 279
1757431816756 4.018764736132435 280
1757431816850 1.7850688704435325 281
1757431816943 7.530383306526809 282
1757431817039 6.226867117416923 283
1757431817133 3.8515482524753937 284
1757431817228 6.300960361109881 285
1757431817322 2.3813711044207424 286
1757431817415 4.940809159875848 287
1757431817510 5.642945687460191 288
1757431817604 16.3564763025404 289
1757431817701 11.418672529441523 290
1757431817797 4.8362241168012226 291
1757431817890 8.589952816351996 292
1757431817983 9.169398181119938 293
1757431818078 6.9373423769664875 294
1757431818172 10.855456932197765 295
1757431818265 15.893091208736006 296
1757431818360 12.181916307418753 297
1757431818451 1.97041873782007 298
1757431818543 10.730008973630907 299
1757431818638 12.084304477228619 300
1757431818730 2.762337162899734 301
1757431818825 8.126289806213798 302
1757431818919 7.950034889536446 303
1757431819014 14.386229180748519 304
1757431819106 10.77785480647891 305
1757431819202 16.428523217639054 306
1757431819297 4.7553966121033335 307
1757431819391 16.252541418105263 308
1757431819489 2.0358429039449564 309
1757431819589 7.366670612901849 310
1757431819685 3.3092036929821513 311
1757431819780 7.709505070105295 312
1757431819878 14.851327269238594 313
1757431819973 4.01627261564225 314
1757431820066 8.714875032288916 315
1757431820159 4.172478809292674 316
1757431820251 5.296135901223684 317
1757431820343 3.631446008758068 318
1757431820439 5.532368527306849 319
1757431820533 17.52781294204792 320
1757431820625 10.8128353002356 321
1757431820717 8.41880347100209 322
1757431820814 18.075392355548665 323
1757431820907 11.66039240628271 324
1757431820999 11.486863138796783 325
1757431821094 7.047888111357568 326
1757431821189 9.9428811069182 327
1757431821285 10.860628633572336 328
1757431821379 8.488816910816665 329
1757431821474 13.574109629640398 330
1757431821568 2.756157615252403 331
1757431821663 10.637245937970649 332
1757431821758 5.74707222683107 333
1757431821852 19.990437469554095 334
1757431821950 5.208562649841299 335
1757431822048 14.134713002310631 336
1757431822144 24.0659675276768 337
1757431822240 7.7463486264067285 338
1757431822335 8.45409763627382 339
1757431822430 7.876337236763361 340
1757431822526 3.3580353877337332 341
1757431822620 7.889058412769226 342
1757431822735 10.237890205819422 343
1757431822827 6.134720838587521 344
1757431822920 8.348668379525007 345
1757431823082 8.122043945519927 346
1757431823195 10.528989153813525 347
1757431823298 5.683217161033257 348
1757431823392 12.222385726776293 349
1757431823490 6.242851742336307 350
1757431823585 3.047406807416302 351
1757431823681 11.761428636442966 352
1757431823772 7.399299610848036 353
1757431823867 7.38444721791346 354
1757431823961 9.219604268255765 355
1757431824055 4.739385240124064 356
1757431824152 8.729773889800827 357
1757431824246 8.548404490669675 358
1757431824343 8.838939903389015 359
1757431824437 5.850699275114179 360
1757431824531 7.969252980289724 361
1757431824627 9.80809720073051 362
1757431824722 10.464935065404786 363
1757431824837 4.682516931455987 364
1757431824929 5.600415343687498 365
1757431825022 2.227361689573383 366
1757431825115 4.569688280339532 367
1757431825208 4.355322634358576 368
1757431825305 6.9585253467556685 369
1757431825399 8.686563653769623 370
1757431825495 20.2725738532638 371
1757431825589 8.73890136511163 372
1757431825683 22.930295459767493 373
1757431825774 1.6417987253361823 374
1757431825869 8.034222762301132 375
1757431825962 8.357249756174985 376
1757431826056 7.965594192966789 377
1757431826150 5.5116906675014095 378
1757431826245 8.905286281503242 379
1757431826341 5.604363147346891 380
1757431826436 5.307483498977293 381
1757431826533 3.7179196159516423 382
1757431826634 3.8047348247255686 383
1757431826731 10.043511856486248 384
1757431826828 6.059599645573666 385
1757431826923 2.74936087980809 386
1757431827016 8.775019836446978 387
1757431827113 12.392084731191552 388
1757431827208 10.380452260958855 389
1757431827304 4.157154162719728 390
1757431827400 9.672411224927963 391
1757431827496 3.313959818938125 392
1757431827590 8.108678899545023 393
1757431827684 2.002362866325775 394
1757431827779 5.954448491998383 395
1757431827875 8.74863927545418 396
1757431827971 8.137147092547826 397
1757431828066 15.888157500722382 398
1757431828158 8.506868928216884 399
1757431828254 6.767034467576821 400
1757431828349 8.78357775966187 401
1757431828443 16.340035093000832 402
1757431828538 5.405243527318431 403
1757431828632 6.055018928028662 404
1757431828730 14.609548322121164 405
1757431828825 7.464673275923335 406
1757431828919 12.100091744152154 407
1757431829017 3.1721275750118383 408
1757431829112 4.480957144113837 409
1757431829209 8.337129008446079 410
1757431829305 8.505921311141911 411
1757431829400 3.8044434199252057 412
1757431829497 8.291473514366954 413
1757431829592 10.122017894925131 414
1757431829688 3.9785635461829685 415
1757431829782 9.97846545811849 416
1757431829877 8.18299314672537 417
1757431829972 5.722257164277479 418
1757431830071 4.6102160205511975 419
1757431830164 3.6837133421380686 420
1757431830257 29.086494198712714 421
1757431830351 4.985540731326636 422
1757431830449 5.461203716171419 423
1757431830543 4.886539397304661 424
1757431830636 4.2481717061426485 425
1757431830731 10.858545047881623 426
1757431830827 4.44367168191542 427
1757431830922 3.6568947410706154 428
1757431831018 4.878253408480578 429
1757431831114 10.305693777866006 430
1757431831208 8.110783684615274 431
1757431831304 1.7587372601237272 432
1757431831399 3.3957621443582062 433
1757431831494 3.441141160439292 434
1757431831592 6.438872426092245 435
1757431831689 1.319850260558497 436
1757431831787 15.37162928766564 437
1757431831883 16.740975851063546 438
1757431831980 25.032590432726426 439
1757431832078 10.35174897298805 440
1757431832175 8.815795096881967 441
1757431832269 4.966240474302697 442
1757431832365 7.545446773766783 443
1757431832469 8.196543197665742 444
1757431832570 15.411222419011834 445
1757431832666 5.028939427954152 446
1757431832761 7.33117794665141 447
1757431832857 3.7530857970584317 448
1757431832958 4.688453231662859 449
1757431833057 4.19585436459219 450
1757431833153 10.393388887031232 451
1757431833258 5.058688757261177 452
1757431833356 5.042804769338871 453
1757431833454 8.180267896642633 454
1757431833553 15.902586606078549 455
1757431833650 7.688549311632697 456
1757431833748 13.89133285254734 457
1757431833843 10.121593675237518 458
1757431833939 5.57964997366307 459
1757431834034 8.884854071664316 460
1757431834130 5.305237198006637 461
1757431834227 13.736313867840392 462
1757431834324 5.012861337740817 463
1757431834419 12.455452775314038 464
1757431834518 10.419171901148918 465
1757431834614 8.84874205524235 466
1757431834711 2.667599971865348 467
1757431834804 7.704096578575976 468
1757431834900 6.807249806517753 469
1757431834996 5.668278606026921 470
1757431835093 8.075233368451737 471
1757431835189 8.892846768543297 472
1757431835286 4.10198645266965 473
1757431835383 6.702562864880118 474
1757431835480 2.8646567656529665 475
1757431835578 9.640232768175036 476
1757431835675 6.020311108279873 477
1757431835769 10.674341871180086 478
1757431835866 6.811982668367584 479
1757431835961 9.779528750791506 480
1757431836057 15.951186277767885 481
1757431836156 7.290288853735772 482
1757431836253 4.4008832132609115 483
1757431836349 13.429818265519094 484
1757431836446 10.682687062868668 485
1757431836545 10.57389421138177 486
1757431836647 5.357145088448279 487
1757431836746 8.11669034114125 488
1757431836842 5.329520433948742 489
1757431836937 8.692318861172287 490
1757431837034 5.4627361369559315 491
1757431837138 14.729025162077447 492
1757431837235 7.911659634304169 493
1757431837331 15.752100681577634 494
1757431837427 6.767794954231883 495
1757431837523 11.387476321511414 496
1757431837620 5.702120137825407 497
1757431837717 9.601784468940549 498
1757431837814 12.38751204198709 499
