1757651674290 0.23811269586111272 0
1757651674401 1.3497689241113062 1
1757651674511 0.0003942983143757421 2
1757651674615 0.04644290166019516 3
1757651674721 0.5018258384947144 4
1757651674825 0.7708830694011526 5
1757651674931 0.27110370477756457 6
1757651675037 0.24381365905417188 7
1757651675142 0.5287232181868898 8
1757651675246 0.05288338696375151 9
1757651675350 0.48972848961181076 10
1757651675456 0.049496589240756686 11
1757651675562 0.4644692672714385 12
1757651675667 0.0738568280472885 13
1757651675773 0.10561991514016167 14
1757651675880 0.0018705300721313105 15
1757651675985 3.64996894931431 16
1757651676094 3.8216876405945945 17
1757651676200 0.9484194556772783 18
1757651676305 3.887920341528057 19
1757651676413 0.29095131146145625 20
1757651676523 0.4307661325712297 21
1757651676629 0.24386852817538532 22
1757651676739 0.07736545457744425 23
1757651676849 0.05637996091884163 24
1757651676960 0.0015508536882859491 25
1757651677070 3.984655375072571 26
1757651677174 0.5402856691409453 27
1757651677278 0.11667548243876359 28
1757651677382 0.002757315162707123 29
1757651677488 0.2436493137747152 30
1757651677592 0.04653017063828122 31
1757651677700 0.16196997349428835 32
1757651677807 0.014189649627242446 33
1757651677912 0.24379914653598087 34
1757651678019 0.1190083954437608 35
1757651678124 4.316564774256423 36
1757651678229 0.058338021826929515 37
1757651678343 0.04339299590101946 38
1757651678457 0.48154513957201434 39
1757651678563 0.0016677195006686036 40
1757651678671 0.30515744549732227 41
1757651678794 0.4894126808966849 42
1757651678914 0.004867856632393263 43
1757651679028 0.002513870435496076 44
1757651679139 0.058478345357618394 45
1757651679248 0.09660325112005291 46
1757651679356 0.2515593231082166 47
1757651679465 0.0030543044903086815 48
1757651679571 0.002084389378041581 49
1757651679677 0.04594717873152324 50
1757651679786 3.5831871936807596 51
1757651679902 0.4743662138787867 52
1757651680009 0.3321860676145637 53
1757651680131 0.004632227145899449 54
1757651680241 0.10991753277927757 55
1757651680349 0.17400724531026718 56
1757651680460 0.11572824503325722 57
1757651680572 0.282492098177349 58
1757651680680 0.5055394530987044 59
1757651680786 0.15889269463028755 60
1757651680899 0.5367329002109904 61
1757651681012 0.26240164097290686 62
1757651681131 0.02315618069301324 63
1757651681261 1.0141223318489665 64
1757651681377 0.02763543608731319 65
1757651681488 0.021808732250801093 66
1757651681597 0.024461899031362883 67
1757651681705 0.031017833063568902 68
1757651681814 0.3365262562629219 69
1757651681923 0.0002307806126150422 70
1757651682038 0.0013434126771070514 71
1757651682156 0.18930161820769592 72
1757651682264 0.0007801493446029406 73
1757651682370 0.07511578656425277 74
1757651682478 0.09521403677049287 75
1757651682585 0.08319556302066404 76
1757651682691 0.26734949246547834 77
1757651682796 0.30362108504603935 78
1757651682986 5.2002240948883093e-05 79
1757651683180 2.8868271687084093 80
1757651683288 0.0015042463725189364 81
1757651683401 0.08607230629128523 82
1757651683509 0.7042088686172903 83
1757651683617 0.00854696708324878 84
1757651683725 0.3952884318554876 85
1757651683832 0.335322176451129 86
1757651683939 0.0036657198432309026 87
1757651684046 0.010872241372567027 88
1757651684156 0.09224135751373337 89
1757651684262 0.14319063082941583 90
1757651684369 0.08851856613868239 91
1757651684477 0.001227779635142825 92
1757651684584 0.2975177063365485 93
1757651684689 2.9921396449005138 94
1757651684796 0.0007103274234257899 95
1757651684904 1.5284280623717401 96
1757651685011 0.03105572848175088 97
1757651685118 0.05421942706457951 98
1757651685226 0.02806584573827055 99
1757651685332 0.03837088513606464 100
1757651685440 0.36967316790743104 101
1757651685547 0.0731062894820512 102
1757651685653 0.16227272248769153 103
1757651685760 0.14065506346285844 104
1757651685869 0.023886472207043465 105
1757651685977 0.004761392173495041 106
1757651686085 0.6088934561167699 107
1757651686195 0.10010152058832592 108
1757651686302 0.00042079027935892514 109
1757651686408 0.1752490985964373 110
1757651686515 0.20136491025688216 111
1757651686622 0.026854816937654 112
1757651686729 0.1101822012250205 113
1757651686835 0.00024272407532485772 114
1757651686943 0.10807795129288172 115
1757651687051 0.036706559392712626 116
1757651687157 0.012976385806891134 117
1757651687263 0.5813227587554624 118
1757651687371 0.08651724850981372 119
1757651687478 0.00521960825226613 120
1757651687586 0.1702669767998033 121
1757651687694 0.4744412246644417 122
1757651687802 0.006118047644442646 123
1757651687908 1.955742047164488 124
1757651688016 0.5900231130688584 125
1757651688123 0.15378033941454677 126
1757651688231 0.0034016552325917865 127
1757651688342 0.5802126840673191 128
1757651688455 0.17546120357588837 129
1757651688562 0.0010092372057388475 130
1757651688669 0.0014997812713047121 131
1757651688778 3.1565077803495587 132
1757651688886 0.012079940328984538 133
1757651688994 0.05315656468142457 134
1757651689101 0.7478718842066313 135
1757651689209 0.00032549318276681513 136
1757651689317 0.2807938202643222 137
1757651689426 0.029166332123391626 138
1757651689534 0.39747108341372345 139
1757651689642 0.08615449231633059 140
1757651689750 0.0049621344535280875 141
1757651689858 0.10498963430897443 142
1757651689966 0.47146884450179616 143
1757651690074 0.036257387108971605 144
1757651690185 0.862110466385578 145
1757651690293 0.09886939435504406 146
1757651690402 0.04489590345082 147
1757651690511 0.09612087613778468 148
1757651690619 0.009597611912743205 149
1757651690729 0.40418909393400937 150
1757651690838 2.464589462238535 151
1757651690949 0.01363431691032894 152
1757651691057 0.5505610563241313 153
1757651691170 0.8609517352004864 154
1757651691280 0.27916892852576536 155
1757651691387 0.0016556012403113976 156
1757651691497 4.251925937053781 157
1757651691604 0.1853929935555037 158
1757651691712 0.06995413724139429 159
1757651691819 0.09313033666829003 160
1757651691927 0.35072552131986373 161
1757651692038 0.0005665468076044137 162
1757651692148 0.16411127299070427 163
1757651692256 0.14081745073461505 164
1757651692364 0.09823628587329238 165
1757651692473 0.32966369257618033 166
1757651692581 0.24299772233655947 167
1757651692690 0.006936801496807268 168
1757651692797 0.0541769339299878 169
1757651692906 0.30309619989313 170
1757651693015 0.007820786884959526 171
1757651693122 0.01116891155165541 172
1757651693230 0.0019868519702397522 173
1757651693338 0.009573081042573038 174
1757651693449 0.04533737276063892 175
1757651693557 0.6334240031120475 176
1757651693664 0.10736022828565231 177
1757651693774 0.3244408094652723 178
1757651693882 0.008537338294424502 179
1757651693991 0.07761291039936129 180
1757651694098 0.12065046346311173 181
1757651694208 0.7460884394706617 182
1757651694316 0.1500773365088107 183
1757651694425 0.01264040892153255 184
1757651694533 0.043922947290909856 185
1757651694641 0.2559876591111895 186
1757651694751 0.17709408490397743 187
1757651694860 0.04064038427731917 188
1757651694970 1.006445058288323 189
1757651695081 0.002785923696529898 190
1757651695189 0.26617978716216517 191
1757651695299 0.0033783918519645992 192
1757651695409 0.25417713741088444 193
1757651695518 0.01303933662143444 194
1757651695625 0.3322010061738816 195
1757651695734 0.5615977458756202 196
1757651695844 0.0014627708676614325 197
1757651695952 0.2695066387322517 198
1757651696062 0.026578293907404422 199
1757651696172 0.028844603485135595 200
1757651696281 0.5627733518234164 201
1757651696390 1.1677339730385246 202
1757651696500 0.5686956261432722 203
1757651696609 0.0018355229608714668 204
1757651696718 0.5177266968312991 205
1757651696827 0.5459537376349197 206
1757651696938 0.04683793980721108 207
1757651697046 0.23007887718111156 208
1757651697154 0.4131527279287046 209
1757651697261 0.10080895611106308 210
1757651697370 1.9000380591162345 211
1757651697480 0.23902410821848494 212
1757651697588 0.2434569591732263 213
1757651697697 0.17128430680235365 214
1757651697806 0.0033361097283810433 215
1757651697925 0.03393763699259496 216
1757651698067 0.5421096666307993 217
1757651698179 0.019135935730888013 218
1757651698301 1.1970341606293469 219
1757651698419 0.10575615081044412 220
1757651698540 0.5105407028978335 221
1757651698652 0.009094425749591923 222
1757651698760 0.05106722818370182 223
1757651698886 0.1886285910694889 224
1757651698996 0.021685892176881875 225
1757651699116 0.5674224499094895 226
1757651699228 0.003657186896484171 227
1757651699352 2.8159814808741417 228
1757651699464 0.17290512936834676 229
1757651699588 0.0006584247681671478 230
1757651699701 0.11508771396682044 231
1757651699812 0.4040813529972798 232
1757651699922 0.012942330300508991 233
1757651700033 0.059422475524229516 234
1757651700143 0.17541546249329 235
1757651700255 0.13423136206118955 236
1757651700365 0.12938858699944158 237
1757651700475 0.0014056556486264089 238
1757651700585 0.01320217352256327 239
1757651700696 0.0007338724004769214 240
1757651700805 0.29206256004608866 241
1757651700917 0.3312366128641343 242
1757651701029 0.15105292462988434 243
1757651701140 0.012927041365991196 244
1757651701251 0.13231878504902173 245
1757651701362 0.1448982830628575 246
1757651701473 0.11781005482315313 247
1757651701584 0.5736322917485174 248
1757651701695 0.513266061848994 249
1757651701808 0.04043310534639466 250
1757651701920 1.0802690557843657 251
1757651702032 0.010016944769006697 252
1757651702143 2.098728205888713e-05 253
1757651702255 0.9751553363947885 254
1757651702365 0.013834581945004872 255
1757651702476 0.6527569620799302 256
1757651702586 0.97147184359961 257
1757651702697 0.01883478911182363 258
1757651702807 0.07247844708253881 259
1757651702919 0.1376476199656658 260
1757651703031 0.8420161741150439 261
1757651703141 0.10798029639190461 262
1757651703251 0.08888522716381522 263
1757651703362 0.6527870973049589 264
1757651703473 0.04266468339287537 265
1757651703581 0.04525548848696396 266
1757651703691 0.090260923806565 267
1757651703801 0.16711864596313905 268
1757651703911 0.08559022182507527 269
1757651704022 0.03740192837386482 270
1757651704136 0.018683871023087665 271
1757651704248 0.00010148853451094527 272
1757651704359 0.06198852222950971 273
1757651704470 0.005257250753337261 274
1757651704582 0.0007196480721996198 275
1757651704693 0.021636583504515094 276
1757651704803 0.001813503780411308 277
1757651704916 0.0675943820893862 278
1757651705027 0.11353822757375151 279
1757651705139 0.027635267165987444 280
1757651705248 0.02169007773439299 281
1757651705360 0.3617736997886314 282
1757651705471 0.0982702189424766 283
1757651705581 0.026649205223524364 284
1757651705690 0.0857344845944977 285
1757651705800 0.09091736799032117 286
1757651705929 0.002714855429697542 287
1757651706081 0.1600226897241697 288
1757651706209 0.2751063547535929 289
1757651706325 0.06997376970536075 290
1757651706442 0.059598962260236914 291
1757651706555 0.3006394898601144 292
1757651706666 0.8206693168833845 293
1757651706784 0.08014911866657966 294
1757651706917 0.6264245965450007 295
1757651707030 0.5324453745030348 296
1757651707188 2.475948843198152 297
1757651707356 0.19566671038191866 298
1757651707476 0.0002897238694663268 299
1757651707593 0.7666512806350447 300
1757651707712 0.4785189906858586 301
1757651707824 0.26300305568098203 302
1757651707942 0.8979348316008674 303
1757651708061 0.21204774089333492 304
1757651708177 0.000629880722314601 305
1757651708302 0.11495337140334523 306
1757651708441 0.16378457749402753 307
1757651708560 0.5871427809680952 308
1757651708675 0.1266333767037652 309
1757651708786 0.49938098980894313 310
1757651708899 0.19816265460859048 311
1757651709015 0.3916370036115305 312
1757651709137 0.11693627809950366 313
1757651709253 0.34513021257772786 314
1757651709367 1.4075134150825235 315
1757651709486 0.5260168186770345 316
1757651709605 0.9515461885727269 317
1757651709731 0.043053998115752674 318
1757651709844 0.11612341521945892 319
1757651709974 0.030346662469750024 320
1757651710089 0.10216544633204612 321
1757651710213 0.11578128891793728 322
1757651710337 0.061892648340368485 323
1757651710451 0.015980574299166623 324
1757651710565 0.056440309548136364 325
1757651710693 0.03716446042599316 326
1757651710817 0.0007145074566322547 327
1757651710932 0.007044912548919635 328
1757651711053 0.13744472329913116 329
1757651711177 0.20797434161015493 330
1757651711303 1.2483317127418068 331
1757651711418 1.0376298444004715 332
1757651711531 0.17492363559019727 333
1757651711642 0.7102456353700022 334
1757651711755 0.11541891254540418 335
1757651711869 0.33030711651705674 336
1757651711981 0.02752576104344484 337
1757651712094 0.3304793062886989 338
1757651712203 0.03557520902696693 339
1757651712314 0.08467606440441845 340
1757651712424 0.4206789408903357 341
1757651712534 0.02168854471757846 342
1757651712645 0.2116392071861101 343
1757651712760 0.0028214096570637888 344
1757651712872 0.0451325066391813 345
1757651712983 0.12134274181552734 346
1757651713113 0.060998183297501646 347
1757651713225 0.584630602720877 348
1757651713337 0.03086711512357091 349
1757651713451 0.949729628479671 350
1757651713564 4.422152641329675 351
1757651713677 7.76590790824206e-05 352
1757651713792 0.02532854807028643 353
1757651713907 0.3027224132587698 354
1757651714020 4.134242302380843 355
1757651714132 0.16781309780093315 356
1757651714244 0.01270630864868029 357
1757651714357 0.08718996651029232 358
1757651714472 0.019772449359561184 359
1757651714585 0.009076359282047261 360
1757651714696 0.047473761611820334 361
1757651714810 0.0019346640754185998 362
1757651714926 0.022994509861839655 363
1757651715036 0.007968363734802898 364
1757651715151 0.08787386799644005 365
1757651715264 0.036968714515700093 366
1757651715376 0.5722652079147524 367
1757651715488 0.00014361892049215852 368
1757651715604 0.04521017329267375 369
1757651715717 0.04987746994453969 370
1757651715831 3.9200369262282404 371
1757651715944 0.005530445994987613 372
1757651716059 0.025453838970344773 373
1757651716172 0.0074397250657987565 374
1757651716290 0.16778115092197382 375
1757651716402 0.16177701914213438 376
1757651716527 0.9978500613926355 377
1757651716643 0.11799969898939332 378
1757651716758 0.001462959076111591 379
1757651716878 0.008669183678084776 380
1757651716998 0.043176943971003384 381
1757651717119 0.0006186780322895772 382
1757651717236 3.076694768632606 383
1757651717353 0.005037427736558124 384
1757651717466 0.27981540356012474 385
1757651717578 0.205493247411111 386
1757651717692 0.15170563513394322 387
1757651717806 0.042583410431108984 388
1757651717919 0.07490737423510556 389
1757651718095 0.8078532308084063 390
1757651718214 0.13250562399550017 391
1757651718329 0.5773868065277902 392
1757651718453 0.6505755204423551 393
1757651718568 0.010992301168147336 394
1757651718681 0.18995328042094395 395
1757651718794 2.571498789539726 396
1757651718908 0.054849757106870616 397
1757651719021 1.4737902333791693 398
1757651719136 0.2047946424922419 399
1757651719248 0.023565954463865824 400
1757651719365 0.028631872056784857 401
1757651719481 0.005729367746575139 402
1757651719598 0.051211760292948896 403
1757651719716 0.3133713662468388 404
1757651719833 0.02646111727580051 405
1757651719947 0.002723133234356146 406
1757651720060 0.0018979776368411615 407
1757651720174 0.5436296056442379 408
1757651720288 0.48784783074876426 409
1757651720403 0.0018092112234671274 410
1757651720519 0.17506591872628366 411
1757651720640 0.06712252638824881 412
1757651720756 0.29291999310315153 413
1757651720879 0.012638884956358168 414
1757651720997 0.6841639328185679 415
1757651721112 0.44156066388601345 416
1757651721227 0.8632130039460485 417
1757651721341 0.011147203381763301 418
1757651721454 2.105021749598779 419
1757651721566 0.01980726634027644 420
1757651721680 0.22194486404690641 421
1757651721801 0.03112605248609071 422
1757651721923 0.06314065469778357 423
1757651722039 0.182112504171151 424
1757651722154 0.02380858668903585 425
1757651722268 0.011533805390749583 426
1757651722383 2.5617994430844866 427
1757651722496 0.06641851685312282 428
1757651722611 0.557882594753498 429
1757651722731 0.0013711007810763096 430
1757651722852 3.0496282168586992 431
1757651722967 0.01253836351336609 432
1757651723081 0.023405961835745222 433
1757651723194 0.016077644593284875 434
1757651723310 4.091552179985177 435
1757651723424 0.6532781670405482 436
1757651723545 0.1873860735401216 437
1757651723662 0.0019544369021225628 438
1757651723777 1.344733388360168 439
1757651723895 0.2756417662231983 440
1757651724011 0.18620529915489697 441
1757651724131 0.018838803361404807 442
1757651724245 0.037482492268587866 443
1757651724377 0.08824096700104764 444
1757651724496 0.6237682806040202 445
1757651724612 0.005960950496729408 446
1757651724731 0.307171566823632 447
1757651724843 0.16940328343812927 448
1757651724960 0.6762936829248272 449
1757651725076 0.020509770361738535 450
1757651725215 0.20790308536000024 451
1757651725332 0.08935916461058425 452
1757651725447 0.5891253328556868 453
1757651725560 0.21525320386993213 454
1757651725681 0.13944644973019488 455
1757651725820 0.013502057890454121 456
1757651725947 0.534810535189819 457
1757651726066 0.1110902146077029 458
1757651726184 0.13500256186212228 459
1757651726298 0.004217835832882731 460
1757651726414 0.050164477258464825 461
1757651726537 0.00042566473831809505 462
1757651726695 0.1951670418958476 463
1757651726823 0.0017731379261378627 464
1757651726947 0.009329970412822828 465
1757651727065 0.013505412514892609 466
1757651727192 0.24133220057653781 467
1757651727324 0.2359425577168644 468
1757651727451 2.912965880560202 469
1757651727571 0.7397106704290833 470
1757651727688 0.00021082340099835427 471
1757651727804 0.008413031348046612 472
1757651727921 0.00539964335034297 473
1757651728036 0.10084764149384158 474
1757651728149 1.9944938976341369 475
1757651728276 0.40944962879711855 476
1757651728401 0.0012797667377501716 477
1757651728530 1.9574129098671047 478
1757651728648 0.1703445353994409 479
1757651728766 0.017246511799782212 480
1757651728885 6.716760878988778e-05 481
1757651729000 0.1249537060582486 482
1757651729116 0.0005111548707010773 483
1757651729233 0.04888769825783779 484
1757651729349 0.08169157303667936 485
1757651729467 0.1593020304802666 486
1757651729585 0.20220551885364874 487
1757651729701 0.533606093917015 488
1757651729817 0.019885079753274353 489
1757651729954 0.1959617065657579 490
1757651730075 0.008354311868058123 491
1757651730207 0.0007096667087906077 492
1757651730338 0.3083950902247485 493
1757651730463 0.05931987344632826 494
1757651730581 0.018194429219935197 495
1757651730698 0.0510879838334354 496
1757651730813 0.06854360129834709 497
1757651730932 0.09389314540307386 498
1757651731055 0.035274851336309074 499
