1757438214672 171.03934575958132 0
1757438214729 166.65337866715828 1
1757438214785 173.52112737323648 2
1757438214843 163.35700837686494 3
1757438214904 162.80381944929786 4
1757438214955 165.62306824144207 5
1757438215011 166.95415631555463 6
1757438215070 167.0861157400496 7
1757438215129 157.34359498358182 8
1757438215182 168.79436082338523 9
1757438215240 171.96321170129642 10
1757438215296 154.06008731690662 11
1757438215344 139.62648544455993 12
1757438215398 149.57203731559133 13
1757438215456 156.6495037925784 14
1757438215515 150.73629127957224 15
1757438215581 147.89816190568783 16
1757438215639 149.76606594197966 17
1757438215699 152.11793613515405 18
1757438215762 147.52148224211766 19
1757438215822 145.00307642776784 20
1757438215880 145.14398097055525 21
1757438215953 144.8938877801503 22
1757438216014 142.15334853226935 23
1757438216069 134.16344019530013 24
1757438216121 141.05800997596535 25
1757438216182 137.26770666512968 26
1757438216246 135.64641419002663 27
1757438216305 135.26956285301318 28
1757438216363 136.91505943845274 29
1757438216433 132.64913743160497 30
1757438216492 136.25160480806338 31
1757438216552 133.6221908279736 32
1757438216612 125.94519854172762 33
1757438216677 130.93050500344765 34
1757438216738 127.49675490557846 35
1757438216797 125.16787940911934 36
1757438216854 123.48395812236294 37
1757438216914 132.02706294299463 38
1757438216971 129.58387795215586 39
1757438217034 128.30591587643622 40
1757438217096 120.43412720469767 41
1757438217161 125.684797760841 42
1757438217224 119.8755592353678 43
1757438217286 124.29955561006267 44
1757438217338 120.88482986886778 45
1757438217395 121.86667757228892 46
1757438217455 115.6548411955421 47
1757438217516 120.74467841517246 48
1757438217579 113.97637863392066 49
1757438217643 119.88668547538177 50
1757438217711 121.16853795149055 51
1757438217778 115.79297913662265 52
1757438217845 116.48032971532054 53
1757438217912 114.79163905170905 54
1757438217979 114.01172788755252 55
1757438218048 110.09348922067429 56
1757438218116 111.1499033109082 57
1757438218184 110.04702986678768 58
1757438218260 111.89359967772776 59
1757438218329 110.7293373473457 60
1757438218394 109.32267552227634 61
1757438218461 108.4153716754595 62
1757438218526 111.52823557603288 63
1757438218591 108.00339859356725 64
1757438218659 103.1540539025222 65
1757438218729 109.70724110134458 66
1757438218800 100.74470121403971 67
1757438218868 100.34672790512747 68
1757438218935 101.83873081185749 69
1757438219004 99.76334362194507 70
1757438219072 103.0223081366029 71
1757438219139 106.14565026537338 72
1757438219210 103.49987667105363 73
1757438219279 100.40932473931494 74
1757438219344 97.97873953208207 75
1757438219403 96.53127560266807 76
1757438219465 94.28356881042205 77
1757438219527 93.04496858282224 78
1757438219595 93.19376192968973 79
1757438219661 91.51477581223362 80
1757438219726 99.70961330607636 81
1757438219792 91.0468056801225 82
1757438219859 94.3495962027777 83
1757438219927 91.66756266060038 84
1757438219995 91.49278527716936 85
1757438220065 90.5393702587301 86
1757438220133 94.61524116396963 87
1757438220201 90.63661465803673 88
1757438220270 88.40389978903113 89
1757438220335 87.23598335117235 90
1757438220401 87.44767013042025 91
1757438220467 88.25169225079199 92
1757438220533 89.43375000653711 93
1757438220603 87.40994418992535 94
1757438220670 90.16659620793021 95
1757438220737 84.01302777169661 96
1757438220807 81.57162453149186 97
1757438220875 83.55957501208965 98
1757438220942 81.7811870394692 99
1757438221011 82.97740632249578 100
1757438221077 78.95360994685174 101
1757438221143 80.62970361880417 102
1757438221213 79.24028902492128 103
1757438221285 76.27511253929393 104
1757438221352 74.89285975349237 105
1757438221404 76.56673137211885 106
1757438221459 75.35819270641906 107
1757438221521 76.04818416203946 108
1757438221580 75.45573571829678 109
1757438221640 76.34399517644519 110
1757438221703 75.98333866107646 111
1757438221764 77.86154978366973 112
1757438221822 75.98099268273751 113
1757438221883 76.84632143173715 114
1757438221941 69.75418089886877 115
1757438222005 71.4650000719082 116
1757438222066 70.19051577409644 117
1757438222125 70.04460395261339 118
1757438222186 71.18992513009749 119
1757438222248 68.44425128104669 120
1757438222311 69.33501729733683 121
1757438222370 65.61056037217867 122
1757438222431 73.36476232392074 123
1757438222490 67.64078551204616 124
1757438222555 71.8711537660295 125
1757438222612 68.42696329873391 126
1757438222678 66.47263361709251 127
1757438222742 72.64818164820076 128
1757438222796 65.74684906065013 129
1757438222856 65.71430623300776 130
1757438222923 67.40638047131185 131
1757438222989 63.55173922854975 132
1757438223060 64.97884423749024 133
1757438223129 63.62148290312334 134
1757438223198 63.71160636938539 135
1757438223267 62.435654563933326 136
1757438223336 58.007255764922135 137
1757438223402 57.88143311240801 138
1757438223467 61.0407114322563 139
1757438223533 63.79528493217342 140
1757438223599 59.58728821066521 141
1757438223664 57.744342231672455 142
1757438223732 60.1218845937787 143
1757438223803 57.83381534080594 144
1757438223872 59.8664722979115 145
1757438223939 60.44754252231397 146
1757438224008 59.66929965096442 147
1757438224086 59.252733297578594 148
1757438224148 57.487430960166286 149
1757438224210 56.47862927457471 150
1757438224275 53.968158764631724 151
1757438224338 54.819162269581554 152
1757438224389 54.248233525595424 153
1757438224441 53.75992975375087 154
1757438224499 52.94559374017602 155
1757438224564 54.301813837225424 156
1757438224632 55.04517802131547 157
1757438224700 55.69129709167373 158
1757438224762 53.640233062741736 159
1757438224829 56.51087052861354 160
1757438224894 54.12410503003629 161
1757438224962 54.27283612937849 162
1757438225025 53.097980841824025 163
1757438225094 52.88129674032959 164
1757438225166 52.23202699917322 165
1757438225233 49.445330650415144 166
1757438225301 51.36652882904975 167
1757438225367 50.88247014117606 168
1757438225420 51.604558854344006 169
1757438225474 48.866237251940035 170
1757438225538 50.93064942989663 171
1757438225600 49.72477679906433 172
1757438225652 52.6058333614486 173
1757438225710 47.97989286848404 174
1757438225769 48.73442118974474 175
1757438225830 48.09165463119294 176
1757438225893 45.77721024207894 177
1757438225960 46.71995525985476 178
1757438226023 47.673619595586345 179
1757438226088 47.37145545220885 180
1757438226152 46.99089780327939 181
1757438226219 44.99908848523704 182
1757438226284 45.95312090522505 183
1757438226350 46.00127128037038 184
1757438226416 44.24599115483842 185
1757438226478 47.05020850400947 186
1757438226545 44.31275892437983 187
1757438226611 43.60207056144507 188
1757438226679 43.22627400175537 189
1757438226745 43.822534505386166 190
1757438226811 43.16206412779802 191
1757438226876 39.41127370849317 192
1757438226943 42.93355178680786 193
1757438227011 43.171350211699824 194
1757438227075 41.22998951997454 195
1757438227134 40.38231846284056 196
1757438227197 41.06448731134683 197
1757438227260 39.80484081371776 198
1757438227326 41.58659682267554 199
1757438227390 42.164131673439144 200
1757438227448 39.25250234109459 201
1757438227511 40.17005770415923 202
1757438227574 35.56327226139783 203
1757438227637 39.620372500283366 204
1757438227705 38.52261695621911 205
1757438227771 37.686009776992314 206
1757438227835 36.64680444981499 207
1757438227900 35.862419069476736 208
1757438227963 37.689636654546106 209
1757438228029 37.65100333379539 210
1757438228094 37.108561983923096 211
1757438228158 35.67525841503571 212
1757438228227 37.029138808702726 213
1757438228295 35.35037889487582 214
1757438228364 34.060870468146895 215
1757438228433 35.02901613198543 216
1757438228504 35.216579689506545 217
1757438228572 32.31169325965831 218
1757438228639 33.07637531533055 219
1757438228707 35.93804618302822 220
1757438228779 32.63277600326974 221
1757438228849 34.23384676757716 222
1757438228915 34.484027516817015 223
1757438228985 31.428203669991667 224
1757438229054 34.22394986467414 225
1757438229124 34.080952857617916 226
1757438229195 34.294133873236675 227
1757438229264 33.39459494647099 228
1757438229336 32.40679294871272 229
1757438229405 32.41388332748324 230
1757438229469 34.032070521452994 231
1757438229539 29.39383332799096 232
1757438229610 30.649247697419273 233
1757438229680 31.168853328115354 234
1757438229751 30.45568568159499 235
1757438229823 33.74664172220727 236
1757438229895 31.016594158087347 237
1757438229970 31.870788552969024 238
1757438230042 32.52541244242579 239
1757438230114 29.836449457809714 240
1757438230184 30.409058053823603 241
1757438230256 31.128985748288795 242
1757438230330 28.349546975101045 243
1757438230402 29.46145285317514 244
1757438230475 31.916846565410843 245
1757438230544 31.128133773188544 246
1757438230619 31.024134985465416 247
1757438230688 29.794989293437776 248
1757438230762 28.497884428516766 249
1757438230832 29.164706538575583 250
1757438230900 30.416336850767014 251
1757438230971 27.494043111904716 252
1757438231040 28.65275313011483 253
1757438231109 26.723425405111335 254
1757438231180 27.199113842609243 255
1757438231248 23.45171949890642 256
1757438231322 27.3637234987634 257
1757438231395 29.940964238177735 258
1757438231460 25.52502553849843 259
1757438231527 28.062011953342896 260
1757438231593 25.357081567796865 261
1757438231657 25.364360568434417 262
1757438231724 26.82063915607015 263
1757438231791 23.4281111027967 264
1757438231857 23.78902034218411 265
1757438231926 25.11624623912813 266
1757438231990 26.195178915826343 267
1757438232059 26.43995450856595 268
1757438232122 26.41746578683336 269
1757438232187 24.334463110004805 270
1757438232257 24.1349018007877 271
1757438232321 23.799848085040033 272
1757438232387 22.755839389063333 273
1757438232449 23.281474729890576 274
1757438232514 25.482996032877377 275
1757438232579 22.092501962216666 276
1757438232648 24.995273360472687 277
1757438232717 24.675182148447362 278
1757438232786 23.267978372332948 279
1757438232849 22.53316441923053 280
1757438232916 21.07539516451994 281
1757438232986 22.71861701173256 282
1757438233054 24.155844538546248 283
1757438233122 24.089003558552143 284
1757438233193 21.98112382409248 285
1757438233265 22.16050274789948 286
1757438233334 20.175720814075305 287
1757438233405 23.798090215981254 288
1757438233471 21.484403040537053 289
1757438233539 24.287481311091916 290
1757438233607 21.066889835091736 291
1757438233679 20.024077824869984 292
1757438233756 20.530971413710702 293
1757438233832 21.214803386724643 294
1757438233902 20.497176086850107 295
1757438233976 20.5737134945457 296
1757438234048 20.381246357222697 297
1757438234118 20.15563023080094 298
1757438234191 23.232799152236122 299
1757438234267 18.01046282412993 300
1757438234339 19.278764794782443 301
1757438234407 20.31426387047371 302
1757438234472 20.11098376440019 303
1757438234528 16.887928419442765 304
1757438234586 20.428789881368594 305
1757438234650 19.963711382511413 306
1757438234718 18.750681112670463 307
1757438234781 20.410084869273796 308
1757438234845 15.768152470978825 309
1757438234910 18.441156311063935 310
1757438234974 17.973158700346154 311
1757438235044 20.44630887501955 312
1757438235114 20.03831897076102 313
1757438235184 20.618998412148436 314
1757438235248 19.485320873348492 315
1757438235312 17.365068943227115 316
1757438235381 16.611663117987508 317
1757438235449 18.121950927746816 318
1757438235509 20.82725631640586 319
1757438235571 20.332737136986992 320
1757438235637 16.90229664238402 321
1757438235707 16.223451944226998 322
1757438235778 19.54292890346619 323
1757438235850 17.66740898081993 324
1757438235924 16.175466391570367 325
1757438235998 18.7775912500511 326
1757438236072 16.906046896574487 327
1757438236143 17.94977559691067 328
1757438236213 19.839728303507137 329
1757438236286 16.618497438661308 330
1757438236357 15.523153738624966 331
1757438236433 14.413098232565854 332
1757438236504 17.6400449643474 333
1757438236575 14.118531371893791 334
1757438236646 13.751543088230084 335
1757438236718 14.371703562214922 336
1757438236791 16.22194401464364 337
1757438236864 17.034108123153487 338
1757438236937 15.32132149368884 339
1757438237013 17.34261054099693 340
1757438237085 14.397705431598531 341
1757438237159 14.3745080364791 342
1757438237234 14.687608612340092 343
1757438237305 13.990547493225495 344
1757438237377 14.134649454137708 345
1757438237448 14.824025762196431 346
1757438237516 13.408420872629932 347
1757438237588 14.30252366638431 348
1757438237660 14.5512170927397 349
1757438237726 14.737787664604856 350
1757438237798 14.01275313083464 351
1757438237862 15.692538112696049 352
1757438237934 14.520979505047967 353
1757438238007 14.634897111267172 354
1757438238080 15.481467818703612 355
1757438238152 13.544223141173228 356
1757438238224 16.333076730633678 357
1757438238300 13.915157412981863 358
1757438238381 15.510696913523592 359
1757438238455 14.588557353019908 360
1757438238532 13.632965776860456 361
1757438238607 14.43088443307879 362
1757438238681 11.406422836204925 363
1757438238755 11.532270595771518 364
1757438238830 13.254719202173494 365
1757438238902 12.132514184194022 366
1757438238977 15.331788676749483 367
1757438239052 13.026321688647538 368
1757438239135 12.0063983877206 369
1757438239214 13.736435949646637 370
1757438239299 14.117722639788305 371
1757438239376 11.63136950633055 372
1757438239451 12.83317836193012 373
1757438239526 16.28047140337111 374
1757438239595 11.88295970408658 375
1757438239658 12.352189031423597 376
1757438239723 13.234426936804475 377
1757438239788 11.377950834165462 378
1757438239852 11.727158945427663 379
1757438239914 13.080200219846265 380
1757438239984 11.768192105246143 381
1757438240053 10.288463866870444 382
1757438240122 11.759483082183236 383
1757438240191 11.704321297745093 384
1757438240261 10.797745082043708 385
1757438240329 10.652534257229902 386
1757438240398 12.173567983860615 387
1757438240467 12.3185259272963 388
1757438240536 10.05906546361279 389
1757438240598 14.748035137737961 390
1757438240662 11.317279091175498 391
1757438240731 9.913273049706863 392
1757438240795 11.441710243144664 393
1757438240858 9.944197755149638 394
1757438240925 10.899364888414192 395
1757438240995 12.18039641960817 396
1757438241069 10.00906345931 397
1757438241142 9.101133719361531 398
1757438241217 11.636015872368443 399
1757438241294 12.649091081881416 400
1757438241369 9.640619680328287 401
1757438241443 10.334708102795448 402
1757438241516 10.869126745259681 403
1757438241588 10.03030157482338 404
1757438241656 9.28773689212131 405
1757438241731 9.486392554083636 406
1757438241803 10.296974713021351 407
1757438241880 10.13463125701875 408
1757438241952 10.645638289757166 409
1757438242025 12.86029200494275 410
1757438242093 10.166644094802937 411
1757438242167 8.5770956347557 412
1757438242242 10.529680811171831 413
1757438242322 11.60991683229716 414
1757438242396 9.679338804172911 415
1757438242469 10.631422209185095 416
1757438242545 9.894798368274094 417
1757438242624 9.112715492928327 418
1757438242699 7.235627909411601 419
1757438242775 9.176277390521154 420
1757438242854 8.672879495697456 421
1757438242932 7.1017969333678 422
1757438243006 9.213143914223092 423
1757438243089 7.17981904297371 424
1757438243163 6.976986091617057 425
1757438243238 8.948928118280925 426
1757438243313 6.647070082567701 427
1757438243388 7.733558736828936 428
1757438243462 8.289168190611253 429
1757438243540 7.4530357796463935 430
1757438243609 7.9258945287765314 431
1757438243676 7.515512913229083 432
1757438243743 7.613383984093471 433
1757438243809 7.417664275470559 434
1757438243878 6.78265827263894 435
1757438243947 9.912726840926446 436
1757438244013 7.276273980564387 437
1757438244085 7.924966209335592 438
1757438244194 10.867682319788859 439
1757438244275 6.661546331500102 440
1757438244353 11.76247992967491 441
1757438244457 9.022215703663774 442
1757438244534 6.797099016305305 443
1757438244610 7.204343614612802 444
1757438244685 7.883567441370004 445
1757438244766 7.0156845178232885 446
1757438244842 7.081463627144321 447
1757438244919 8.895021785146954 448
1757438244999 10.21879042102951 449
1757438245072 7.938960085582107 450
1757438245145 6.850967410365191 451
1757438245212 5.721582113471463 452
1757438245268 6.675236968994976 453
1757438245333 9.267038460529278 454
1757438245402 6.453524807212602 455
1757438245470 7.5254489134565175 456
1757438245542 7.024058944818535 457
1757438245607 6.5277726827698395 458
1757438245673 6.946366837070669 459
1757438245743 6.541681216307699 460
1757438245816 9.58181208091181 461
1757438245889 7.891335883543318 462
1757438245965 8.314017751780504 463
1757438246042 9.310402594264202 464
1757438246116 6.172935533170831 465
1757438246190 7.912853157554951 466
1757438246265 6.173570430036481 467
1757438246342 7.1674316174907595 468
1757438246418 6.543297034819979 469
1757438246496 5.838010831291932 470
1757438246573 6.065480663634997 471
1757438246646 5.721364393896591 472
1757438246723 5.834435513187961 473
1757438246802 6.704659924085988 474
1757438246881 6.4236309755738965 475
1757438246958 5.261732699511098 476
1757438247034 6.885137451518408 477
1757438247111 6.04974729357543 478
1757438247185 5.891202884745944 479
1757438247266 6.408631728208151 480
1757438247343 5.486289119518145 481
1757438247420 4.456498192968132 482
1757438247496 5.425509845456782 483
1757438247574 6.805022928859359 484
1757438247645 6.170522712223919 485
1757438247718 5.72310277599094 486
1757438247790 5.711268087286065 487
1757438247864 5.453726955407896 488
1757438247939 8.972904839280336 489
1757438248038 4.707751564096649 490
1757438248122 5.738681434184789 491
1757438248200 7.6000431874747765 492
1757438248278 5.596386581907887 493
1757438248354 6.88498048595549 494
1757438248433 6.796005272482068 495
1757438248512 6.114796847468238 496
1757438248610 4.687933141324131 497
1757438248684 8.024627508155067 498
1757438248763 6.8770451754655575 499
