1757433128747 144.14473076459123 0
1757433128799 127.76459161745598 1
1757433128858 109.73020530454926 2
1757433128910 98.15475279698418 3
1757433128966 84.31030846941542 4
1757433129018 75.23817606160324 5
1757433129075 65.60563683842724 6
1757433129130 62.57612460664853 7
1757433129179 52.36090499068433 8
1757433129233 47.587602962775854 9
1757433129288 43.74657113228449 10
1757433129342 37.9146161955308 11
1757433129397 35.93101003581208 12
1757433129455 33.396761772064124 13
1757433129511 29.260659095008975 14
1757433129568 25.479401730697038 15
1757433129622 23.7877422009943 16
1757433129675 23.33871261502443 17
1757433129726 19.548583797817038 18
1757433129784 19.669084941012613 19
1757433129847 20.81902357022619 20
1757433129902 16.962016865822115 21
1757433129957 17.146042579673317 22
1757433130032 17.274497308272014 23
1757433130118 16.07561761767639 24
1757433130162 13.548285955749034 25
1757433130205 15.187766118962035 26
1757433130248 15.561396407162295 27
1757433130292 12.737044660787232 28
1757433130337 13.21135044500138 29
1757433130391 12.884045373980491 30
1757433130449 10.891846450222044 31
1757433130508 8.614242228526507 32
1757433130566 13.511136968735434 33
1757433130619 10.775521302888821 34
1757433130663 8.454303854873226 35
1757433130711 10.79313592960458 36
1757433130756 9.960251066684213 37
1757433130806 9.779186499244531 38
1757433130860 10.176423594228835 39
1757433130919 10.918733452732853 40
1757433130971 10.91739276248099 41
1757433131024 10.476852820605144 42
1757433131081 9.340043743369987 43
1757433131139 7.733652968457253 44
1757433131198 9.022755464884776 45
1757433131259 9.806956421925822 46
1757433131316 10.47886230272125 47
1757433131370 8.357574879535473 48
1757433131426 9.56009673656148 49
1757433131479 8.466265020687564 50
1757433131540 9.484538189964065 51
1757433131598 9.228461312924377 52
1757433131659 7.273212769265741 53
1757433131715 9.414088295765316 54
1757433131767 8.200995728092103 55
1757433131825 8.231933662902776 56
1757433131877 8.258851658879314 57
1757433131937 9.341463787424951 58
1757433131990 10.375272513941523 59
1757433132043 8.953170591523278 60
1757433132099 8.949476409449337 61
1757433132156 7.98672411027828 62
1757433132217 8.602378702008208 63
1757433132278 8.347835956230986 64
1757433132342 6.582741007188405 65
1757433132398 8.695038942393996 66
1757433132463 8.697647920717761 67
1757433132522 7.11485639097206 68
1757433132581 8.511440547153033 69
1757433132640 8.831158915223886 70
1757433132690 7.495185766384125 71
1757433132744 9.866565357627362 72
1757433132798 9.504111336613818 73
1757433132855 7.75852330292804 74
1757433132900 7.827220851503049 75
1757433132944 11.820325022352433 76
1757433132999 8.809506459457989 77
1757433133055 10.207684964285775 78
1757433133108 7.651803430141443 79
1757433133163 6.25145083815817 80
1757433133218 8.974361176049324 81
1757433133273 9.986496073397621 82
1757433133333 7.313800465144039 83
1757433133392 7.3111845461081515 84
1757433133477 7.629598993891797 85
1757433133539 8.403636496781774 86
1757433133600 7.847491098211258 87
1757433133662 9.80909268363345 88
1757433133720 6.8043018487051565 89
1757433133779 7.548334511266038 90
1757433133836 8.292667976106966 91
1757433133889 8.567593847412544 92
1757433133947 9.36896587258851 93
1757433134001 7.344216106814848 94
1757433134065 8.399377346405599 95
1757433134125 10.395681228937006 96
1757433134182 9.279858955581448 97
1757433134240 10.342350998590033 98
1757433134293 8.080547182361025 99
1757433134351 8.713460224585571 100
1757433134411 8.544450710381396 101
1757433134468 6.8636666212282265 102
1757433134529 6.138529320422002 103
1757433134589 6.949307090838829 104
1757433134646 8.448675259626102 105
1757433134701 6.803463018986164 106
1757433134760 5.928009555919967 107
1757433134819 8.063180917091973 108
1757433134874 8.179974445208657 109
1757433134938 9.084687928543397 110
1757433134993 10.041934285674886 111
1757433135047 8.46003458020191 112
