1757437988159 44.61291521227074 0
1757437988229 11.268124926149262 1
1757437988292 4.967539834220649 2
1757437988361 3.6157200843274397 3
1757437988428 1.9974834824573244 4
1757437988494 0.9761465834951882 5
1757437988559 0.7810464676953802 6
1757437988624 0.37041587710688995 7
1757437988691 2.4910179378599535 8
1757437988757 1.5952505631593072 9
1757437988822 2.894716161164198 10
1757437988887 1.030383537713862 11
1757437988950 1.6248367364878324 12
1757437988998 1.119634220406746 13
1757437989059 1.0170933120730279 14
1757437989120 0.8231525886783153 15
1757437989181 1.2601626333944869 16
1757437989243 1.781462889087208 17
1757437989302 0.9289763957492868 18
1757437989363 2.9049358340193674 19
1757437989428 1.224875386561349 20
1757437989496 1.224817422093931 21
1757437989557 1.0605405860221626 22
1757437989616 0.7987621407514363 23
1757437989681 1.158110570080162 24
1757437989736 2.7296595149920937 25
1757437989792 1.5782517329487586 26
1757437989852 1.202218349494208 27
1757437989914 0.9431584042796148 28
1757437989973 1.5725522666894802 29
1757437990047 2.605748942259484 30
1757437990097 0.9214788893358997 31
1757437990157 1.7441493191984805 32
1757437990223 0.9063790567582453 33
1757437990289 1.9694873348521407 34
1757437990354 2.686584443433735 35
1757437990418 2.270395902992385 36
1757437990482 1.5126635364186714 37
1757437990545 0.5352822946590559 38
1757437990602 1.0223279554344111 39
1757437990660 1.3458530103937776 40
1757437990720 0.9908585059454365 41
1757437990776 1.157659084940004 42
1757437990838 2.3618369991689736 43
1757437990901 0.5672785965713919 44
1757437990960 0.6703085431756834 45
1757437991008 0.492841029601067 46
1757437991060 1.082296766707815 47
1757437991117 1.1457383650354918 48
1757437991174 0.7188617063245839 49
1757437991239 5.30286830937564 50
1757437991299 2.328843709885659 51
1757437991359 0.7525832286610862 52
1757437991419 1.3075134729317026 53
1757437991480 1.4699740529370489 54
1757437991543 1.077791510848524 55
1757437991606 2.6473783709017207 56
1757437991666 1.8721155854312084 57
1757437991727 1.3923552725721702 58
1757437991795 0.6493861353896849 59
1757437991854 1.9034194075050388 60
1757437991914 2.594448004593756 61
1757437991973 1.3443177375426834 62
1757437992038 0.8891463294041989 63
1757437992101 4.428343996050323 64
1757437992160 0.6998868618185538 65
1757437992219 1.0961783220495767 66
1757437992277 1.2190598502908765 67
1757437992338 1.2474977935027765 68
1757437992395 1.3092067833334395 69
1757437992453 0.8336684771014494 70
1757437992518 2.926786955014498 71
1757437992581 0.8340187686311606 72
1757437992649 2.185814930667525 73
1757437992713 1.714540576627147 74
1757437992778 1.025055350785409 75
1757437992842 4.14123373966737 76
1757437992906 0.7410402745294861 77
1757437992971 2.1999701877841242 78
1757437993029 0.83048596506851 79
1757437993093 1.4323205573096482 80
1757437993153 1.0521377781889174 81
1757437993215 1.048344173336999 82
1757437993276 0.6575605085021908 83
1757437993335 1.6005250848390205 84
1757437993397 1.3850707417353754 85
1757437993459 1.3327156940374092 86
1757437993524 2.585817781370561 87
1757437993583 0.9014959306641562 88
1757437993645 3.799752662554596 89
1757437993710 0.8980082995906833 90
1757437993769 1.1155122385736451 91
1757437993833 1.3403225228753355 92
1757437993892 0.9362721056219038 93
1757437993958 1.6151348015416085 94
1757437994016 1.2968525336880834 95
1757437994078 3.2439170603529117 96
1757437994145 3.8869119918853774 97
1757437994205 0.9414282163069055 98
1757437994253 2.615513910994786 99
1757437994302 0.9068787984996605 100
1757437994361 2.123640484197081 101
1757437994426 1.3207690598641537 102
1757437994493 1.3022712680938933 103
1757437994562 1.911171697152415 104
1757437994619 1.0966654525453683 105
1757437994686 0.9839264499413406 106
1757437994750 0.5860510023413434 107
1757437994811 0.992822707742417 108
1757437994877 1.6185362868324287 109
1757437994943 1.6842529873182654 110
1757437995003 2.2958985143847497 111
1757437995061 0.9375212423106997 112
1757437995126 1.3351946555638232 113
1757437995191 1.2674227789406434 114
1757437995258 1.6872823283864071 115
1757437995323 1.5165543322604491 116
1757437995384 3.4617230453269308 117
1757437995445 1.7244579886351847 118
1757437995507 2.343483902079974 119
1757437995569 2.7761207793709954 120
1757437995635 0.9766093455656675 121
1757437995698 0.6773549839795263 122
1757437995762 0.5302483971852283 123
1757437995827 0.5155499499556848 124
1757437995889 1.4481209703702802 125
1757437995950 0.5280043497927487 126
1757437996017 1.6775910996723487 127
1757437996080 1.6938081587713354 128
1757437996144 1.451800532546898 129
1757437996210 0.6523060020007501 130
1757437996278 1.0433127072985728 131
1757437996346 1.1645022504737301 132
1757437996414 1.7252294270047337 133
1757437996481 1.136576103892335 134
1757437996552 1.155687639863557 135
1757437996620 0.992551243900831 136
1757437996688 1.2368201248022366 137
1757437996756 1.5283803295599163 138
1757437996823 1.1401070103436606 139
1757437996891 1.6925833369269696 140
1757437996959 1.4956109935016548 141
1757437997023 2.252311761961085 142
1757437997083 1.3869625361857056 143
1757437997142 1.2390910209839987 144
1757437997209 2.151150776625133 145
1757437997273 3.0861487368942853 146
1757437997337 0.9749764358998059 147
1757437997397 0.7590947404761229 148
1757437997463 1.3085948752602452 149
1757437997525 0.605709862286492 150
1757437997592 1.1762017136228018 151
1757437997657 3.0289060175136484 152
1757437997721 1.5317767227276473 153
1757437997780 2.2677342985647395 154
1757437997845 1.288076657543881 155
1757437997910 1.3814738961713113 156
1757437997972 1.3922499249317646 157
1757437998040 2.1032574603714367 158
1757437998098 2.823441780914589 159
