1757661754286 1.5569856743523254 0
1757661754419 0.4657670402628543 1
1757661754546 0.003143406992307165 2
1757661754677 1.9340534987768105 3
1757661754805 0.0010670483052616056 4
1757661754934 5.077855353418564 5
1757661755059 1.5654379282680166 6
1757661755189 0.0003482365628112182 7
1757661755315 0.4093367327001486 8
1757661755440 1.4258063231205442 9
1757661755567 0.0936453154030027 10
1757661755693 0.04773414492835192 11
1757661755822 2.994136604046605 12
1757661755957 0.1254510373213837 13
1757661756085 0.027159836739693244 14
1757661756208 0.9029909333937722 15
1757661756333 0.5518965355173125 16
1757661756456 0.7103174689290563 17
1757661756586 0.2774938445009742 18
1757661756710 0.03544008495274794 19
1757661756858 0.42509105560220156 20
1757661756988 0.16861911264831042 21
1757661757119 0.0004063704317717857 22
1757661757245 0.8583687386606741 23
1757661757375 0.1905342163693 24
1757661757500 0.020691791132987813 25
1757661757629 0.6918410844198181 26
1757661757755 0.2561166513350794 27
1757661757883 0.6987010869315546 28
1757661758004 0.0003626284963707366 29
1757661758131 0.21663780553640793 30
1757661758255 0.38481919308794865 31
1757661758390 1.3007952236514042 32
1757661758515 0.4053459816561795 33
1757661758647 7.47075348755826 34
1757661758771 0.11758457200589678 35
1757661758905 1.121999088467836 36
1757661759030 1.4754873896578544 37
1757661759163 0.16673958891218607 38
1757661759289 0.6453152613569046 39
1757661759423 1.395504267806818 40
1757661759546 0.0018377360801003226 41
1757661759679 0.28146974271072145 42
1757661759803 0.8492171906903379 43
1757661759938 0.14220823276440198 44
1757661760066 0.08676782636700886 45
1757661760197 0.020331236961153742 46
1757661760323 0.028488980181254172 47
1757661760452 0.10713408259421107 48
1757661760579 0.09287131204995075 49
1757661760709 1.161117840121742 50
1757661760838 0.9073340541450582 51
1757661760969 1.6280117618581282 52
1757661761099 0.13754053028785485 53
1757661761228 0.4599926910076581 54
1757661761356 0.22192375199086392 55
1757661761481 0.24724805657365737 56
1757661761610 0.026945790751387054 57
1757661761735 1.733988350162953 58
1757661761863 1.01597695668992 59
1757661761990 0.1811826490430196 60
1757661762119 0.030668158950703114 61
1757661762245 3.2033543944342417 62
1757661762375 0.0443903370194859 63
1757661762501 0.002642413353960863 64
1757661762632 0.011876920872455836 65
1757661762758 0.3499522941935027 66
1757661762891 0.658381200783768 67
1757661763019 0.0005626958025309456 68
1757661763151 0.16727425998758022 69
1757661763277 0.021553607601403763 70
1757661763414 0.4026944024682169 71
1757661763540 0.04670363588714904 72
1757661763670 0.31714347976832935 73
1757661763795 0.48903997645345443 74
1757661763930 0.45920640853869 75
1757661764054 0.07810298097286138 76
1757661764190 0.3413168531922542 77
1757661764316 0.7429156692953743 78
1757661764452 0.3504597568241828 79
1757661764579 0.31954848012156684 80
1757661764716 0.5024518580551534 81
1757661764842 0.42928612974538344 82
1757661764976 1.0432586981163936 83
1757661765104 0.266982653314774 84
1757661765233 0.8924829802030624 85
1757661765360 0.8041794307419091 86
1757661765492 0.22395136166776955 87
1757661765621 1.027977929574544 88
1757661765750 1.3243753388452373 89
1757661765884 0.7607718229054061 90
1757661766022 0.03783328108582096 91
1757661766154 0.003561866700682057 92
1757661766281 0.07041904980705715 93
1757661766411 0.003153005469448245 94
1757661766538 0.3700171279842017 95
1757661766669 0.972107255239434 96
1757661766795 0.03573794840308169 97
1757661766928 0.007647923968344067 98
1757661767055 2.518690428597267 99
1757661767189 1.89557623141133e-05 100
1757661767316 0.207552108481605 101
1757661767451 0.23701201308695585 102
1757661767577 0.9964008782568491 103
1757661767710 1.0816168192372588 104
1757661767836 0.5129159492324269 105
1757661767976 0.20088085315558712 106
1757661768103 3.548647212892814 107
1757661768238 0.021583296336491378 108
1757661768368 0.8744537958432703 109
1757661768500 0.20243692051026319 110
1757661768628 0.2746022815603988 111
1757661768759 1.4943135134063128 112
1757661768890 0.11694883868749864 113
1757661769016 0.2467731399537061 114
1757661769146 0.3431753231270525 115
1757661769275 0.38625722696598874 116
1757661769405 1.5207268921952157 117
1757661769533 0.01872930647578025 118
1757661769663 0.27617620299396045 119
1757661769790 4.8989427719827616e-06 120
1757661769920 0.08840353600694076 121
1757661770046 0.1324564455412217 122
1757661770177 0.021668802960932657 123
1757661770308 1.0308076558697854 124
1757661770440 2.089925143221026 125
1757661770569 0.5402251275492916 126
1757661770700 1.1512976133872435 127
1757661770827 0.991109961244924 128
1757661770960 0.1234413509400434 129
1757661771086 1.151375407018523 130
1757661771222 0.09920900171112859 131
1757661771348 0.0007659648936567498 132
1757661771484 0.16785562778508362 133
1757661771611 0.43673377147452913 134
1757661771745 0.02246832188083794 135
1757661771873 1.28353665697963 136
1757661772030 0.22069966096506247 137
1757661772162 0.7019490380913536 138
1757661772290 1.5157464391600015 139
1757661772419 0.022005615415269044 140
1757661772548 0.0771652353638141 141
1757661772678 0.5191072932169325 142
1757661772805 0.49625033160813314 143
1757661772935 2.250913509761164 144
1757661773063 0.712592545336109 145
1757661773194 1.8382074476007566 146
1757661773323 0.9884085733962538 147
1757661773471 0.012772174635282477 148
1757661773596 0.627407449476101 149
1757661773732 0.0019319118902289363 150
1757661773860 0.15624520816168636 151
1757661774001 0.3599296939836415 152
1757661774135 1.2984438904901254 153
1757661774267 0.05770330203470312 154
1757661774397 0.642531654873468 155
1757661774531 2.538057598404707 156
1757661774662 0.0024549825700388847 157
1757661774794 1.086442804250471 158
1757661774927 0.0581917417266863 159
1757661775057 0.2240361846321126 160
1757661775188 0.2859108455655107 161
1757661775317 1.1237977230909129 162
1757661775448 0.17946596948857535 163
1757661775576 0.43646995516578935 164
1757661775708 0.20756705776795542 165
1757661775836 0.8420473923628593 166
1757661775974 0.0028945822656201202 167
1757661776105 0.053676444827573645 168
1757661776240 0.3908332405636322 169
1757661776367 0.07987351350215693 170
1757661776502 0.003440904780666594 171
1757661776630 0.05979318885261316 172
1757661776766 0.16811760126489791 173
1757661776892 0.027985350093164336 174
1757661777031 0.36425532114603193 175
1757661777162 0.5563433432937781 176
1757661777297 0.05637408235498313 177
1757661777431 0.024167021925940228 178
1757661777561 0.021354564697452637 179
1757661777694 0.18868072636837074 180
1757661777822 0.9605348447476304 181
1757661777953 0.9689298825211783 182
1757661778081 0.015889611683371656 183
1757661778215 0.05666986329846824 184
1757661778344 0.36658611304511346 185
1757661778478 1.1031395665526569 186
1757661778606 0.004567637405725422 187
1757661778740 0.571673110712191 188
1757661778868 0.25534111687611094 189
1757661779004 0.40518722436247356 190
1757661779132 0.047182487024728735 191
1757661779268 0.4287281288501881 192
1757661779396 2.946192479487269 193
1757661779534 1.9754604031503966 194
1757661779662 0.30205262519654874 195
1757661779800 0.20061598366291056 196
1757661779931 1.3874400728531628 197
1757661780066 0.33235216038221826 198
1757661780212 0.05695394072404817 199
1757661780348 0.017015405753605307 200
1757661780488 1.6241978587930768 201
1757661780616 0.019021513026965982 202
1757661780752 1.0242347291092901 203
1757661780881 0.8696909583832829 204
1757661781023 1.4942672465672575 205
1757661781152 0.14474140541058492 206
1757661781290 0.2888664622130559 207
1757661781418 0.03319190479174855 208
1757661781556 0.09184737712546054 209
1757661781690 0.5530774215256388 210
1757661781824 2.133441426556419 211
1757661781960 0.17429233731580482 212
1757661782092 1.0292354109587927 213
1757661782224 1.5467106539639033 214
1757661782354 2.6310339716677515 215
1757661782487 0.010704786328944322 216
1757661782615 0.15448510144162989 217
1757661782751 0.003779396008971258 218
1757661782880 0.013526529877131509 219
1757661783016 0.04395287019739704 220
1757661783146 0.10829041701837719 221
1757661783286 1.5527600584495869 222
1757661783443 0.020160521475786692 223
1757661783580 0.01600313578817397 224
1757661783720 0.4232876380196214 225
1757661783851 0.2995518950415689 226
1757661783986 0.3115484897218046 227
1757661784115 1.7619445888305503 228
1757661784249 0.2286345765631188 229
1757661784378 1.123680505101325 230
1757661784513 0.3675056946749455 231
1757661784645 0.1977299090653555 232
1757661784791 0.628553900691077 233
1757661784954 0.4670629646218538 234
1757661785105 0.06306047531114817 235
1757661785241 0.6390132111897274 236
1757661785371 0.7863320349637876 237
1757661785508 0.18588619636275378 238
1757661785642 2.7791101621456145 239
1757661785792 0.04457783748046572 240
1757661785931 1.3670271781508205 241
1757661786084 4.11787477959474 242
1757661786218 0.0913250219603279 243
1757661786359 1.1873810693472762 244
1757661786503 1.3243593001001017 245
1757661786646 1.2150083404974195 246
1757661786792 0.719865676940402 247
1757661786939 0.08611054947113131 248
1757661787084 9.178919506032852 249
1757661787218 1.0775750687002494 250
1757661787364 0.22474752656563562 251
1757661787506 0.7162843176271446 252
1757661787644 1.971196137491303 253
1757661787793 3.853491517263358e-05 254
1757661787931 0.02341099754793596 255
1757661788073 0.8718584888279131 256
1757661788204 1.2310211677423428 257
1757661788349 0.07737972406219097 258
1757661788488 0.0042895321933180556 259
1757661788626 0.5133630702131974 260
1757661788768 0.15783779214438357 261
1757661788898 1.101524135216693 262
1757661789035 0.278677262777158 263
1757661789166 0.4523905999744176 264
1757661789304 1.9219114759940756 265
1757661789434 4.501895401254304 266
1757661789573 2.051433370744396 267
1757661789707 1.730881135135458 268
1757661789848 0.0018483957973576977 269
1757661789983 0.21819107250160366 270
1757661790119 2.1724357454858723 271
1757661790254 0.12174075883076048 272
1757661790387 1.947104902907608 273
1757661790523 1.8267407643694076 274
1757661790653 1.4604359860483092 275
1757661790789 1.1465273209682363 276
1757661790920 1.4436187263569402 277
1757661791064 2.686106344208408 278
1757661791204 1.0162473808457255 279
1757661791344 0.23162563277039439 280
1757661791479 0.37389320204091747 281
1757661791615 0.035917625684955344 282
1757661791749 0.17429746248139505 283
1757661791886 0.06652706113063193 284
1757661792018 0.3786652776132398 285
1757661792150 0.2961954125515105 286
1757661792285 0.024625119302014508 287
1757661792416 0.1231366240455843 288
1757661792553 1.4342742581933414 289
1757661792682 0.05890204367141641 290
1757661792818 0.5759723829517375 291
1757661792949 0.15945194440759952 292
1757661793091 0.25335166382805124 293
1757661793224 0.24672900545657306 294
1757661793371 0.4676930820599983 295
1757661793508 0.29944167470368954 296
1757661793644 1.0683704686502542 297
1757661793778 0.051922272700013164 298
1757661793908 0.6670110294120961 299
1757661794047 1.378280551679891 300
1757661794180 0.3454181236572099 301
1757661794315 0.12340754243257601 302
1757661794450 0.015674025550552122 303
1757661794589 1.615305047754576 304
1757661794720 0.02161069478639807 305
1757661794860 1.0814369244689752 306
1757661794995 0.6960270408916078 307
1757661795132 0.1340341748564106 308
1757661795270 0.006340069528636739 309
1757661795403 0.07398551253927417 310
1757661795537 0.6951704448017016 311
1757661795671 0.04577894136648477 312
1757661795806 0.5758793458006614 313
1757661795942 0.8235294207349978 314
1757661796085 1.285553392614209 315
1757661796216 0.748756748893333 316
1757661796362 1.3649646295391495 317
1757661796498 0.5991932544184163 318
1757661796637 1.2397377647145207 319
1757661796774 0.3237433539052817 320
1757661796912 0.19628977452474355 321
1757661797048 0.017299601135031862 322
1757661797180 1.7979949099321777 323
1757661797320 0.013027977009348933 324
1757661797454 1.0947947422457647 325
1757661797593 0.39343056959995676 326
1757661797734 0.08752377986220293 327
1757661797882 0.002818448443350701 328
1757661798020 0.15927820151903996 329
1757661798161 0.022995490350306808 330
1757661798302 1.4005384836340764 331
1757661798432 0.26725254084811656 332
1757661798568 0.2875909505457463 333
1757661798701 3.1777060983033545 334
1757661798837 0.7282305981626366 335
1757661798972 0.0018778271533039924 336
1757661799113 0.39673213853845235 337
1757661799245 3.4062867215727928 338
1757661799386 1.3986870728156051 339
1757661799519 0.3948101840648989 340
1757661799656 0.5777032191680017 341
1757661799793 0.07720273889966128 342
1757661799928 0.3267449005478752 343
1757661800064 0.5918375411899461 344
1757661800198 0.4803191062092197 345
1757661800334 1.5757252471035506 346
1757661800467 0.40378189109521 347
1757661800607 0.7177378761858333 348
1757661800739 0.5397529939156993 349
1757661800877 1.0257609198177282 350
1757661801010 0.00577154369641044 351
1757661801154 0.910799993550997 352
1757661801290 0.02050297933087915 353
1757661801427 0.16981330584124993 354
1757661801563 0.019487957781487632 355
1757661801695 0.09833736572034411 356
1757661801832 0.41841213922144543 357
1757661801962 1.4995841104916963 358
1757661802106 0.0031991367507019585 359
1757661802240 1.332774461283218 360
1757661802382 0.035913201778403604 361
1757661802515 0.34995590998149395 362
1757661802655 0.40348522960674704 363
1757661802791 0.07680884965589294 364
1757661802927 1.9012831274950324 365
1757661803064 1.1272430652526375 366
1757661803198 0.3618237069454944 367
1757661803335 0.0033933626414609707 368
1757661803487 0.0006911259258388411 369
1757661803623 0.18251527650956131 370
1757661803758 0.2756567011933929 371
1757661803898 2.1937806683918044 372
1757661804031 0.163547024058553 373
1757661804173 0.06540611882586961 374
1757661804314 0.8727864465112524 375
1757661804448 0.10951619012685339 376
1757661804586 0.07391841142498407 377
1757661804719 1.22540385388034 378
1757661804858 0.6465535104059408 379
1757661804991 0.5780917622957793 380
1757661805141 0.36835835430506697 381
1757661805295 0.1078261307202244 382
1757661805437 0.16337005986995662 383
1757661805574 0.18552079008795208 384
1757661805709 3.5689335769593935 385
1757661805844 0.13875071885104684 386
1757661805985 0.008649792181847025 387
1757661806134 0.06060166939977463 388
1757661806269 0.2975024648007934 389
1757661806413 0.011966796359779583 390
1757661806550 0.42699254638533324 391
1757661806691 0.23045300189100051 392
1757661806830 0.6212974554793423 393
1757661806966 0.5964109899869549 394
1757661807105 0.015394993035675198 395
1757661807240 0.3911987029342494 396
1757661807396 7.161332799556888 397
1757661807535 0.3282511335728045 398
1757661807678 0.3265226315274857 399
1757661807814 0.20820436469046405 400
1757661807955 0.017707677222232814 401
1757661808095 0.008720911131615388 402
1757661808231 2.8209680428201445 403
1757661808369 0.0367294139487678 404
1757661808504 5.822780420812779 405
1757661808642 0.01761985089419251 406
1757661808779 0.828374851492258 407
1757661808921 0.02166392209364525 408
1757661809056 1.4704267342727806 409
1757661809200 1.9517043862347323 410
1757661809337 0.0007185482484681452 411
1757661809474 0.4150719755938832 412
1757661809617 7.115864793555954 413
1757661809751 0.10160397309300398 414
1757661809891 0.11376910227273195 415
1757661810024 0.06750031190345386 416
1757661810167 0.7468111297359742 417
1757661810304 1.1427893558799351 418
1757661810449 0.6832730887134221 419
1757661810588 0.1803602981144792 420
1757661810727 0.17948548378189194 421
1757661810866 1.3023436247073366 422
1757661811002 0.2081954222746804 423
1757661811142 0.16078684200053092 424
1757661811282 0.007775381260921187 425
1757661811425 0.40083651888293836 426
1757661811562 0.04724722972465908 427
1757661811706 0.5871527634268232 428
1757661811844 0.12957375475068894 429
1757661811984 1.2978451352248979 430
1757661812125 0.057840257880047576 431
1757661812260 0.014507887980701363 432
1757661812401 2.085082523158278 433
1757661812535 0.07505644840043539 434
1757661812677 0.6481559536239841 435
1757661812814 0.2787501783677495 436
1757661812958 0.25134293883845105 437
1757661813103 0.21806954292720476 438
1757661813244 3.2282135263375435 439
1757661813399 0.013486722636139184 440
1757661813544 0.05681291489011621 441
1757661813700 0.35230475997446886 442
1757661813864 2.251978767509598 443
1757661814002 0.3622707628202189 444
1757661814147 0.008611426253914818 445
1757661814284 0.0001330231051087103 446
1757661814426 0.0006547530871818903 447
1757661814563 0.16307059748910055 448
1757661814709 1.4180912728677237 449
1757661814845 0.251301771392471 450
1757661814987 0.3529077242905286 451
1757661815126 0.6990203649538171 452
1757661815264 5.011018703045722 453
1757661815403 0.2594283904996902 454
1757661815542 0.1868716076935681 455
1757661815683 0.22541230648917845 456
1757661815819 1.323811360982173 457
1757661815967 0.6052907730016237 458
1757661816109 5.87396221639022 459
1757661816252 0.01628958778944547 460
1757661816390 1.5748998936065695 461
1757661816528 1.1686553103510031 462
1757661816671 0.2849127895898716 463
1757661816808 0.6907632132092912 464
1757661816952 0.011945588017758175 465
1757661817088 0.006142497195626421 466
1757661817235 0.2568868890239648 467
1757661817378 1.3269464507031632 468
1757661817518 0.4218485947876481 469
1757661817658 0.8740899260955897 470
1757661817794 0.05949155611521949 471
1757661817934 0.006169973511689555 472
1757661818071 0.19740716674326553 473
1757661818217 6.821806072847319 474
1757661818358 0.2632180286781333 475
1757661818503 0.5671683232965963 476
1757661818642 0.14553147531632987 477
1757661818781 0.46085901421804737 478
1757661818922 0.009980827526206066 479
1757661819059 0.0770372049117058 480
1757661819201 0.08376484747189533 481
1757661819338 0.11995436492004126 482
1757661819486 0.3253532425453885 483
1757661819627 0.45878645317692246 484
1757661819766 0.15348921379719496 485
1757661819908 2.3556832197715694 486
1757661820043 0.00908270153293954 487
1757661820217 0.3429646709576575 488
1757661820357 2.677034204257375 489
1757661820504 0.0041097071774359095 490
1757661820646 0.0009247177595283972 491
1757661820783 0.24707796421120853 492
1757661820922 1.248573407801729 493
1757661821060 0.008167107420719142 494
1757661821206 0.9864688504190652 495
1757661821343 6.845283999490184 496
1757661821488 0.5682741975983817 497
1757661821629 0.5341030806245847 498
1757661821771 0.21322526200685804 499
