1757435977189 102.61158530363785 0
1757435977280 100.67937249298915 1
1757435977371 72.84645831720569 2
1757435977460 56.99147623038246 3
1757435977549 13.400374994482554 4
1757435977638 21.781115102212183 5
1757435977729 22.222630266130224 6
1757435977818 54.59153879566028 7
1757435977909 1.5452489327853647 8
1757435978002 1.0430227189295425 9
1757435978093 1.3004882019724016 10
1757435978186 0.9271199225695812 11
1757435978276 4.978890662559212 12
1757435978369 15.744389409236868 13
1757435978462 20.051604491720976 14
1757435978556 12.005638065876306 15
1757435978650 1.277283119055345 16
1757435978744 1.339753394282409 17
1757435978837 8.199519067817844 18
1757435978930 0.0388805463939948 19
1757435979023 6.424128066661807 20
1757435979114 8.158143675615989 21
1757435979202 2.0129879662165475 22
1757435979295 1.1204551610123168 23
1757435979386 12.395011091415268 24
1757435979478 16.035071124689452 25
1757435979570 8.417303017576398 26
1757435979661 41.53495049040898 27
1757435979748 3.7908286492610257 28
1757435979838 9.50388681360681 29
1757435979930 2.945219713449524 30
1757435980020 12.215253078604958 31
1757435980107 3.719069808648013 32
1757435980198 9.663280114999893 33
1757435980287 3.2437743046311858 34
1757435980377 38.460371361627274 35
1757435980467 18.782957949703306 36
1757435980556 2.4357137161682982 37
1757435980647 11.886343353462737 38
1757435980740 11.915634804224027 39
1757435980833 10.790314021504471 40
1757435980924 0.13792391106841315 41
1757435981014 12.679429207440311 42
1757435981106 18.366580473767375 43
