1757587545577 230.55906278976659 0
1757587545641 1595.9556069376083 1
1757587545709 46696.72684827382 2
1757587545776 1480861.7034476157 3
1757587545834 47213129.59316657 4
1757587545901 1505100047.7614126 5
1757587545978 47981900648.50202 6
1757587546047 1529638194467.348 7
1757587546111 48764083090286.484 8
1757587546179 1554573990656463.0 9
1757587546244 4.9559022583831416e+16 10
1757587546309 1.5799162559065633e+18 11
1757587546375 5.036692100724048e+19 12
1757587546438 1.6056716438319918e+21 13
1757587546502 5.118798958218165e+22 14
1757587546573 1.631846889449963e+24 15
1757587546642 5.202244300554542e+25 16
1757587546705 1.6584488371806878e+27 17
1757587546773 5.287049947371348e+28 18
1757587546832 1.6854844430123302e+30 19
1757587546901 5.373238074001941e+31 20
1757587546971 1.7129607763275356e+33 21
1757587547037 5.460831217276159e+34 22
1757587547106 1.7408850217522868e+36 23
1757587547172 5.549852281413595e+37 24
1757587547243 1.7692644810344132e+39 25
1757587547312 5.640324544012343e+40 26
1757587547379 1.7981065749530018e+42 27
1757587547450 5.732271662136005e+43 28
1757587547521 1.827418845258733e+45 29
1757587547588 5.825717678499552e+46 30
1757587547658 1.857208956645993e+48 31
1757587547725 5.920687027756025e+49 32
1757587547794 1.8874846987570485e+51 33
1757587547864 6.017204542886027e+52 34
1757587547930 1.918253988218886e+54 35
1757587547996 6.115295461690858e+55 36
1757587548066 1.9495248707133036e+57 37
1757587548134 6.214985433391989e+58 38
1757587548201 1.9813055230806834e+60 39
1757587548264 6.31630052533781e+61 40
1757587548330 2.0136042554582833e+63 41
1757587548396 6.419267229820193e+64 42
1757587548460 2.0464295134529714e+66 43
1757587548527 6.523912471001281e+67 44
1757587548595 2.0797898803497905e+69 45
1757587548665 6.630263611954151e+70 46
1757587548734 2.1136940793562178e+72 47
1757587548803 6.738348461817436e+73 48
1757587548876 2.1481509758832567e+75 49
1757587548942 6.848195283067254e+76 50
1757587549011 2.183169579863524e+78 51
1757587549077 6.959832798907551e+79 52
1757587549143 2.2187590481073506e+81 53
1757587549211 7.073290200780337e+82 54
1757587549277 2.254928686696852e+84 55
1757587549343 7.188597155998839e+85 56
1757587549411 2.291687953419594e+87 57
1757587549478 7.305783815505496e+88 58
1757587549540 2.329046460241585e+90 59
1757587549608 7.424880821755539e+91 60
1757587549678 2.3670139758206135e+93 61
1757587549749 7.545919316729631e+94 62
1757587549821 2.4056004280605337e+96 63
1757587549892 7.668930950076827e+97 64
1757587549959 2.4448159067074403e+99 65
1757587550029 7.79394788739081e+100 66
1757587550099 2.4846706659878133e+102 67
1757587550168 7.921002818620402e+103 68
1757587550238 2.5251751272898923e+105 69
1757587550310 8.050128966617509e+106 70
1757587550380 2.5663398818887143e+108 71
1757587550445 8.181360095824518e+109 72
1757587550513 2.6081756937155256e+111 73
1757587550583 8.314730521102932e+112 74
1757587550657 2.650693502172525e+114 75
1757587550726 8.45027511670652e+115 76
1757587550796 2.6939044249930605e+117 77
1757587550866 8.588029325399771e+118 78
1757587550931 2.737819761148974e+120 79
1757587550997 8.728029167726345e+121 80
1757587551063 2.7824509938050904e+123 81
1757587551131 8.870311251427342e+124 82
1757587551200 2.827809793321759e+126 83
1757587551270 9.01491278101393e+127 84
1757587551340 2.873908020306567e+129 85
1757587551408 9.161871567495602e+130 86
1757587551476 2.920757728715689e+132 87
1757587551548 9.311226038267273e+133 88
1757587551618 2.968371169005812e+135 89
1757587551688 9.463015247157116e+136 90
1757587551750 3.016760791337279e+138 91
1757587551820 9.617278884638823e+139 92
1757587551890 3.0659392488298585e+141 93
1757587551961 9.774057288210188e+142 94
1757587552037 3.1159194008712048e+144 95
1757587552103 9.933391452940299e+145 96
1757587552165 3.1667143164793853e+147 97
1757587552230 1.0095323042189351e+149 98
1757587552299 3.2183372777202553e+150 99
1757587552368 1.0259894398503072e+152 100
1757587552440 3.2708017831804225e+153 101
1757587552506 1.0427148554684056e+155 102
1757587552571 3.324121551497048e+156 103
1757587552639 1.0597129245045006e+158 104
1757587552706 3.3783105249449262e+159 105
1757587552775 1.0769880916843646e+161 106
1757587552844 3.433382873082274e+162 107
1757587552914 1.0945448741906283e+164 108
1757587552983 3.489352996455828e+165 109
1757587553053 1.1123878628437858e+167 110
1757587553124 3.5462355303662427e+168 111
1757587553194 1.1305217233027301e+170 112
1757587553263 3.6040453486950904e+171 113
1757587553331 1.1489511972847348e+173 114
1757587553401 3.66279756779419e+174 115
1757587553473 1.1676811038053314e+176 116
1757587553542 3.722507550438138e+177 117
1757587553612 1.1867163404383644e+179 118
1757587553681 3.7831909098416033e+180 119
1757587553752 1.206061884596714e+182 120
1757587553824 3.844863513741848e+183 121
1757587553894 1.225722794833738e+185 122
1757587553967 3.9075414885479063e+186 123
1757587554034 1.245704212166048e+188 124
1757587554099 3.9712412235573836e+189 125
1757587554167 1.2660113614177316e+191 126
1757587554237 4.035979375241851e+192 127
1757587554306 1.2866495525866698e+194 128
1757587554375 4.101772871602653e+195 129
1757587554448 1.3076241822329586e+197 130
1757587554514 4.1686389165968636e+198 131
1757587554582 1.3289407348899846e+200 132
1757587554654 4.2365949946360826e+201 133
1757587554725 1.3506047844986433e+203 134
1757587554799 4.3056588751583105e+204 135
1757587554869 1.3726219958647193e+206 136
1757587554941 4.375848617274294e+207 137
1757587555015 1.394998126140218e+209 138
1757587555082 4.4471825744897297e+210 139
1757587555152 1.4177390263287897e+212 140
1757587555221 4.519679399504603e+213 141
1757587555292 1.4408506428156189e+215 142
1757587555366 4.5933580490902275e+216 143
1757587555436 1.4643390189223058e+218 144
1757587555507 4.668237789046389e+219 145
1757587555576 1.488210296487159e+221 146
1757587555646 4.7443381992390576e+222 147
1757587555719 1.5124707174711497e+224 148
1757587555787 4.821679178719997e+225 149
1757587555860 1.5371266255900465e+227 150
1757587555934 4.900280950930234e+228 151
1757587556008 1.5621844679733002e+230 152
1757587556076 4.980164068988228e+231 153
1757587556148 1.587650796849762e+233 154
1757587556216 5.061349421063947e+234 155
1757587556283 1.6135322712610524e+236 156
1757587556356 5.1438582358409045e+237 157
1757587556426 1.6398356588027378e+239 158
1757587556492 5.2277120880673086e+240 159
1757587556566 1.6665678373940356e+242 160
1757587556640 5.312932904197187e+243 161
1757587556709 1.6937357970761826e+245 162
1757587556779 5.399542968124101e+246 163
1757587556851 1.7213466418403235e+248 164
1757587556926 5.487564927007832e+249 165
1757587557002 1.7494075914849811e+251 166
1757587557076 5.5770217971964135e+252 167
1757587557148 1.777925983504044e+254 168
1757587557221 5.667936970244332e+255 169
1757587557296 1.8069092750052352e+257 170
1757587557373 5.760334219029274e+258 171
1757587557527 1.836365044660222e+260 172
1757587557597 5.854237703968197e+261 173
1757587557662 1.8663009946861765e+263 174
1757587557734 5.949671979334995e+264 175
1757587557809 1.8967249528598287e+266 176
1757587557881 6.046661999680935e+267 177
1757587557955 1.9276448745643328e+269 178
1757587558029 6.145233126359984e+270 179
1757587558102 1.959068844869423e+272 180
1757587558177 6.245411134160437e+273 181
1757587558305 1.9910050806456005e+275 182
1757587558414 6.34722221804453e+276 183
1757587558491 2.0234619327126497e+278 184
1757587558564 6.450692999997995e+279 185
1757587558638 2.0564478880232255e+281 186
1757587558711 6.555850535991249e+282 187
1757587558784 2.0899715718821746e+284 188
1757587558856 6.662722323054329e+285 189
1757587558927 2.1240417502018065e+287 190
1757587558999 6.771336306466642e+288 191
1757587559073 2.1586673317940596e+290 192
1757587559146 6.881720887064396e+291 193
1757587559219 2.1938573707000644e+293 194
1757587559292 6.993904928666971e+294 195
1757587559364 2.2296210685575776e+296 196
1757587559434 7.107917765624145e+297 197
1757587559510 2.265967777007087e+299 198
1757587559585 7.223789210486931e+300 199
1757587559660 2.3029070001371027e+302 200
1757587559735 7.341549561802617e+303 201
1757587559810 inf 202
1757587559885 inf 203
1757587559961 inf 204
