1757486622687 169.22770321193124 0
1757486622753 156.7847908460508 1
1757486622817 151.4836610391068 2
1757486622882 146.23920701938474 3
1757486622946 141.2526860155128 4
1757486623009 136.50443025395762 5
1757486623074 131.98229921515914 6
1757486623137 127.67461558598593 7
1757486623202 123.57034338358935 8
1757486623260 119.65904570204857 9
1757486623320 115.93085133248077 10
1757486623386 112.37642308776306 11
1757486623451 108.98692793851407 12
1757486623514 105.75400884983551 13
1757486623577 102.66975822119433 14
1757486623640 99.72669283726616 15
1757486623705 96.91773024289644 16
1757486623775 94.23616646035303 17
1757486623840 91.67565497177084 18
1757486623908 89.23018689414388 19
1757486623971 86.8940722784147 20
1757486624035 84.66192246816418 21
1757486624101 82.52863345712854 22
1757486624164 80.48937018827712 23
1757486624226 78.5395517404913 24
1757486624292 76.674837351996 25
1757486624358 74.89111323263057 26
1757486624432 73.18448011980752 27
1757486624497 71.55124153561205 28
1757486624562 69.98789270494728 29
1757486624628 68.49111009694161 30
1757486624691 67.05774155401082 31
1757486624759 65.68479697501945 32
1757486624822 64.3694395209179 33
1757486624885 63.10897731305227 34
1757486624954 61.90085559606004 35
1757486625020 60.74264933888009 36
1757486625087 59.63205624892837 37
1757486625150 58.5668901759259 38
1757486625213 57.54507488321659 39
1757486625273 56.56463816568692 40
1757486625337 55.62370629459892 41
1757486625404 54.72049877077876 42
1757486625468 53.85332336866933 43
1757486625532 53.02057145475772 44
1757486625598 52.220713564836 45
1757486625664 51.452295225443805 46
1757486625729 50.71393300568173 47
1757486625796 50.004310786375754 48
1757486625863 49.32217623431869 49
1757486625928 48.66633747001734 50
1757486625991 48.035659918036394 51
1757486626055 47.42906332965385 52
1757486626123 46.84551896813122 53
1757486626189 46.28404694745536 54
1757486626255 45.74371371593176 55
1757486626318 45.223629676500494 56
1757486626383 44.72294693611045 57
1757486626449 44.24085717692436 58
1757486626517 43.77658964253893 59
1757486626583 43.32940923279313 60
1757486626650 42.89861470110296 61
1757486626717 42.483536948606506 62
1757486626786 42.08353740972779 63
1757486626851 41.69800652407446 64
1757486626915 41.32636228987305 65
1757486626981 40.968048894417954 66
1757486627045 40.622535417266356 67
1757486627113 40.289314602153915 68
1757486627178 39.9679016938333 69
1757486627245 39.657833336253 70
1757486627307 39.35866652869622 71
1757486627371 39.06997763669082 72
1757486627435 38.791361454681166 73
1757486627500 38.52243031762238 74
1757486627567 38.26281325881795 75
1757486627632 38.012155211472006 76
1757486627699 37.77011625157005 77
1757486627766 37.53637087983628 78
1757486627834 37.31060734064154 79
1757486627899 37.09252697585575 80
1757486627962 36.88184361175074 81
1757486628031 36.67828297716566 82
1757486628094 36.48158215124682 83
1757486628163 36.291489039168574 84
1757486628230 36.1077618743303 85
1757486628295 35.93016874560871 86
1757486628362 35.75848714832374 87
1757486628428 35.5925035576507 88
1757486628497 35.432013023282096 89
1757486628564 35.27681878420854 90
1757486628628 35.12673190255092 91
1757486628696 34.98157091543533 92
1757486628761 34.841161503957224 93
1757486628828 34.70533617833496 94
1757486628894 34.57393397840116 95
1757486628961 34.44680018862858 96
1757486629029 34.323786066929806 97
1757486629098 34.20474858651303 98
1757486629162 34.08955019011481 99
1757486629233 33.97805855596781 100
1757486629297 33.87014637489698 101
1757486629359 33.76569113797013 102
1757486629425 33.66457493416037 103
1757486629492 33.56668425750751 104
1757486629558 33.47190982329267 105
1757486629625 33.38014639276731 106
1757486629695 33.2912926060021 107
1757486629761 33.20525082244496 108
1757486629826 33.121926968799094 109
1757486629889 33.04123039385322 110
1757486629956 32.96307372991563 111
1757486630025 32.88737276052221 112
1757486630092 32.81404629410658 113
1757486630165 32.74301604333646 114
1757486630231 32.67420650983657 115
1757486630302 32.60754487403294 116
1757486630371 32.54296088986752 117
1757486630436 32.4803867841453 118
1757486630504 32.419757160288405 119
1757486630574 32.36100890628376 120
1757486630638 32.30408110662172 121
1757486630704 32.24891495803414 122
1757486630771 32.195453688849476 123
1757486630838 32.14364248179293 124
1757486630908 32.09342840006768 125
1757486630976 32.04476031656239 126
1757486631043 31.99758884603746 127
1757486631110 31.951866280150814 128
1757486631178 31.90754652519024 129
1757486631247 31.86458504238692 130
1757486631311 31.82293879069048 131
1757486631381 31.78256617189234 132
1757486631450 31.743426977989678 133
1757486631515 31.70548234068786 134
1757486631589 31.66869468294396 135
1757486631656 31.63302767245944 136
1757486631722 31.598446177034017 137
1757486631789 31.564916221697505 138
1757486631856 31.53240494754038 139
1757486631924 31.50088057216765 140
1757486631994 31.47031235170442 141
1757486632063 31.440670544285084 142
1757486632132 31.411926374961116 143
1757486632197 31.384052001965895 144
1757486632263 31.357020484277754 145
1757486632331 31.33080575042531 146
1757486632400 31.305382568482035 147
1757486632466 31.28072651719902 148
1757486632535 31.25681395822792 149
1757486632605 31.233622009388014 150
1757486632672 31.211128518933233 151
1757486632739 31.189312040777885 152
1757486632809 31.168151810640648 153
1757486632882 31.14762772306923 154
1757486632951 31.127720309309293 155
1757486633017 31.108410715983005 156
1757486633085 31.089680684544295 157
1757486633152 31.071512531479303 158
1757486633223 31.05388912922197 159
1757486633289 31.03679388775592 160
1757486633353 31.02021073687545 161
1757486633424 31.004124109079175 162
1757486633495 30.98851892307148 163
1757486633564 30.973380567847784 164
1757486633632 30.95869488734076 165
1757486633704 30.94444816560555 166
1757486633769 30.930627112523297 167
1757486633838 30.917218850002737 168
1757486633911 30.90421089866083 169
1757486633982 30.891591164964098 170
1757486634056 30.879347928813168 171
1757486634125 30.86746983155372 172
1757486634196 30.855945864397643 173
1757486634265 30.84476535723919 174
1757486634335 30.83391796785134 175
1757486634408 30.823393671448024 176
1757486634476 30.813182750598994 177
1757486634545 30.803275785484082 178
1757486634616 30.793663644474485 179
1757486634682 30.78433747502922 180
1757486634749 30.77528869489506 181
1757486634819 30.766508983599206 182
1757486634891 30.757990274224 183
1757486634956 30.749724745453527 184
1757486635027 30.741704813882535 185
1757486635100 30.733923126578087 186
1757486635173 30.72637255388524 187
1757486635240 30.71904618246793 188
1757486635310 30.711937308576907 189
1757486635371 30.70503943153664 190
1757486635440 30.698346247443677 191
1757486635509 30.691851643069008 192
1757486635578 30.685549689957405 193
1757486635646 30.679434638716835 194
1757486635715 30.673500913491655 195
1757486635782 30.667743106612882 196
1757486635855 30.662155973419917 197
1757486635922 30.656734427247574 198
1757486635989 30.65147353457291 199
1757486636057 30.64636851031652 200
1757486636130 30.641414713292907 201
1757486636201 30.636607641805075 202
1757486636268 30.631942929378514 203
1757486636338 30.627416340629708 204
1757486636407 30.623023767264982 205
1757486636475 30.618761224205123 206
1757486636545 30.614624845831766 207
1757486636615 30.610610882351384 208
1757486636684 30.606715696273113 209
1757486636750 30.60293575899667 210
1757486636820 30.599267647506636 211
1757486636891 30.59570804116983 212
1757486636965 30.59225371863224 213
1757486637036 30.588901554812335 214
1757486637104 30.585648517987632 215
1757486637175 30.582491666971567 216
1757486637246 30.579428148377577 217
1757486637316 30.576455193967835 218
1757486637379 30.573570118083687 219
1757486637450 30.57077031515527 220
1757486637519 30.568053257287843 221
1757486637588 30.56541649192226 222
1757486637657 30.56285763956729 223
1757486637724 30.560374391601506 224
1757486637792 30.557964508142497 225
1757486637864 30.55562581598131 226
1757486637932 30.55335620658002 227
1757486638004 30.551153634130472 228
1757486638078 30.54901611367229 229
1757486638151 30.54694171926818 230
1757486638221 30.54492858223489 231
1757486638290 30.542974889427907 232
1757486638362 30.541078881578375 233
1757486638433 30.53923885168051 234
1757486638504 30.537453143427925 235
1757486638574 30.5357201496974 236
1757486638647 30.534038311078625 237
1757486638719 30.532406114448342 238
1757486638787 30.530822091587794 239
1757486638862 30.52928481784186 240
1757486638933 30.527792910818683 241
1757486639003 30.52634502912864 242
1757486639074 30.524939871161315 243
1757486639144 30.523576173899375 244
1757486639217 30.522252711768072 245
1757486639291 30.520968295519577 246
1757486639358 30.51972177115073 247
1757486639427 30.518512018853446 248
1757486639498 30.517337951996588 249
1757486639570 30.516198516138502 250
1757486639641 30.515092688069185 251
1757486639713 30.514019474881096 252
1757486639782 30.512977913068074 253
1757486639853 30.51196706765101 254
1757486639922 30.510986031329924 255
1757486639991 30.51003392366127 256
1757486640062 30.509109890260078 257
1757486640131 30.50821310202572 258
1757486640201 30.5073427543911 259
1757486640274 30.506498066594084 260
1757486640340 30.50567828097086 261
1757486640407 30.504882662270255 262
1757486640474 30.504110496988744 263
1757486640543 30.503361092725044 264
1757486640616 30.502633777554266 265
1757486640688 30.501927899420462 266
1757486640759 30.501242825547518 267
1757486640826 30.500577941867455 268
1757486640893 30.499932652465816 269
1757486640964 30.499306379043635 270
1757486641033 30.498698560395372 271
1757486641106 30.498108651902378 272
1757486641186 30.497536125041492 273
1757486641288 30.49698046690829 274
1757486641363 30.49644117975436 275
1757486641429 30.495917780538562 276
1757486641499 30.49540980049147 277
1757486641572 30.494916784692833 278
1757486641642 30.494438291661545 279
1757486641712 30.493973892957904 280
1757486641782 30.493523172797566 281
1757486641853 30.49308572767704 282
1757486641922 30.49266116601028 283
1757486641992 30.492249107776054 284
1757486642065 30.491849184175834 285
1757486642138 30.491461037301814 286
1757486642210 30.491084319814735 287
1757486642283 30.49071869463128 288
1757486642359 30.49036383462084 289
1757486642432 30.490019422311153 290
1757486642507 30.48968514960273 291
1757486642579 30.48936071749175 292
1757486642647 30.489045835801132 293
1757486642718 30.488740222919592 294
1757486642792 30.488443605548486 295
