1757660958075 50.57345852410413 0
1757660958195 10.007527605802093 1
1757660958316 2.5361280828903814 2
1757660958435 0.7457971273732419 3
1757660958552 0.1381242138820595 4
1757660958671 3.5995668574245436 5
1757660958788 5.678208778073487 6
1757660958906 1.0712137032120623 7
1757660959024 0.9436695260247416 8
1757660959143 1.43029792331119 9
1757660959263 1.8089710617228498 10
1757660959381 0.1104761565811176 11
1757660959501 0.962789184924139 12
1757660959621 3.9646971333448384 13
1757660959738 0.3768662785483003 14
1757660959857 1.0428687533231662 15
1757660959973 0.4556092282314929 16
1757660960091 0.9133899377734234 17
1757660960207 2.412049495744843 18
1757660960324 0.025115877963089072 19
1757660960443 0.15811930455800421 20
1757660960561 1.6844222167549454 21
1757660960678 6.268790603548037 22
1757660960796 0.4889009694089868 23
1757660960914 2.4657063055273625 24
1757660961032 1.2126097563723737 25
1757660961151 1.8216882510061243 26
1757660961269 1.83544305205806 27
1757660961388 1.166412432390631 28
1757660961507 0.49197615522629023 29
1757660961625 0.02081715277327792 30
1757660961742 0.3058038707398435 31
1757660961860 1.099317952049129 32
1757660961979 0.17148487638565194 33
1757660962096 1.0293712140626532 34
1757660962214 1.0650370253388213 35
1757660962333 0.022927881568161827 36
1757660962452 0.2560464554015539 37
1757660962571 0.3800976228634197 38
1757660962690 4.1641040292392635 39
1757660962809 0.006623775895153861 40
1757660962929 0.08887217186296413 41
1757660963047 1.1978210504756563 42
1757660963168 0.19924678521875208 43
1757660963287 0.9004110346140394 44
1757660963405 0.15093974366752105 45
1757660963523 0.3282881041327288 46
1757660963641 0.059990442994308855 47
1757660963759 3.831909756707926 48
1757660963878 1.071567913614718 49
1757660963997 1.4229856053011274 50
1757660964116 0.005420873864789394 51
1757660964236 0.04146492700313861 52
1757660964353 0.3461837329783354 53
1757660964474 1.1062518673680306 54
1757660964599 0.16894796089011907 55
1757660964721 0.0006803153062267969 56
1757660964850 0.20250074750813074 57
1757660964982 2.3893334380725566 58
1757660965124 3.2482928429184157 59
1757660965259 1.2661274600195276 60
1757660965387 0.7505791615621396 61
1757660965519 0.06623768157258147 62
1757660965646 0.010896738714870565 63
1757660965766 0.00042163109368256534 64
1757660965888 0.3003033097849818 65
1757660966009 0.46171139776310927 66
1757660966134 1.2164601130584403 67
1757660966278 4.633433087522915 68
1757660966401 0.08278959088860027 69
1757660966524 0.019119415103328555 70
1757660966642 2.2682370335481297 71
1757660966763 2.426147715003905 72
1757660966882 2.2600779568682423 73
1757660967003 1.3859558788530926 74
1757660967122 0.015023936669803206 75
1757660967244 0.4110037100532911 76
1757660967363 4.380137486492304e-05 77
1757660967483 0.031522973274948206 78
1757660967604 0.33701094566553674 79
1757660967730 0.01654586806059925 80
1757660967850 4.0399802840581786e-05 81
1757660967971 0.7212629949618747 82
1757660968092 0.5331996296308712 83
1757660968211 0.34203806723086555 84
1757660968331 0.4262470660123672 85
1757660968454 1.1447761572288322 86
1757660968575 0.012343895902320686 87
1757660968696 0.00533750763454657 88
1757660968816 5.220053062028147 89
1757660968937 1.3906214766508427 90
1757660969057 0.1576835651138412 91
1757660969179 0.16976371941110796 92
1757660969302 0.020133954876941668 93
1757660969424 0.24007668869527093 94
1757660969548 0.0019601445827924697 95
1757660969670 5.273832998852923 96
1757660969790 7.76981152717303 97
1757660969912 0.22232573556708493 98
1757660970031 7.218875511834485e-06 99
1757660970153 4.434439992914518 100
1757660970271 0.2518851311099621 101
1757660970391 0.00822047805819001 102
1757660970512 0.08526882795578421 103
1757660970647 0.17921611580202082 104
1757660970769 0.8211256744568294 105
1757660970890 0.15279018691594856 106
1757660971012 0.10432568507304658 107
1757660971132 0.6275289506324825 108
1757660971255 1.2215815456214414e-05 109
1757660971374 0.793376084643301 110
1757660971496 0.1507957647074573 111
1757660971618 6.333558448716911 112
1757660971739 0.01334633562919568 113
1757660971860 0.3843084591992965 114
1757660971980 0.04282989190129077 115
1757660972099 0.0029122313281912658 116
1757660972220 0.0003449632883058144 117
1757660972340 0.29772867445792184 118
1757660972462 0.10444538636484359 119
1757660972583 0.15200832089760552 120
1757660972702 0.0028671233019776673 121
1757660972821 0.30788617611560487 122
1757660972941 0.026323757550403032 123
1757660973062 0.43607947073706765 124
1757660973182 0.11565938670949903 125
1757660973304 0.1672883826812568 126
1757660973425 1.0500578625151527 127
1757660973545 0.027838461274586487 128
1757660973666 0.9430937110700168 129
1757660973786 0.009216823860728147 130
1757660973905 0.7590750756793647 131
1757660974025 1.469419327024539 132
1757660974146 0.7215849041163636 133
1757660974267 4.155951715546791e-05 134
1757660974388 0.6291633877309512 135
1757660974508 0.2552459334528838 136
1757660974629 1.8705161293460513 137
1757660974748 1.3053068922079447 138
1757660974868 0.01354861469053548 139
1757660974988 0.0031460959219399088 140
1757660975110 0.04283328711965102 141
1757660975232 0.26369211175610585 142
1757660975353 0.2777796473380162 143
1757660975473 0.31257392953648144 144
1757660975594 0.3917112704369223 145
1757660975715 4.401210732364919 146
1757660975837 1.229683896392218 147
1757660975958 0.21091822145058392 148
1757660976078 0.30498792701485594 149
1757660976201 0.04132117753763994 150
1757660976323 1.3823846049806425 151
1757660976442 1.041547692988152 152
1757660976564 0.19880985393148803 153
1757660976683 0.01937640243005058 154
1757660976804 0.1485079617458773 155
1757660976925 0.010171223327149322 156
1757660977046 0.3159730725550551 157
1757660977166 0.27983359716338424 158
1757660977289 0.034649650051789285 159
1757660977409 1.753781922777069 160
1757660977531 0.05817508523545365 161
1757660977653 1.5267618007827304 162
1757660977783 0.41538047312243465 163
1757660977905 0.025710676844511015 164
1757660978028 0.20454209670489568 165
1757660978148 2.077372902978832 166
1757660978270 0.20555924810036544 167
1757660978392 0.16723682719697766 168
1757660978513 1.669776236929575 169
1757660978636 0.0030282859840683692 170
1757660978757 1.0583137569634136 171
1757660978878 0.7007496657311767 172
1757660978998 0.15525728442108347 173
1757660979118 0.06414524304178416 174
1757660979240 1.016788249095004 175
1757660979362 0.07437269102457844 176
1757660979484 0.00372354321384347 177
1757660979608 0.18246421399039295 178
1757660979729 2.305203482059327 179
1757660979849 2.1425373124941203 180
1757660979970 0.06045094296288676 181
1757660980090 2.6331779246251013 182
1757660980212 5.2387638672152685e-05 183
1757660980331 0.5627931570712418 184
1757660980453 0.45137651879813445 185
1757660980574 0.3528879798618335 186
1757660980695 0.5885807621032751 187
1757660980815 0.3665165237345824 188
1757660980937 1.4115357237724253 189
1757660981061 0.20895822957564755 190
1757660981183 0.9764294941442536 191
1757660981307 0.07669495686762891 192
1757660981430 3.546243848947123 193
1757660981552 0.8732179710764996 194
1757660981674 0.19414655777233583 195
1757660981796 0.4777895619808218 196
1757660981918 5.412272704829034 197
1757660982042 0.0017171882071984588 198
1757660982164 0.1508998961429914 199
1757660982286 0.21741601255156107 200
1757660982406 0.1658663801059863 201
1757660982527 0.021980105022818712 202
1757660982649 0.4220653090387768 203
1757660982773 0.7580330848892449 204
1757660982896 1.401108840145951 205
1757660983018 0.1019537464811166 206
1757660983140 0.15938921069444265 207
1757660983261 0.4647450822761637 208
1757660983384 0.01022967608229761 209
1757660983506 0.5116105506704243 210
1757660983627 0.9164500054816374 211
1757660983748 0.14536270341134438 212
1757660983870 0.8831297282851874 213
1757660983993 0.37092933854536403 214
1757660984116 0.007426084445380714 215
1757660984239 0.32230942308496224 216
1757660984362 2.270889201038352 217
1757660984484 0.5197314812743952 218
1757660984607 0.05158571213505387 219
1757660984730 0.9752546023342377 220
1757660984853 0.2577180177278353 221
1757660984976 0.03232980029148416 222
1757660985104 0.3850194439728522 223
1757660985235 1.87800385065681 224
1757660985358 1.5773463234142264 225
1757660985481 0.4497364595944667 226
1757660985605 0.4485062144774618 227
1757660985729 0.5200591134586185 228
1757660985852 0.021280125932389364 229
1757660985974 0.0019041464070382267 230
1757660986096 0.0544584609729486 231
1757660986225 0.00376290248765038 232
1757660986349 0.019632715850856353 233
1757660986470 0.3361581492681159 234
1757660986593 0.03610823476903706 235
1757660986718 0.02091744598541043 236
1757660986842 0.9898201068843524 237
1757660986965 0.9304838510668987 238
1757660987087 0.03886035348950296 239
1757660987212 0.0011105876382660504 240
1757660987334 0.35705713799392313 241
1757660987457 0.0017765181944922764 242
1757660987582 0.39156671416148403 243
1757660987712 0.7838195947834047 244
1757660987836 2.570965355513776 245
1757660987962 1.1253095013561487 246
1757660988086 1.8225058501201226 247
1757660988211 0.099790741366623 248
1757660988335 0.031445331186292294 249
1757660988457 0.4925323889649359 250
1757660988581 0.9131188553241539 251
1757660988704 1.3082372896339474 252
1757660988829 0.025173022231969516 253
1757660988952 0.8041946996498563 254
1757660989076 3.28583134932242 255
1757660989199 0.04587339845056551 256
1757660989323 0.461299291982632 257
