1757432420924 118.06090179787148 0
1757432420969 87.12670233990053 1
1757432421014 69.93523468237015 2
1757432421064 52.22766702453335 3
1757432421110 55.97110186034601 4
1757432421156 42.453071543863075 5
1757432421222 31.32335059986065 6
1757432421328 30.854043869148924 7
1757432421379 32.5152296635607 8
1757432421429 44.231833160569366 9
1757432421483 26.742160845595045 10
1757432421534 27.68299514335941 11
1757432421583 27.523699505327485 12
1757432421634 28.264379602567086 13
1757432421682 32.054736170099595 14
1757432421768 26.06660073492595 15
1757432421857 31.699130323991817 16
1757432421906 32.977807434681594 17
1757432421956 38.09464878809697 18
1757432422003 19.080665952343097 19
1757432422077 31.632869324870526 20
1757432422137 23.40835781146751 21
1757432422189 36.897065885371326 22
1757432422240 19.93812000697168 23
1757432422295 26.683614763778444 24
1757432422347 37.21537972365405 25
1757432422400 28.44873181496652 26
1757432422453 32.711909282524225 27
1757432422509 25.81745171777865 28
1757432422557 30.742798207522895 29
1757432422606 29.067872577692082 30
1757432422656 26.109861945483424 31
1757432422703 23.134806870852337 32
1757432422748 38.02298028692782 33
1757432422793 29.657768230408898 34
1757432422840 24.09307651547399 35
1757432422888 32.756091340723714 36
1757432422937 23.85144937349845 37
1757432423041 21.46032045951891 38
1757432423099 25.172514075323363 39
1757432423158 34.35113297857126 40
1757432423213 22.82307778030978 41
1757432423271 25.965305770906237 42
1757432423329 27.38441360860046 43
1757432423379 36.36731858971037 44
1757432423435 18.519772120198446 45
1757432423491 32.556159830624495 46
1757432423541 35.048517761377965 47
1757432423597 34.667755679831735 48
1757432423654 27.1921627238189 49
1757432423702 30.13206565568869 50
1757432423754 22.56413407976023 51
1757432423805 26.18794437915764 52
1757432423858 27.157693483294906 53
1757432423914 39.689111262109904 54
1757432423967 37.87958273853911 55
