1757668487117 169.38634097125342 0
1757668487213 169.12978799096558 1
1757668487312 169.00322336151888 2
1757668487420 168.87599035896102 3
1757668487516 168.74885758138964 4
1757668487596 168.62182463714194 5
1757668487686 168.49489144664096 6
1757668487772 168.36805793024715 7
1757668487866 168.24132400838513 8
1757668487962 168.11468960154363 9
1757668488058 167.98815463027543 10
1757668488154 167.86171901519714 11
1757668488247 167.73538267698947 12
1757668488341 167.60914553639685 13
1757668488435 167.4830075142277 14
1757668488535 167.35696853135406 15
1757668488630 167.23102850871172 16
1757668488714 167.10518736730018 17
1757668488801 166.97944502818257 18
1757668488893 166.8538014124855 19
1757668488982 166.7282564413991 20
1757668489072 166.60281003617703 21
1757668489162 166.47746211813637 22
1757668489260 166.35221260865745 23
1757668489350 166.22706142918395 24
1757668489434 166.10200850122285 25
1757668489520 165.9770537463443 26
1757668489604 165.85219708618155 27
1757668489690 165.7274384424311 28
1757668489801 165.60277773685235 29
1757668489891 165.47821489126775 30
1757668489983 165.3537498275627 31
1757668490081 165.22938246768553 32
1757668490178 165.1051127336474 33
1757668490274 164.98094054752215 34
1757668490369 164.85686583144658 35
1757668490461 164.73288850762 36
1757668490561 164.6090084983045 37
1757668490655 164.48522572582468 38
1757668490751 164.3615401125676 39
1757668490845 164.23795158098307 40
1757668490946 164.11446005358306 41
1757668491040 163.99106545294208 42
1757668491134 163.86776770169698 43
1757668491230 163.74456672254686 44
1757668491330 163.62146243825308 45
1757668491423 163.49845477163916 46
1757668491520 163.37554364559074 47
1757668491610 163.25272898305568 48
1757668491698 163.1300107070437 49
1757668491790 163.00738874062665 50
1757668491884 162.88486300693825 51
1757668491980 162.76243342917408 52
1757668492073 162.64009993059162 53
1757668492166 162.51786243451014 54
1757668492258 162.39572086431056 55
1757668492354 162.2736751434356 56
1757668492446 162.15172519538956 57
1757668492546 162.02987094373833 58
1757668492646 161.90811231210932 59
1757668492741 161.7864492241915 60
1757668492838 161.66488160373515 61
1757668492935 161.5434093745521 62
1757668493031 161.42203246051542 63
1757668493126 161.30075078555947 64
1757668493224 161.1795642736799 65
1757668493322 161.0584728489334 66
1757668493421 160.93747643543813 67
1757668493516 160.81657495737292 68
1757668493614 160.69576833897798 69
1757668493703 160.57505650455437 70
1757668493795 160.4544393784641 71
1757668493889 160.33391688513004 72
1757668493986 160.21348894903605 73
1757668494080 160.0931554947266 74
1757668494176 159.97291644680703 75
1757668494271 159.85277172994336 76
1757668494368 159.73272126886215 77
1757668494465 159.61276498835076 78
1757668494571 159.4929028132569 79
1757668494671 159.37313466848894 80
1757668494771 159.2534604790156 81
1757668494872 159.13388016986605 82
1757668494970 159.01439366612976 83
1757668495069 158.8950008929566 84
1757668495169 158.77570177555666 85
1757668495267 158.65649623920012 86
1757668495378 158.53738420921752 87
1757668495477 158.41836561099942 88
1757668495610 158.29944036999635 89
1757668495714 158.18060841171905 90
1757668495810 158.06186966173806 91
1757668495909 157.94322404568388 92
1757668496009 157.82467148924692 93
1757668496107 157.70621191817733 94
1757668496206 157.58784525828517 95
1757668496307 157.4695714354401 96
1757668496406 157.35139037557144 97
1757668496503 157.23330200466825 98
1757668496629 157.11530624877912 99
1757668496733 156.9974030340121 100
1757668496834 156.87959228653486 101
1757668496941 156.76187393257433 102
1757668497045 156.64424789841698 103
1757668497149 156.52671411040856 104
1757668497249 156.4092724949541 105
1757668497352 156.29192297851787 106
1757668497453 156.17466548762337 107
1757668497552 156.0574999488532 108
1757668497654 155.94042628884912 109
1757668497744 155.82344443431185 110
1757668497846 155.70655431200117 111
1757668497954 155.58975584873585 112
1757668498054 155.4730489713935 113
1757668498156 155.35643360691063 114
1757668498256 155.23990968228253 115
1757668498359 155.12347712456332 116
1757668498458 155.00713586086573 117
1757668498560 154.89088581836126 118
1757668498659 154.77472692428003 119
1757668498759 154.6586591059106 120
1757668498881 154.54268229060025 121
1757668498988 154.4267964057546 122
1757668499096 154.31100137883777 123
1757668499201 154.19529713737228 124
1757668499297 154.0796836089389 125
1757668499387 153.96416072117677 126
1757668499482 153.84872840178323 127
1757668499577 153.73338657851386 128
1757668499678 153.6181351791824 129
1757668499770 153.50297413166058 130
1757668499872 153.38790336387834 131
1757668499974 153.2729228038235 132
1757668500078 153.15803237954196 133
1757668500175 153.04323201913743 134
1757668500277 152.9285216507716 135
1757668500378 152.81390120266377 136
1757668500484 152.69937060309132 137
1757668501059 152.58492978038907 138
1757668501138 152.4705786629498 139
1757668501233 152.35631717922362 140
1757668501328 152.24214525771845 141
1757668501424 152.1280628269997 142
1757668501522 152.01406981569025 143
1757668501634 151.9001661524704 144
1757668501734 151.78635176607793 145
1757668501824 151.67262658530794 146
1757668501923 151.55899053901283 147
1757668502039 151.44544355610228 148
1757668502140 151.3319855655431 149
1757668502242 151.2186164963595 150
1757668502343 151.10533627763252 151
1757668502453 150.99214483850045 152
1757668502546 150.87904210815864 153
1757668502641 150.76602801585935 154
1757668502735 150.65310249091172 155
1757668502833 150.54026546268196 156
1757668502949 150.427516860593 157
1757668503059 150.31485661412455 158
1757668503159 150.2022846528132 159
1757668503258 150.08980090625215 160
1757668503358 149.97740530409126 161
1757668503456 149.86509777603712 162
1757668503558 149.7528782518527 163
1757668503657 149.6407466613577 164
1757668503760 149.52870293442822 165
1757668503854 149.41674700099665 166
1757668503951 149.3048787910521 167
1757668504050 149.19309823463968 168
1757668504152 149.08140526186097 169
1757668504247 148.96979980287384 170
1757668504347 148.85828178789228 171
1757668504449 148.74685114718648 172
1757668504547 148.6355078110827 173
1757668504643 148.52425170996338 174
1757668504741 148.41308277426683 175
1757668504841 148.30200093448752 176
1757668504938 148.19100612117572 177
1757668505035 148.08009826493756 178
1757668505138 147.96927729643522 179
1757668505238 147.85854314638647 180
1757668505351 147.7478957455649 181
1757668505456 147.63733502479985 182
1757668505557 147.5268609149763 183
1757668505664 147.41647334703484 184
1757668505762 147.30617225197165 185
1757668505857 147.19595756083842 186
1757668505950 147.08582920474234 187
1757668506046 146.975787114846 188
1757668506144 146.86583122236752 189
1757668506247 146.75596145858017 190
1757668506350 146.64617775481267 191
1757668506451 146.53648004244897 192
1757668506552 146.4268682529282 193
1757668506653 146.3173423177447 194
1757668506754 146.2079021684479 195
1757668506855 146.0985477366424 196
1757668506951 145.98927895398768 197
1757668507056 145.88009575219837 198
1757668507156 145.77099806304398 199
1757668507254 145.66198581834894 200
1757668507356 145.55305894999248 201
1757668507456 145.44421738990874 202
1757668507556 145.3354610700866 203
1757668507657 145.22678992256962 204
1757668507754 145.11820387945616 205
1757668507872 145.009702872899 206
1757668507979 144.90128683510574 207
1757668508079 144.7929556983384 208
1757668508185 144.6847093949136 209
1757668508287 144.57654785720237 210
1757668508389 144.4684710176301 211
1757668508490 144.36047880867665 212
1757668508589 144.25257116287617 213
1757668508693 144.14474801281713 214
1757668508790 144.03700929114217 215
1757668508892 143.92935493054813 216
1757668508990 143.82178486378615 217
1757668509089 143.7142990236613 218
1757668509189 143.60689734303284 219
1757668509288 143.499579754814 220
1757668509389 143.39234619197194 221
1757668509492 143.2851965875279 222
1757668509590 143.17813087455684 223
1757668509691 143.07114898618775 224
1757668509789 142.96425085560327 225
1757668509887 142.85743641603986 226
1757668509981 142.7507056007877 227
1757668510081 142.64405834319064 228
1757668510184 142.5374945766462 229
1757668510284 142.43101423460547 230
1757668510391 142.32461725057303 231
1757668510494 142.218303558107 232
1757668510596 142.112073090819 233
1757668510695 142.00592578237396 234
1757668510797 141.89986156649033 235
1757668510896 141.7938803769398 236
1757668510996 141.6879821475473 237
1757668511104 141.58216681219102 238
1757668511208 141.4764343048025 239
1757668511315 141.37078455936629 240
1757668511420 141.26521750992003 241
1757668511520 141.15973309055454 242
1757668511619 141.05433123541354 243
1757668511718 140.94901187869394 244
1757668511822 140.84377495464537 245
1757668511915 140.73862039757046 246
1757668512014 140.63354814182466 247
1757668512114 140.52855812181636 248
1757668512215 140.4236502720065 249
1757668512316 140.31882452690903 250
1757668512419 140.21408082109025 251
1757668512518 140.1094190891694 252
1757668512622 140.0048392658181 253
1757668512723 139.90034128576073 254
1757668512826 139.79592508377408 255
1757668512927 139.69159059468737 256
1757668513028 139.5873377533823 257
1757668513129 139.48316649479295 258
1757668513251 139.37907675390582 259
1757668513354 139.27506846575957 260
1757668513453 139.17114156544528 261
1757668513556 139.06729598810608 262
1757668513656 138.9635316689374 263
1757668513756 138.85984854318676 264
1757668513856 138.75624654615385 265
1757668513949 138.65272561319028 266
1757668514046 138.54928567969975 267
1757668514149 138.44592668113788 268
1757668514250 138.34264855301225 269
1757668514342 138.23945123088237 270
1757668514423 138.1363346503595 271
1757668514520 138.03329874710673 272
1757668514623 137.93034345683887 273
1757668514722 137.82746871532254 274
1757668514825 137.72467445837597 275
1757668514925 137.62196062186905 276
1757668515027 137.51932714172318 277
1757668515127 137.41677395391145 278
1757668515238 137.3143009944583 279
1757668515349 137.21190819943976 280
1757668515454 137.1095955049832 281
1757668515561 137.00736284726742 282
1757668515666 136.9052101625225 283
1757668515767 136.80313738702995 284
1757668515869 136.70114445712235 285
1757668515963 136.5992313091837 286
1757668516063 136.49739787964896 287
1757668516167 136.39564410500438 288
1757668516272 136.29396992178727 289
1757668516375 136.19237526658594 290
1757668516476 136.09086007603977 291
1757668516585 135.98942428683904 292
1757668516686 135.88806783572502 293
1757668516788 135.78679065948984 294
1757668516891 135.68559269497646 295
1757668516995 135.5844738790787 296
1757668517096 135.48343414874103 297
1757668517200 135.3824734409588 298
1757668517303 135.28159169277782 299
1757668517408 135.18078884129477 300
1757668517506 135.0800648236568 301
1757668517610 134.9794195770617 302
1757668517710 134.8788530387576 303
1757668517816 134.77836514604328 304
1757668517924 134.67795583626793 305
1757668518023 134.5776250468311 306
1757668518120 134.47737271518264 307
1757668518223 134.3771987788228 308
1757668518322 134.2771031753021 309
1757668518422 134.17708584222123 310
1757668518525 134.0771467172311 311
1757668518632 133.9772857380328 312
1757668518736 133.87750284237748 313
1757668518839 133.77779796806638 314
1757668518940 133.67817105295072 315
1757668519041 133.5786220349319 316
1757668519142 133.47915085196095 317
1757668519247 133.37975744203908 318
1757668519358 133.28044174321724 319
1757668519460 133.18120369359625 320
1757668519563 133.0820432313267 321
1757668519666 132.9829602946089 322
1757668519770 132.88395482169292 323
1757668519874 132.78502675087844 324
1757668519978 132.68617602051486 325
1757668520070 132.58740256900097 326
1757668520171 132.48870633478538 327
1757668520271 132.39008725636594 328
1757668520374 132.29154527229016 329
1757668520477 132.1930803211549 330
1757668520578 132.09469234160633 331
1757668520701 131.9963812723401 332
1757668520805 131.89814705210108 333
1757668520910 131.79998961968343 334
1757668521018 131.7019089139306 335
1757668521123 131.60390487373505 336
1757668521229 131.50597743803857 337
1757668521336 131.408126545832 338
1757668521440 131.3103521361552 339
1757668521544 131.21265414809707 340
1757668521649 131.11503252079558 341
1757668521753 131.0174871934375 342
1757668521861 130.92001810525863 343
1757668521966 130.82262519554362 344
1757668522066 130.72530840362595 345
1757668522167 130.62806766888784 346
1757668522272 130.53090293076022 347
1757668522375 130.43381412872296 348
1757668522481 130.33680120230431 349
1757668522584 130.23986409108133 350
1757668522687 130.14300273467967 351
1757668522778 130.0462170727734 352
1757668522875 129.94950704508526 353
1757668522976 129.8528725913864 354
1757668523082 129.7563136514964 355
1757668523185 129.65983016528327 356
1757668523293 129.5634220726633 357
1757668523404 129.46708931360118 358
1757668523511 129.37083182810986 359
1757668523617 129.2746495562505 360
1757668523720 129.17854243813255 361
1757668523825 129.08251041391344 362
1757668523929 128.98655342379894 363
1757668524033 128.89067140804278 364
1757668524128 128.79486430694672 365
1757668524236 128.69913206086062 366
1757668524342 128.60347461018222 367
1757668524445 128.50789189535726 368
1757668524551 128.4123838568793 369
1757668524656 128.3169504352898 370
1757668524757 128.22159157117807 371
1757668524852 128.1263072051811 372
1757668524955 128.03109727798363 373
1757668525058 127.93596173031821 374
1757668525163 127.84090050296496 375
1757668525268 127.74591353675157 376
1757668525382 127.65100077255342 377
1757668525491 127.55616215129338 378
1757668525631 127.46139761394181 379
1757668525738 127.36670710151661 380
1757668525846 127.27209055508297 381
1757668525952 127.17754791575366 382
1757668526060 127.08307912468865 383
1757668526153 126.98868412309524 384
1757668526253 126.89436285222807 385
1757668526359 126.80011525338902 386
1757668526466 126.70594126792707 387
1757668526573 126.61184083723847 388
1757668526679 126.51781390276653 389
1757668526786 126.42386040600167 390
1757668526890 126.32998028848132 391
1757668526997 126.23617349179 392
1757668527103 126.14243995755912 393
1757668527210 126.04877962746701 394
1757668527315 125.95519244323899 395
1757668527432 125.86167834664715 396
1757668527538 125.76823727951047 397
1757668527644 125.67486918369463 398
1757668527749 125.58157400111209 399
1757668527859 125.48835167372206 400
1757668527973 125.39520214353034 401
1757668528078 125.30212535258943 402
1757668528176 125.20912124299836 403
1757668528313 125.11618975690273 404
1757668528423 125.02333083649472 405
1757668528531 124.93054442401295 406
1757668528641 124.83783046174237 407
1757668528750 124.74518889201455 408
1757668528862 124.65261965720725 409
1757668528968 124.56012269974468 410
1757668529080 124.4676979620972 411
1757668529189 124.37534538678159 412
1757668529294 124.28306491636071 413
1757668529401 124.1908564934437 414
1757668529508 124.09872006068574 415
1757668529615 124.00665556078825 416
1757668529719 123.91466293649857 417
1757668529828 123.82274213061017 418
1757668529938 123.73089308596249 419
1757668530045 123.63911574544092 420
1757668530145 123.54741005197677 421
1757668530252 123.45577594854726 422
1757668530357 123.36421337817536 423
1757668530464 123.27272228392997 424
1757668530571 123.18130260892565 425
1757668530676 123.08995429632286 426
1757668530795 122.99867728932752 427
1757668530906 122.90747153119143 428
1757668531013 122.81633696521187 429
1757668531122 122.72527353473178 430
1757668531229 122.63428118313959 431
1757668531335 122.54335985386935 432
1757668531450 122.45250949040046 433
1757668531557 122.36173003625778 434
1757668531663 122.27102143501168 435
1757668531771 122.18038363027777 436
1757668531877 122.08981656571706 437
1757668531984 121.99932018503584 438
1757668532090 121.90889443198562 439
1757668532191 121.8185392503632 440
1757668532292 121.72825458401049 441
1757668532396 121.63804037681454 442
1757668532503 121.54789657270764 443
1757668532609 121.45782311566697 444
1757668532716 121.3678199497149 445
1757668532822 121.27788701891866 446
1757668532928 121.18802426739059 447
1757668533037 121.09823163928785 448
1757668533143 121.00850907881257 449
1757668533268 120.9188565302116 450
1757668533375 120.82927393777682 451
1757668533487 120.7397612458447 452
1757668533595 120.65031839879656 453
1757668533705 120.5609453410584 454
1757668533809 120.47164201710088 455
1757668533917 120.38240837143931 456
1757668534026 120.29324434863365 457
1757668534135 120.20414989328835 458
1757668534236 120.11512495005238 459
1757668534339 120.02616946361931 460
1757668534442 119.9372833787271 461
1757668534548 119.8484666401581 462
1757668534655 119.75971919273913 463
1757668534761 119.6710409813412 464
1757668534869 119.5824319508799 465
1757668534974 119.49389204631483 466
1757668535083 119.40542121264998 467
1757668535191 119.31701939493355 468
1757668535305 119.22868653825785 469
1757668535415 119.14042258775935 470
1757668535523 119.05222748861856 471
1757668535633 118.96410118606023 472
1757668535741 118.87604362535296 473
1757668535856 118.78805475180944 474
1757668535969 118.70013451078626 475
1757668536077 118.61228284768393 476
1757668536185 118.52449970794692 477
1757668536284 118.43678503706352 478
1757668536393 118.34913878056577 479
1757668536502 118.26156088402955 480
1757668536608 118.1740512930745 481
1757668536715 118.08660995336393 482
1757668536822 117.99923681060487 483
1757668536928 117.91193181054791 484
1757668537035 117.82469489898735 485
1757668537142 117.73752602176096 486
1757668537253 117.6504251247501 487
1757668537362 117.5633921538796 488
1757668537472 117.47642705511774 489
1757668537581 117.38952977447632 490
1757668537689 117.30270025801043 491
1757668537800 117.21593845181854 492
1757668537930 117.12924430204248 493
1757668538040 117.04261775486738 494
1757668538153 116.95605875652147 495
1757668538255 116.86956725327643 496
1757668538370 116.78314319144698 497
1757668538479 116.69678651739098 498
1757668538591 116.61049717750947 499
