1757604285970 2.9449706110167506 0
1757604286081 0.07839561544751172 1
1757604286202 0.825630864927588 2
1757604286319 0.9499746890913243 3
1757604286442 8.997031987617632 4
1757604286556 1.998666259318518 5
1757604286666 4.431650465618481 6
1757604286775 3.5242973169435685 7
1757604286882 0.07503987282282785 8
1757604286986 3.710151164257513 9
1757604287093 0.4684833866970014 10
1757604287197 5.041865219786898 11
1757604287301 0.2987241928650803 12
1757604287405 2.295336987220456 13
1757604287509 8.211947338913628 14
1757604287614 1.0969636855775284 15
1757604287722 9.227220073171852 16
1757604287833 2.2459330874047625 17
1757604287939 0.32095665462377604 18
1757604288044 4.302644078867993 19
1757604288149 0.6438231426842342 20
1757604288254 0.23270541246400486 21
1757604288359 2.3426504312121548 22
1757604288463 1.5857687668908997 23
1757604288567 1.631496552951371 24
1757604288672 3.7157132821021257 25
1757604288776 0.21530840748859778 26
1757604288880 0.12168717076035951 27
1757604288985 0.0011011518505458834 28
1757604289088 3.819037346296404 29
1757604289190 3.2192167191194576 30
1757604289293 0.5693266433415122 31
1757604289393 1.059990440861447 32
1757604289495 0.5971222812745476 33
1757604289596 7.2615327759931815e-06 34
1757604289696 10.586676480084742 35
1757604289796 2.3980897942994304 36
1757604289894 3.9058797009312345 37
1757604289993 2.632194567878539 38
1757604290094 0.0005980376939533154 39
1757604290197 2.2727134655803565 40
1757604290299 0.03734970174694391 41
1757604290399 3.8034680995903853 42
1757604290500 1.1309162242851236 43
1757604290601 0.1756652271961425 44
1757604290701 3.95812458122459 45
1757604290801 0.11814176080265203 46
1757604290901 2.7492487060253286 47
1757604291001 0.0007487696871431976 48
1757604291100 0.05097357096492923 49
1757604291200 1.7383473684254336 50
1757604291301 3.55621493675891 51
1757604291402 1.2566835081574799 52
1757604291503 2.7488622822246236 53
1757604291604 0.5887832311317357 54
1757604291706 2.2387691509183747 55
1757604291808 4.648192874350126 56
1757604291909 0.014236285513705465 57
1757604292010 2.357024147745972 58
1757604292112 0.6870479729702798 59
1757604292219 1.9998607890797324 60
1757604292323 0.17267583580345872 61
1757604292427 7.255859410040369 62
1757604292529 5.512019663942508 63
1757604292632 0.004717235575665724 64
1757604292735 0.10892649421733504 65
1757604292837 0.16664205170051286 66
1757604292941 1.7337215014572938 67
1757604293043 5.161875581583281 68
1757604293144 5.505142192434312 69
1757604293246 3.190707005246608 70
1757604293348 1.994289792935839 71
1757604293451 3.9513051854306385 72
1757604293553 0.013190410397050963 73
1757604293656 1.0010500313470259 74
1757604293758 0.005847738113820065 75
1757604293859 0.42001457864066666 76
1757604293961 7.595670404485156 77
1757604294062 0.6462857286856064 78
1757604294165 0.041011424944571814 79
1757604294273 0.5854716349987219 80
1757604294378 0.2756036475739791 81
1757604294481 2.2224459462362622 82
1757604294585 2.956505668593872 83
1757604294687 0.023143387157430063 84
1757604294791 1.5228366152869028 85
1757604294893 0.259857254884875 86
1757604294994 0.0821406398526859 87
1757604295098 1.9299500374301601 88
1757604295208 3.9576445583270297 89
1757604295311 5.322948134741937 90
1757604295414 0.9829922040624643 91
1757604295518 0.6788170430842827 92
1757604295620 2.2580444636523453 93
1757604295724 4.780077033267387 94
1757604295825 5.380962727755895 95
1757604295927 0.006432621547338161 96
1757604296028 1.3841610704577434 97
1757604296131 6.796068888050627 98
1757604296235 0.7589788483232528 99
1757604296341 3.0519301854745224 100
1757604296443 0.06134060516711792 101
1757604296546 2.971640883151842 102
1757604296647 0.01469093011039312 103
1757604296750 0.7395519862564259 104
1757604296854 3.420924322436356 105
1757604296956 0.5354950893830587 106
1757604297059 0.5352327188105555 107
1757604297165 1.1744458676989051 108
1757604297271 0.2123772970212642 109
1757604297377 0.13980634301681868 110
1757604297484 6.275085388312685 111
1757604297589 3.6598396590395734 112
1757604297699 0.2709200955705007 113
1757604297807 1.8230518778365052 114
1757604297913 1.0086358795172625 115
1757604298021 3.3941813403127705 116
1757604298127 1.6248779828283286 117
1757604298235 4.268195593507858 118
1757604298343 8.669494993348971 119
1757604298449 0.056043405931539496 120
1757604298557 4.378814803181345 121
1757604298666 0.1387119227412848 122
1757604298774 0.052586089723391474 123
1757604298882 2.4805614645872676 124
1757604298993 0.7163397916747273 125
1757604299101 2.3378718802295215 126
1757604299213 4.1863791297281 127
1757604299323 1.1054865235141005 128
1757604299433 1.7079048998372393 129
1757604299541 13.142671464077594 130
1757604299647 5.9279717867291515 131
1757604299756 0.6104173237414084 132
1757604299864 3.2506658884300736 133
1757604299971 0.13394729685647475 134
1757604300078 5.407527208153086 135
1757604300191 0.047691065377556206 136
1757604300324 3.3092596412810025 137
1757604300451 3.1995935171001166 138
1757604300580 0.0014873848374799884 139
1757604300708 4.0060226730976645 140
1757604300830 1.979069976859912 141
1757604300947 0.22480897092467614 142
1757604301062 0.030324715349223277 143
1757604301176 0.028859324304811564 144
1757604301299 0.09163088982016492 145
1757604301420 0.04959971959796593 146
1757604301542 1.2375174144018666 147
1757604301658 0.439450448469474 148
1757604301785 0.0017751446341119361 149
1757604301906 1.5996730366173966 150
1757604302018 0.09953329421510626 151
1757604302181 0.14099357133002896 152
1757604302315 0.11237201864856254 153
1757604302436 0.2361351637626691 154
1757604302556 1.1594291355008448 155
1757604302669 1.7025806481857857 156
1757604302781 2.225169516252116 157
1757604302893 2.0570372601938733 158
1757604303009 0.06771742133493686 159
1757604303123 0.9900857162354287 160
1757604303236 0.04061411748176947 161
1757604303348 8.981909330037407 162
1757604303457 1.4117111138074885 163
1757604303565 0.15852341471790096 164
1757604303674 0.26989629471563953 165
1757604303781 0.035383739751549126 166
1757604303888 0.15722314652620836 167
1757604303997 0.31199333118989375 168
1757604304107 3.693873157177599 169
1757604304215 1.9741664517437292 170
1757604304326 2.506960583190232 171
1757604304438 1.9118264959120186 172
1757604304551 0.0033710647800872123 173
1757604304663 0.053281867222577155 174
1757604304775 1.715509823076868 175
1757604304886 1.1674543817418253 176
1757604304998 0.08052472124551338 177
1757604305115 3.7035661011438625 178
1757604305231 0.11475665123625836 179
1757604305342 0.538328670434734 180
1757604305451 0.7970890536513932 181
1757604305562 0.0006316205482834308 182
1757604305676 0.5756496302318 183
1757604305795 2.9490359264867116 184
1757604305907 0.27354282117465584 185
1757604306016 1.928280945057524 186
1757604306127 4.609331616715495 187
1757604306242 1.51361430350718 188
1757604306360 0.4064500768877646 189
1757604306471 5.333348065003035 190
1757604306581 3.1121370629256653 191
1757604306689 1.3835009042119373 192
1757604306800 3.221822315886256 193
1757604306909 0.027399817842727374 194
1757604307019 0.1925175428372603 195
1757604307133 4.7395397514469995 196
1757604307247 0.6524729708184812 197
1757604307361 2.1158832207267433 198
1757604307474 6.108252754998687 199
1757604307586 0.23590116511859266 200
1757604307699 1.533603580992297 201
1757604307810 0.0837597340720792 202
1757604307924 0.9746993604247758 203
1757604308043 1.2746146496916382 204
1757604308157 22.235003980574692 205
1757604308270 3.139619070067174 206
1757604308393 0.025142767808726367 207
1757604308510 0.03215916227816108 208
1757604308623 0.0849613469915392 209
1757604308736 4.964246874492204 210
1757604308845 1.5066155727951665e-05 211
1757604308954 3.5130232283320932 212
1757604309068 4.714419929258555 213
1757604309176 0.00027023795025146085 214
1757604309285 0.607777781437614 215
1757604309394 2.9145441452825067 216
1757604309502 0.26108760099278444 217
1757604309611 1.176670090684399 218
1757604309719 5.811116184942941e-05 219
1757604309849 2.4774511469880305 220
1757604309961 2.047632610170385 221
1757604310070 0.16147663082395589 222
1757604310180 1.9324832263503047 223
1757604310286 2.2541668147353313 224
1757604310395 4.9263216146256745 225
1757604310500 6.654141766605697 226
1757604310605 0.8871426384154161 227
1757604310711 0.3787147385513225 228
1757604310816 0.6252977418497667 229
1757604310921 1.7974613217274984 230
1757604311025 1.949612718430394 231
1757604311128 4.353135663680183 232
1757604311232 2.3269548357775 233
1757604311335 0.018443649616030223 234
1757604311439 5.376834646768329 235
1757604311543 0.026070206864181933 236
1757604311647 2.0812319652247337 237
1757604311750 0.8828515616756589 238
1757604311859 1.2593902346529442 239
1757604311964 5.886956268913094 240
1757604312068 2.1620929435523215 241
1757604312173 0.017336595018756625 242
1757604312279 0.07512235746473075 243
1757604312389 0.5448482079503847 244
1757604312496 1.2952654449453784 245
1757604312602 2.0427279263267915 246
1757604312709 3.4456539329966094 247
1757604312816 0.011975129684872314 248
1757604312921 0.00030971720526110313 249
1757604313026 0.11006882222775762 250
1757604313132 0.47440710837113115 251
1757604313236 6.822828794051534 252
1757604313343 0.5005947584858512 253
1757604313448 1.3990013895110713 254
1757604313553 0.2998621832348319 255
1757604313658 2.9470920620416554 256
1757604313764 3.9655727746990577 257
1757604313870 1.4970587849467925 258
1757604313976 0.0014030015978502676 259
1757604314082 1.4194423006870927 260
1757604314186 0.6520162343014437 261
1757604314292 6.930124817684577 262
1757604314399 1.42452405558631 263
1757604314505 1.1103957639959778 264
1757604314612 0.839569562208897 265
1757604314717 0.3388088308240361 266
1757604314823 0.8362041820013114 267
1757604314938 1.8036584588821867 268
1757604315054 0.05630560757769853 269
1757604315196 0.45401701416726903 270
1757604315309 0.3396893143914424 271
1757604315420 1.258801515142742 272
1757604315530 3.4799238756007744 273
1757604315638 53.994482032899356 274
1757604315747 9.018058094524196 275
1757604315856 0.23999587799179795 276
1757604315966 0.23953702151898001 277
1757604316074 0.9588096594881438 278
1757604316185 0.12040956337974215 279
1757604316294 0.02173582451153407 280
1757604316406 1.1782628747869324 281
1757604316516 0.13371874770806652 282
1757604316625 0.9991396411623875 283
1757604316733 2.1952050158995293 284
1757604316839 0.002802862576119473 285
1757604316948 3.850824963378066 286
1757604317055 0.07701221411237581 287
1757604317164 2.3663638982095927 288
1757604317275 3.5010557450762514 289
1757604317388 0.320737271569508 290
1757604317520 1.0145726660764733 291
1757604317644 2.070909796483143 292
1757604317761 1.086046400260908 293
1757604317879 1.4660587634046358 294
1757604317992 0.38302632863472935 295
1757604318104 0.3902533511024169 296
1757604318216 4.290730009592099 297
1757604318328 6.585157363309179 298
1757604318448 0.010850116355631306 299
1757604318560 0.0428590006604225 300
1757604318674 0.187328414070068 301
1757604318782 0.041406189755755704 302
1757604318894 5.350262856953722 303
1757604319011 4.638565061469504 304
1757604319125 3.270538054115926 305
1757604319235 2.34861859971818 306
1757604319347 0.32369828079007423 307
1757604319457 0.2831651706070383 308
1757604319568 0.4553815702625098 309
1757604319677 0.3875484672211897 310
1757604319789 0.4385249012782808 311
1757604319898 1.8375255235277719 312
1757604320010 0.4512156083234138 313
1757604320118 2.5849523289788094 314
1757604320228 1.2599095644363567 315
1757604320336 2.8611686985610834 316
1757604320448 0.1536152367210457 317
1757604320559 0.012170677414845461 318
1757604320670 2.716658723795142 319
1757604320779 0.40098211118957827 320
1757604320889 0.07627939007205477 321
1757604320999 2.2192378883516324 322
1757604321110 0.07718170961212319 323
1757604321221 1.373395769347762 324
1757604321333 0.03597486936536575 325
1757604321444 0.13761690018710038 326
1757604321553 2.8508079611957835 327
1757604321662 0.35882113761336737 328
1757604321778 0.3481200166431754 329
1757604321886 3.3366814465438095 330
1757604321995 0.06829070370467664 331
1757604322103 0.10900315845041327 332
1757604322213 0.03623826854166597 333
1757604322371 3.0652420892465293 334
1757604322488 0.2822047559129813 335
1757604322600 6.872878822830899 336
1757604322714 0.01888214175769599 337
1757604322861 3.5818355596996523e-06 338
1757604323081 1.6199262765031994 339
1757604323244 0.8760149027914377 340
1757604323389 0.23170512140898494 341
1757604323515 1.1936246942240651 342
1757604323634 0.5254271307079081 343
1757604323750 0.447930686740165 344
1757604323862 2.6392574359926644 345
1757604323974 0.03955147093288166 346
1757604324086 1.2311052818345674 347
1757604324195 5.620446931459233 348
1757604324299 5.35891168337904 349
1757604324402 0.1723535939114774 350
1757604324507 1.4609654709233673 351
1757604324610 0.3870437466600468 352
1757604324715 0.4922826007048818 353
1757604324821 2.0268063044698397 354
1757604324927 0.40553925322551027 355
1757604325032 1.9953176712723564 356
1757604325139 1.2423480398139068 357
1757604325246 0.2968764309370366 358
1757604325351 0.6486684480207489 359
1757604325459 0.12930110892389174 360
1757604325566 3.8833094257575476 361
1757604325674 0.21719238200613203 362
1757604325780 1.084567546103671 363
1757604325888 0.3848924068834502 364
1757604325995 0.07146334141726504 365
1757604326107 0.7536120560572627 366
1757604326217 0.4861525917274748 367
1757604326325 6.1145782159438475 368
1757604326434 1.4511197586513123 369
1757604326539 1.4730262392834172 370
1757604326651 4.36471853989424 371
1757604326760 3.9164781917205445 372
1757604326867 0.3998867406334875 373
1757604326976 0.889352382259199 374
1757604327084 0.1649983249387199 375
1757604327217 0.2607548840453329 376
1757604327326 0.20263163116906585 377
1757604327471 2.2148694025574116 378
1757604327589 0.14370956271576862 379
1757604327702 0.35586679733759197 380
1757604327813 2.6570598872148614 381
1757604327923 2.642524176478037 382
1757604328060 3.753310034028516 383
1757604328170 1.1641853897187824 384
1757604328284 3.423468980409977 385
1757604328398 0.1258813727745507 386
1757604328514 4.217459475063215 387
1757604328626 8.776036705801014 388
1757604328735 2.095168173923352 389
1757604328843 0.01751027065967756 390
1757604328947 0.9189394031225181 391
1757604329061 1.390479654645203 392
1757604329185 0.1552829945052821 393
1757604329313 1.810768581686487 394
1757604329450 3.5019806325908016 395
1757604329573 0.031154897375685758 396
1757604329768 0.3876997932958256 397
1757604329885 1.496626101320414 398
1757604329996 0.03420784699162542 399
1757604330106 0.3518194790151017 400
1757604330218 2.2598658637979665 401
1757604330329 0.06517497414860923 402
1757604330442 3.691869773105257 403
1757604330625 0.004395221131271414 404
1757604330735 1.2832756561199559 405
1757604330845 1.8270117140559807 406
1757604330957 0.010939501837659201 407
1757604331073 2.778612182801736 408
1757604331186 0.009807412133576067 409
1757604331343 3.4519378714232065 410
1757604331453 0.22079913625923403 411
1757604331565 0.6460912681609791 412
1757604331676 0.04504350405097379 413
1757604331788 0.40658930773786855 414
1757604331900 0.3084824504375776 415
1757604332012 0.003205654962122153 416
1757604332123 1.5908365903919035 417
1757604332242 5.823422854444819 418
1757604332362 3.7752676162374206 419
1757604332481 0.9694760459930843 420
1757604332600 1.379201532030169 421
1757604332718 0.016934030796773185 422
1757604332834 1.3200505625419952 423
1757604332951 1.516465771629802 424
1757604333065 2.20803547317203 425
1757604333177 1.0946876993865298 426
1757604333292 2.674708740324063 427
1757604333407 4.958810356343317 428
1757604333520 0.0003968805751580333 429
1757604333634 2.513647653819993 430
1757604333747 0.1555409257028774 431
1757604333860 0.0383505832928148 432
1757604333975 0.5358455405567254 433
1757604334107 11.71162238112396 434
1757604334225 1.5818346487890929 435
1757604334336 0.7318433810240316 436
1757604334445 3.8020283387373306 437
1757604334561 1.7813622433810512 438
1757604334676 1.8099490039455841 439
1757604334787 3.7677081199144116 440
1757604334898 0.022032402523522704 441
1757604335008 1.2427215654447301 442
1757604335123 0.5574798323792166 443
1757604335237 0.024557388681047645 444
1757604335349 0.4058299991607395 445
1757604335462 11.10964193488249 446
1757604335574 0.09787185182759914 447
1757604335689 5.944669269539889 448
1757604335804 0.012198077017253242 449
1757604335918 0.4872669984248479 450
1757604336032 3.1203516398037734 451
1757604336145 0.01707112520254003 452
1757604336259 0.44879548692623183 453
1757604336373 0.955770476953785 454
1757604336486 1.6574421714208916 455
1757604336598 0.07644496523240696 456
1757604336709 1.849378954631376 457
1757604336820 2.671322693748209 458
1757604336932 4.283721926704496 459
1757604337043 1.6260923068298896 460
1757604337172 2.1080106457557823 461
1757604337283 1.605096828331522 462
1757604337394 3.5162636287183857 463
1757604337507 4.2158195418696724 464
1757604337632 0.004346055234700462 465
1757604337748 2.5278600259500297 466
1757604337862 1.958334374199079 467
1757604337970 0.3110848602865221 468
1757604338081 2.110704096862794 469
1757604338192 1.9084812084874083 470
1757604338302 0.007239545542343982 471
1757604338411 0.20854161419253975 472
1757604338520 0.0508826153538298 473
1757604338632 3.6117466176171353 474
1757604338760 2.01001515175293 475
1757604338869 0.10471438770512187 476
1757604338979 11.075954353705123 477
1757604339088 0.46464298920742414 478
1757604339198 2.6699977838758016 479
1757604339307 0.0034466219334147907 480
1757604339416 1.4655671530339958 481
1757604339526 1.0783641219365283 482
1757604339636 3.8334531150224085 483
1757604339744 0.6580820583910344 484
1757604339855 0.058143694847340284 485
1757604339963 1.595152279891463 486
1757604340073 0.05284775913740352 487
1757604340183 1.4362328625869807 488
1757604340295 5.570836821296318 489
1757604340410 0.10291271945360628 490
1757604340519 0.6184047308758376 491
1757604340632 0.24298849564442968 492
1757604340742 0.5513593360833541 493
1757604340852 0.034575680107777514 494
1757604341012 1.2944752846503538 495
1757604341158 0.4668884406509464 496
1757604341297 0.003397873022480302 497
1757604341436 0.8598457446258447 498
1757604341572 0.7115026041239527 499
