1757662019751 0.48569330643100345 0
1757662019879 0.04022463709036109 1
1757662020001 0.005299584017518229 2
1757662020125 0.0406890846432936 3
1757662020247 4.1205135390089165 4
1757662020370 0.3097223175313778 5
1757662020492 0.2300208354411 6
1757662020610 4.940114892988133 7
1757662020735 0.02216848298561038 8
1757662020860 0.0667797553353851 9
1757662020984 1.352239904321309 10
1757662021107 0.10743532236766859 11
1757662021235 0.643582053373236 12
1757662021358 0.3902639430737018 13
1757662021486 1.5759156564256238 14
1757662021606 0.0006124313943099618 15
1757662021731 0.1169326789373322 16
1757662021850 0.5346093859799989 17
1757662021977 2.2004192377823646 18
1757662022096 0.06105971030998517 19
1757662022226 0.2133954206980865 20
1757662022345 0.6151934529894875 21
1757662022474 0.00831685855828347 22
1757662022592 0.0818317390063135 23
1757662022720 0.6091819649818716 24
1757662022839 0.43766801216195445 25
1757662022968 0.053897863149342744 26
1757662023086 0.17187998732481743 27
1757662023216 1.1910870155622317 28
1757662023334 0.7280146935106925 29
1757662023470 0.3019849474338019 30
1757662023588 2.000567442174116 31
1757662023715 0.012365752406656052 32
1757662023848 0.02078296921700649 33
1757662023976 0.6028230237721283 34
1757662024097 0.017032664963575823 35
1757662024224 1.049491056516808 36
1757662024343 4.6610792093409685 37
1757662024474 2.4040507616326066 38
1757662024593 0.5895214014161302 39
1757662024721 0.15731320578551977 40
1757662024846 0.7111952545027129 41
1757662024977 1.5891690097984914 42
1757662025097 1.3650432940770347 43
1757662025224 0.5557595670265196 44
1757662025343 0.6143292204747832 45
1757662025473 0.48407465605639566 46
1757662025591 1.423954748045543 47
1757662025718 0.19460184900910305 48
1757662025839 1.9801625150037854 49
1757662025972 0.19466367099135465 50
1757662026093 0.35965617520347704 51
1757662026223 1.7205852809261064 52
1757662026343 0.2905153116721464 53
1757662026469 0.9608275714556332 54
1757662026588 0.003209482170497987 55
1757662026716 1.8298254527592597 56
1757662026837 0.3198795265046631 57
1757662026964 0.5561896782510806 58
1757662027084 0.12802488728296868 59
1757662027209 0.1123242560577535 60
1757662027328 0.3361904323670518 61
1757662027454 0.5215343327548491 62
1757662027573 0.3316532945542465 63
1757662027699 0.15260720470221179 64
1757662027819 0.2597952177252696 65
1757662027945 0.28492769831761083 66
1757662028068 0.040644385047369724 67
1757662028192 0.038275528344746956 68
1757662028314 0.33961709840314275 69
1757662028439 0.03516939886854224 70
1757662028559 0.749774062178305 71
1757662028683 1.4771183354682438 72
1757662028805 0.4804456715797574 73
1757662028928 0.8889047782190094 74
1757662029050 0.7247362167230478 75
1757662029175 1.3128775860949118 76
1757662029299 0.08986721552058358 77
1757662029424 0.10729625921832897 78
1757662029546 2.997762408860414 79
1757662029676 0.002698288791039541 80
1757662029799 0.01245992710417319 81
1757662029930 1.2124636783265375 82
1757662030054 0.03023594836899595 83
1757662030180 0.0031500079635773007 84
1757662030301 0.44665684610514095 85
1757662030426 0.24748265013454857 86
1757662030549 1.4568580942044713 87
1757662030673 0.44480637924639255 88
1757662030798 1.3966576277479796 89
1757662030923 0.569016121314812 90
1757662031049 0.013621979113805376 91
1757662031176 6.814545814619975e-05 92
1757662031298 0.01310897126215113 93
1757662031425 0.33685749183766217 94
1757662031549 0.07723094782542367 95
1757662031675 0.10993484343998798 96
1757662031802 1.6121407310864868 97
1757662031931 0.0006816717319510521 98
1757662032058 0.6671786372004216 99
1757662032185 2.4288395168346755 100
1757662032308 0.0010232138212894542 101
1757662032435 1.5741016891814462e-05 102
1757662032558 0.007185017396547763 103
1757662032683 1.0585357750689077 104
1757662032807 0.0014365941804126287 105
1757662032931 0.1003748002210751 106
1757662033058 0.9577029584611477 107
1757662033185 0.002617656643058566 108
1757662033309 1.0048833592592887 109
1757662033437 0.0054561732516110436 110
1757662033563 0.04398054268935051 111
1757662033687 0.02306444990891498 112
1757662033809 1.7979057873160984 113
1757662033934 0.11111566043362467 114
1757662034060 0.6871369254261974 115
1757662034187 0.7920451410574995 116
1757662034310 0.130192802058901 117
1757662034436 0.1073389231360447 118
1757662034563 0.018172969179666668 119
1757662034688 0.19463791117525828 120
1757662034813 0.09871982802602147 121
1757662034938 0.052781809650499625 122
1757662035066 0.7938413504482372 123
1757662035192 2.3719498021566325 124
1757662035321 0.011082195567482049 125
1757662035446 0.05700049293266342 126
1757662035569 0.06541780473963224 127
1757662035693 0.6029056182106266 128
1757662035821 0.1990494966193942 129
1757662035951 0.004991928897626108 130
1757662036077 0.09405610318529076 131
1757662036204 0.2503923861424735 132
1757662036328 0.8400489721361187 133
1757662036454 3.0712863205674688 134
1757662036581 0.27749853731363944 135
1757662036708 0.02555117100453837 136
1757662036831 1.9129307812998197 137
1757662036958 1.2216308044413178 138
1757662037083 0.4560797625917607 139
1757662037210 0.02822542122631173 140
1757662037333 0.651364610135613 141
1757662037460 0.03642776565556665 142
1757662037586 0.07301664356489825 143
1757662037713 0.2639293176527704 144
1757662037838 0.6793033209929137 145
1757662037965 0.15568879494265558 146
1757662038094 0.7678737183953128 147
1757662038235 0.15811635026742693 148
1757662038355 0.46022707354394116 149
1757662038481 1.392098748241694 150
1757662038603 0.050783275047921766 151
1757662038729 1.2561762997692618 152
1757662038857 1.2585202003539948 153
1757662038982 0.8236420893674798 154
1757662039105 0.3984521632046667 155
1757662039229 0.20364804742227083 156
1757662039354 0.15078797160840535 157
1757662039480 1.0504000932585442 158
1757662039605 0.3940285966534456 159
1757662039731 0.06367614293007057 160
1757662039855 1.7198182633676788e-05 161
1757662039982 0.04732906579615753 162
1757662040106 3.50620915340468 163
1757662040236 0.3963920170390017 164
1757662040360 0.8455014110660173 165
1757662040487 0.2603222599922884 166
1757662040611 0.21518974254317635 167
1757662040735 0.05778137934087401 168
1757662040861 0.0835975817079864 169
1757662040987 0.12538635575582707 170
1757662041113 0.09998912202363054 171
1757662041242 0.3017311959394278 172
1757662041365 1.141338095437663 173
1757662041491 1.3990158989834636 174
1757662041616 0.11713243058821629 175
1757662041742 0.020048581101129663 176
1757662041868 1.0310482744777016 177
1757662041993 1.9264447939807061 178
1757662042119 0.23214737001799526 179
1757662042272 0.6483186038790635 180
1757662042403 1.3108432115882405 181
1757662042536 0.8156937955063616 182
1757662042662 0.2579919613845101 183
1757662042795 2.3753990347961143 184
1757662042917 0.1793811777063331 185
1757662043055 0.013192740751007515 186
1757662043185 0.8015394960271046 187
1757662043320 0.07995603279259539 188
1757662043464 0.12253204413823966 189
1757662043596 0.16039335882960812 190
1757662043729 1.387962602791945 191
1757662043861 1.26907268227325 192
1757662043993 0.20134629598846493 193
1757662044121 1.1751213161858485 194
1757662044252 0.3613575631634352 195
1757662044378 4.335561757204374 196
1757662044505 2.5975630331476856 197
1757662044629 0.4671062679562773 198
1757662044756 0.41972746662433147 199
1757662044881 0.47489651289931706 200
1757662045008 0.23205694677615155 201
1757662045136 0.7535969251075839 202
1757662045269 0.22024039177354765 203
1757662045394 0.06673338868990934 204
1757662045526 0.10626102962075058 205
1757662045652 0.6514633304355655 206
1757662045780 0.08254042516094107 207
1757662045913 0.1882488500411974 208
1757662046055 0.3002748658755774 209
1757662046183 0.6783997666456282 210
1757662046320 2.2438594659840416 211
1757662046450 0.20454526965773673 212
1757662046585 0.37468992592594264 213
1757662046713 0.7497281677564348 214
1757662046846 0.00031036018061080493 215
1757662046970 0.03900625284702857 216
1757662047102 2.9514779561538633 217
1757662047230 0.3089462049264109 218
1757662047361 1.3885426242420813 219
1757662047489 1.4154682562731309 220
1757662047623 0.3494108463221034 221
1757662047756 0.21983959196221808 222
1757662047887 2.1327252875133733 223
1757662048018 0.019844791440085614 224
1757662048150 1.6762366523815693 225
1757662048283 1.3505571666614666 226
1757662048408 0.7878583124534213 227
1757662048539 0.4660096345322103 228
1757662048665 0.954850699433098 229
1757662048795 0.0009408687229855134 230
1757662048924 0.5430952932074208 231
1757662049062 0.4177846400882828 232
1757662049189 3.0856137185891566 233
1757662049320 3.75569161564764 234
1757662049446 0.8037411603567689 235
1757662049577 0.6585230133341844 236
1757662049703 1.134522286349894 237
1757662049833 0.18378681692044355 238
1757662049959 0.9772077170113334 239
1757662050095 0.0013075638411445974 240
1757662050221 0.18167237924692411 241
1757662050354 0.1221430816691116 242
1757662050477 1.420103908010265 243
1757662050611 1.7299459086727895 244
1757662050735 0.03283960118883344 245
1757662050870 0.360555899521197 246
1757662050997 3.924622627873796 247
1757662051128 0.3930598737546847 248
1757662051255 1.248095267350842 249
1757662051385 0.6686666900447831 250
1757662051514 3.149853123451895 251
1757662051644 0.016202815818805522 252
1757662051773 0.19532813718688835 253
1757662051903 0.6811410638169415 254
1757662052033 3.9798106442086896 255
1757662052162 0.3514488904242428 256
1757662052293 0.042090510619691046 257
1757662052424 1.7357304613945823 258
1757662052556 0.002032141014435855 259
1757662052684 0.040607676018037685 260
1757662052815 0.3492303856647982 261
1757662052942 0.9262023710658062 262
1757662053074 5.191853676643481 263
1757662053204 0.003414995692258207 264
1757662053343 0.006150870104491967 265
1757662053479 0.16001680376860136 266
1757662053622 1.2026755591333973 267
1757662053756 0.010087432888364372 268
1757662053895 0.45293872846679617 269
1757662054031 0.07166520104578657 270
1757662054163 0.08271576707077963 271
1757662054293 0.4751381804971385 272
1757662054421 1.9813093631204506 273
1757662054554 0.11954300217149051 274
1757662054683 0.43213087702259945 275
1757662054818 0.1941280965482161 276
1757662054950 1.7219818387372845 277
1757662055084 0.96185871805056 278
1757662055215 0.8143737494967298 279
1757662055351 0.42346386464093716 280
1757662055482 2.2861348853754326 281
1757662055622 1.6502220392063525 282
1757662055752 3.9857321995916686 283
1757662055891 0.014398979845917707 284
1757662056037 0.011102599645202589 285
1757662056170 0.20264418727499994 286
1757662056300 0.1822292014497739 287
1757662056430 0.05364940184901168 288
1757662056561 0.08930586944310383 289
1757662056688 0.24416147868884538 290
1757662056817 0.07838173042556963 291
1757662056944 0.22805931785652614 292
1757662057072 0.010235308462807572 293
1757662057202 0.05079855150487631 294
1757662057333 0.4686204152708413 295
1757662057461 0.11231084553123712 296
1757662057592 0.1566521337984072 297
1757662057720 0.042285484067064616 298
1757662057853 0.28514317814929807 299
1757662057980 0.6677292956247592 300
1757662058110 0.735919929159986 301
1757662058241 0.6762574580905185 302
1757662058380 0.8114177711465216 303
1757662058508 0.24870331172878088 304
1757662058642 0.0003253456325658178 305
1757662058769 0.1472881709964819 306
1757662058907 0.08880923024128935 307
1757662059038 0.6404383517469672 308
1757662059170 0.017471639656565983 309
1757662059298 0.7582910358041836 310
1757662059430 1.1182828115136203 311
1757662059562 1.4083673569646664 312
1757662059692 0.2406566616061465 313
1757662059823 1.0251595422067163 314
1757662059952 0.006005389479594253 315
1757662060082 2.162666011283603 316
1757662060209 0.9093707516008345 317
1757662060341 0.9301243772749499 318
1757662060468 1.9182963809679017 319
1757662060600 0.23940488190119044 320
1757662060730 2.2102533214970723 321
1757662060863 0.5731017899017773 322
1757662060993 0.9108717390226303 323
1757662061129 0.8455115824348838 324
1757662061259 0.17818553146504612 325
1757662061394 0.001576459879052025 326
1757662061523 2.406247700441725 327
1757662061661 0.0033212681959680136 328
1757662061788 2.360700644301306 329
1757662061928 0.32465121912817535 330
1757662062058 0.11949443813534195 331
1757662062193 0.3399824647882975 332
1757662062326 0.36596242527878625 333
1757662062457 1.5361430959319207 334
1757662062590 1.3385091359072643 335
1757662062718 0.23291484738254745 336
1757662062849 0.4989139503643885 337
1757662062980 0.08804868807597589 338
1757662063113 0.53309176146605 339
1757662063240 0.1220475474465467 340
1757662063380 0.4007604785169171 341
1757662063512 0.6743204273609055 342
1757662063648 0.02486327439777719 343
1757662063777 0.03834541567062987 344
1757662063915 0.47005231629618266 345
1757662064049 0.8277066827176399 346
1757662064190 0.09625974423270667 347
1757662064327 0.38061518728738236 348
1757662064463 2.9378779967179263 349
1757662064596 0.06580842662101608 350
1757662064728 0.10524286597542541 351
1757662064868 0.4597706855370593 352
1757662065003 5.75562777583923 353
1757662065134 0.06475626270910796 354
1757662065263 0.31493123352189584 355
1757662065401 0.2553040540399033 356
1757662065533 0.055983572980095625 357
1757662065672 0.6984511800958594 358
1757662065801 0.21368368080336467 359
1757662065938 0.20605399550851336 360
1757662066076 0.2990002464646692 361
1757662066247 0.06958876090367089 362
1757662066385 2.9813100817926803 363
1757662066520 1.6085496078173502 364
1757662066659 0.534076647145895 365
1757662066787 0.7578642031152457 366
1757662066926 0.7349136611721222 367
1757662067054 0.3473314530308406 368
1757662067193 0.28107944433523546 369
1757662067324 0.7774115702191107 370
1757662067461 0.010853155457013807 371
1757662067595 0.0009076367841453162 372
1757662067732 0.00853323397178622 373
1757662067865 0.7197949435826104 374
1757662067996 2.2716990776801596 375
1757662068129 0.45297981231226003 376
1757662068262 0.293713881147459 377
1757662068398 0.06969215208716968 378
1757662068529 0.03552215512968452 379
1757662068661 0.01776686363265744 380
1757662068792 0.2650730829562448 381
1757662068927 0.6896265349831248 382
1757662069055 1.0731218340551614 383
1757662069193 0.32575163470497503 384
1757662069324 0.0059861682375742685 385
1757662069460 9.162278989659679e-05 386
1757662069594 0.08087190345515048 387
1757662069732 0.00014352339338003314 388
1757662069866 0.653996579494294 389
1757662070001 0.16686968838076421 390
1757662070134 0.041714175492057 391
1757662070264 0.22940921327690547 392
1757662070399 1.4754228256884574 393
1757662070529 0.1743931745759755 394
1757662070663 0.049901702882229705 395
1757662070793 0.15986978822234843 396
1757662070929 1.2588637542228842 397
1757662071064 0.2790217070688715 398
1757662071205 0.4158234772089463 399
1757662071337 0.6081533087537478 400
1757662071477 1.2748047689411006 401
1757662071610 0.1514353251319356 402
1757662071745 1.181115497478428 403
1757662071879 0.10047817057811849 404
1757662072015 0.23677117655501448 405
1757662072149 0.11955749901224282 406
1757662072282 0.19040444007686558 407
1757662072416 0.7785645160280071 408
1757662072545 0.5960402637194548 409
1757662072678 0.037123274552445434 410
1757662072807 0.44992061145674384 411
1757662072942 0.06727853744378831 412
1757662073072 0.6970944077186286 413
1757662073213 0.03718734513686836 414
1757662073344 0.6173091241411957 415
1757662073499 0.5463167912156808 416
1757662073633 0.1379961069253633 417
1757662073766 0.8662062962384354 418
1757662073901 1.7352747436102371 419
1757662074036 0.2260836485873998 420
1757662074172 5.683893939277219 421
1757662074299 0.2511138757481779 422
1757662074434 0.39388780905931403 423
1757662074564 0.1393684788185497 424
1757662074726 0.5290688455638468 425
1757662074857 0.7504444129474513 426
1757662074997 0.6062507420486478 427
1757662075132 0.17935711788605993 428
1757662075274 0.22200659967686334 429
1757662075411 0.19768173319520002 430
1757662075542 0.0009968511022585603 431
1757662075675 1.6530650296935678 432
1757662075806 1.6409440675173677 433
1757662075942 1.3265766338114118 434
1757662076077 1.4956537191410992 435
1757662076212 0.06904106425337043 436
1757662076345 2.3165144048367377 437
1757662076485 1.771746644971483 438
1757662076617 0.00018479294663437652 439
1757662076756 0.00018007978223780893 440
1757662076890 0.13207175298036067 441
1757662077026 0.6271143717197224 442
1757662077161 1.4107167400080256 443
1757662077294 0.7614438495276069 444
1757662077426 0.011732968687745038 445
1757662077556 0.6023865756941968 446
1757662077693 0.039333806650987665 447
1757662077824 1.070233358899116 448
1757662077964 1.0331308822873846 449
1757662078097 0.00046155519034613674 450
1757662078241 0.31231965549908974 451
1757662078371 0.04118427906663396 452
1757662078511 0.8677739158783454 453
1757662078648 0.35967569376511377 454
1757662078787 1.3614784882686801 455
1757662078924 1.5853386380546026 456
1757662079056 0.23888153440011567 457
1757662079191 0.8894445493758122 458
1757662079322 0.16284906277025613 459
1757662079458 1.2651828671332213 460
1757662079589 0.70605493814123 461
1757662079725 0.020073477209799528 462
1757662079857 0.352827077698053 463
1757662079995 0.11512349490079654 464
1757662080128 0.19750088736043736 465
1757662080268 0.600169165678296 466
1757662080402 0.023741351405152177 467
1757662080540 7.708871742307995 468
1757662080676 3.6051522117900197 469
1757662080809 0.05081117485745993 470
1757662080944 0.3668889540514833 471
1757662081076 8.486001683610187 472
1757662081211 0.9027128535458874 473
1757662081343 0.337474511135416 474
1757662081479 1.8645096580438982 475
1757662081631 1.341188085871587 476
1757662081773 1.3496723367138375 477
1757662081908 1.5045320604652996 478
1757662082046 0.33797007943284446 479
1757662082185 0.486759351265968 480
1757662082323 0.9846070719478659 481
1757662082458 0.21995644363759678 482
1757662082590 0.8290573636826448 483
1757662082725 0.9759327836831425 484
1757662082857 0.3018967698219822 485
1757662082998 0.9171510228401752 486
1757662083129 0.3517428602797332 487
1757662083270 0.01847142024309828 488
1757662083410 1.1260991321330593 489
1757662083545 0.771614294560539 490
1757662083678 0.5203612229723906 491
1757662083815 0.12144493865723356 492
1757662083950 0.10234655886510431 493
1757662084084 0.020088852187619136 494
1757662084220 0.00044920222370848116 495
1757662084352 0.011275022281019544 496
1757662084489 0.2391369576380101 497
1757662084622 0.16222988259859453 498
1757662084764 0.00020145452054869253 499
