1757435366453 169.31574275579288 0
1757435366511 169.05931132675795 1
1757435366575 168.93141572895476 2
1757435366636 168.80356862953045 3
1757435366692 168.67583178332595 4
1757435366748 168.54820506065553 5
1757435366798 168.42068836172413 6
1757435366852 168.29328158681557 7
1757435366910 168.16598463630643 8
1757435366966 168.03879741066632 9
1757435367021 167.91171981045775 10
1757435367078 167.78475173633586 11
1757435367135 167.65789308904837 12
1757435367192 167.53114376943566 13
1757435367252 167.40450367843056 14
1757435367312 167.2779727170581 15
1757435367378 167.1515507864359 16
1757435367441 167.02523778777353 17
1757435367505 166.89903362237277 18
1757435367568 166.77293819162742 19
1757435367633 166.64695139702323 20
1757435367704 166.52107314013776 21
1757435367766 166.39530332264036 22
1757435367834 166.26964184629202 23
1757435367900 166.14408861294538 24
1757435367966 166.01864352454456 25
1757435368028 165.89330648312506 26
1757435368081 165.76807739081377 27
1757435368140 165.64295614982885 28
1757435368198 165.51794266247947 29
1757435368251 165.39303683116603 30
1757435368309 165.26823855837975 31
1757435368366 165.14354774670298 32
1757435368424 165.01896429880864 33
1757435368485 164.89448811746058 34
1757435368544 164.77011910551312 35
1757435368600 164.64585716591122 36
1757435368655 164.52170220169037 37
1757435368709 164.39765411597628 38
1757435368763 164.27371281198515 39
1757435368817 164.1498781930232 40
1757435368873 164.02615016248694 41
1757435368936 163.90252862386285 42
1757435368990 163.77901348072726 43
1757435369053 163.65560463674666 44
1757435369111 163.532301995677 45
1757435369163 163.4091054613642 46
1757435369221 163.28601493774357 47
1757435369278 163.1630303288401 48
1757435369337 163.04015153876819 49
1757435369389 162.91737847173158 50
1757435369450 162.79471103202334 51
1757435369510 162.67214912402568 52
1757435369569 162.5496926522099 53
1757435369621 162.42734152113636 54
1757435369665 162.30509563545442 55
1757435369712 162.18295489990217 56
1757435369765 162.0609192193066 57
1757435369817 161.93898849858329 58
1757435369869 161.81716264273643 59
1757435369921 161.69544155685878 60
1757435369971 161.57382514613155 61
1757435370019 161.45231331582423 62
1757435370077 161.3309059712946 63
1757435370133 161.20960301798868 64
1757435370192 161.08840436144052 65
1757435370247 160.9673099072722 66
1757435370308 160.84631956119384 67
1757435370372 160.72543322900324 68
1757435370431 160.60465081658612 69
1757435370488 160.48397222991576 70
1757435370542 160.36339737505315 71
1757435370595 160.2429261581467 72
1757435370651 160.12255848543242 73
1757435370708 160.00229426323344 74
1757435370762 159.88213339796033 75
1757435370817 159.76207579611082 76
1757435370872 159.6421213642697 77
1757435370927 159.5222700091089 78
1757435370988 159.4025216373871 79
1757435371051 159.28287615594996 80
1757435371112 159.16333347173 81
1757435371171 159.04389349174622 82
1757435371227 158.92455612310442 83
1757435371282 158.80532127299682 84
1757435371339 158.68618884870216 85
1757435371398 158.56715875758547 86
1757435371455 158.44823090709815 87
1757435371516 158.3294052047778 88
1757435371580 158.21068155824804 89
1757435371641 158.09205987521867 90
1757435371699 157.97354006348527 91
1757435371759 157.85512203092955 92
1757435371818 157.73680568551876 93
1757435371877 157.61859093530603 94
1757435371937 157.50047768843007 95
1757435372000 157.3824658531151 96
1757435372044 157.2645553376709 97
1757435372100 157.14674605049262 98
1757435372154 157.02903790006067 99
1757435372209 156.91143079494074 100
1757435372268 156.79392464378364 101
1757435372324 156.67651935532524 102
1757435372382 156.55921483838645 103
1757435372438 156.44201100187303 104
1757435372493 156.3249077547756 105
1757435372553 156.2079050061695 106
1757435372613 156.09100266521483 107
1757435372670 155.97420064115616 108
1757435372730 155.85749884332253 109
1757435372795 155.74089718112765 110
1757435372858 155.6243955640693 111
1757435372916 155.50799390172963 112
1757435372975 155.3916921037751 113
1757435373034 155.27549007995609 114
1757435373091 155.15938774010706 115
1757435373148 155.04338499414652 116
1757435373211 154.92748175207672 117
1757435373273 154.81167792398378 118
1757435373335 154.69597342003746 119
1757435373400 154.5803681504913 120
1757435373464 154.46486202568218 121
1757435373528 154.34945495603063 122
1757435373593 154.2341468520405 123
1757435373659 154.1189376242989 124
1757435373728 154.00382718347632 125
1757435373791 153.88881544032628 126
1757435373860 153.77390230568548 127
1757435373926 153.6590876904735 128
1757435373995 153.5443715056929 129
1757435374052 153.42975366242925 130
1757435374111 153.31523407185054 131
1757435374169 153.20081264520772 132
1757435374229 153.0864892938343 133
1757435374288 152.97226392914618 134
1757435374348 152.8581364626419 135
1757435374407 152.74410680590228 136
1757435374466 152.63017487059042 137
1757435374528 152.51634056845174 138
1757435374590 152.40260381131367 139
1757435374649 152.2889645110858 140
1757435374708 152.1754225797596 141
1757435374770 152.06197792940858 142
1757435374834 151.948630472188 143
1757435374897 151.83538012033492 144
1757435374962 151.72222678616802 145
1757435375025 151.6091703820876 146
1757435375087 151.49621082057553 147
1757435375152 151.383348014195 148
1757435375217 151.27058187559072 149
1757435375282 151.1579123174886 150
1757435375347 151.0453392526958 151
1757435375411 150.93286259410058 152
1757435375477 150.82048225467227 153
1757435375543 150.70819814746122 154
1757435375613 150.59601018559866 155
1757435375679 150.48391828229663 156
1757435375746 150.37192235084797 157
1757435375812 150.26002230462618 158
1757435375877 150.1482180570853 159
1757435375946 150.03650952176 160
1757435376017 149.92489661226534 161
1757435376078 149.81337924229675 162
1757435376139 149.70195732562996 163
1757435376199 149.59063077612092 164
1757435376257 149.47939950770578 165
1757435376319 149.3682634344007 166
1757435376378 149.25722247030174 167
1757435376435 149.14627652958515 168
1757435376494 149.0354255265067 169
1757435376557 148.92466937540223 170
1757435376616 148.814007990687 171
1757435376679 148.70344128685605 172
1757435376736 148.5929691784839 173
1757435376794 148.4825915802246 174
1757435376854 148.37230840681153 175
1757435376915 148.26211957305733 176
1757435376979 148.15202499385404 177
1757435377046 148.04202458417274 178
1757435377108 147.9321182590636 179
1757435377169 147.82230593365588 180
1757435377233 147.7125875231578 181
1757435377296 147.60296294285624 182
1757435377359 147.4934321081171 183
1757435377422 147.3839949343849 184
1757435377484 147.2746513371829 185
1757435377545 147.16540123211266 186
1757435377606 147.0562445348546 187
1757435377664 146.9471811611673 188
1757435377723 146.83821102688776 189
1757435377782 146.72933404793125 190
1757435377838 146.62055014029133 191
1757435377899 146.5118592200395 192
1757435377963 146.40326120332543 193
1757435378029 146.29475600637673 194
1757435378089 146.18634354549897 195
1757435378150 146.07802373707548 196
1757435378212 145.96979649756736 197
1757435378275 145.86166174351342 198
1757435378340 145.75361939152998 199
1757435378403 145.64566935831107 200
1757435378465 145.53781156062809 201
1757435378529 145.43004591532974 202
1757435378596 145.32237233934214 203
1757435378660 145.21479074966868 204
1757435378727 145.1073010633898 205
1757435378795 144.99990319766312 206
1757435378862 144.8925970697233 207
1757435378925 144.78538259688187 208
1757435378992 144.6782596965273 209
1757435379059 144.57122828612486 210
1757435379124 144.46428828321655 211
1757435379190 144.35743960542095 212
1757435379257 144.25068217043338 213
1757435379321 144.1440158960255 214
1757435379387 144.0374407000456 215
1757435379463 143.93095650041818 216
1757435379530 143.82456321514414 217
1757435379595 143.7182607623005 218
1757435379660 143.61204906004056 219
1757435379722 143.50592802659358 220
1757435379772 143.39989758026496 221
1757435379832 143.29395763943594 222
1757435379894 143.1881081225637 223
1757435379958 143.08234894818105 224
1757435380019 142.97668003489673 225
1757435380076 142.87110130139504 226
1757435380124 142.76561266643583 227
1757435380184 142.66021404885453 228
1757435380246 142.5549053675619 229
1757435380310 142.44968654154422 230
1757435380373 142.34455748986292 231
1757435380438 142.2395181316547 232
1757435380503 142.13456838613152 233
1757435380568 142.0297081725802 234
1757435380634 141.92493741036273 235
1757435380700 141.82025601891604 236
1757435380766 141.71566391775184 237
1757435380833 141.6111610264567 238
1757435380901 141.50674726469197 239
1757435380968 141.4024225521935 240
1757435381043 141.29818680877185 241
1757435381112 141.1940399543121 242
1757435381180 141.08998190877364 243
1757435381253 140.9860125921904 244
1757435381321 140.88213192467057 245
1757435381385 140.77833982639652 246
1757435381450 140.67463621762477 247
1757435381515 140.57102101868603 248
1757435381582 140.46749414998493 249
1757435381648 140.36405553200015 250
1757435381715 140.2607050852842 251
1757435381784 140.15744273046337 252
1757435381860 140.05426838823777 253
1757435381927 139.95118197938115 254
1757435381991 139.84818342474085 255
1757435382057 139.74527264523775 256
1757435382119 139.64244956186621 257
1757435382181 139.539714095694 258
1757435382245 139.43706616786218 259
1757435382309 139.3345056995851 260
1757435382370 139.23203261215022 261
1757435382436 139.12964682691828 262
1757435382500 139.0273482653229 263
1757435382557 138.9251368488708 264
1757435382622 138.82301249914156 265
1757435382687 138.72097513778758 266
1757435382749 138.6190246865341 267
1757435382810 138.51716106717896 268
1757435382875 138.4153842015928 269
1757435382940 138.31369401171864 270
1757435383001 138.21209041957218 271
1757435383063 138.11057334724143 272
1757435383129 138.0091427168868 273
1757435383190 137.90779845074098 274
1757435383257 137.8065404711089 275
1757435383322 137.70536870036767 276
1757435383383 137.60428306096645 277
1757435383444 137.50328347542646 278
1757435383509 137.40236986634082 279
1757435383573 137.30154215637458 280
1757435383643 137.2008002682646 281
1757435383709 137.10014412481948 282
1757435383775 136.99957364891952 283
1757435383841 136.8990887635166 284
1757435383910 136.79868939163418 285
1757435383975 136.69837545636716 286
1757435384044 136.59814688088193 287
1757435384114 136.49800358841614 288
1757435384175 136.39794550227873 289
1757435384241 136.29797254584992 290
1757435384306 136.198084642581 291
1757435384370 136.0982817159943 292
1757435384433 135.9985636896833 293
1757435384495 135.89893048731227 294
1757435384561 135.79938203261642 295
1757435384626 135.6999182494018 296
1757435384692 135.60053906154513 297
1757435384756 135.50124439299387 298
1757435384824 135.402034167766 299
1757435384893 135.3029083099501 300
1757435384962 135.2038667437053 301
1757435385029 135.10490939326095 302
1757435385100 135.00603618291686 303
1757435385167 134.90724703704313 304
1757435385238 134.80854188007999 305
1757435385306 134.7099206365379 306
1757435385375 134.6113832309973 307
1757435385443 134.51292958810865 308
1757435385510 134.41455963259244 309
1757435385581 134.316273289239 310
1757435385649 134.21807048290836 311
1757435385719 134.11995113853052 312
1757435385790 134.0219151811049 313
1757435385864 133.9239625357007 314
1757435385936 133.82609312745663 315
1757435386004 133.7283068815808 316
1757435386076 133.63060372335096 317
1757435386143 133.53298357811394 318
1757435386203 133.43544637128596 319
1757435386271 133.33799202835257 320
1757435386339 133.24062047486822 321
1757435386407 133.14333163645674 322
1757435386476 133.04612543881078 323
1757435386550 132.94900180769204 324
1757435386617 132.85196066893104 325
1757435386687 132.7550019484272 326
1757435386754 132.65812557214866 327
1757435386823 132.5613314661323 328
1757435386892 132.46461955648354 329
1757435386960 132.36798976937652 330
1757435387028 132.27144203105374 331
1757435387099 132.17497626782614 332
1757435387169 132.07859240607317 333
1757435387238 131.98229037224252 334
1757435387306 131.88607009285 335
1757435387376 131.7899314944798 336
1757435387443 131.6938745037841 337
1757435387510 131.59789904748317 338
1757435387577 131.50200505236526 339
1757435387647 131.40619244528654 340
1757435387713 131.31046115317108 341
1757435387779 131.21481110301067 342
1757435387848 131.1192422218649 343
1757435387918 131.02375443686094 344
1757435387986 130.92834767519372 345
1757435388054 130.8330218641255 346
1757435388125 130.73777693098617 347
1757435388189 130.64261280317302 348
1757435388251 130.54752940815058 349
1757435388322 130.4525266734508 350
1757435388395 130.35760452667273 351
1757435388463 130.26276289548267 352
1757435388528 130.168001707614 353
1757435388598 130.07332089086708 354
1757435388667 129.97872037310924 355
1757435388737 129.8842000822748 356
1757435388803 129.78975994636482 357
1757435388872 129.6953998934472 358
1757435388941 129.6011198516565 359
1757435389011 129.50691974919397 360
1757435389077 129.4127995143275 361
1757435389144 129.3187590753914 362
1757435389211 129.22479836078648 363
1757435389277 129.13091729897997 364
1757435389344 129.03711581850544 365
1757435389413 128.94339384796274 366
1757435389485 128.84975131601792 367
1757435389555 128.7561881514031 368
1757435389624 128.66270428291665 369
1757435389695 128.56929963942287 370
1757435389765 128.475974149852 371
1757435389834 128.38272774320023 372
1757435389903 128.28956034852953 373
1757435389975 128.19647189496777 374
1757435390043 128.10346231170834 375
1757435390110 128.0105315280105 376
1757435390181 127.91767947319892 377
1757435390239 127.8249060766639 378
1757435390302 127.73221126786115 379
1757435390367 127.63959497631183 380
1757435390435 127.54705713160244 381
1757435390499 127.45459766338472 382
1757435390560 127.36221650137563 383
1757435390612 127.26991357535738 384
1757435390671 127.1776888151771 385
1757435390741 127.0855421507472 386
1757435390809 126.99347351204479 387
1757435390878 126.90148282911211 388
1757435390947 126.80957003205614 389
1757435391020 126.71773505104868 390
1757435391087 126.62597781632623 391
1757435391156 126.53429825819002 392
1757435391223 126.44269630700586 393
1757435391294 126.35117189320404 394
1757435391366 126.25972494727942 395
1757435391435 126.16835539979127 396
1757435391508 126.07706318136314 397
1757435391577 125.98584822268303 398
1757435391647 125.89471045450304 399
1757435391731 125.80364980763952 400
1757435391804 125.71266621297293 401
1757435391878 125.62175960144782 402
1757435391949 125.53092990407268 403
1757435392022 125.4401770519199 404
1757435392094 125.34950097612592 405
1757435392160 125.25890160789086 406
1757435392226 125.16837887847856 407
1757435392288 125.07793271921672 408
1757435392357 124.98756306149653 409
1757435392422 124.89726983677284 410
1757435392489 124.80705297656398 411
1757435392561 124.7169124124517 412
1757435392631 124.62684807608129 413
1757435392701 124.53685989916119 414
1757435392769 124.44694781346327 415
1757435392840 124.35711175082253 416
1757435392909 124.26735164313713 417
1757435392979 124.17766742236842 418
1757435393049 124.08805902054065 419
1757435393120 123.99852636974121 420
1757435393190 123.90906940212025 421
1757435393259 123.81968804989091 422
1757435393328 123.73038224532903 423
1757435393403 123.6411519207733 424
1757435393472 123.55199700862497 425
1757435393543 123.46291744134804 426
1757435393628 123.37391315146894 427
1757435393702 123.28498407157677 428
1757435393775 123.19613013432289 429
1757435393847 123.10735127242123 430
1757435393918 123.01864741864789 431
1757435393988 122.93001850584137 432
1757435394057 122.84146446690232 433
1757435394128 122.75298523479356 434
1757435394201 122.6645807425399 435
1757435394268 122.57625092322839 436
1757435394339 122.48799571000794 437
1757435394409 122.3998150360893 438
1757435394479 122.31170883474523 439
1757435394550 122.22367703931022 440
1757435394621 122.13571958318052 441
1757435394692 122.04783639981406 442
1757435394763 121.96002742273033 443
1757435394834 121.87229258551056 444
1757435394908 121.7846318217973 445
1757435394975 121.69704506529466 446
1757435395045 121.60953224976815 447
1757435395115 121.52209330904455 448
1757435395185 121.43472817701198 449
1757435395257 121.34743678761976 450
1757435395329 121.26021907487836 451
1757435395398 121.1730749728594 452
1757435395468 121.08600441569547 453
1757435395539 120.99900733758027 454
1757435395612 120.91208367276825 455
1757435395684 120.82523335557498 456
1757435395754 120.73845632037661 457
1757435395824 120.65175250161019 458
1757435395895 120.56512183377349 459
1757435395988 120.47856425142481 460
1757435396061 120.39207968918313 461
1757435396129 120.30566808172794 462
1757435396201 120.2193293637992 463
1757435396274 120.13306347019731 464
1757435396342 120.04687033578298 465
1757435396414 119.96074989547724 466
1757435396484 119.87470208426146 467
1757435396556 119.78872683717702 468
1757435396630 119.70282408932562 469
1757435396702 119.61699377586888 470
1757435396774 119.5312358320286 471
1757435396845 119.44555019308638 472
1757435396919 119.35993679438383 473
1757435396994 119.27439557132236 474
1757435397065 119.18892645936323 475
1757435397143 119.1035293940274 476
1757435397215 119.0182043108955 477
1757435397286 118.9329511456078 478
1757435397357 118.84776983386416 479
1757435397428 118.7626603114239 480
1757435397499 118.67762251410585 481
1757435397573 118.59265637778819 482
1757435397649 118.50776183840853 483
1757435397721 118.42293883196365 484
1757435397812 118.33818729450965 485
1757435397884 118.25350716216177 486
1757435397961 118.16889837109434 487
1757435398044 118.08436085754087 488
1757435398116 117.99989455779378 489
1757435398186 117.91549940820444 490
1757435398257 117.83117534518315 491
1757435398329 117.74692230519905 492
1757435398393 117.6627402247801 493
1757435398462 117.57862904051288 494
1757435398531 117.49458868904279 495
1757435398602 117.41061910707379 496
1757435398676 117.32672023136834 497
1757435398746 117.24289199874747 498
1757435398819 117.15913434609072 499
