1757666346578 170.50458759695613 0
1757666346673 165.0969023789958 1
1757666346770 158.03699909702988 2
1757666346868 169.83781741191035 3
1757666346962 159.54735781929114 4
1757666347050 154.20172008341694 5
1757666347138 146.358297902293 6
1757666347218 165.8917941250087 7
1757666347321 150.69190536298171 8
1757666347417 145.44826756387545 9
1757666347515 147.6703864090049 10
1757666347611 150.90052709616552 11
1757666347699 140.20229321159104 12
1757666347799 139.89340696133297 13
1757666347888 143.46665772805022 14
1757666347980 138.5476412388042 15
1757666348075 132.95574725750598 16
1757666348170 133.3650715243114 17
1757666348267 131.62696664425067 18
1757666348363 127.46409078961639 19
1757666348465 119.41002120858658 20
1757666348566 124.1442615615569 21
1757666348665 122.89115952533244 22
1757666348760 122.97197358135608 23
1757666348859 115.25065145211748 24
1757666348958 122.62340765437588 25
1757666349062 117.11631641064557 26
1757666349156 116.00712346106026 27
1757666349253 114.9958702138876 28
1757666349350 114.0687002137241 29
1757666349450 111.95388806481921 30
1757666349548 109.62559864662774 31
1757666349645 114.63358584593263 32
1757666349742 105.85418263528747 33
1757666349833 106.2995640914132 34
1757666349922 102.61197242767872 35
1757666350010 101.01817434457652 36
1757666350101 103.36933995508035 37
1757666350201 94.4626289190064 38
1757666350299 94.44084965113346 39
1757666350401 93.9472380883963 40
1757666350497 92.28399955585769 41
1757666350594 90.89127042946077 42
1757666350689 86.46117116751597 43
1757666350784 89.39532639208085 44
1757666350880 91.07505446264068 45
1757666350979 85.00160010152473 46
1757666351077 89.0276244870108 47
1757666351175 86.34551622943604 48
1757666351272 82.98421373825157 49
1757666351368 81.28138075716984 50
1757666351467 81.92196706661662 51
1757666351563 83.92789258797634 52
1757666351667 81.53657659268679 53
1757666351767 78.11646303454063 54
1757666351863 72.01579939381372 55
1757666351952 75.27669118660512 56
1757666352042 74.03787450826535 57
1757666352133 70.91551936814918 58
1757666352229 72.06983317563743 59
1757666352326 74.0561288224122 60
1757666352417 72.02077303413137 61
1757666352512 72.88135110329829 62
1757666352609 71.2333248660768 63
1757666352706 66.6886338522045 64
1757666352801 65.63591978216193 65
1757666352898 68.36651663347642 66
1757666352995 66.60900547317486 67
1757666353091 64.72758583346888 68
1757666353186 65.84574274843013 69
1757666353284 58.725994974161736 70
1757666353381 61.94746454922391 71
1757666353479 60.09076722807333 72
1757666353579 60.76763869560466 73
1757666353677 56.618919189596525 74
1757666353775 60.93633169299075 75
1757666353874 56.80089259607355 76
1757666353962 53.59808343967867 77
1757666354049 52.82365000861812 78
1757666354143 54.439957161057194 79
1757666354237 53.56630961297192 80
1757666354334 50.20662812810973 81
1757666354430 53.898999446803465 82
1757666354528 53.015763110379126 83
1757666354625 50.35879425210041 84
1757666354733 49.25809111279299 85
1757666354831 47.91198891907382 86
1757666354930 49.19678975936758 87
1757666355029 51.92519719149713 88
1757666355125 51.23832089103435 89
1757666355221 49.34332500393701 90
1757666355318 46.12060948918726 91
1757666355416 45.377147227577744 92
1757666355514 43.888987975757956 93
1757666355613 44.79496888820722 94
1757666355711 46.357859708241 95
1757666355809 42.734457986079214 96
1757666355916 42.48812453124795 97
1757666356005 50.77666686759563 98
1757666356098 44.01331587850187 99
1757666356194 43.65653779973026 100
1757666356289 39.62480984057192 101
1757666356383 40.89762636350654 102
1757666356479 42.010268513331994 103
1757666356580 37.97400171455443 104
1757666356679 38.91221045554561 105
1757666356780 38.193073946527036 106
1757666356878 38.940054385783114 107
1757666356976 41.97243660787981 108
1757666357072 38.38658061215 109
1757666357173 38.67373340081243 110
1757666357278 36.06837546965508 111
1757666357380 33.557855138681575 112
1757666357477 32.63961199567648 113
1757666357576 35.667440008960824 114
1757666357671 30.956418446233993 115
1757666357772 35.8378506909886 116
1757666357869 33.71762708950804 117
1757666357962 33.097186139738696 118
1757666358052 32.86510100449344 119
1757666358144 30.518412010536473 120
1757666358236 33.112940201467325 121
1757666358329 32.42413156504384 122
1757666358421 30.625421510403704 123
1757666358516 30.9711381504592 124
1757666358615 30.087081539765194 125
1757666358711 32.810245535903846 126
1757666358809 30.502349043811755 127
1757666358908 28.61765704616213 128
1757666359005 27.243120046032185 129
1757666359104 31.155011650733595 130
1757666359201 31.668689508826155 131
1757666359302 26.930350035977664 132
1757666359403 28.850133990999304 133
1757666359499 28.082673957354732 134
1757666359596 23.92411527468731 135
1757666359697 28.768352625939414 136
1757666359794 24.774162841400965 137
1757666359892 24.788454988323064 138
1757666359984 24.774720809797245 139
1757666360076 25.101601698715463 140
1757666360170 28.91068814147551 141
1757666360268 28.05295932059444 142
1757666360366 22.956494525294527 143
1757666360463 25.455558871455967 144
1757666360561 24.331606062307706 145
1757666360659 21.898635847024394 146
1757666360756 25.12137824950611 147
1757666360852 23.571403238287324 148
1757666360952 22.975989242429996 149
1757666361076 21.05421245182484 150
1757666361174 22.079528604341455 151
1757666361269 20.369116115484434 152
1757666361369 22.48443169910758 153
1757666361465 21.61930912942497 154
1757666361561 22.08481090805996 155
1757666361661 20.424980155050505 156
1757666361756 23.886154487481278 157
1757666361854 19.82455530317091 158
1757666361952 20.876475147969984 159
1757666362041 19.655976202247885 160
1757666362130 19.71948742307709 161
1757666362223 16.32950430826692 162
1757666362317 19.94635349050511 163
1757666362418 16.54465977965501 164
1757666362519 22.36820713747192 165
1757666362618 22.18571775235933 166
1757666362716 19.137418285556876 167
1757666362815 16.3249935046148 168
1757666362916 18.597366241172878 169
1757666363014 15.873392377925322 170
1757666363114 16.476880295963305 171
1757666363213 14.95089630609263 172
1757666363309 15.530727209385713 173
1757666363382 15.135178087369187 174
1757666363479 16.37437066771664 175
1757666363575 16.761211323378305 176
1757666363670 17.00194418907079 177
1757666363767 13.758323236140079 178
1757666363866 16.730360570751724 179
1757666363967 16.338285723922475 180
1757666364056 13.425473537842201 181
1757666364147 13.694998448300833 182
1757666364245 13.684370275364255 183
1757666364337 16.806712588280895 184
1757666364433 16.87883198840088 185
1757666364526 16.19061681426532 186
1757666364611 12.923570917663524 187
1757666364709 13.95325421540442 188
1757666364811 15.08632780292733 189
1757666364911 14.142412600812705 190
1757666365010 13.722529177364112 191
1757666365112 14.335721189868945 192
1757666365214 14.560806512131379 193
1757666365315 12.598812087164417 194
1757666365424 14.512600088442811 195
1757666365530 13.038293513021799 196
1757666365633 11.699744770534473 197
1757666365733 12.575915392071295 198
1757666365836 11.49840234127494 199
1757666365932 12.63288311839542 200
1757666366035 13.600204586759862 201
1757666366130 13.00217872423113 202
1757666366233 11.879929391829052 203
1757666366333 11.076699911763114 204
1757666366433 12.519093144759834 205
1757666366534 11.753416631546912 206
1757666366633 10.521206743201283 207
1757666366731 10.345597935046786 208
1757666366834 13.141925017787836 209
1757666366931 12.16213815656753 210
1757666367033 10.098975731895038 211
1757666367132 13.091649039760663 212
1757666367234 9.376892932410433 213
1757666367342 8.291264140200976 214
1757666367446 11.09261896383478 215
1757666367553 12.67039244068858 216
1757666367656 9.368322490027605 217
1757666367756 9.589885317707413 218
1757666367857 8.5638168017149 219
1757666367957 8.754298868787167 220
1757666368060 9.21461566181677 221
1757666368153 9.825444101311323 222
1757666368249 10.602639264860452 223
1757666368348 10.118727998251913 224
1757666368447 9.280142633646882 225
1757666368544 8.098779254229035 226
1757666368643 8.568841123788435 227
1757666368745 10.127006927445494 228
1757666368844 10.731493417105488 229
1757666368945 8.856577526991149 230
1757666369048 6.633377480721384 231
1757666369145 8.222054032221084 232
1757666369246 8.522900841427315 233
1757666369346 9.969033393860625 234
1757666369454 10.580278925127391 235
1757666369555 7.3680164305661595 236
1757666369653 8.161056043682716 237
1757666369754 9.60311559166782 238
1757666369855 6.677239506858313 239
1757666369954 7.5077993579153555 240
1757666370058 7.064159729988864 241
1757666370151 7.96807407469993 242
1757666370250 7.677293041686425 243
1757666370348 8.386711343159899 244
1757666370450 9.947475531064466 245
1757666370551 8.011514408326383 246
1757666370651 7.877621589303626 247
1757666370751 6.900614723174226 248
1757666370854 7.42499740936307 249
1757666370953 8.60296171832554 250
1757666371055 8.008363828404333 251
1757666371156 7.29844311155907 252
1757666371257 5.834526050868746 253
1757666371355 7.228787076758336 254
1757666371455 8.224488415739351 255
1757666371553 6.220995149171971 256
1757666371654 6.1230989694266444 257
1757666371757 6.2188082984808855 258
1757666371859 6.312159912961807 259
1757666371959 6.940378995022827 260
1757666372060 7.0292766860203395 261
1757666372153 8.52576373698882 262
1757666372250 5.388263355622829 263
1757666372350 4.922893792589326 264
1757666372450 6.279557254601712 265
1757666372553 7.663600994541166 266
1757666372654 9.169805612950329 267
1757666372755 4.859357061591158 268
1757666372857 5.773450929035639 269
1757666372958 6.689366332920823 270
1757666373061 5.412268422690593 271
1757666373162 9.109705730151116 272
1757666373263 8.253937902290177 273
1757666373366 5.98210185889316 274
1757666373468 6.847575449394602 275
1757666373568 4.051865029871987 276
1757666373672 5.253133523758526 277
1757666373773 5.933044885986899 278
1757666373876 8.503681475010954 279
1757666373979 5.500350721893272 280
1757666374079 7.8682406571892525 281
1757666374173 6.09798120877417 282
1757666374270 8.192819178632213 283
1757666374371 4.315489388817351 284
1757666374471 5.947481809311729 285
1757666374571 5.0719816579316515 286
1757666374675 6.748253131519185 287
1757666374787 4.965874495313406 288
1757666374889 5.760785535284094 289
1757666374992 6.99678550859163 290
1757666375094 3.5678934138235894 291
1757666375195 6.907093031455141 292
1757666375298 4.33668019341427 293
1757666375399 4.921539569280839 294
1757666375500 5.3602421871279144 295
1757666375602 4.718472372466623 296
1757666375704 4.171709585756986 297
1757666375806 5.097597629742255 298
1757666375923 4.072146726383256 299
1757666376048 6.787806588925229 300
1757666376150 5.091854972016026 301
1757666376243 4.357719738162694 302
1757666376341 5.097149769213445 303
1757666376444 3.616915862008191 304
1757666376548 5.715815877406144 305
1757666376650 3.004716210774845 306
1757666376755 4.024491162544768 307
1757666376857 4.049998924755254 308
1757666376961 4.313716417745544 309
1757666377062 4.666009079845659 310
1757666377164 5.151413858615556 311
1757666377278 4.736295705956479 312
1757666377386 6.982780278038515 313
1757666377489 4.022040189110848 314
1757666377594 4.535220123236235 315
1757666377700 5.310826860044689 316
1757666377822 4.637843849275728 317
1757666377928 4.7751906497148395 318
1757666378031 4.240128196698235 319
1757666378134 4.139099908959647 320
1757666378233 5.869489693974712 321
1757666378330 4.656104752624802 322
1757666378432 5.929978660326851 323
1757666378534 4.70569564730377 324
1757666378638 13.578007861176564 325
1757666378740 4.061203304432459 326
1757666378845 4.901476564628564 327
1757666378949 6.566548665238237 328
1757666379054 2.118047461832369 329
1757666379159 4.8736331738478365 330
1757666379264 4.145517006475304 331
1757666379368 3.446223295960158 332
1757666379473 3.7701752451145865 333
1757666379576 3.696047715685169 334
1757666379682 4.6313062509965 335
1757666379787 3.5443150120185836 336
1757666379888 3.227563011792189 337
1757666379991 2.6468473751159647 338
1757666380095 5.194321969720633 339
1757666380202 6.390538985065329 340
1757666380294 3.2167619931835176 341
1757666380391 3.0856951446945757 342
1757666380493 3.18952626988648 343
1757666380597 2.959972249356514 344
1757666380703 5.095135202897362 345
1757666380803 3.3698655598051466 346
1757666380908 2.4477790447927354 347
1757666381015 2.5970196026375083 348
1757666381132 2.8773956585759715 349
1757666381240 2.665635654235306 350
1757666381349 4.336760068546898 351
1757666381453 3.322846457510105 352
1757666381558 4.265510903333323 353
1757666381660 5.278546644380197 354
1757666381768 4.02621994533987 355
1757666381882 4.871635952579578 356
1757666381993 4.55929497124143 357
1757666382096 4.788116850746928 358
1757666382202 4.8117391938617855 359
1757666382299 3.407790031262454 360
1757666382397 4.522453158689775 361
1757666382501 4.4259385049527875 362
1757666382606 4.840951879893019 363
1757666382710 4.8822023496868665 364
1757666382816 3.1916020096053 365
1757666382921 2.921641230086405 366
1757666383028 3.2018564004804313 367
1757666383131 3.7164551080932324 368
1757666383238 3.458600991346307 369
1757666383348 2.382579690734751 370
1757666383464 3.2519251246133893 371
1757666383580 4.584364359197499 372
1757666383694 2.870175720617415 373
1757666383804 3.4704725110272734 374
1757666383912 1.414147766735499 375
1757666384023 2.678837408270881 376
1757666384136 5.106478609263416 377
1757666384251 4.149172933849802 378
1757666384349 3.380779945321555 379
1757666384452 1.8155528073470508 380
1757666384551 3.0045003968702053 381
1757666384649 3.622656985032499 382
1757666384761 2.8649139602036064 383
1757666384870 3.7058665132892257 384
1757666384980 2.839912495040658 385
1757666385080 2.551686237108594 386
1757666385184 3.4045868707002063 387
1757666385289 3.5843304706700927 388
1757666385394 3.291291638552631 389
1757666385497 4.130772754123339 390
1757666385601 3.392745984994892 391
1757666385703 1.6857175979499064 392
1757666385815 2.763298899234209 393
1757666385921 2.2917132305364247 394
1757666386053 2.8761176449620445 395
1757666386201 5.6602765282829886 396
1757666386304 2.6840580659784212 397
1757666386405 3.02795119613673 398
1757666386512 2.5511184113084227 399
1757666386621 2.2537006975994602 400
1757666386725 3.6050124110048793 401
1757666386832 1.8130200352341908 402
1757666386940 3.650646872092749 403
1757666387047 2.369429884654456 404
1757666387155 3.9086360494335364 405
1757666387267 2.7155737050113626 406
1757666387380 1.5874405830185419 407
1757666387485 2.5732658363326846 408
1757666387590 1.95421161167996 409
1757666387699 2.415826783024664 410
1757666387803 2.4455911931395766 411
1757666387911 4.425793066499293 412
1757666388018 3.2846089714313216 413
1757666388121 2.107805981659557 414
1757666388229 1.997191798054465 415
1757666388331 2.5500393865996487 416
1757666388431 2.2553950734449613 417
1757666388530 2.123188969027049 418
1757666388634 1.6772944704682147 419
1757666388741 1.9082976089848236 420
1757666388850 2.294778136790131 421
1757666388956 3.1975537291888676 422
1757666389066 3.5329396986220347 423
1757666389171 2.2075285019660313 424
1757666389280 1.626326713446187 425
1757666389386 4.823113924299413 426
1757666389495 1.4333060740297388 427
1757666389601 3.463716643115928 428
1757666389707 1.6399458546171328 429
1757666389815 11.379829922154743 430
1757666389921 2.485250171775939 431
1757666390029 1.607110442231459 432
1757666390135 1.694425127780184 433
1757666390245 3.005728008354907 434
1757666390353 2.749286807714441 435
1757666390453 2.0695824348851284 436
1757666390555 2.3191923503775933 437
1757666390658 2.114649339611856 438
1757666390767 2.1952226365629786 439
1757666390877 5.34091910378046 440
1757666390985 2.285231347219618 441
1757666391111 3.4446369064182916 442
1757666391221 2.63541474420442 443
1757666391329 3.451398455418016 444
1757666391435 2.4906791288748957 445
1757666391542 3.5299724221584414 446
1757666391649 4.63354479567356 447
1757666391754 2.9343489970753365 448
1757666391859 3.0967978666475133 449
1757666391967 1.4612582914798526 450
1757666392074 2.52079619243975 451
1757666392181 1.5220330029422233 452
1757666392289 3.2262953657896154 453
1757666392392 3.4753995439152363 454
1757666392494 1.6063006774539095 455
1757666392603 2.4242995465112553 456
1757666392708 5.036331267517713 457
1757666392815 2.1850200721770507 458
1757666392925 1.7803107182401088 459
1757666393035 2.6592190722947064 460
1757666393140 2.134916770209327 461
1757666393249 2.307894967470415 462
1757666393358 1.359552320164438 463
1757666393466 2.5934000591104187 464
1757666393574 2.096479343758049 465
1757666393681 2.240908614213575 466
1757666393785 2.0605683985012195 467
1757666393890 1.2079935555473553 468
1757666393998 1.9233233551364777 469
1757666394104 2.206942454303735 470
1757666394213 2.874763584752876 471
1757666394321 2.7324235363489544 472
1757666394421 2.862899768566443 473
1757666394521 3.263492065526126 474
1757666394628 3.872621759546827 475
1757666394742 2.694010006486196 476
1757666394853 2.7476119188475963 477
1757666394960 2.054537603906448 478
1757666395066 2.8459528361386983 479
1757666395175 2.195742102830268 480
1757666395284 1.6028618601593736 481
1757666395393 2.531482031601934 482
1757666395501 2.9332145698645347 483
1757666395608 1.2028172633828491 484
1757666395718 2.8322855935687947 485
1757666395827 1.8621333237077384 486
1757666395935 3.4597206289684195 487
1757666396075 2.5161450843240973 488
1757666396187 1.3944167908174068 489
1757666396293 1.751290376756363 490
1757666396401 3.164742124835765 491
1757666396502 2.979741378734054 492
1757666396608 2.264783655651912 493
1757666396720 1.211942260942342 494
1757666396830 2.5615541786226546 495
1757666396955 2.239203367234049 496
1757666397070 1.9356258140144194 497
1757666397180 2.8461123162884783 498
1757666397292 1.8854246160316976 499
