1757445780063 169.15931359617025 0
1757445780138 167.8785194408531 1
1757445780209 166.60889772717897 2
1757445780278 165.35034824666306 3
1757445780345 164.1027717031368 4
1757445780412 162.86606970437745 5
1757445780479 161.64014475381484 6
1757445780547 160.42490024231407 7
1757445780609 159.2202404400344 8
1757445780675 158.02607048836273 9
1757445780742 156.8422963919218 10
1757445780807 155.66882501065143 11
1757445780873 154.50556405196332 12
1757445780935 153.35242206296755 13
1757445781001 152.20929986738847 14
1757445781065 151.0761248188174 15
1757445781131 149.95279082212434 16
1757445781197 148.83922678660943 17
1757445781264 147.73532829844729 18
1757445781330 146.6410257936098 19
1757445781398 145.5562165095135 20
1757445781466 144.48083238030313 21
1757445781536 143.4147806822529 22
1757445781594 142.35796954693714 23
1757445781653 141.310333103919 24
1757445781715 140.27177259030523 25
1757445781777 139.24222356487437 26
1757445781848 138.22158881498518 27
1757445781917 137.20980530193953 28
1757445781986 136.20677733566177 29
1757445782144 135.21244325377998 30
1757445782269 134.22670886159972 31
1757445782321 133.24951384736383 32
1757445782371 132.28076548506732 33
1757445782421 131.32040478833324 34
1757445782470 130.36834867700648 35
1757445782531 129.4245148348312 36
1757445782590 128.48884621764884 37
1757445782649 127.56125365710965 38
1757445782715 126.64168137337711 39
1757445782781 125.73004157712134 40
1757445782847 124.82627972919393 41
1757445782912 123.93030939470101 42
1757445782979 123.04207725198658 43
1757445783047 122.16149819645413 44
1757445783111 121.28852010117497 45
1757445783176 120.4230591681483 46
1757445783245 119.56506444282964 47
1757445783312 118.7144614126796 48
1757445783380 117.87117624773754 49
1757445783447 117.03515971148859 50
1757445783517 116.20633117107975 51
1757445783582 115.38464250831966 52
1757445783649 114.57001431732382 53
1757445783715 113.76239957729933 54
1757445783781 112.96172008749872 55
1757445783848 112.16792990399057 56
1757445783918 111.38095200972792 57
1757445783984 110.6007415174853 58
1757445784057 109.82723041401155 59
1757445784129 109.06035130685846 60
1757445784198 108.30006085732579 61
1757445784268 107.54628491591588 62
1757445784336 106.79898115186666 63
1757445784404 106.05807652736061 64
1757445784470 105.32352970069769 65
1757445784539 104.59526872599385 66
1757445784607 103.87325323208546 67
1757445784678 103.15741234563214 68
1757445784749 102.44770664782494 69
1757445784820 101.74406631882789 70
1757445784889 101.04645287434269 71
1757445784957 100.35480519049717 72
1757445785028 99.66906269864266 73
1757445785099 98.98918828395419 74
1757445785170 98.31511467885768 75
1757445785243 97.64680565986484 76
1757445785318 96.98419494893673 77
1757445785387 96.32724719721095 78
1757445785455 95.6758970986437 79
1757445785524 95.03011016259826 80
1757445785597 94.38982203780256 81
1757445785660 93.75499907574999 82
1757445785726 93.12557786302773 83
1757445785789 92.50152557746276 84
1757445785855 91.88278721861425 85
1757445785919 91.26930828287836 86
1757445785986 90.66105715904608 87
1757445786056 90.05797270590664 88
1757445786126 89.46002410036525 89
1757445786199 88.86715108224467 90
1757445786265 88.27932360177165 91
1757445786337 87.69648226422034 92
1757445786406 87.11859777862122 93
1757445786479 86.54561160039886 94
1757445786548 85.97749518313957 95
1757445786623 85.41419081739302 96
1757445786695 84.85567068731845 97
1757445786767 84.30187790383624 98
1757445786839 83.75278536795551 99
1757445786911 83.20834430497155 100
1757445786983 82.6685063775415 101
1757445787054 82.13324553721728 102
1757445787124 81.6025068825851 103
1757445787197 81.07626504884493 104
1757445787267 80.55446590537632 105
1757445787336 80.03708475817677 106
1757445787407 79.52406823382374 107
1757445787480 79.0153922965011 108
1757445787551 78.51100431663352 109
1757445787626 78.0108809042145 110
1757445787694 77.51497016040578 111
1757445787763 77.02324932886394 112
1757445787833 76.53567438835012 113
1757445787904 76.05220170948458 114
1757445787972 75.57280946457892 115
1757445788039 75.09744752537483 116
1757445788111 74.62609466845996 117
1757445788181 74.15870145225804 118
1757445788249 73.69524724625919 119
1757445788322 73.23568328348752 120
1757445788393 72.77998951517367 121
1757445788462 72.32811783707774 122
1757445788532 71.88004877121672 123
1757445788600 71.43573486443562 124
1757445788670 70.9951571987876 125
1757445788740 70.5582689607608 126
1757445788810 70.12505178189454 127
1757445788881 69.69546647595216 128
1757445788953 69.26947420217455 129
1757445789023 68.84705739741929 130
1757445789094 68.42817079812195 131
1757445789166 68.01279736510216 132
1757445789240 67.60089243598813 133
1757445789312 67.19243948568318 134
1757445789387 66.78739444246278 135
1757445789459 66.38574128561977 136
1757445789533 65.98743652372072 137
1757445789602 65.59246463093429 138
1757445789669 65.20078268594803 139
1757445789734 64.81237564847 140
1757445789799 64.42720802558931 141
1757445789865 64.04524463436233 142
1757445789935 63.66647114612212 143
1757445790005 63.29084602111001 144
1757445790079 62.918355393611094 145
1757445790134 62.54895825980802 146
1757445790190 62.18264120819643 147
1757445790255 61.81936376152558 148
1757445790324 61.459112953923196 149
1757445790394 61.10184882549851 150
1757445790464 60.747558847592714 151
1757445790534 60.39620356863341 152
1757445790607 60.047770888913675 153
1757445790680 59.70222185629983 154
1757445790764 59.35954479192929 155
1757445790841 59.0197079614177 156
1757445790914 58.682679904125195 157
1757445790987 58.348449558026 158
1757445791056 58.01697918132825 159
1757445791127 57.688258113236664 160
1757445791197 57.362249081553614 161
1757445791271 57.03894181912378 162
1757445791341 56.71829951515759 163
1757445791411 56.40031228869085 164
1757445791482 56.08494378230221 165
1757445791553 55.772184493908775 166
1757445791624 55.461998511561504 167
1757445791695 55.154376704885316 168
1757445791763 54.849283599648764 169
1757445791828 54.54671043014513 170
1757445791893 54.24662874755072 171
1757445791959 53.949010345036186 172
1757445792029 53.65384699142704 173
1757445792104 53.36110427331899 174
1757445792173 53.07077430717633 175
1757445792244 52.78282309124652 176
1757445792317 52.49724308304247 177
1757445792393 52.21400068531315 178
1757445792467 51.93308869015299 179
1757445792537 51.65447389778975 180
1757445792610 51.37814942855319 181
1757445792681 51.104082473252575 182
1757445792756 50.83226647422531 183
1757445792829 50.56266900608798 184
1757445792900 50.295283827074286 185
1757445792972 50.0300853614085 186
1757445793043 49.76704824746591 187
1757445793112 49.50616670655712 188
1757445793180 49.247409243524665 189
1757445793252 48.99077038079175 190
1757445793324 48.73621898423662 191
1757445793400 48.48374987167422 192
1757445793473 48.23333226377131 193
1757445793548 47.98496126812074 194
1757445793625 47.738606454041836 195
1757445793696 47.49426321339646 196
1757445793760 47.25190145812993 197
1757445793826 47.01151685896732 198
1757445793896 46.77307966456064 199
1757445793967 46.536585819193405 200
1757445794039 46.30201226028615 201
1757445794114 46.06933611498064 202
1757445794189 45.838553728610414 203
1757445794262 45.60963616594119 204
1757445794338 45.382580033032816 205
1757445794410 45.157356711458206 206
1757445794482 44.93396306303827 207
1757445794555 44.71237078069326 208
1757445794626 44.49257697713266 209
1757445794699 44.27455365126138 210
1757445794776 44.05829816189625 211
1757445794853 43.84378280865947 212
1757445794925 43.63100519178347 213
1757445794996 43.4199379064339 214
1757445795068 43.21057878965502 215
1757445795140 43.00290072707399 216
1757445795210 42.796901788029274 217
1757445795288 42.59256138091074 218
1757445795359 42.38985907972858 219
1757445795433 42.18879329441889 220
1757445795505 41.98933761467444 221
1757445795580 41.79149067179788 222
1757445795656 41.59522632885736 223
1757445795730 41.400543434293894 224
1757445795798 41.20741611986254 225
1757445795866 41.015843446993706 226
1757445795936 40.82579981152406 227
1757445796008 40.63728448380218 228
1757445796085 40.45027211922269 229
1757445796159 40.26476219305754 230
1757445796234 40.08072961581575 231
1757445796325 39.89817406377266 232
1757445796398 39.71707683674032 233
1757445796474 39.537419381635736 234
1757445796549 39.35920166949213 235
1757445796626 39.1823992292342 236
1757445796702 39.00701222341703 237
1757445796777 38.83301642113852 238
1757445796849 38.66041217280703 239
1757445796925 38.48917548359339 240
1757445797001 38.31930688815964 241
1757445797079 38.15078262372167 242
1757445797157 37.98360340566309 243
1757445797237 37.81774569928836 244
1757445797311 37.65321039723687 245
1757445797444 37.48997418901496 246
1757445797517 37.328038141117126 247
1757445797596 37.167379163433644 248
1757445797673 37.00799849297731 249
1757445797744 36.84987929090761 250
1757445797824 36.69300484719851 251
1757445797895 36.53737664896276 252
1757445797970 36.382972140343306 253
1757445798047 36.22979297090045 254
1757445798122 36.07781679232171 255
1757445798198 35.927045413492486 256
1757445798272 35.77745669012095 257
1757445798347 35.629052587353826 258
1757445798423 35.48181116145814 259
1757445798499 35.33573453083576 260
1757445798573 35.19080094891177 261
1757445798646 35.04701268439363 262
1757445798721 34.90434818452359 263
1757445798797 34.762809865420536 264
1757445798875 34.62237636486188 265
1757445798958 34.483050243538216 266
1757445799031 34.34481626515202 267
1757445799108 34.207659306404885 268
1757445799184 34.07158214007957 269
1757445799272 33.936563865866134 270
1757445799348 33.802607394251076 271
1757445799426 33.66969200442124 272
1757445799503 33.5378207419099 273
1757445799579 33.40697306237061 274
1757445799651 33.277152143776554 275
1757445799723 33.14833761527117 276
1757445799800 33.02053278470971 277
1757445799866 32.89371745180099 278
1757445799933 32.767895051772726 279
1757445800003 32.64304555202595 280
1757445800076 32.51917251269852 281
1757445800149 32.39625606606094 282
1757445800223 32.27429989474529 283
1757445800294 32.15329014300689 284
1757445800368 32.03321305441353 285
1757445800444 31.91407249135052 286
1757445800521 31.79584898579248 287
1757445800598 31.678546516776173 288
1757445800673 31.562145771650858 289
1757445800748 31.44665084384456 290
1757445800826 31.332042573474393 291
1757445800898 31.218325166142176 292
1757445800971 31.105479612171766 293
1757445801027 30.993510227163085 294
1757445801092 30.882398149130456 295
1757445801156 30.772147801537358 296
1757445801224 30.662740467616338 297
1757445801290 30.554180676600087 298
1757445801360 30.446449854510412 299
1757445801431 30.339552634294495 300
1757445801516 30.233476350281848 301
1757445801589 30.128208424259125 302
1757445801665 30.02375364141967 303
1757445801741 29.92009377396535 304
1757445801815 29.817233705835047 305
1757445801884 29.71515534384821 306
1757445801959 29.613863668767216 307
1757445802036 29.513340719785322 308
1757445802111 29.41359157260273 309
1757445802189 29.314598396581843 310
1757445802266 29.216366360510683 311
1757445802339 29.11887776175454 312
1757445802413 29.022137860374304 313
1757445802490 28.926129079609694 314
1757445802566 28.830856769013785 315
1757445802643 28.736303475609354 316
1757445802720 28.64247463669472 317
1757445802797 28.549358613172256 318
1757445802874 28.456943843122712 319
1757445802950 28.365235892701318 320
1757445803024 28.27421760903311 321
1757445803112 28.18389464179417 322
1757445803187 28.094249954855727 323
1757445803262 28.00528927978081 324
1757445803334 27.916995695254315 325
1757445803410 27.829375013123354 326
1757445803488 27.74241042498749 327
1757445803564 27.656107821405428 328
1757445803641 27.57045050502542 329
1757445803715 27.485444443575076 330
1757445803787 27.401073048917723 331
1757445803852 27.31734236443647 332
1757445803921 27.234235909407953 333
1757445803991 27.15175980138603 334
1757445804058 27.06989766529014 335
1757445804125 26.988655691388374 336
1757445804201 26.90802322275508 337
1757445804274 26.82798966975296 338
1757445804342 26.748561329493256 339
1757445804414 26.66972208301337 340
1757445804490 26.59147829661689 341
1757445804568 26.513813951025664 342
1757445804646 26.436735480373642 343
1757445804723 26.360226963430414 344
1757445804799 26.284294900824218 345
1757445804877 26.208923467763995 346
1757445804949 26.13411923006158 347
1757445805023 26.059866457784672 348
1757445805098 25.98617178064291 349
1757445805171 25.913019562009495 350
1757445805250 25.840416494230553 351
1757445805329 25.76834703245831 352
1757445805404 25.696817930438083 353
1757445805484 25.62581928377496 354
1757445805557 25.55534124773884 355
1757445805639 25.48539066634773 356
1757445805711 25.415952217251885 357
1757445805781 25.34703280287689 358
1757445805853 25.278617187514207 359
1757445805923 25.21071233084018 360
1757445805991 25.1433030823759 361
1757445806063 25.076396457913763 362
1757445806135 25.00997739081718 363
1757445806207 24.944052951881492 364
1757445806279 24.87860815694903 365
1757445806354 24.813650130726206 366
1757445806430 24.749163970194296 367
1757445806509 24.685156852899727 368
1757445806585 24.621613955645753 369
1757445806662 24.558542507768227 370
1757445806741 24.49592776459806 371
1757445806821 24.433777006229963 372
1757445806899 24.372081049527747 373
1757445806974 24.310830763667283 374
1757445807049 24.250033503434686 375
1757445807124 24.189674714519274 376
1757445807194 24.1297617999745 377
1757445807271 24.070280279660004 378
1757445807349 24.011237603933306 379
1757445807426 23.952619365626934 380
1757445807502 23.894433061457644 381
1757445807575 23.836664356053927 382
1757445807646 23.779320791564977 383
1757445807719 23.72238810325845 384
1757445807794 23.665873877806973 385
1757445807867 23.609763919980335 386
1757445807937 23.554065860082947 387
1757445808007 23.49876557126915 388
1757445808079 23.443870726600593 389
1757445808157 23.3893726965942 390
1757445808237 23.33526289839692 391
1757445808314 23.281549068045475 392
1757445808391 23.22821724444769 393
1757445808471 23.17527520428331 394
1757445808547 23.122709051081646 395
1757445808623 23.07052660134818 396
1757445808704 23.018714022199408 397
1757445808780 22.96727916916492 398
1757445808860 22.916208271931676 399
1757445808936 22.865509224267186 400
1757445809013 22.81516831742942 401
1757445809091 22.765193482652695 402
1757445809170 22.71557107178357 403
1757445809247 22.666309052766866 404
1757445809327 22.617393837072 405
1757445809402 22.5688334286125 406
1757445809484 22.520614297531324 407
1757445809561 22.472744482983224 408
1757445809640 22.425215887185622 409
1757445809716 22.378020453491338 410
1757445809793 22.33116627302588 411
1757445809866 22.284639958124924 412
1757445809937 22.238449633396623 413
1757445810009 22.192581966652998 414
1757445810083 22.14704511530515 415
1757445810153 22.10182580176242 416
1757445810221 22.056932215572292 417
1757445810295 22.01235113287723 418
1757445810370 21.968090774707388 419
1757445810442 21.924137970088807 420
1757445810516 21.880500970893156 421
1757445810594 21.837166658194867 422
1757445810667 21.79414331407836 423
1757445810743 21.751417870845387 424
1757445810819 21.70899864017647 425
1757445810893 21.666872604793415 426
1757445810965 21.625048105368165 427
1757445811041 21.583517497553245 428
1757445811115 21.542273173414518 429
1757445811187 21.501323516445172 430
1757445811261 21.460655631531434 431
1757445811344 21.420277929696255 432
1757445811433 21.380177563526658 433
1757445811506 21.340362971010588 434
1757445811585 21.300821351688004 435
1757445811666 21.26156116995797 436
1757445811737 21.22256967157812 437
1757445811804 21.183855346815502 438
1757445811875 21.145405486922474 439
1757445811940 21.107228607501455 440
1757445812011 21.06931204458875 441
1757445812085 21.03166433859983 442
1757445812158 20.994272869656065 443
1757445812234 20.957146202473822 444
1757445812306 20.920271760572355 445
1757445812381 20.883658132466703 446
1757445812457 20.847298060987143 447
1757445812538 20.81118432131266 448
1757445812615 20.77532553717838 449
1757445812691 20.739709237224194 450
1757445812767 20.7043440677701 451
1757445812847 20.669217598538538 452
1757445812939 20.634338497965476 453
1757445813013 20.599694376218945 454
1757445813087 20.565293923391085 455
1757445813167 20.53112478946921 456
1757445813243 20.49719568575077 457
1757445813323 20.463494301426465 458
1757445813401 20.430029368557015 459
1757445813478 20.396788614930863 460
1757445813556 20.36378079293853 461
1757445813633 20.33099366837069 462
1757445813711 20.298436013522657 463
1757445813792 20.26609563160167 464
1757445813870 20.233981314391116 465
1757445813944 20.202086135762038 466
1757445814017 20.170403198429582 467
1757445814087 20.138941323088147 468
1757445814196 20.107688403545026 469
1757445814269 20.076653278975673 470
1757445814347 20.045823878630223 471
1757445814421 20.015209059776286 472
1757445814498 19.984796786563674 473
1757445814577 19.95459593397082 474
1757445814654 19.92459450051307 475
1757445814734 19.8948013785058 476
1757445814813 19.865204600304605 477
1757445814887 19.835813075195244 478
1757445814963 19.806614868856897 479
1757445815044 19.777618907186383 480
1757445815129 19.74881328867836 481
1757445815209 19.720206955488365 482
1757445815290 19.691788038426836 483
1757445815367 19.663565495562633 484
1757445815439 19.635532684204 485
1757445815515 19.60768298747634 486
1757445815592 19.580025387128217 487
1757445815664 19.552548092184225 488
1757445815738 19.525260099471666 489
1757445815811 19.498149648646294 490
1757445815887 19.471225751291946 491
1757445815962 19.444476677231783 492
1757445816034 19.41791145249025 493
1757445816110 19.391518376601802 494
1757445816190 19.365306489721853 495
1757445816266 19.339264120647474 496
1757445816343 19.313400323361467 497
1757445816418 19.287703455482255 498
1757445816496 19.262182584522428 499
