1757654898587 169.02774927211564 0
1757654898667 157.00677901707672 1
1757654898741 164.29410490624414 2
1757654898817 157.05297859609763 3
1757654898893 153.66369729346215 4
1757654898973 161.6548719844538 5
1757654899043 166.76868637879528 6
1757654899122 164.10954376237734 7
1757654899200 158.04722114014754 8
1757654899286 156.63481084514456 9
1757654899365 157.80664975858545 10
1757654899440 157.59280376661428 11
1757654899514 155.23638752794625 12
1757654899593 159.12511032144894 13
1757654899674 144.4810722013827 14
1757654899757 144.99102072837735 15
1757654899826 150.19995551034765 16
1757654899905 144.08021826495286 17
1757654899988 155.0999750653125 18
1757654900073 141.60470714254166 19
1757654900156 144.66897777638573 20
1757654900241 136.37024526395703 21
1757654900323 140.61041215700175 22
1757654900409 135.60867483310676 23
1757654900494 139.0533770019072 24
1757654900580 135.00144940079468 25
1757654900668 131.42350910470006 26
1757654900745 139.0399042360555 27
1757654900826 133.41406408163397 28
1757654900905 134.3745328392713 29
1757654900986 132.1589514520687 30
1757654901068 135.76560484422737 31
1757654901152 128.09865075891028 32
1757654901237 135.9482483958809 33
1757654901325 129.81573206739117 34
1757654901409 140.41768012309578 35
1757654901492 129.02381062271607 36
1757654901576 129.52781279297855 37
1757654901659 130.88049251458955 38
1757654901743 124.30534925115877 39
1757654901829 129.80734008912034 40
1757654901913 123.88289633519435 41
1757654901996 127.1562832305042 42
1757654902084 120.2515924434637 43
1757654902171 117.85832140146017 44
1757654902259 121.30266504173463 45
1757654902344 120.68449115709852 46
1757654902428 118.86204832007121 47
1757654902515 117.67932682225677 48
1757654902599 122.96198949073583 49
1757654902683 118.54990064489617 50
1757654902760 113.68337798290825 51
1757654902839 119.80846585942491 52
1757654902918 117.22561709010229 53
1757654903000 109.39447247264185 54
1757654903085 113.0665906258379 55
1757654903170 107.76491280191286 56
1757654903254 110.22872914735332 57
1757654903342 107.7940221087147 58
1757654903427 105.99526287528907 59
1757654903509 108.45420612674098 60
1757654903593 109.4526018545558 61
1757654903676 106.42162886244469 62
1757654903764 107.94657171928861 63
1757654903850 101.5398763657377 64
1757654903932 105.97339961877645 65
1757654904018 100.15979479932598 66
1757654904109 100.85728883110676 67
1757654904197 104.25029239795086 68
1757654904281 103.5172737781571 69
1757654904367 100.86732535897852 70
1757654904453 101.80892286931963 71
1757654904537 106.06479890250783 72
1757654904627 101.4105150577218 73
1757654904713 101.65948400198512 74
1757654904792 94.48654059773285 75
1757654904871 98.37686074218675 76
1757654904951 100.93899418626967 77
1757654905034 92.26938601695275 78
1757654905118 92.39547353070002 79
1757654905205 92.17757126249084 80
1757654905290 100.38578249151102 81
1757654905375 90.55698509314944 82
1757654905461 89.7969536039877 83
1757654905544 90.74692274731298 84
1757654905628 91.1510281262667 85
1757654905705 92.89739562368813 86
1757654905778 92.10107486975555 87
1757654905855 91.5248646555101 88
1757654905934 87.90096554968243 89
1757654906015 87.82318158807014 90
1757654906098 83.84662600702006 91
1757654906184 87.00895275348601 92
1757654906274 89.45306043666156 93
1757654906358 86.29196646523206 94
1757654906442 85.66298474635192 95
1757654906526 88.8448889589546 96
1757654906615 86.2711884032731 97
1757654906700 83.77453806600683 98
1757654906779 82.03407457047359 99
1757654906858 83.65135127859345 100
1757654906938 81.03568650434367 101
1757654907016 77.92665534256305 102
1757654907094 78.1662273765072 103
1757654907173 78.3833463201133 104
1757654907256 82.87235575964728 105
1757654907343 77.64422097048353 106
1757654907428 77.04029751801939 107
1757654907513 77.0274877988168 108
1757654907599 73.71806984934445 109
1757654907685 70.77594187104056 110
1757654907771 75.7697742559431 111
1757654907859 75.918475856502 112
1757654907944 78.24982081535855 113
1757654908029 74.30034993837961 114
1757654908116 74.8514770802071 115
1757654908201 74.94772300671316 116
1757654908286 74.46899415705475 117
1757654908373 71.15782749935994 118
1757654908460 71.64849669565159 119
1757654908544 72.36053002775598 120
1757654908629 66.75688047229346 121
1757654908716 70.484436661146 122
1757654908793 69.8802168696318 123
1757654908869 69.88447499571959 124
1757654908952 67.35507170946762 125
1757654909037 69.43272481344754 126
1757654909126 67.05058270408254 127
1757654909212 65.90736235024436 128
1757654909305 67.17611567295695 129
1757654909393 65.96803301422626 130
1757654909480 66.44355414373047 131
1757654909564 61.991403168945055 132
1757654909652 63.74526714994857 133
1757654909737 67.47138794468162 134
1757654909822 63.284366801593436 135
1757654909906 60.27324577947272 136
1757654909990 61.22382946100585 137
1757654910078 63.75443253346004 138
1757654910167 62.4146959797385 139
1757654910254 58.60865769986585 140
1757654910340 63.37571114000627 141
1757654910426 62.644614962953526 142
1757654910513 59.33556017017275 143
1757654910601 58.635869835043636 144
1757654910691 57.41257271802995 145
1757654910778 60.51908503137332 146
1757654910854 56.63386776903203 147
1757654910937 57.16910282975494 148
1757654911022 58.11506018272072 149
1757654911111 56.94335365628664 150
1757654911200 55.520647267969615 151
1757654911288 56.113200208695126 152
1757654911375 55.97009582248808 153
1757654911460 56.24345962463616 154
1757654911546 57.007467820428175 155
1757654911631 56.9869338800638 156
1757654911717 51.524562532555564 157
1757654911807 54.36149543644101 158
1757654911891 55.83777038555946 159
1757654911973 55.34871529867196 160
1757654912059 54.06293727839221 161
1757654912145 52.30358074430961 162
1757654912255 52.93454389767743 163
1757654912357 51.8944536394184 164
1757654912443 52.64211914777128 165
1757654912526 53.09586484389921 166
1757654912614 50.68280673864667 167
1757654912698 53.65188449824175 168
1757654912887 50.39188529647944 169
1757654912958 47.12860584041319 170
1757654913027 49.57655372468747 171
1757654913119 48.33952487930998 172
1757654913207 49.32424302217304 173
1757654913303 47.32390160013955 174
1757654913404 49.55292154609023 175
1757654913511 45.74628764623237 176
1757654913608 46.28676192145446 177
1757654913703 45.13720611509431 178
1757654913800 46.146155304188554 179
1757654913888 45.38588039963759 180
1757654913976 45.71446956414166 181
1757654914064 45.0494876722951 182
1757654914156 47.65291920851064 183
1757654914255 45.89582064381326 184
1757654914349 43.809075639933035 185
1757654914442 47.67394891702104 186
1757654914534 46.84172131494455 187
1757654914627 42.76403835527142 188
1757654914722 42.498591717725446 189
1757654914830 45.772110354380985 190
1757654914905 42.31737545872267 191
1757654914998 42.090421545649676 192
1757654915094 40.7373015960433 193
1757654915190 41.391444494142014 194
1757654915284 42.17254574221576 195
1757654915378 42.85460013074226 196
1757654915473 40.47900440063169 197
1757654915573 42.18387682740359 198
1757654915658 41.37271411753665 199
1757654915744 40.204583767437214 200
1757654915833 42.746977903685064 201
1757654915924 37.37831589268962 202
1757654916017 41.39215544213471 203
1757654916106 40.837300003297656 204
1757654916195 39.72111829967036 205
1757654916284 34.85634560296225 206
1757654916375 37.94410390653115 207
1757654916514 37.33021373438604 208
1757654916587 37.430298942022894 209
1757654916658 39.71442688279502 210
1757654916744 36.8003876206677 211
1757654916834 37.25409800309061 212
1757654916914 38.283605025617625 213
1757654916995 37.39377935591534 214
1757654917171 36.52144711181492 215
1757654917378 34.88325677411825 216
1757654917529 35.823448669546835 217
1757654917683 34.594879684305575 218
1757654917813 36.54659107055088 219
1757654917964 36.173771347885406 220
1757654918118 35.14663489317273 221
1757654918262 32.06127050350841 222
1757654918369 33.38772224024778 223
1757654918495 34.81881947211267 224
1757654918659 33.44370989052456 225
1757654918787 34.56722771634105 226
1757654918911 33.87487951021789 227
1757654919021 31.621027959921012 228
1757654919139 33.038966155445074 229
1757654919280 32.8383056380212 230
1757654919405 35.5764453768045 231
1757654919530 36.52646338420952 232
1757654919684 35.60470624650545 233
1757654919829 31.990433266016172 234
1757654919968 33.18056634426806 235
1757654920126 31.228659734207795 236
1757654920282 30.441111878359578 237
1757654920428 30.376216174604398 238
1757654920575 33.72398311135477 239
1757654920748 30.358850328847286 240
1757654921063 30.660091330334346 241
1757654921316 31.4125734139613 242
1757654921530 29.19774691182036 243
1757654921686 30.60881331384431 244
1757654921857 32.17391608282861 245
1757654921976 31.782432496448585 246
1757654922103 30.09785628320467 247
1757654922291 27.11435292505571 248
1757654922403 29.301583086104234 249
1757654922516 29.626080645281956 250
1757654922630 29.106766596401908 251
1757654922733 28.692159805606508 252
1757654922832 28.957089415446006 253
1757654922924 28.26348168090913 254
1757654923021 29.85404865590745 255
1757654923117 29.85847214526104 256
1757654923207 25.86632499371467 257
1757654923301 25.169782237303064 258
1757654923394 27.09869300015248 259
1757654923487 25.780430442526754 260
1757654923578 26.36285179576279 261
1757654923668 28.790814478060557 262
1757654923759 29.94362277207254 263
1757654923846 25.833270602431124 264
1757654923954 25.21252723401989 265
1757654924098 26.343821496983455 266
1757654924247 24.1379282131846 267
1757654924388 26.65927832096023 268
1757654924501 24.45528980844509 269
1757654924630 28.65103949024254 270
1757654924751 23.70585382088905 271
1757654924856 25.004925544646138 272
1757654924955 24.59101298434226 273
1757654925045 23.487820580628266 274
1757654925141 24.062039862273142 275
1757654925239 20.846917463284313 276
1757654925334 23.565643606149774 277
1757654925437 24.440665403988053 278
1757654925547 23.150445996952097 279
1757654925645 22.23088911354853 280
1757654925745 20.928716472058994 281
1757654925844 21.698007715616285 282
1757654925940 23.935243602878664 283
1757654926035 21.854230429525355 284
1757654926128 23.755086909123808 285
1757654926224 20.013303078251397 286
1757654926318 20.20267455600887 287
1757654926417 22.1715587846274 288
1757654926521 21.13721579091967 289
1757654926627 20.065278858518965 290
1757654926726 23.36990323147934 291
1757654926834 20.785547879771542 292
1757654926945 20.6046341805843 293
1757654927044 19.613503572888206 294
1757654927132 21.661883432453482 295
1757654927224 22.012786282005468 296
1757654927321 18.719739798778807 297
1757654927422 22.075918657463028 298
1757654927524 19.6670981866094 299
1757654927628 19.363021650548962 300
1757654927726 19.362415241808073 301
1757654927827 18.27562071739106 302
1757654927925 18.949070246436232 303
1757654928021 20.347568003980744 304
1757654928118 20.025359616495464 305
1757654928216 18.722197074051156 306
1757654928309 23.213104752114823 307
1757654928417 17.71383109497623 308
1757654928519 23.039150186248996 309
1757654928617 18.52757995955544 310
1757654928797 22.126866409120424 311
1757654928894 15.816138626114848 312
1757654928992 19.466644500869393 313
1757654929090 18.745724033673515 314
1757654929194 19.216388809557927 315
1757654929307 16.37168557370322 316
1757654929405 19.352095397884895 317
1757654929506 19.977555540213697 318
1757654929617 19.587065829541395 319
1757654929720 15.055442887521735 320
1757654929842 16.49250527605575 321
1757654929960 17.66749561908815 322
1757654930068 17.40731756360153 323
1757654930179 14.264875388603443 324
1757654930284 16.166552702036658 325
1757654930392 15.793155819255624 326
1757654930496 17.842543706076587 327
1757654930591 17.05540162265655 328
1757654930687 19.54919189258746 329
1757654930787 17.29096663214696 330
1757654930896 16.339453903773965 331
1757654931005 17.070840720076585 332
1757654931096 14.59984928860707 333
1757654931185 17.619251872694367 334
1757654931284 15.043137777904814 335
1757654931386 17.80363795523694 336
1757654931483 15.717698120591516 337
1757654931578 15.30625069041715 338
1757654931673 15.509018206547099 339
1757654931772 15.296555402385366 340
1757654931871 15.247802875858795 341
1757654931968 14.443457775201573 342
1757654932072 14.093511387597172 343
1757654932168 18.388618441743397 344
1757654932266 15.267446789545618 345
1757654932364 15.418007251417414 346
1757654932470 19.921375987962826 347
1757654932586 18.09031856468233 348
1757654932695 13.52173930483617 349
1757654932796 14.533677928286767 350
1757654932896 16.643179139741804 351
1757654932994 14.88082020702393 352
1757654933089 11.74020106110716 353
1757654933179 12.98601892068679 354
1757654933285 14.130015061055962 355
1757654933387 17.615333116039068 356
1757654933486 13.119196583029971 357
1757654933587 16.125170101335886 358
1757654933692 15.098262831351887 359
1757654933793 12.256277026023895 360
1757654933885 13.608630351779784 361
1757654933980 12.692345657705332 362
1757654934076 13.658482134597017 363
1757654934182 13.583834626980885 364
1757654934290 14.17226669663462 365
1757654934400 13.469299468078784 366
1757654934497 9.713892585600878 367
1757654934598 12.310996807579725 368
1757654934703 10.848428445957694 369
1757654934814 14.827620132087548 370
1757654934926 11.494645702481106 371
1757654935035 13.668435080459249 372
1757654935136 12.000347511908068 373
1757654935239 11.926242837451644 374
1757654935347 11.964793786456092 375
1757654935445 12.630204465306115 376
1757654935543 12.28393947341472 377
1757654935647 12.515889100781669 378
1757654935747 14.901935445168359 379
1757654935847 12.592330909679408 380
1757654935951 12.318333984509009 381
1757654936053 12.455214227428659 382
1757654936151 13.443311305347121 383
1757654936250 12.121383235863998 384
1757654936365 11.700709158862672 385
1757654936464 11.506491867349714 386
1757654936560 11.15833956792274 387
1757654936657 13.07707647360759 388
1757654936755 11.621986223839096 389
1757654936857 11.326695847647922 390
1757654936959 10.768363889624252 391
1757654937061 10.50908246033883 392
1757654937150 12.776076556627908 393
1757654937244 11.496775094449944 394
1757654937347 12.205335110066581 395
1757654937447 10.350447583418823 396
1757654937544 12.021148015209898 397
1757654937645 13.74083624280808 398
1757654937745 10.048780954971036 399
1757654937845 13.298398012206473 400
1757654937943 10.414786770099091 401
1757654938047 10.345588366469462 402
1757654938172 10.69215716548945 403
1757654938278 11.083104951212587 404
1757654938406 10.90804028693135 405
1757654938505 9.873801154220741 406
1757654938601 9.848376203411101 407
1757654938695 11.558974471025474 408
1757654938795 9.915290399045617 409
1757654938897 8.002840525139955 410
1757654938994 8.984168519189577 411
1757654939111 10.131763638661468 412
1757654939203 11.249778883996711 413
1757654939302 10.285955226352971 414
1757654939405 8.007617301613248 415
1757654939504 9.529024271545028 416
1757654939602 9.282902653059582 417
1757654939699 7.45776491411863 418
1757654939798 9.309283351744266 419
1757654939900 8.932897870835996 420
1757654940001 12.445845174674162 421
1757654940102 9.265400955318405 422
1757654940202 7.762228192188864 423
1757654940306 9.666571653772845 424
1757654940409 10.75621658165915 425
1757654940511 10.236274089078275 426
1757654940615 9.907543941335641 427
1757654940713 9.540205910519822 428
1757654940812 10.088101200143434 429
1757654940914 7.173898946719923 430
1757654941014 9.678561897987763 431
1757654941113 6.566038229299982 432
1757654941200 9.526605952066769 433
1757654941295 10.163080659699418 434
1757654941393 8.958986318661768 435
1757654941492 8.692886361325796 436
1757654941593 8.56908904575379 437
1757654941698 7.391761945707416 438
1757654941804 9.496205131696756 439
1757654941906 8.862578763353156 440
1757654942010 9.987023130283216 441
1757654942115 7.773312601038379 442
1757654942229 10.815293971736521 443
1757654942341 10.324251816992959 444
1757654942445 7.771424164256755 445
1757654942550 8.336852552591534 446
1757654942659 7.837477649876687 447
1757654942776 8.943765790610424 448
1757654942879 7.20025796165914 449
1757654942990 9.491280447715141 450
1757654943103 5.8185203181378675 451
1757654943213 9.276258570379454 452
1757654943321 7.66766058560835 453
1757654943423 7.894388730383684 454
1757654943527 6.521432707013376 455
1757654943629 6.0919351651096205 456
1757654943726 6.717649903511299 457
1757654943845 6.725923346675952 458
1757654943945 7.597067966706089 459
1757654944044 8.338585357321707 460
1757654944143 7.742430277531897 461
1757654944240 8.077301596685345 462
1757654944343 8.263963593295019 463
1757654944451 8.224865119857855 464
1757654944563 7.564198452696055 465
1757654944677 8.309824798802449 466
1757654944802 6.012865021615151 467
1757654944920 8.399704331724646 468
1757654945038 5.3952806874609145 469
1757654945162 6.28056689171866 470
1757654945267 6.590572444240292 471
1757654945379 5.246737995022052 472
1757654945483 4.876976901692308 473
1757654945580 6.367094884015972 474
1757654945683 9.694500111023777 475
1757654945789 5.234870163387394 476
1757654945901 7.29086849698627 477
1757654946007 6.471405131918499 478
1757654946111 6.264066014654094 479
1757654946220 5.528768990246724 480
1757654946322 8.893228487918089 481
1757654946424 7.06085452253205 482
1757654946533 6.942441030347714 483
1757654946636 7.646436468941951 484
1757654946734 8.65489127527731 485
1757654946843 8.557990381599627 486
1757654946952 8.01419775237089 487
1757654947059 7.195411248465749 488
1757654947162 7.665447468856517 489
1757654947255 7.968444830422532 490
1757654947350 6.014250820023257 491
1757654947461 6.235698810154608 492
1757654947574 6.1121730242637975 493
1757654947687 5.544445542582034 494
1757654947809 6.7745116028308665 495
1757654947917 5.108403478048634 496
1757654948026 5.256383024617172 497
1757654948131 6.2316114111987115 498
1757654948238 5.406898004208676 499
