1757649946753 169.30225754998364 0
1757649946831 166.7640906273249 1
1757649946911 164.2692673651638 2
1757649946989 161.81700977827472 3
1757649947071 159.40655424984973 4
1757649947149 157.03715126202124 5
1757649947216 154.70806513147855 6
1757649947292 152.4185737500829 7
1757649947368 150.16796833038552 8
1757649947445 147.95555315595536 9
1757649947527 145.7806453364259 10
1757649947607 143.64257456717073 11
1757649947684 141.54068289352077 12
1757649947773 139.4743244794366 13
1757649947848 137.44286538055076 14
1757649947928 135.4456833214983 15
1757649948011 133.48216747745343 16
1757649948089 131.5517182597922 17
1757649948169 129.65374710580397 18
1757649948247 127.7876762723736 19
1757649948329 125.95293863355992 20
1757649948404 124.14897748199625 21
1757649948484 122.37524633404051 22
1757649948563 120.63120873860342 23
1757649948641 118.91633808958596 24
1757649948718 117.23011744185638 25
1757649948795 115.57203933070072 26
1757649948874 113.94160559468024 27
1757649948956 112.33832720183163 28
1757649949037 110.76172407914609 29
1757649949111 109.21132494526573 30
1757649949186 107.6866671463357 31
1757649949262 106.18729649495256 32
1757649949341 104.71276711215009 33
1757649949419 103.26264127236483 34
1757649949497 101.8364892513251 35
1757649949580 100.4338891768079 36
1757649949660 99.0544268822093 37
1757649949746 97.69769576287524 38
1757649949826 96.3632966351399 39
1757649949894 95.0508375980211 40
1757649949971 93.75993389752146 41
1757649950044 92.49020779348679 42
1757649950117 91.24128842897262 43
1757649950194 90.01281170207162 44
1757649950273 88.80442014015539 45
1757649950355 87.61576277648454 46
1757649950435 86.44649502914244 47
1757649950520 85.2962785822486 48
1757649950601 84.16478126940838 49
1757649950682 83.05167695935677 50
1757649950762 81.95664544375461 51
1757649950840 80.87937232709662 52
1757649950921 79.81954891869103 53
1757649951002 78.77687212667162 54
1757649951081 77.75104435400397 55
1757649951163 76.7417733964478 56
1757649951244 75.7487723424384 57
1757649951324 74.77175947485117 58
1757649951405 73.81045817461316 59
1757649951487 72.86459682612677 60
1757649951565 71.93390872447182 61
1757649951648 71.01813198435124 62
1757649951727 70.11700945074863 63
1757649951808 69.23028861126427 64
1757649951885 68.3577215100985 65
1757649951959 67.4990646636509 66
1757649952041 66.65407897770486 67
1757649952118 65.82252966616745 68
1757649952198 65.00418617133543 69
1757649952281 64.19882208565805 70
1757649952360 63.4062150749688 71
1757649952440 62.626146803157994 72
1757649952519 61.85840285825926 73
1757649952599 61.102772679922744 74
1757649952679 60.35904948824928 75
1757649952758 59.6270302139595 76
1757649952840 58.90651542987263 77
1757649952920 58.197309283670485 78
1757649953003 57.49921943192199 79
1757649953086 56.812056975344746 80
1757649953167 56.135636395280024 81
1757649953249 55.469775491358234 82
1757649953330 54.814295320332725 83
1757649953408 54.16902013605931 84
1757649953489 53.533777330600316 85
1757649953569 52.90839737643162 86
1757649953652 52.29271376973199 87
1757649953732 51.68656297473428 88
1757649953811 51.089784369118306 89
1757649953890 50.50222019042588 90
1757649953966 49.92371548347851 91
1757649954044 49.35411804877908 92
1757649954126 48.79327839187869 93
1757649954211 48.24104967369053 94
1757649954291 47.697287661733085 95
1757649954371 47.16185068228465 96
1757649954451 46.634599573432574 97
1757649954533 46.11539763899984 98
1757649954613 45.60411060333262 99
1757649954695 45.10060656693269 100
1757649954779 44.60475596291846 101
1757649954863 44.116431514299336 102
1757649954944 43.63550819204765 103
1757649955027 43.161863173953606 104
1757649955111 42.69537580424804 105
1757649955192 42.23592755397873 106
1757649955277 41.783401982126136 107
1757649955361 41.33768469744426 108
1757649955443 40.898663321013466 109
1757649955523 40.46622744949134 110
1757649955611 40.0402686190488 111
1757649955690 39.620680269978386 112
1757649955773 39.207357711962004 113
1757649955857 38.80019808998587 114
1757649955933 38.39910035089025 115
1757649956012 38.003965210542326 116
1757649956096 37.61469512162005 117
1757649956177 37.2311942419959 118
1757649956258 36.85336840370891 119
1757649956342 36.48112508251413 120
1757649956425 36.11437336799844 121
1757649956509 35.753023934252255 122
1757649956595 35.39698901108649 123
1757649956679 35.04618235578467 124
1757649956764 34.700519225379956 125
1757649956850 34.3599163494473 126
1757649956938 34.02429190340113 127
1757649957021 33.69356548228882 128
1757649957105 33.36765807507085 129
1757649957186 33.04649203937835 130
1757649957268 32.729991076739104 131
1757649957350 32.41808020826328 132
1757649957432 32.11068575078008 133
1757649957516 31.80773529341699 134
1757649957600 31.509157674613174 135
1757649957684 31.214882959559034 136
1757649957775 30.924842418053707 137
1757649957873 30.638968502772833 138
1757649957972 30.357194827938812 139
1757649958057 30.07945614838589 140
1757649958138 29.80568833901293 141
1757649958222 29.535828374616266 142
1757649958326 29.269814310095764 143
1757649958404 29.00758526102692 144
1757649958486 28.749081384592163 145
1757649958574 28.494243860864742 146
1757649958660 28.243014874438323 147
1757649958743 27.995337596396176 148
1757649958828 27.75115616661312 149
1757649958914 27.510415676384525 150
1757649959003 27.27306215137565 151
1757649959091 27.03904253488591 152
1757649959178 26.8083046714216 153
1757649959261 26.5807972905718 154
1757649959346 26.356469991181374 155
1757649959430 26.135273225815745 156
1757649959518 25.91715828551188 157
1757649959604 25.702077284810212 158
1757649959686 25.489983147062027 159
1757649959764 25.280829590007446 160
1757649959848 25.07457111161872 161
1757649959937 24.871162976203987 162
1757649960014 24.670561200766503 163
1757649960093 24.472722541614694 164
1757649960174 24.277604481218304 165
1757649960259 24.085165215305928 166
1757649960340 23.89536364019955 167
1757649960426 23.70815934038163 168
1757649960511 23.5235125762903 169
1757649960594 23.341384272338498 170
1757649960679 23.16173600515287 171
1757649960764 22.984529992028218 172
1757649960847 22.809729079593577 173
1757649960928 22.637296732685957 174
1757649961013 22.46719702342777 175
1757649961096 22.2993946205043 176
1757649961184 22.133854778637357 177
1757649961270 21.970543328251466 178
1757649961353 21.80942666532908 179
1757649961437 21.65047174145121 180
1757649961525 21.493646054020036 181
1757649961608 21.33891763666011 182
1757649961693 21.18625504979481 183
1757649961778 21.035627371394842 184
1757649961861 20.88700418789545 185
1757649961945 20.740355585279296 186
1757649962022 20.595652140321967 187
1757649962102 20.452864911996922 188
1757649962181 20.31196543303699 189
1757649962266 20.172925701649618 190
1757649962350 20.03571817338282 191
1757649962434 19.900315753139086 192
1757649962522 19.7666917873346 193
1757649962605 19.63482005620092 194
1757649962694 19.50467476622652 195
1757649962780 19.37623054273568 196
1757649962868 19.24946242260202 197
1757649962951 19.124345847094286 198
1757649963038 19.000856654851912 199
1757649963122 18.87897107498789 200
1757649963208 18.758665720316657 201
1757649963298 18.639917580704658 202
1757649963381 18.522704016541294 203
1757649963465 18.407002752327955 204
1757649963549 18.29279187038315 205
1757649963634 18.180049804661355 206
1757649963720 18.068755334683523 207
1757649963816 17.95888757957738 208
1757649963904 17.850425992225148 209
1757649963999 17.74335035351703 210
1757649964072 17.637640766708184 211
1757649964155 17.533277651877565 212
1757649964243 17.430241740486565 213
1757649964332 17.328514070035624 214
1757649964417 17.22807597881703 215
1757649964501 17.128909100762232 216
1757649964589 17.030995360381624 217
1757649964674 16.934316967795464 218
1757649964758 16.838856413853925 219
1757649964844 16.744596465344827 220
1757649964928 16.651520160287376 221
1757649965011 16.559610803310285 222
1757649965098 16.468851961112755 223
1757649965181 16.379227458006778 224
1757649965266 16.290721371539266 225
1757649965350 16.203318028192555 226
1757649965435 16.11700199916174 227
1757649965518 16.031758096207607 228
1757649965605 15.947571367583565 229
1757649965692 15.864427094035367 230
1757649965778 15.782310784872221 231
1757649965864 15.701208174107933 232
1757649965952 15.621105216670877 233
1757649966033 15.54198808468153 234
1757649966114 15.46384316379617 235
1757649966199 15.386657049615756 236
1757649966286 15.310416544158597 237
1757649966374 15.235108652395773 238
1757649966469 15.160720578848034 239
1757649966551 15.087239724243172 240
1757649966635 15.014653682232641 241
1757649966719 14.942950236166439 242
1757649966804 14.87211735592511 243
1757649966889 14.802143194807831 244
1757649966978 14.733016086475608 245
1757649967064 14.66472454194853 246
1757649967154 14.59725724665602 247
1757649967240 14.530603057539306 248
1757649967321 14.46475100020493 249
1757649967405 14.39969026612856 250
1757649967493 14.335410209907977 251
1757649967578 14.271900346564568 252
1757649967665 14.209150348892258 253
1757649967751 14.147150044853147 254
1757649967836 14.085889415018803 255
1757649967926 14.02535859005665 256
1757649968010 13.965547848260405 257
1757649968089 13.906447613123843 258
1757649968170 13.848048450957151 259
1757649968254 13.790341068544986 260
1757649968345 13.733316310845536 261
1757649968431 13.67696515872987 262
1757649968519 13.62127872676078 263
1757649968609 13.566248261010411 264
1757649968696 13.511865136916041 265
1757649968783 13.458120857173203 266
1757649968869 13.405007049665548 267
1757649968955 13.352515465430798 268
1757649969040 13.300637976662033 269
1757649969127 13.249366574743803 270
1757649969216 13.198693368322324 271
1757649969304 13.148610581409207 272
1757649969391 13.099110551518061 273
1757649969479 13.050185727833442 274
1757649969569 13.001828669411488 275
1757649969657 12.954032043411708 276
1757649969745 12.906788623359374 277
1757649969834 12.860091287437891 278
1757649969921 12.813933016810726 279
1757649970014 12.768306893972223 280
1757649970094 12.723206101126905 281
1757649970173 12.67862391859666 282
1757649970257 12.634553723255333 283
1757649970346 12.590988986990276 284
1757649970432 12.547923275190284 285
1757649970528 12.505350245259567 286
1757649970616 12.4632636451571 287
1757649970704 12.421657311961098 288
1757649970793 12.380525170458062 289
1757649970859 12.339861231755906 290
1757649970942 12.299659591920847 291
1757649971028 12.259914430637577 292
1757649971112 12.220620009892253 293
1757649971199 12.181770672677963 294
1757649971287 12.143360841722275 295
1757649971382 12.105385018236387 296
1757649971481 12.06783778068556 297
1757649971574 12.030713783580461 298
1757649971660 11.994007756289005 299
1757649971747 11.957714501868324 300
1757649971835 11.921828895916542 301
1757649971917 11.88634588544398 302
1757649972005 11.851260487763431 303
1757649972096 11.816567789399217 304
1757649972180 11.782262945014603 305
1757649972263 11.748341176357327 306
1757649972356 11.714797771222909 307
1757649972439 11.681628082435358 308
1757649972532 11.64882752684502 309
1757649972622 11.616391584343312 310
1757649972709 11.584315796893904 311
1757649972797 11.552595767580202 312
1757649972891 11.521227159668747 313
1757649972979 11.490205695688282 314
1757649973070 11.459527156524214 315
1757649973156 11.42918738052821 316
1757649973243 11.39918226264258 317
1757649973337 11.369507753539335 318
1757649973429 11.340159858773488 319
1757649973516 11.311134637950465 320
1757649973605 11.282428203907356 321
1757649973692 11.254036721907735 322
1757649973778 11.225956408849793 323
1757649973865 11.198183532487626 324
1757649973952 11.170714410665388 325
1757649974044 11.143545410564045 326
1757649974131 11.116672947960629 327
1757649974216 11.090093486499649 328
1757649974297 11.063803536976518 329
1757649974383 11.03779965663277 330
1757649974505 11.012078448462812 331
1757649974593 10.986636560532114 332
1757649974680 10.96147068530652 333
1757649974767 10.936577558992571 334
1757649974861 10.911953960888596 335
1757649974949 10.887596712746426 336
1757649975039 10.863502678143488 337
1757649975128 10.839668761865148 338
1757649975216 10.816091909297125 339
1757649975309 10.792769105827764 340
1757649975399 10.76969737626 341
1757649975493 10.746873784232895 342
1757649975584 10.724295431652534 343
1757649975672 10.70195945813212 344
1757649975759 10.67986304044111 345
1757649975849 10.658003391963282 346
1757649975935 10.636377762163518 347
1757649976031 10.614983436063135 348
1757649976121 10.593817733723736 349
1757649976200 10.572878009739275 350
1757649976286 10.552161652736324 351
1757649976375 10.53166608488233 352
1757649976466 10.511388761401724 353
1757649976560 10.491327170099796 354
1757649976654 10.47147883089415 355
1757649976747 10.45184129535365 356
1757649976844 10.43241214624469 357
1757649976934 10.413188997084672 358
1757649977021 10.394169491702602 359
1757649977109 10.375351303806655 360
1757649977202 10.356732136558568 361
1757649977294 10.338309722154763 362
1757649977387 10.32008182141416 363
1757649977483 10.302046223372377 364
1757649977574 10.28420074488244 365
1757649977661 10.266543230221707 366
1757649977750 10.249071550704992 367
1757649977841 10.231783604303775 368
1757649977937 10.214677315271334 369
1757649978031 10.197750633773834 370
1757649978118 10.181001535527095 371
1757649978203 10.16442802143908 372
1757649978289 10.148028117257942 373
1757649978377 10.13179987322556 374
1757649978466 10.11574136373645 375
1757649978560 10.099850687001995 376
1757649978650 10.084125964719853 377
1757649978740 10.068565341748513 378
1757649978831 10.053166985786879 379
1757649978919 10.037929087058771 380
1757649979008 10.022849858002324 381
1757649979103 10.00792753296417 382
1757649979190 9.993160367898323 383
1757649979280 9.978546640069652 384
1757649979371 9.964084647761945 385
1757649979461 9.949772709990443 386
1757649979550 9.935609166218738 387
1757649979637 9.921592376080008 388
1757649979731 9.907720719102517 389
1757649979825 9.893992594439283 390
1757649979918 9.880406420601851 391
1757649980014 9.866960635198117 392
1757649980111 9.853653694674113 393
1757649980201 9.840484074059727 394
1757649980284 9.827450266718236 395
1757649980378 9.814550784099646 396
1757649980473 9.801784155497737 397
1757649980568 9.78914892781075 398
1757649980664 9.776643665305679 399
1757649980758 9.76426694938615 400
1757649980852 9.752017378363673 401
1757649980951 9.739893567232436 402
1757649981044 9.727894147447333 403
1757649981140 9.716017766705441 404
1757649981235 9.70426308873063 405
1757649981327 9.692628793061461 406
1757649981423 9.681113574842197 407
1757649981519 9.669716144616896 408
1757649981614 9.658435228126574 409
1757649981712 9.6472695661094 410
1757649981805 9.63621791410375 411
1757649981903 9.625279042254245 412
1757649981993 9.614451735120612 413
1757649982084 9.603734791489357 414
1757649982179 9.593127024188181 415
1757649982261 9.582627259903134 416
1757649982369 9.57223433899845 417
1757649982449 9.561947115338986 418
1757649982520 9.551764456115258 419
1757649982607 9.541685241671054 420
1757649982697 9.5317083653335 421
1757649982789 9.521832733245622 422
1757649982904 9.512057264201333 423
1757649983003 9.502380889482808 424
1757649983100 9.492802552700164 425
1757649983192 9.483321209633553 426
1757649983288 9.473935828077384 427
1757649983379 9.464645387686923 428
1757649983474 9.455448879827012 429
1757649983573 9.44634530742296 430
1757649983660 9.437333684813604 431
1757649983753 9.428413037606441 432
1757649983846 9.419582402534825 433
1757649983937 9.410840827317188 434
1757649984025 9.402187370518305 435
1757649984116 9.393621101412492 436
1757649984207 9.385141099848717 437
1757649984294 9.376746456117692 438
1757649984381 9.36843627082076 439
1757649984472 9.360209654740695 440
1757649984563 9.352065728714287 441
1757649984651 9.344003623506717 442
1757649984741 9.33602247968771 443
1757649984839 9.32812144750941 444
1757649984932 9.320299686785964 445
1757649985023 9.312556366774805 446
1757649985113 9.304890666059546 447
1757649985204 9.297301772434567 448
1757649985294 9.289788882791134 449
1757649985383 9.28235120300517 450
1757649985476 9.274987947826512 451
1757649985569 9.267698340769748 452
1757649985662 9.26048161400654 453
1757649985755 9.253337008259427 454
1757649985849 9.246263772697105 455
1757649985940 9.239261164831133 456
1757649986029 9.232328450414055 457
1757649986122 9.225464903338937 458
1757649986213 9.218669805540216 459
1757649986302 9.211942446896 460
1757649986386 9.20528212513161 461
1757649986478 9.198688145724482 462
1757649986569 9.192159821810346 463
1757649986659 9.185696474090658 464
1757649986750 9.179297430741338 465
1757649986842 9.17296202732268 466
1757649986933 9.166689606690516 467
1757649987025 9.160479518908566 468
1757649987133 9.154331121161954 469
1757649987221 9.14824377767192 470
1757649987312 9.142216859611608 471
1757649987401 9.136249745023074 472
1757649987491 9.13034181873531 473
1757649987580 9.12449247228343 474
1757649987671 9.118701103828903 475
1757649987763 9.112967118080814 476
1757649987855 9.107289926218256 477
1757649987950 9.101668945813664 478
1757649988045 9.096103600757205 479
1757649988137 9.090593321182157 480
1757649988242 9.085137543391282 481
1757649988330 9.079735709784138 482
1757649988428 9.074387268785403 483
1757649988518 9.069091674774072 484
1757649988615 9.063848388013614 485
1757649988710 9.058656874583072 486
1757649988803 9.053516606308989 487
1757649988898 9.048427060698305 488
1757649988994 9.043387720872056 489
1757649989087 9.03839807549997 490
1757649989177 9.033457618735932 491
1757649989269 9.028565850154212 492
1757649989358 9.023722274686609 493
1757649989448 9.01892640256034 494
1757649989547 9.01417774923674 495
1757649989636 9.009475835350791 496
1757649989723 9.004820186651378 497
1757649989816 9.000210333942332 498
1757649989912 8.99564581302423 499
