1757444670862 143.77689449952874 0
1757444670939 127.30713534365275 1
1757444671013 113.8527328717271 2
1757444671090 99.23793096527807 3
1757444671155 82.81506732326325 4
1757444671219 69.20709893688453 5
1757444671279 63.04890821862531 6
1757444671339 57.31884236340414 7
1757444671404 49.58520967115163 8
1757444671475 42.20983504631147 9
1757444671542 36.28052186849859 10
1757444671609 32.13134082779559 11
1757444671677 29.319016688115507 12
1757444671745 26.085816924558102 13
1757444671811 21.393666513802824 14
1757444671878 20.296378843168874 15
1757444671943 16.148417878088623 16
1757444672011 15.395018753984164 17
1757444672086 14.859746277822117 18
1757444672146 12.227556018103929 19
1757444672202 9.820434103348859 20
1757444672266 12.805842557171122 21
1757444672331 7.669688144095737 22
1757444672398 8.782414274059285 23
1757444672468 6.58512342308006 24
1757444672535 7.423741021394453 25
1757444672597 5.866863031468351 26
1757444672663 5.4482421861206465 27
1757444672726 5.686952629155821 28
1757444672789 4.199824545827867 29
1757444672854 4.30440438600279 30
1757444672916 3.3296037191939587 31
1757444672987 6.050453793102703 32
1757444673057 3.3567717842423637 33
1757444673126 2.937108374956087 34
1757444673194 3.5435362025707104 35
1757444673263 3.685568012120523 36
1757444673332 1.5550506935870179 37
1757444673393 3.884996822632212 38
1757444673459 3.2939724900819973 39
1757444673526 4.21074706029114 40
1757444673589 1.5966430833078624 41
1757444673655 1.3480183555080907 42
1757444673722 3.2570620178489738 43
1757444673792 1.7569072058668294 44
1757444673862 3.224512007733988 45
1757444673931 2.1328466224632483 46
1757444674005 1.8788370527792757 47
1757444674075 1.6198890943816604 48
1757444674144 3.6948849717601813 49
1757444674215 1.591632958489308 50
1757444674284 2.5957027689488075 51
1757444674355 2.3630876005520527 52
1757444674425 0.9862452804457243 53
1757444674496 2.5984836841846786 54
1757444674567 1.8333496554552975 55
1757444674638 3.455465499970979 56
1757444674710 1.7695074466386196 57
1757444674784 2.3162391560142663 58
1757444674856 1.215359230692983 59
1757444674932 2.2504782941104353 60
1757444675006 1.0954611893135595 61
1757444675076 2.152013000676824 62
1757444675145 2.12291130165365 63
1757444675206 1.3670658158994233 64
1757444675271 2.99674141646399 65
1757444675339 1.7421157389425386 66
1757444675393 1.6352094732227653 67
1757444675457 2.7565268086010057 68
1757444675515 1.6441132716532232 69
1757444675576 2.203827755156751 70
1757444675636 1.4642243042087313 71
1757444675699 2.2127818380265536 72
1757444675763 1.0029273574888216 73
1757444675822 2.168352208939016 74
1757444675885 2.9362490314504046 75
1757444675954 1.8997828968923003 76
1757444676024 2.0724323974586705 77
1757444676096 1.7979322605162964 78
1757444676165 1.0328769712389245 79
1757444676235 1.8704116202708034 80
1757444676299 1.6078855596429074 81
1757444676362 0.8227306988559171 82
1757444676424 1.2530961784940973 83
1757444676491 2.8158913254699534 84
1757444676556 4.777548995407842 85
1757444676618 2.0910703501654733 86
1757444676688 2.624035988276857 87
1757444676751 1.5007803521699923 88
1757444676815 1.0952844278463567 89
1757444676879 2.2387334589542265 90
1757444676941 1.894789565880294 91
1757444677001 1.4026703842394304 92
1757444677061 2.1363408032928297 93
1757444677125 3.0436352816920103 94
1757444677196 2.135361484082066 95
1757444677264 1.657824339529871 96
1757444677336 2.5927497939674815 97
1757444677397 1.7653840089749697 98
1757444677460 2.3180571368153475 99
1757444677525 1.5152130869851994 100
1757444677588 1.8012486687970182 101
1757444677659 4.18858647886374 102
1757444677730 2.023230782771185 103
1757444677805 4.873496572046165 104
1757444677877 1.9418092476371247 105
1757444677943 2.5101053598168424 106
1757444678007 1.8087838704753259 107
1757444678077 1.1874364158432478 108
1757444678156 2.1826066182903294 109
1757444678225 0.6866861345229804 110
1757444678291 1.542264002416134 111
1757444678356 0.6622565742103729 112
1757444678407 1.9703375425512244 113
1757444678464 4.600018959516742 114
1757444678528 1.2340524766091323 115
1757444678595 4.871139206365802 116
1757444678667 1.1342243700510966 117
1757444678740 1.9519465785651402 118
1757444678809 2.0208561727259475 119
1757444678879 1.5717555369643765 120
1757444678947 3.99914698366294 121
1757444679018 0.35328376677485285 122
1757444679081 2.512395311093439 123
1757444679151 1.9844239947589253 124
1757444679222 2.0110310673033953 125
1757444679290 1.772321642819009 126
1757444679363 2.6813097686221794 127
1757444679422 1.4767175239823886 128
1757444679491 0.6315349214649131 129
1757444679554 1.532444379012709 130
1757444679616 1.7040316491288428 131
1757444679679 0.8017182439453988 132
1757444679746 1.2215547786250203 133
1757444679816 1.7672009959617387 134
1757444679887 1.2576140515285679 135
1757444679955 1.0718764833612415 136
1757444680026 2.752475791445208 137
1757444680089 1.1397024061110403 138
1757444680159 2.5041864300873162 139
1757444680221 1.5532836303484863 140
1757444680287 1.1223767000292069 141
1757444680354 1.9928813032666326 142
1757444680425 1.8224087306860213 143
1757444680498 2.344104391741068 144
1757444680571 2.889684882746387 145
1757444680649 1.6438585030138422 146
1757444680723 1.512346248271586 147
1757444680800 1.7275320568446222 148
1757444680872 2.3995138170195096 149
1757444680944 4.210175830455898 150
1757444681016 2.283377915402277 151
1757444681087 2.0621962984227764 152
1757444681160 2.4938549590480634 153
1757444681233 2.050519212227344 154
1757444681306 3.175184232897419 155
1757444681381 1.4937454251829185 156
1757444681454 2.1001383311343074 157
1757444681518 0.9947921506786291 158
1757444681590 1.785249890465623 159
1757444681660 1.4128333657603043 160
1757444681734 1.029642549598669 161
1757444681810 1.6898584182443859 162
1757444681881 4.680494508895237 163
1757444681952 1.2495614528634422 164
1757444682026 2.754977027830523 165
1757444682102 2.2886316843382657 166
1757444682194 5.575481023132023 167
1757444682282 2.9420004798284483 168
1757444682358 2.5220212295688675 169
1757444682434 1.7064624324623996 170
1757444682509 0.5174771210359994 171
1757444682580 1.2142002388517639 172
1757444682653 1.5364272791934617 173
1757444682727 1.7948789662282212 174
1757444682800 2.3390032058020487 175
1757444682873 1.205429232328635 176
1757444682947 1.535315597997714 177
1757444683020 1.3530709511059031 178
1757444683093 3.271349408059004 179
1757444683164 3.38818452232065 180
1757444683237 2.720424258588379 181
1757444683311 1.4939352420900927 182
1757444683383 2.439171895332999 183
1757444683452 1.747954445082721 184
1757444683524 1.563259512509389 185
1757444683589 2.1529343608659204 186
