1757442005351 5.304950921389646 0
1757442005453 0.7410808866056505 1
1757442005557 2.938731560574389 2
1757442005661 1.2150235154826663 3
1757442005763 0.29890337363047037 4
1757442005865 1.3647182033780345 5
1757442005972 0.15995413449355306 6
1757442006075 0.1246919176239972 7
1757442006180 3.8402699647890612 8
1757442006286 1.1879736135940164 9
1757442006393 1.7164062803784421 10
1757442006499 2.8827995659535586 11
1757442006603 0.07116304953309618 12
1757442006710 0.08423895655526534 13
1757442006814 0.2552553549150864 14
1757442006927 0.516606750560886 15
1757442007036 2.6952641821064676 16
1757442007149 0.002564356649185072 17
1757442007252 8.951939215030537 18
1757442007356 4.0353840740805405 19
1757442007462 0.0003913337523342234 20
1757442007567 0.8533343880979029 21
1757442007671 2.6393129661335304 22
1757442007774 0.027608610030162125 23
1757442007878 1.5325416967395669 24
1757442007980 4.6732705278655216 25
1757442008086 0.2843521951194351 26
1757442008192 0.16236542412324484 27
1757442008296 0.0008993527118259199 28
1757442008402 0.0036364910072169713 29
1757442008508 2.4785023622586517 30
1757442008617 1.377842244335054 31
1757442008724 0.00013601087015226824 32
1757442008830 5.61385814089831 33
1757442008938 0.013242132150619255 34
1757442009044 0.4636232948734504 35
1757442009151 0.06486753239374729 36
1757442009258 6.897856961661982 37
1757442009360 4.874677822397339 38
1757442009463 0.47924771659893933 39
1757442009568 0.9764271065800479 40
1757442009673 0.4385251579344469 41
1757442009778 2.932282187613812 42
1757442009887 0.1934436260094698 43
1757442009991 5.939670527994701 44
1757442010097 0.8062248676440363 45
1757442010201 0.04658934333270891 46
1757442010305 0.10535936393834833 47
1757442010408 0.06578425365561817 48
1757442010514 0.1502901486933611 49
1757442010617 0.007224451721382358 50
1757442010721 0.32082435573147605 51
1757442010827 0.05169510254269135 52
1757442010932 0.08577443015540352 53
1757442011038 0.01066267745665351 54
1757442011146 0.23366009626508952 55
1757442011252 1.4032766974636144 56
1757442011361 3.819633996731124 57
1757442011470 141.61587256112531 58
1757442011577 21.542485767621567 59
1757442011682 0.0070448132115096375 60
1757442011786 0.01908791467928512 61
1757442011890 0.07416329943101745 62
1757442011996 0.8270298968311085 63
1757442012102 2.178062100687005 64
1757442012211 3.660039902271041e-07 65
1757442012318 0.28002838928803664 66
1757442012425 0.035720273844106656 67
1757442012532 0.3666746053232455 68
1757442012642 0.87108668037657 69
1757442012751 15.343782446300702 70
1757442012856 0.32036359532314157 71
1757442012965 6.357922615743828e-06 72
1757442013071 0.0009476544704177058 73
1757442013174 0.8208187120656889 74
1757442013278 0.2793890595734498 75
1757442013382 7.5657193488615855 76
1757442013486 7.468411612796654e-06 77
1757442013592 8.034849518289855 78
1757442013699 2.2590286006800078 79
1757442013804 12.881905983789183 80
1757442013911 1.437879963714727 81
1757442014016 141.48463277044021 82
1757442014118 0.028082192619247225 83
1757442014221 0.37778293873705165 84
1757442014326 1.6695022693670476 85
1757442014430 1.320496121406823 86
1757442014535 2.231604509491796 87
1757442014642 1.4688987869043653 88
1757442014750 4.748176100636921 89
1757442014858 2.723157206774177 90
1757442014967 0.012255508713674285 91
1757442015081 3.9758532877629844 92
1757442015192 0.015930863605868942 93
1757442015303 0.8532786443179811 94
1757442015411 3.3521727233372847 95
1757442015520 11.136897922960921 96
1757442015626 0.2691143404730288 97
1757442015734 0.22449991012542908 98
1757442015844 0.2273736658840757 99
1757442015953 1.5505968595382744 100
1757442016060 0.02730384055695316 101
1757442016169 0.6837887802660599 102
1757442016276 3.234342014274434 103
1757442016384 2.5991099720580855 104
1757442016491 12.243713282288441 105
1757442016596 0.552438607141678 106
1757442016703 0.06296937302139147 107
1757442016809 1.1757538229016644 108
1757442016920 0.10472668354794429 109
1757442017029 5.817928940701465 110
1757442017136 0.09014554833689797 111
1757442017244 0.11308311063821629 112
1757442017354 0.275165744863136 113
1757442017460 0.013961893340298428 114
1757442017566 2.765985960612949 115
1757442017674 0.830560390767515 116
1757442017782 0.134524730846996 117
1757442017888 0.26032982874942745 118
1757442017999 0.0013106697538206886 119
1757442018113 3.885122622075012 120
1757442018222 0.019173394233406513 121
1757442018331 0.5212755440824336 122
1757442018445 0.12911931333966334 123
1757442018555 0.40430376562111003 124
1757442018668 1.120676376288501 125
1757442018784 0.3045486250575219 126
1757442018895 0.048940681040012035 127
1757442019015 1.9939925819135804 128
1757442019123 0.3985654058478469 129
1757442019236 2.4178599995503895 130
1757442019352 0.10387373263500933 131
1757442019466 1.3779455307019928 132
1757442019577 1.7733547344869627 133
1757442019690 14.057563234058183 134
1757442019802 0.1518423402978284 135
1757442019912 1.4453936345500338 136
1757442020019 2.0808311548171385 137
1757442020126 1.2175279876385388 138
1757442020236 1.051749101017584 139
1757442020345 3.315590189249689 140
1757442020452 2.255898267655023 141
1757442020559 0.46927245887753766 142
1757442020669 0.8253511176196461 143
1757442020777 0.7079224606165424 144
1757442020887 0.6068662221139146 145
1757442020997 0.05623070133936165 146
1757442021105 0.7869351037354212 147
1757442021215 0.4420990944516608 148
1757442021324 0.06460722275715394 149
1757442021430 0.8109304207773291 150
1757442021538 2.738456086021555 151
1757442021646 1.235269458444824 152
1757442021755 0.0008540911241756845 153
1757442021865 0.8255092672855416 154
1757442021973 1.722685191393154 155
1757442022083 0.9659169537591038 156
1757442022190 0.5553675026821113 157
1757442022297 2.48318762915435 158
1757442022405 1.3229167704464815 159
1757442022513 0.2676211154527411 160
1757442022620 1.718629268689515 161
1757442022730 2.7121671336772275 162
1757442022838 16.023532914711108 163
1757442022949 13.971830810770467 164
1757442023075 0.058468687405556496 165
1757442023186 0.9854426661885196 166
1757442023293 1.755656766179514 167
1757442023398 0.022090575456083405 168
1757442023507 0.08464690135253859 169
1757442023615 0.0006559030169601727 170
1757442023724 2.442104118902605 171
1757442023834 5.043964886753445 172
1757442023942 0.05795865117201035 173
1757442024053 0.7852008170497101 174
1757442024159 0.16511900843750724 175
1757442024266 13.1114696723309 176
1757442024375 1.8479170440522577 177
1757442024483 0.6258355942904861 178
1757442024591 0.5416193179696093 179
1757442024701 4.362613758642719 180
1757442024810 0.10658926743919077 181
1757442024919 4.483868669225339 182
1757442025028 8.314461543712083 183
1757442025137 0.16483665166597528 184
1757442025246 0.003420940465277876 185
1757442025355 0.2711665330797022 186
1757442025465 0.251377691535561 187
1757442025576 0.44221491360548737 188
1757442025684 1.2591509902557707 189
1757442025792 2.0233391702720005 190
1757442025901 0.0023489975215092765 191
1757442026011 0.4045426498719066 192
1757442026123 0.02282656434689796 193
1757442026238 1.8258963811003825 194
1757442026347 3.2298181671681583 195
1757442026455 0.002977152799516888 196
1757442026561 5.894230270358363 197
1757442026669 0.010751922063194362 198
1757442026778 0.14344772700719047 199
1757442026886 0.2212892637939153 200
1757442026994 0.35041881818072806 201
1757442027103 0.8215306987259411 202
1757442027210 3.903785508495926e-05 203
1757442027319 0.3253148459040406 204
1757442027425 0.09050822299746993 205
1757442027533 0.0001671952045680568 206
1757442027642 3.73980380028489 207
1757442027753 0.02041375771134501 208
1757442027864 1.0866192719745575 209
1757442027975 1.1957806530734287 210
1757442028085 0.0056726586481467434 211
1757442028191 0.00993053563568066 212
1757442028299 0.3984171314498452 213
1757442028407 0.673339270782448 214
1757442028514 0.896053477105855 215
1757442028623 0.18224963415783724 216
1757442028730 0.03517071005674003 217
1757442028837 0.28164318279778683 218
1757442028947 3.030608054588597 219
1757442029057 0.6082980136698201 220
1757442029167 0.9980411408653912 221
1757442029277 0.254006338841454 222
1757442029388 0.9465169239262401 223
1757442029500 0.00020679251816851292 224
1757442029611 0.0442657993837538 225
1757442029721 0.032506869022555104 226
1757442029830 0.14820838707324252 227
1757442029941 0.9641614808547802 228
1757442030050 0.30244954879428965 229
1757442030159 3.441383366161041 230
1757442030269 0.015205311257607386 231
1757442030379 0.18901683405002678 232
1757442030489 0.015917064295910065 233
1757442030599 0.013701691905603901 234
1757442030705 2.5044984224990325 235
1757442030808 0.2583765352025704 236
1757442030914 1.8171161489694776 237
1757442031021 0.2374987416306133 238
1757442031128 1.5077712872566897 239
1757442031236 14.75285615955273 240
1757442031345 0.19785932302300144 241
1757442031453 0.6317207875125913 242
1757442031562 0.49676010975563306 243
1757442031673 0.3948414000397297 244
1757442031783 0.8120141692489098 245
1757442031894 0.7346567444471841 246
1757442032004 3.1468349496681958 247
1757442032119 0.5836086342033986 248
1757442032232 0.00013785471705838709 249
1757442032343 0.008705030718264761 250
1757442032452 0.29095394039786193 251
1757442032561 0.9570849795446331 252
1757442032672 3.412807814317561 253
1757442032783 5.536557639821114 254
1757442032895 0.08493863844936284 255
1757442033004 2.747307579480808 256
1757442033113 1.6724257158480604 257
1757442033223 0.0014614167366307446 258
1757442033334 0.054213573987178264 259
1757442033444 0.8235321864419409 260
1757442033554 4.465844130168147 261
1757442033663 0.011557877642878961 262
1757442033773 0.7858101641998995 263
1757442033885 3.597268828495423 264
1757442033995 0.019327859466080274 265
1757442034100 0.10678359832204892 266
1757442034206 2.0694190001522945 267
1757442034314 4.5797564187246085 268
1757442034423 0.3831741270766828 269
1757442034533 3.7892759336116257 270
1757442034642 2.6844802299483055 271
1757442034749 0.02867666522387924 272
1757442034856 0.17459941572315543 273
1757442034967 0.043880256075349455 274
1757442035080 0.23087432756917325 275
1757442035191 0.7566750880001901 276
1757442035303 0.017958167693041954 277
1757442035415 3.9499297153404718 278
1757442035524 7.6097487372035735 279
1757442035636 0.03757508012487673 280
1757442035745 5.0642852969575885e-06 281
1757442035855 3.1689478668997833 282
1757442035965 0.4533179969234736 283
1757442036077 2.4536980663017802 284
1757442036186 19.204553209904688 285
1757442036294 0.768527160908025 286
1757442036405 0.8822969027516345 287
1757442036517 4.696775092912621 288
1757442036629 0.23705644430454517 289
1757442036738 0.8644599279533868 290
1757442036847 7.879715090257 291
1757442036961 0.01279353360952203 292
1757442037073 0.19477014659182282 293
1757442037184 0.23742324276114815 294
1757442037290 4.754149059892194 295
1757442037399 1.105500774748038 296
1757442037512 0.08170487069701912 297
1757442037622 0.6383958625617547 298
1757442037734 0.19642663106176414 299
1757442037844 0.03672583809413099 300
1757442037956 8.704318394462641 301
1757442038068 0.7192557965740559 302
1757442038178 0.008242936567026623 303
1757442038288 1.3079781052379433 304
1757442038399 2.1853884090753106 305
1757442038508 9.195802301271205e-05 306
1757442038619 2.410230680364711 307
1757442038727 1.6408200550206775 308
1757442038838 0.10660516465523853 309
1757442038950 0.6096383670383317 310
1757442039062 7.0791282456734566 311
1757442039173 1.1603924893997861 312
1757442039284 1.6919217927712638 313
1757442039394 3.107325945616108 314
1757442039506 0.4119340236364505 315
1757442039614 0.03852040738438552 316
1757442039725 0.39737680178102974 317
1757442039833 0.7408842577759631 318
1757442039941 0.5985992908399708 319
1757442040052 15.182721794236885 320
1757442040164 3.5941198921629653 321
1757442040274 4.4378068927502285 322
1757442040386 7.517543897105658 323
1757442040498 0.6343361502818433 324
1757442040612 1.049536417754173 325
1757442040723 0.48086789640471117 326
1757442040834 3.53589159170534 327
1757442040946 0.20172046372689828 328
1757442041055 4.127589848719958 329
1757442041168 0.25344587648077205 330
1757442041280 0.5339254895709459 331
1757442041391 11.290261188789705 332
1757442041499 0.042191269667019686 333
1757442041610 0.0008293343881645402 334
1757442041723 12.326443335629365 335
1757442041836 0.7249827482801596 336
1757442041948 0.08667113308423319 337
1757442042060 2.0918040329448955 338
1757442042174 4.229209723694517 339
1757442042282 0.41308835178841685 340
1757442042392 1.3809557220081436 341
1757442042499 0.013345866267150857 342
1757442042608 4.335867639078829 343
1757442042719 0.15324270134374246 344
1757442042832 0.5488820833897561 345
1757442042941 0.19586413183998025 346
1757442043055 1.535760697840939 347
1757442043165 1.1608415486272208 348
1757442043280 0.00543222140066062 349
1757442043391 2.269947135648171 350
1757442043503 13.317954939201677 351
1757442043615 2.354201664352795 352
1757442043726 1.3792308136458986 353
1757442043836 0.003569308184851808 354
1757442043948 0.27659170652831766 355
1757442044060 0.30236778008816884 356
1757442044167 1.3863944615567545 357
1757442044278 0.830508911821395 358
1757442044387 4.319366414170565 359
1757442044496 0.2774276735873597 360
1757442044608 0.8481677642030837 361
1757442044719 0.6279299662949797 362
1757442044828 0.012082833558926415 363
1757442044941 8.30140796594429 364
1757442045051 1.1574911439985962 365
1757442045160 0.24190354422242785 366
1757442045268 0.011944929524969262 367
1757442045378 0.46520369730274014 368
1757442045490 0.9100142784373125 369
1757442045601 3.0682219647681133 370
1757442045712 0.06950896531103375 371
1757442045822 0.00010181911489778266 372
1757442045933 2.3006878497668195 373
1757442046078 0.01571654964965496 374
1757442046187 0.44607994553831665 375
1757442046299 0.9647280703902009 376
1757442046411 2.4641925439225925 377
1757442046521 0.06585856986370575 378
1757442046631 3.050631818053208 379
1757442046743 0.14939181589138317 380
1757442046852 2.6606712935620345 381
1757442046963 0.38955492393756636 382
1757442047074 0.048286683020032396 383
1757442047183 2.4634985339534263 384
1757442047294 2.791181395734225 385
1757442047405 3.19616223486632 386
1757442047517 1.1516990977549952 387
1757442047631 0.28376617364018425 388
1757442047745 1.1065285218063243 389
1757442047858 0.6937448414137478 390
1757442047972 0.1925000625971702 391
1757442048082 13.071625958618586 392
1757442048191 0.07726853927532566 393
1757442048303 0.0903081813836927 394
1757442048415 0.0424539774282689 395
1757442048526 1.728782066310717 396
1757442048637 8.347722709091515 397
1757442048748 0.040673737584804415 398
1757442048861 0.09828193146288032 399
1757442048974 2.0407102211440717 400
1757442049084 1.223469280006361 401
1757442049193 1.543042911233981 402
1757442049305 0.05328171313635761 403
1757442049416 0.26471739975669684 404
1757442049573 5.995327855653065 405
1757442049682 0.18406080577788242 406
1757442049792 0.000541292394439799 407
1757442049904 4.696487909570837 408
1757442050022 0.16835645008622435 409
1757442050147 3.0558820096167336 410
1757442050269 7.713622886251207 411
1757442050390 7.004242619615597 412
1757442050507 0.2835439613891739 413
1757442050625 0.0418540517025658 414
1757442050744 0.048754880180854984 415
1757442050862 2.091759688372344 416
1757442050979 2.0893110447143135 417
1757442051099 0.04783422686426046 418
1757442051218 0.042383513126379675 419
1757442051336 3.5593699561877195 420
1757442051454 0.2706371381329877 421
1757442051575 0.011703925442491525 422
1757442051696 6.436608971502405 423
1757442051821 4.045223166228974 424
1757442051938 1.9701411158288564 425
1757442052059 1.1546364612029099 426
1757442052177 0.7789610254016937 427
1757442052300 0.1998017039302934 428
1757442052417 1.5850414378017406 429
1757442052538 0.005792894355448191 430
1757442052657 0.8807054908758507 431
1757442052777 0.19609960411429245 432
1757442052897 0.07035074243351369 433
1757442053016 0.3840420121970618 434
1757442053138 0.027641779955722902 435
1757442053258 0.23522061357710175 436
1757442053376 0.3133768113794192 437
1757442053497 22.44154735535995 438
1757442053617 1.0066037980600306 439
1757442053735 2.313060735331281 440
1757442053850 13.078189236138611 441
1757442053967 1.1681624036895815 442
1757442054095 0.047470896688286184 443
1757442054215 2.289439969431343 444
1757442054338 2.160356646201338 445
1757442054456 1.431970241389571 446
1757442054577 3.390637747225205 447
1757442054695 2.164151487657467 448
1757442054817 0.15542658451465835 449
1757442054950 0.013200356719009886 450
1757442055080 0.2136603580565621 451
1757442055201 0.08186987253812507 452
1757442055321 0.018769670149822636 453
1757442055440 5.5831744357832385 454
1757442055557 0.10932510478950248 455
1757442055678 0.3393698140342308 456
1757442055797 0.2253314969890417 457
1757442055916 0.04275545778764556 458
1757442056036 0.024421267329659154 459
1757442056154 0.7012268701590829 460
1757442056274 3.992768306936488 461
1757442056395 0.7252381112429449 462
1757442056517 0.22854548655913282 463
1757442056637 4.060492981290464 464
1757442056756 0.014435971149073846 465
1757442056873 1.84497803756091 466
1757442056992 2.720891856213246 467
1757442057114 0.5643012618222646 468
1757442057234 1.2327087808700194 469
1757442057354 2.847028416688224 470
1757442057473 3.5170279354642715 471
1757442057595 5.960559391704123 472
1757442057714 2.7060625539176213 473
1757442057838 0.5952695676466336 474
1757442057958 0.48993069959689606 475
1757442058077 1.753461861137213 476
1757442058196 2.3304982956524953 477
1757442058316 0.020263376654622006 478
1757442058434 11.941742233355807 479
1757442058584 1.071919522331277 480
1757442058701 0.07722659370485949 481
1757442058821 4.312987905547989 482
1757442058938 0.024323059656772398 483
1757442059056 0.17071178200275255 484
1757442059177 7.5959073596743245 485
1757442059298 0.49200555038654725 486
1757442059418 0.23955159459196582 487
1757442059540 12.062041520701626 488
1757442059661 5.970204153422988 489
1757442059783 1.3381818492065833 490
1757442059903 0.004493975470800038 491
1757442060020 11.487572822468493 492
1757442060140 0.02681065507055837 493
1757442060260 0.36057461365756666 494
1757442060382 8.320392675163145 495
1757442060501 2.602839183236088 496
1757442060624 0.388100054108131 497
1757442060742 3.5028657589760868 498
1757442060865 0.9732571478823677 499
