1757589645763 162.8027036211608 0
1757589645821 88.76677649905915 1
1757589645892 75.08762087727779 2
1757589645959 58.64694270459909 3
1757589646022 46.52287924126172 4
1757589646095 36.90960641240382 5
1757589646162 29.37918900830822 6
1757589646228 23.46558631769984 7
1757589646297 18.821271037201395 8
1757589646366 15.171746289844815 9
1757589646434 12.302315652857539 10
1757589646507 10.044750917351434 11
1757589646575 8.26725324725089 12
1757589646644 6.866542557672576 13
1757589646717 5.761672332882284 14
1757589646787 4.889186867671073 15
1757589646855 4.199330233964532 16
1757589646929 3.653078272371444 17
1757589646989 3.2198147903301964 18
1757589647060 2.875512001076175 19
1757589647129 2.6013056661535647 20
1757589647202 2.382379213070801 21
1757589647269 2.2070897322222147 22
1757589647338 2.0662833385656985 23
1757589647407 1.952758794795419 24
1757589647477 1.8608472232328739 25
1757589647545 1.7860827228200895 26
1757589647616 1.7249441775592633 27
1757589647685 1.6746528238275322 28
1757589647754 1.6330134946919856 29
1757589647820 1.5983525769900395 30
1757589647888 1.569133359104189 31
1757589647956 1.5444624180528614 32
1757589648029 1.5232804804899829 33
1757589648096 1.505088005464699 34
1757589648164 1.4891513812125206 35
1757589648234 1.4752132288969173 36
1757589648305 1.4627453228421494 37
1757589648376 1.4516406509118922 38
1757589648444 1.4415012765815585 39
1757589648515 1.4323138868098095 40
1757589648586 1.4229081856445682 41
1757589648656 1.415532552388437 42
1757589648729 1.4080694904255284 43
1757589648798 1.4003224603648237 44
1757589648868 1.3941299001291299 45
1757589648937 1.3870429063569403 46
1757589649012 1.3814157741633937 47
1757589649080 1.3756260141698484 48
1757589649149 1.3691732243242445 49
1757589649219 1.364204036073756 50
1757589649288 1.3580575727285151 51
1757589649358 1.3533636020119484 52
1757589649428 1.348244477204513 53
1757589649498 1.3425576458008261 54
1757589649572 1.3380729781501928 55
1757589649646 1.3325446864056478 56
1757589649714 1.3282145581314548 57
1757589649782 1.3228314557711154 58
1757589649847 1.3186253909249666 59
1757589649920 1.314117707849549 60
1757589649990 1.3088422175110936 61
1757589650062 1.3048612639806292 62
1757589650134 1.2996622249563072 63
1757589650205 1.2957662620881834 64
1757589650275 1.2913947803528938 65
1757589650349 1.2864134161331575 66
1757589650418 1.2825353294412594 67
1757589650485 1.277605251205098 68
1757589650556 1.2737915805039215 69
1757589650627 1.2696610820032592 70
1757589650698 1.2647590143567287 71
1757589650769 1.2611022745877367 72
1757589650837 1.2562387345772819 73
1757589650907 1.2526349296984916 74
1757589650977 1.2485533388811978 75
1757589651055 1.2438634147742071 76
1757589651126 1.2402439808357866 77
1757589651199 1.2355850328011106 78
1757589651269 1.2320126109723886 79
1757589651340 1.2281226460690937 80
1757589651413 1.2234698007942342 81
1757589651482 1.220033450691324 82
1757589651554 1.215407649441413 83
1757589651625 1.212014361198632 84
1757589651695 1.2074322202564507 85
1757589651767 1.204078068758069 86
1757589651834 1.2002515239042926 87
1757589651901 1.195430304204561 88
1757589651969 1.1922737896758078 89
1757589652044 1.1874672437566436 90
1757589652115 1.18435603023643 91
1757589652185 1.1802972512972105 92
1757589652257 1.1761268794442588 93
1757589652329 1.1725091058824677 94
1757589652399 1.1683631300203992 95
1757589652468 1.1647842919411762 96
1757589652536 1.1613794427903086 97
1757589652606 1.157148365404628 98
1757589652682 1.1535505648914022 99
1757589652750 1.1495765979144474 100
1757589652822 1.146003883823313 101
1757589652894 1.1420712946743705 102
1757589652968 1.1385325294676256 103
1757589653036 1.1353304581970427 104
1757589653106 1.1307487611069966 105
1757589653181 1.127977366984208 106
1757589653251 1.1238215627203394 107
1757589653321 1.120448912371931 108
1757589653391 1.1172539767146097 109
1757589653461 1.1128338465303822 110
1757589653535 1.1100681446661236 111
1757589653610 1.1056655486904956 112
1757589653685 1.1029365621630332 113
1757589653758 1.0992482283893188 114
1757589653828 1.0954942791885143 115
1757589653893 1.092227478617087 116
1757589653967 1.088492297706245 117
1757589654043 1.0856734459940316 118
1757589654113 1.0813259388137726 119
1757589654186 1.0787801755359532 120
1757589654255 1.0751255007933203 121
1757589654326 1.0715677050278714 122
1757589654400 1.0683294694925345 123
1757589654473 1.0647892088032909 124
1757589654547 1.0615840542275214 125
1757589654620 1.0587442243848377 126
1757589654694 1.054950724788712 127
1757589654765 1.0518685654278783 128
1757589654835 1.048335796502227 129
1757589654907 1.0452734894491251 130
1757589654981 1.041777253124182 131
1757589655053 1.0387439575768636 132
1757589655122 1.0359397561429078 133
1757589655198 1.0319097099861392 134
1757589655271 1.0295150162090145 135
1757589655343 1.0259236301158872 136
1757589655414 1.022897554769067 137
1757589655484 1.0202378383617146 138
1757589655557 1.0162107139075347 139
1757589655628 1.0139590220144006 140
1757589655705 1.0099455954575893 141
1757589655776 1.0077264758086284 142
1757589655845 1.0037442887899326 143
1757589655917 1.0015545380224233 144
1757589655992 0.9986775128048596 145
1757589656066 0.9948387620701863 146
1757589656139 0.9926121693244164 147
1757589656211 0.9887736422391743 148
1757589656282 0.986580939225237 149
1757589656354 0.9827723244016637 150
1757589656431 0.9806084936521564 151
1757589656518 0.9764064499033087 152
1757589656591 0.9738919149257786 153
1757589656667 0.9711215739839204 154
1757589656741 0.9669605539973475 155
1757589656812 0.9653016822451131 156
1757589656887 0.9621520275422868 157
1757589656959 0.958123985659213 158
1757589657036 0.9559997264041578 159
1757589657112 0.9519543584118405 160
1757589657185 0.9498718817404768 161
1757589657260 0.9469239257996854 162
1757589657334 0.9431945590413511 163
1757589657396 0.9415427594603251 164
1757589657466 0.9383322326466249 165
1757589657539 0.9347146367461165 166
1757589657613 0.9324122040178958 167
1757589657681 0.9287756534678024 168
1757589657754 0.9265149301902073 169
1757589657831 0.9239710431763166 170
1757589657900 0.9206743014927162 171
1757589657976 0.9178392445318607 172
1757589658048 0.9159566481290093 173
1757589658121 0.9118945835783637 174
1757589658191 0.9099968234443174 175
1757589658264 0.9078593823995403 176
1757589658341 0.9033432981237622 177
1757589658416 0.9022309225305248 178
1757589658490 0.89768907876371 179
1757589658566 0.8966138626366956 180
1757589658641 0.8931698824338565 181
1757589658714 0.890432548526436 182
1757589658791 0.8887080447004876 183
1757589658861 0.8853964066049111 184
1757589658936 0.8826167669846066 185
1757589659019 0.8799489807070107 186
1757589659094 0.8782367529266283 187
1757589659169 0.8739089514011049 188
1757589659240 0.8728666829565719 189
1757589659316 0.8691229184209669 190
1757589659391 0.8671835106969371 191
1757589659466 0.8653329982477594 192
1757589659541 0.8610124359002304 193
1757589659615 0.8600919008806555 194
1757589659690 0.8568230530913502 195
1757589659766 0.8542367874865654 196
1757589659852 0.8522308986222897 197
1757589659924 0.8487112508674531 198
1757589659996 0.8470799381051973 199
1757589660074 0.8446489697336215 200
1757589660148 0.8417900890957289 201
1757589660225 0.8393345076898525 202
1757589660297 0.837801267723111 203
1757589660371 0.8342411907107927 204
1757589660447 0.832471864690422 205
1757589660523 0.8303181821111597 206
1757589660602 0.8268582874453838 207
1757589660680 0.8253799605912386 208
1757589660759 0.8219088253238611 209
1757589660834 0.820913445644581 210
1757589660907 0.8184212228412855 211
1757589660983 0.8150989539879743 212
1757589661059 0.813604932867661 213
1757589661136 0.811340221306366 214
1757589661209 0.8081655734753436 215
1757589661287 0.8065774177898376 216
1757589661362 0.8044733256878832 217
1757589661433 0.8017704672479508 218
1757589661506 0.799906444937026 219
1757589661587 0.7968123482824204 220
1757589661664 0.7952247459827101 221
1757589661741 0.793231616511508 222
1757589661816 0.7899545917770059 223
1757589661895 0.7886362693315617 224
1757589661966 0.7869974885806857 225
1757589662048 0.7835639832608698 226
1757589662126 0.7822177429366141 227
1757589662206 0.7801082592039594 228
1757589662281 0.7770584454841282 229
1757589662359 0.775629893220776 230
1757589662433 0.7725636373208766 231
1757589662508 0.7717221936988364 232
1757589662582 0.768899803486131 233
1757589662656 0.7666813500073038 234
1757589662735 0.7649820776449472 235
1757589662818 0.763127691588526 236
1757589662893 0.7599949123756213 237
1757589662968 0.7588048860521511 238
1757589663042 0.7573051823929488 239
1757589663118 0.7535527826689054 240
1757589663194 0.75305338920032 241
1757589663272 0.7492689008958445 242
1757589663360 0.7488008294606383 243
1757589663434 0.7465990757818058 244
1757589663513 0.7437001453919794 245
1757589663590 0.7429870539087038 246
1757589663667 0.7403054846177641 247
1757589663740 0.7382062208382372 248
1757589663815 0.7361891433769173 249
1757589663892 0.7351776666837382 250
1757589663965 0.7314530807282213 251
1757589664045 0.7311197119965985 252
1757589664121 0.7283780883646463 253
1757589664199 0.7265074740244991 254
1757589664276 0.7254745304794247 255
1757589664351 0.721856784262141 256
1757589664447 0.7215080758940091 257
1757589664536 0.7189763409771543 258
1757589664615 0.7169131504552176 259
1757589664694 0.715064755368507 260
1757589664774 0.7140901137397191 261
1757589664853 0.7115199318613543 262
1757589664929 0.7096673174396078 263
1757589665006 0.70876856513188 264
1757589665079 0.7051681715740844 265
1757589665151 0.704954718852028 266
1757589665229 0.7013377797488983 267
1757589665305 0.7011510188170522 268
1757589665384 0.6991843005394961 269
1757589665462 0.6964493809449316 270
1757589665544 0.6959463757692524 271
1757589665623 0.693552813740246 272
1757589665703 0.6915957177022204 273
1757589665782 0.6898751910285611 274
1757589665860 0.689014343177586 275
1757589665937 0.6860821310822939 276
1757589666014 0.6850927434378954 277
1757589666092 0.6829195266692728 278
1757589666168 0.681205606239544 279
1757589666242 0.6804397871691095 280
1757589666321 0.6769781626923101 281
1757589666401 0.6768972947869049 282
1757589666485 0.674531047383768 283
1757589666568 0.6727174196406425 284
1757589666648 0.6715458618469841 285
1757589666728 0.6700295005558674 286
1757589666810 0.6679314999425432 287
1757589666888 0.6662941060867149 288
1757589666964 0.664468907073343 289
1757589667043 0.6628458444910211 290
1757589667120 0.6621605416746544 291
1757589667196 0.6592952347915634 292
1757589667274 0.6585038961896037 293
1757589667351 0.6570366446515725 294
1757589667429 0.6544898451293197 295
1757589667512 0.6541899024010402 296
1757589667594 0.6519997634090781 297
1757589667676 0.6502292412255558 298
1757589667753 0.6487162114648369 299
1757589667830 0.6480509444738609 300
1757589667906 0.6452877746787616 301
1757589667977 0.6445288779660227 302
1757589668052 0.6425202224267204 303
1757589668128 0.641023812607288 304
1757589668206 0.6404354142301403 305
1757589668287 0.6371736553813088 306
1757589668365 0.6372740020773143 307
1757589668444 0.6356054703768057 308
1757589668519 0.6331845008639868 309
1757589668600 0.6324972122861545 310
1757589668676 0.6311669754857909 311
1757589668756 0.6292117954129645 312
1757589668831 0.6278205059844 313
1757589668911 0.6272497457172325 314
1757589668993 0.6240928506081109 315
1757589669073 0.6242121696792019 316
1757589669152 0.6215159167856532 317
1757589669230 0.6208987428456786 318
1757589669313 0.6196380996527031 319
1757589669394 0.6172422999090662 320
1757589669473 0.6171604219578833 321
1757589669552 0.6151187909686803 322
1757589669632 0.6135526106756839 323
1757589669712 0.6121916863616768 324
1757589669794 0.6117394279733032 325
1757589669873 0.6090914026015873 326
1757589669950 0.608578667558106 327
1757589670023 0.606681075180425 328
1757589670103 0.6054181264004026 329
1757589670184 0.6049533989047122 330
1757589670264 0.6019078171298051 331
1757589670339 0.6021357184103533 332
1757589670417 0.6006726345441857 333
1757589670526 0.5983916228457734 334
1757589670609 0.5979034890853266 335
1757589670688 0.5967220937142471 336
1757589670768 0.5949562609068536 337
1757589670847 0.5937068181206178 338
1757589670924 0.5933378247906494 339
1757589671006 0.5903059650243077 340
1757589671084 0.5906306436234445 341
1757589671163 0.5880389434865207 342
1757589671240 0.5876543621108617 343
1757589671319 0.5869911228021972 344
1757589671399 0.5840450537761412 345
1757589671484 0.5843577692808534 346
1757589671565 0.5825175922633983 347
1757589671643 0.581055772927778 348
1757589671725 0.5799120580852944 349
1757589671804 0.5795712048629483 350
1757589671885 0.5771050548540317 351
1757589671966 0.5767357942880844 352
1757589672038 0.5761626432854032 353
1757589672120 0.5732276824885993 354
1757589672199 0.573633005689206 355
1757589672280 0.5706637979591861 356
1757589672361 0.5710925690654073 357
1757589672440 0.5692841184368113 358
1757589672524 0.5679233314953105 359
1757589672606 0.56776067393674 360
1757589672685 0.566037354933202 361
1757589672763 0.5646426665061071 362
1757589672843 0.5635883634306145 363
1757589672924 0.5633247596978722 364
1757589673006 0.5604832768646248 365
1757589673089 0.56091542614678 366
1757589673166 0.5592000467375282 367
1757589673250 0.5578425596340116 368
1757589673332 0.557770513944772 369
1757589673415 0.5549098773998378 370
1757589673495 0.5554109358300221 371
1757589673571 0.5536865387046374 372
1757589673657 0.5523933939936723 373
1757589673739 0.5513696349488518 374
1757589673819 0.5512059125612511 375
1757589673897 0.5488887987265825 376
1757589673980 0.5486431297716928 377
1757589674059 0.5481803004385266 378
1757589674142 0.545431284907126 379
1757589674225 0.5459355241564053 380
1757589674304 0.544300101520987 381
1757589674383 0.5430083690685089 382
1757589674464 0.5420750023369996 383
1757589674547 0.5419168548109916 384
1757589674630 0.5396867193121935 385
1757589674714 0.5394448325852544 386
1757589674798 0.5379076921107154 387
1757589674881 0.5369901329894532 388
1757589674963 0.53689207245813 389
1757589675043 0.5341480980073151 390
1757589675124 0.5347525518398377 391
1757589675206 0.5336490026714122 392
1757589675291 0.5316619247187402 393
1757589675375 0.5315486027418356 394
1757589675459 0.5306841185702199 395
1757589675537 0.5291906434851973 396
1757589675619 0.5283527922519546 397
1757589675701 0.5282587349244089 398
1757589675781 0.5255947071564854 399
1757589675864 0.5262045429152481 400
1757589675946 0.5240230832738014 401
1757589676031 0.5238639963089072 402
1757589676112 0.5231499695456252 403
1757589676195 0.5211588741242855 404
1757589676279 0.5215704597747244 405
1757589676362 0.5200508791412158 406
1757589676444 0.5189045768634784 407
1757589676532 0.5185838070631378 408
1757589676616 0.5177887181189225 409
1757589676697 0.5159410540983714 410
1757589676781 0.5158371595985969 411
1757589676862 0.5151359161489067 412
1757589676944 0.5132122810083616 413
1757589677022 0.513217346073364 414
1757589677104 0.5124357595438507 415
1757589677191 0.5110330336198718 416
1757589677270 0.5108142648407409 417
1757589677352 0.5088433840623279 418
1757589677432 0.5089177097636501 419
1757589677533 0.5081193966282659 420
1757589677615 0.5063679272180158 421
1757589677698 0.5062749430111093 422
1757589677784 0.5056706446907259 423
1757589677871 0.5042650512477562 424
1757589677956 0.5039756001848857 425
1757589678049 0.5033883070255107 426
1757589678126 0.5014679993411569 427
1757589678212 0.50158877648062 428
1757589678304 0.5008177077628518 429
1757589678392 0.49911121397683167 430
1757589678484 0.4990470867166846 431
1757589678573 0.4984917884056293 432
1757589678663 0.4971119262053594 433
1757589678747 0.4968641541793621 434
1757589678833 0.4951122133756664 435
1757589678934 0.4951179395881492 436
1757589679026 0.4945416682000501 437
1757589679115 0.4927092256425045 438
1757589679205 0.49284308412849887 439
