1757671042045 0.040406490916334574 0
1757671042161 0.002304310018408603 1
1757671042273 0.9411543802227162 2
1757671042384 0.9140717654019773 3
1757671042493 0.004279481190726767 4
1757671042605 0.8840718169181602 5
1757671042716 0.4466857395960023 6
1757671042826 0.12113689458069674 7
1757671042937 0.5910117785401339 8
1757671043043 0.4199934135368554 9
1757671043153 0.011427816476983883 10
1757671043269 0.4883569290337474 11
1757671043383 0.008784019542040616 12
1757671043501 0.1357360823060338 13
1757671043618 0.19053258193184017 14
1757671043729 0.026755986825762607 15
1757671043840 1.3393465953888073 16
1757671043953 0.08652413629415973 17
1757671044066 0.4589887017959849 18
1757671044179 0.05700881066577926 19
1757671044290 0.05541177541319239 20
1757671044403 0.2243686186730483 21
1757671044518 0.01957217594341062 22
1757671044632 0.15055755892430334 23
1757671044742 0.005056437144088047 24
1757671044855 0.023276532520606668 25
1757671044967 0.10405987308379101 26
1757671045079 0.09661575544468173 27
1757671045194 0.0022193112330066308 28
1757671045306 0.007441977279166249 29
1757671045420 0.22115085051375954 30
1757671045532 1.1115642778339179 31
1757671045647 0.005414863195372414 32
1757671045786 0.05220798201679545 33
1757671045902 0.057499974364089906 34
1757671046014 0.004152967221671232 35
1757671046138 0.005200176765276745 36
1757671046253 0.005049134083971591 37
1757671046365 0.020378328648639924 38
1757671046479 0.0651370244443821 39
1757671046593 0.08849616524465254 40
1757671046706 0.005100386940506129 41
1757671046821 0.0037928417965890217 42
1757671046933 0.0004320383417901171 43
1757671047048 0.0004198888573371072 44
1757671047163 0.02243501885524871 45
1757671047277 0.014278749894529869 46
1757671047390 0.055060998501895754 47
1757671047503 0.40518995554376597 48
1757671047617 0.007386748295999376 49
1757671047729 0.19992452870775873 50
1757671047843 0.9262764769912776 51
1757671047954 0.07033779033267566 52
1757671048068 0.5807911825527426 53
1757671048184 0.057813013062664384 54
1757671048297 0.05163700824466586 55
1757671048411 0.04245412830945549 56
1757671048526 0.06689321643620498 57
1757671048645 0.009143721913521283 58
1757671048762 0.012872643903273891 59
1757671048876 0.1234802637744406 60
1757671048988 0.00011510389086459913 61
1757671049104 0.3480506159588208 62
1757671049219 0.11611377306005993 63
1757671049331 0.029908365710939706 64
1757671049444 0.005152597779816203 65
1757671049556 0.4650793815240583 66
1757671049669 3.939528094415301e-05 67
1757671049781 0.035312099781998486 68
1757671049894 0.015976162678617158 69
1757671050007 0.1257501342922213 70
1757671050121 0.005155528856018684 71
1757671050299 0.04000057612899213 72
1757671050514 0.0593203195178381 73
1757671050714 0.2116866269632224 74
1757671050832 4.385602318136452e-05 75
1757671050945 0.014476438156476657 76
1757671051080 0.1359438160897974 77
1757671051191 0.002138158625881989 78
1757671051303 0.02878443409418157 79
1757671051415 0.019929844871999242 80
1757671051530 0.006116813486183878 81
1757671051643 0.02989740503673132 82
1757671051755 0.034001847622202035 83
1757671051867 0.046442257164702246 84
1757671051980 0.0018156766552238541 85
1757671052092 0.004502771248471547 86
1757671052207 0.010572145261318625 87
1757671052319 0.14195758278939039 88
1757671052432 0.15696055310181142 89
1757671052544 0.017610326179835795 90
1757671052657 0.016975938403499705 91
1757671052770 0.05847513786637086 92
1757671052885 0.13484904958571062 93
1757671052997 0.009829948657721566 94
1757671053111 0.0025782187311772183 95
1757671053224 0.01417748838039518 96
1757671053337 0.2795888233541521 97
1757671053450 0.06701700819752984 98
1757671053564 0.06691811459175552 99
1757671053676 0.023972263134354396 100
1757671053790 0.019463322817443167 101
1757671053904 0.062060607599271914 102
1757671054018 0.07954485705965371 103
1757671054130 0.06482555061366442 104
1757671054244 0.006649708296668621 105
1757671054356 0.014312659774873726 106
1757671054469 0.006279325989728114 107
1757671054582 0.06997940394820636 108
1757671054696 0.12146427416393105 109
1757671054808 0.09224389780159999 110
1757671054920 0.027084416905586134 111
1757671055033 0.2871287249335499 112
1757671055145 0.0059114115241072455 113
1757671055259 0.003060074537749818 114
1757671055370 0.06144241196790159 115
1757671055482 0.025139493247111393 116
1757671055599 0.0010973067838023537 117
1757671055711 0.30905496154454315 118
1757671055822 0.047725839015344974 119
1757671055932 0.08427052931102998 120
1757671056049 0.18249948117509993 121
1757671056170 0.006663447889400375 122
1757671056282 0.005375674153138431 123
1757671056393 0.020339474025386762 124
1757671056503 0.2910714251042474 125
1757671056614 0.07258034728358273 126
1757671056724 0.12894177037211937 127
1757671056837 0.30456304846403465 128
1757671056947 0.10986907352803987 129
1757671057061 0.09806901246070861 130
