1757673289488 2.4016812561054715 0
1757673289608 0.7120675001833525 1
1757673289718 1.1114745887218411 2
1757673289829 0.7084717701592381 3
1757673289941 1.1470114591770206 4
1757673290052 0.40250928044849094 5
1757673290164 0.04935044125837093 6
1757673290275 0.15091206621766498 7
1757673290385 1.22793391674236 8
1757673290496 0.006117394803969255 9
1757673290608 0.07292717078178908 10
1757673290717 0.38630289052436845 11
1757673290829 1.060304988262428 12
1757673290943 4.160191910286702 13
1757673291056 1.3866178566881378 14
1757673291166 0.001053985069032003 15
1757673291278 2.3357291392660158 16
1757673291389 1.5055816125356094 17
1757673291501 0.14731740185317477 18
1757673291612 0.33337785975412615 19
1757673291724 3.249832049423354 20
1757673291835 0.5168706538323956 21
1757673291947 0.5616716568627973 22
1757673292059 0.0009464652660022077 23
1757673292171 2.7480441078646702 24
1757673292282 2.938463113958598 25
1757673292392 0.43460637161268284 26
1757673292503 4.130483435586063 27
1757673292614 0.005152491688603328 28
1757673292727 0.6202870453898336 29
1757673292839 0.08139656774310548 30
1757673292952 0.37561843654382726 31
1757673293062 0.7456700583205527 32
1757673293175 1.186575808750147 33
1757673293287 0.24129058749459045 34
1757673293400 2.566311319395665 35
1757673293513 0.18768852191355453 36
1757673293627 0.12679934846274957 37
1757673293757 0.25074480336934934 38
1757673293871 0.001820391452481516 39
1757673293986 9.262029312304288e-06 40
1757673294099 0.039423760024761924 41
1757673294213 1.0515520698478342 42
1757673294326 9.016260968858528 43
1757673294441 1.6790318358758383 44
1757673294553 2.2268853429000353 45
1757673294667 3.870207463404502 46
1757673294782 9.53437557792129e-05 47
1757673294899 0.01640120822974732 48
1757673295014 0.16276557130012204 49
1757673295129 0.0012802068380116825 50
1757673295241 0.23345062119078505 51
1757673295354 0.9565340793659695 52
1757673295469 2.3209116875559257 53
1757673295582 0.01567633721214227 54
1757673295693 0.6477526126811893 55
1757673295807 0.9440403720522144 56
1757673295920 0.9534144652900485 57
1757673296033 1.3820269298406354 58
1757673296145 0.18514066390734674 59
1757673296265 0.42749209944572425 60
1757673296381 5.017198701838303 61
1757673296495 1.123462691205488 62
1757673296609 0.48382510333505985 63
1757673296724 0.000976597464021878 64
1757673296838 0.9938553841950577 65
1757673296954 0.07841051271881556 66
1757673297066 0.17832378508015917 67
1757673297181 0.8321650514320195 68
1757673297295 0.18215671346239218 69
1757673297409 1.284869173439673 70
1757673297522 0.9157671980187685 71
1757673297636 0.6769682399102395 72
1757673297748 7.851013507600859 73
1757673297862 1.088110764652464 74
1757673297976 0.06145111504816729 75
1757673298089 0.17404625362648882 76
1757673298202 0.5468228088801668 77
1757673298316 0.030448234263235792 78
1757673298430 0.10229262243774208 79
1757673298543 1.283966385202818 80
