1757652945867 0.13181459262805337 0
1757652945988 0.29308440377466294 1
1757652946100 0.7059848978755486 2
1757652946207 0.9978576760608362 3
1757652946311 0.8562576338253566 4
1757652946417 3.6767090733317644 5
1757652946523 0.004734648941074802 6
1757652946628 1.3045336381917914 7
1757652946735 0.05847832110987427 8
1757652946842 1.9339170408511306 9
1757652946947 0.2659611223706656 10
1757652947052 3.3546824105144193 11
1757652947158 0.028858668573735494 12
1757652947266 0.6426028123062895 13
1757652947370 0.3558298169083425 14
1757652947476 0.3730248726534576 15
1757652947586 1.688926997831054 16
1757652947690 1.9834826334294426 17
1757652947797 1.5679638577710409 18
1757652947903 0.3372051271275355 19
1757652948009 1.6813905263579598 20
1757652948116 4.756876770337943 21
1757652948221 0.10451799556874299 22
1757652948327 0.003339795040215664 23
1757652948433 0.9176543637063137 24
1757652948539 2.823062917083581 25
1757652948644 0.9141290314066348 26
1757652948753 0.027126972891041854 27
1757652948859 0.0857929071182182 28
1757652948967 0.3290714174041909 29
1757652949068 0.2707963656471249 30
1757652949173 0.912310292598784 31
1757652949279 2.3540214115366043 32
1757652949387 0.9982027832758561 33
1757652949499 0.07625654980749849 34
1757652949608 0.08916406012417218 35
1757652949715 2.4398314923630253 36
1757652949823 0.6560105084277227 37
1757652949931 0.06068011068995785 38
1757652950039 0.2363997167448181 39
1757652950146 5.420109161478873 40
1757652950254 9.035818701849092 41
1757652950361 0.4352211065661824 42
1757652950468 5.05901224640616 43
1757652950574 1.972340689599061 44
1757652950681 0.2941182856519451 45
1757652950789 1.7115815761562752 46
1757652950897 3.733590588130425 47
1757652951005 0.7726202729949849 48
1757652951113 0.583396469909929 49
1757652951220 0.3590090066985235 50
1757652951328 1.862609704707637 51
1757652951438 1.761851152538871 52
1757652951547 0.6771030348707185 53
1757652951654 4.041892603437041 54
1757652951762 2.0439521385520756 55
1757652951870 0.06398363338029482 56
1757652951977 0.0583755684374063 57
1757652952089 0.5151390645129148 58
1757652952197 0.18423387143656136 59
1757652952304 0.010883357658788636 60
1757652952413 0.11814829805832743 61
1757652952520 1.6819413766425135 62
1757652952629 0.0346360735219608 63
1757652952735 0.03848939747958151 64
1757652952841 15.185138042030182 65
1757652952949 1.6859076529904333 66
1757652953056 0.6206114001780477 67
1757652953161 0.005043763650800616 68
1757652953268 0.016946811644850793 69
1757652953374 8.535666305775386 70
1757652953483 0.5040329262991033 71
1757652953593 0.15335134256018892 72
1757652953702 12.884245246264316 73
1757652953808 0.4153094256057881 74
1757652953917 0.8868992069288933 75
1757652954025 2.06525787717726 76
1757652954133 0.07450339035223012 77
1757652954241 0.021161972024514693 78
1757652954349 0.24799820369152803 79
1757652954459 0.05607939280103338 80
1757652954566 2.7652298323371642 81
1757652954673 1.656727285075919 82
1757652954782 0.11838736060675711 83
1757652954890 0.0012597824720883498 84
1757652954997 0.03224541114524484 85
1757652955106 0.660712731894075 86
1757652955214 3.8910418081750473 87
1757652955322 0.15361980955306712 88
1757652955430 0.10193190044674949 89
1757652955538 35.807642002549386 90
1757652955645 0.4025028071251461 91
1757652955752 1.8494969521457512 92
1757652955861 0.47265089201457794 93
1757652955968 0.027384735109706543 94
1757652956077 10.04920193095637 95
1757652956185 1.3358689943600843 96
1757652956293 0.40540076442153683 97
1757652956400 0.9644131921420731 98
1757652956509 3.3071183631221324 99
1757652956617 4.0884266836553875 100
1757652956726 0.6325193236409196 101
1757652956835 1.526276101387137 102
1757652956943 0.22872769647712526 103
1757652957052 0.28197469625844496 104
1757652957161 0.026928688926943594 105
1757652957268 0.0023780046841929167 106
1757652957377 1.2801850105679946 107
1757652957486 0.4175586247159945 108
1757652957595 0.4800006429350247 109
1757652957705 0.35521710914746957 110
1757652957814 0.2209414993709965 111
1757652957924 0.9957099158686905 112
1757652958048 0.07100524218351395 113
1757652958162 15.71545840369561 114
1757652958278 0.33965126809446994 115
1757652958407 0.034775721795016354 116
1757652958515 6.440286442277675 117
1757652958624 0.050823876443523305 118
1757652958736 1.4129576609453667 119
1757652958849 0.017976656999069505 120
1757652958957 0.001112180982544225 121
1757652959066 2.628138513353178 122
1757652959171 0.8948132953138522 123
1757652959283 3.6193040840143484 124
1757652959393 1.0035188566643556 125
1757652959503 0.5265554382296331 126
1757652959614 1.6377940522383558 127
1757652959724 2.4865705811893055 128
1757652959835 0.042974582648767155 129
1757652959945 0.14353967793761643 130
1757652960056 3.3356432394600684 131
1757652960165 0.5143388962912725 132
1757652960274 2.2007735507807165 133
1757652960382 0.17523789031313325 134
1757652960491 1.1334164876121364 135
1757652960600 0.002888005494492809 136
1757652960710 0.13096901067575062 137
1757652960820 0.044698025447608834 138
1757652960931 0.0754072005421038 139
1757652961042 0.25313772045710853 140
1757652961152 0.0015949739458488452 141
1757652961263 0.12411324256643949 142
1757652961375 0.432958622112652 143
1757652961486 1.0554987843246149 144
1757652961596 0.8997817784300933 145
1757652961705 0.588640451909165 146
1757652961814 7.858140554153509e-07 147
1757652961924 0.21198362924988312 148
1757652962034 0.7271401226629638 149
1757652962144 0.061917147225439416 150
1757652962252 3.593380277383977 151
1757652962361 0.08074252011232173 152
1757652962470 0.5299361688952372 153
1757652962579 0.9651603395470216 154
1757652962689 7.607144749497187 155
1757652962799 0.013767608655645204 156
1757652962908 0.02862613701210288 157
1757652963018 4.44995526446602 158
1757652963127 2.0046563457850715 159
1757652963237 2.4575613819090387 160
1757652963347 1.0102801962681265 161
1757652963458 4.89887932226121 162
1757652963568 6.48733571871019 163
1757652963679 1.2858326163615275 164
1757652963790 2.0904663674708197 165
1757652963899 0.8335581652932125 166
1757652964007 6.424670952956334 167
1757652964118 0.21047655728358672 168
1757652964228 2.9141058514078826 169
1757652964337 0.43278723266389674 170
1757652964450 0.24323101929367308 171
1757652964561 1.230882927540377 172
1757652964672 1.1139511314860213 173
1757652964784 0.8888830723945571 174
1757652964894 0.4246164044321288 175
1757652965006 0.9529163039627521 176
1757652965117 0.6870544460058489 177
1757652965228 1.4559982302844054 178
1757652965338 0.10708065448005355 179
1757652965448 1.9194798049893307 180
1757652965561 4.7704957601026114 181
1757652965674 11.622166777786527 182
1757652965788 0.36113237867370784 183
1757652965899 0.010545903322886354 184
1757652966011 2.9393919025440325 185
1757652966125 0.05150238217301391 186
1757652966235 0.36702364449964237 187
1757652966346 1.3259372977502442 188
1757652966460 0.5355407734914949 189
1757652966570 1.9683287722938179 190
1757652966681 1.6569498017929902 191
1757652966792 1.8349831359141155 192
1757652966903 0.10282461747736693 193
1757652967029 0.4873359528372174 194
1757652967142 1.2331349844064543 195
1757652967251 0.14438916526331447 196
1757652967362 0.5576697934776035 197
1757652967473 2.1607742488814363 198
1757652967583 0.2272961193191814 199
1757652967694 1.286438903475872 200
1757652967806 2.623805908427867 201
1757652967917 0.40199433731522893 202
1757652968028 0.68618879136795 203
1757652968142 10.813058830581795 204
1757652968254 0.5512433891334875 205
1757652968367 0.003724985046197838 206
1757652968478 3.116557991448015 207
1757652968591 6.551519914492246 208
1757652968701 0.11783025818655878 209
1757652968821 0.34552565374109534 210
1757652968935 0.38241912554428287 211
1757652969045 0.009826624495131123 212
1757652969158 5.952208325929346 213
1757652969272 0.37164642086141053 214
1757652969384 0.7405543686166411 215
1757652969495 0.06492608573915895 216
1757652969608 0.609957413114711 217
1757652969727 0.39413439255592486 218
1757652969843 0.6370173261721377 219
1757652969956 0.04178062591369816 220
1757652970068 2.7452931117123964 221
1757652970180 0.1206018507660661 222
1757652970292 0.191931446982192 223
1757652970405 0.06338104498381834 224
1757652970517 0.5061487534413934 225
1757652970629 0.02925894842432566 226
1757652970742 1.497532902990167 227
1757652970855 0.026327146989404342 228
1757652970969 0.3855311390782295 229
1757652971081 0.2971976860607995 230
1757652971194 1.546161862040401 231
1757652971307 0.7400429049498595 232
1757652971419 0.8629311498298959 233
1757652971532 1.4111178833509093 234
1757652971644 0.46206938025854033 235
1757652971759 0.7326947663403773 236
1757652971871 3.46724149607759 237
1757652971983 1.0429470873934759 238
1757652972096 1.707052399415548 239
1757652972210 0.010054478926477881 240
1757652972323 0.8471321121022795 241
1757652972436 0.14459802151986012 242
1757652972547 2.6839107310367525 243
1757652972660 0.07766572392727406 244
1757652972771 0.12015743139107814 245
1757652972883 3.689110230807568 246
1757652972997 0.6433634252005025 247
1757652973109 0.5468169798993399 248
1757652973221 0.7835823772586744 249
1757652973335 2.0457507751125696 250
1757652973450 1.3614828683361582 251
1757652973561 0.031093761425881355 252
1757652973672 0.40289063069879755 253
1757652973787 1.9299787232321293 254
1757652973898 0.035031210446125415 255
1757652974008 5.538991032102274 256
1757652974121 0.6766033583660677 257
1757652974234 1.345646900758611 258
1757652974346 0.6328417477181786 259
1757652974458 0.8165419975608188 260
1757652974569 1.7110579970193458 261
1757652974680 0.0005172392617309133 262
1757652974793 0.13121533233544708 263
1757652974908 0.0032528266007612323 264
1757652975020 3.084212352609027 265
1757652975132 0.24621192879572887 266
1757652975245 0.143433445823375 267
1757652975357 2.250361424199387 268
1757652975471 1.4977263562225818 269
1757652975584 0.3744001358768689 270
1757652975696 3.473071880320451 271
1757652975808 0.06399831142826481 272
1757652975920 0.005624671516095423 273
1757652976034 0.9020525241533528 274
1757652976146 1.3710480388090305 275
1757652976258 0.7010926356768318 276
1757652976370 0.09746756563864548 277
1757652976483 0.0064384588737338554 278
1757652976599 3.339503261802297 279
1757652976710 19.451133182405 280
1757652976822 0.32201164713718766 281
1757652976935 0.4828197122613085 282
1757652977048 0.11705000041007999 283
1757652977161 0.8889751712759322 284
1757652977275 0.517365321175605 285
1757652977387 1.3438668771193654 286
1757652977501 1.4067897988660767 287
1757652977615 1.6173976181135092 288
1757652977729 2.3337992072958285 289
1757652977843 1.2939598000275225 290
1757652977958 0.5606449284912535 291
1757652978071 0.9633852654446584 292
1757652978184 0.41536339868358774 293
1757652978297 0.05768864615191533 294
1757652978414 0.08005655902634468 295
1757652978529 0.7937078499059371 296
1757652978645 3.689637719784627 297
1757652978766 0.7286924277401744 298
1757652978889 0.3495605492240895 299
1757652979003 0.8418833204961557 300
1757652979114 0.0032662782257392516 301
1757652979227 1.1801685430302558 302
1757652979341 0.8327248140739627 303
1757652979454 0.6286750400222887 304
1757652979569 2.554623280613031 305
1757652979683 4.779574801589146e-07 306
1757652979796 0.1178172752300945 307
1757652979913 0.21058416458601154 308
1757652980027 0.16088835083659322 309
1757652980141 0.22902250736160035 310
1757652980255 0.520442061361662 311
1757652980369 0.5689364510257895 312
1757652980482 0.004738598787938077 313
1757652980596 1.150333817804625 314
1757652980709 0.022541819539163087 315
1757652980825 0.02064905800632179 316
1757652980940 1.4810650073087186 317
1757652981055 0.35525472575445166 318
1757652981171 0.024500320381664584 319
1757652981284 0.05079658530779978 320
1757652981402 0.02834650075118823 321
1757652981518 36.83822072527597 322
1757652981632 11.29623058798403 323
1757652981748 0.008047524102938262 324
1757652981864 1.3312734692453447 325
1757652981978 0.36685684914342814 326
1757652982093 0.6279385688269243 327
1757652982208 0.0059849164455569774 328
1757652982322 0.6198130597735244 329
1757652982437 0.1537907870542943 330
1757652982552 0.023713767076862284 331
1757652982668 0.22274824995692485 332
1757652982782 0.5274255828559566 333
1757652982896 0.0315379620591656 334
1757652983012 1.2468996937392174 335
1757652983127 0.6297060100475551 336
1757652983240 2.6694254636304184 337
1757652983356 0.13635207443895123 338
1757652983469 0.27236489222292853 339
1757652983584 1.8842411731236397 340
1757652983698 3.0906506578849724 341
1757652983813 0.14467875165964367 342
1757652983928 0.01158961421051194 343
1757652984043 2.0474681935085606 344
1757652984156 0.43091597296462564 345
1757652984270 0.7905124701537176 346
1757652984404 0.00017843671477486492 347
1757652984520 0.5406509135079002 348
1757652984636 0.19184101293952388 349
1757652984752 0.01698526948289421 350
1757652984867 2.1081965318567564 351
1757652984982 0.7762161466559243 352
1757652985097 1.0721355897318248 353
1757652985214 2.1044605291113547 354
1757652985329 2.4958067530902417 355
1757652985444 0.5024737254034696 356
1757652985558 0.34532638254804676 357
1757652985673 4.269866239714197 358
1757652985789 0.0007635050312981372 359
1757652985908 8.237227063610755 360
1757652986026 1.6206253558746107 361
1757652986143 0.06533317506371315 362
1757652986259 1.6229541295894592 363
1757652986376 0.6106270924409257 364
1757652986493 0.00011259774360396251 365
1757652986611 0.5120528000801221 366
1757652986728 0.5538110702531913 367
1757652986843 0.04629677841204298 368
1757652986960 2.3364139464179856 369
1757652987075 0.184192729983268 370
1757652987188 0.047388577158936934 371
1757652987303 1.5915918410080072 372
1757652987419 0.3505293405643923 373
1757652987535 0.14199840177461898 374
1757652987652 0.6238246401387274 375
1757652987768 8.052595515648516 376
1757652987884 0.0009153065739377517 377
1757652987999 1.2092096559558112 378
1757652988114 0.43040577035914057 379
1757652988230 0.42967005069453734 380
1757652988346 0.0012071424698513076 381
1757652988462 0.20635880048025596 382
1757652988576 1.4922469776605853 383
1757652988693 0.24370599414515928 384
1757652988816 2.148138833715221 385
1757652988932 0.012094209268436885 386
1757652989050 0.09855510048597883 387
1757652989166 0.0976939172500217 388
1757652989283 0.6841288572989619 389
1757652989401 4.075994807666135 390
1757652989519 0.23254685868898395 391
1757652989635 0.5022463052151676 392
1757652989752 0.6289956293682805 393
1757652989870 0.49775575610159833 394
1757652989987 1.5739275666955803 395
1757652990105 0.10409906258466509 396
1757652990221 0.7406262229821654 397
1757652990339 0.049451083936913186 398
1757652990455 0.02904973662446055 399
1757652990571 0.10267491420212242 400
1757652990687 0.16578500586788492 401
1757652990804 0.07034379663736 402
1757652990922 8.069424200911053 403
1757652991039 0.0012672192975263605 404
1757652991156 0.6433265190837202 405
1757652991272 0.570199790868995 406
1757652991388 2.7017215115307276 407
1757652991505 0.9025461877522909 408
1757652991622 0.984176115705419 409
1757652991739 0.03670101542840252 410
1757652991855 1.1668937560177925 411
1757652991971 1.096390125549777 412
1757652992088 1.227696822826234 413
1757652992204 2.9619412161649934 414
1757652992322 0.03682450669712515 415
1757652992438 1.3029040295463503 416
1757652992555 0.23656887730915396 417
1757652992672 1.112447854927691 418
1757652992788 0.003244258335214821 419
1757652992904 0.03341789662243144 420
1757652993043 1.8711717403138473 421
1757652993163 1.4269696957331575 422
1757652993281 6.118715947111399 423
1757652993400 0.08867386065149707 424
1757652993518 0.0072446506931846035 425
1757652993636 0.14283400055306308 426
1757652993755 0.37493174251944206 427
1757652993874 0.7455675768709246 428
1757652993994 0.45220318987763314 429
1757652994111 0.3537459265390247 430
1757652994227 11.484803465349854 431
1757652994343 0.0043892966442342675 432
1757652994460 8.944208389994541 433
1757652994578 0.25205651769211845 434
1757652994695 0.918813531592462 435
1757652994812 1.6397871764033063 436
1757652994932 2.227068107309154 437
1757652995050 1.3200185847692096 438
1757652995168 1.5068164217023623 439
1757652995285 1.0511894951062477 440
1757652995403 3.9360582510987383 441
1757652995522 0.37720482816765205 442
1757652995638 1.9219084810452152 443
1757652995756 0.20922588489404126 444
1757652995876 1.1225032293982724 445
1757652995995 0.6717960644883743 446
1757652996114 0.09070455311420356 447
1757652996232 0.638350126379387 448
1757652996349 7.033599580978236 449
1757652996468 0.6515743064189015 450
1757652996584 6.108208065132849 451
1757652996702 15.692977148427621 452
1757652996823 1.253696193538768 453
1757652996948 0.07326431829156681 454
1757652997068 0.4414635697601106 455
1757652997187 0.7115874910738423 456
1757652997308 0.018060108651325544 457
1757652997428 5.093910681934737 458
1757652997545 5.544844860215485e-05 459
1757652997666 0.3044171154824865 460
1757652997784 35.65073522742426 461
1757652997903 0.015796877624118324 462
1757652998023 3.4805759108354586 463
1757652998141 0.9424653361882837 464
1757652998259 0.4198202426366199 465
1757652998377 16.054777066209194 466
1757652998494 1.9690159195420307 467
1757652998613 0.46298387600950425 468
1757652998732 0.6320257372848914 469
1757652998855 0.07187205564321746 470
1757652998974 0.03002904954471291 471
1757652999096 0.232653180730274 472
1757652999215 0.04002295728953675 473
1757652999335 0.2638816694915135 474
1757652999474 2.916620140824874 475
1757652999596 1.741061231216541 476
1757652999715 11.631963399656824 477
1757652999837 0.1785838710949379 478
1757652999958 0.5012940874787783 479
1757653000076 0.671519184885114 480
1757653000197 0.16719499527894646 481
1757653000316 7.09016968012487 482
1757653000435 0.014959512898548206 483
1757653000555 0.036153279272280806 484
1757653000673 0.01524756575510532 485
1757653000793 1.3274565310058293 486
1757653000913 0.08731198457945463 487
1757653001032 0.2823392396636431 488
1757653001153 7.03234541152454 489
1757653001273 0.32165743445817296 490
1757653001394 0.6214411678590922 491
1757653001515 0.40939677881234976 492
1757653001633 1.3214723684214436 493
1757653001753 1.4794291628286753 494
1757653001872 0.19862021509020764 495
1757653001993 0.003551418746090095 496
1757653002113 0.023598328980864114 497
1757653002232 1.1567352848006913 498
1757653002351 3.067261550955008 499
