1757517799555 164.83902618767533 0
1757517799632 133.47777189815616 1
1757517799709 95.14679524271185 2
1757517799782 62.0953246139794 3
1757517799851 37.915954586633454 4
1757517799923 21.945763113695335 5
1757517799994 12.160458970563528 6
1757517800061 6.498639732447416 7
1757517800131 3.3782149047674954 8
1757517800203 1.731595588548221 9
1757517800272 0.8971205946605569 10
1757517800344 0.49025727789322765 11
1757517800415 0.29913275880969037 12
1757517800485 0.2124147807878389 13
1757517800555 0.17416047710377966 14
1757517800623 0.15747888444087585 15
1757517800692 0.1500243649221128 16
1757517800839 0.146401357502415 17
1757517800901 0.14437446386919278 18
1757517800962 0.14306727879445305 19
1757517801023 0.14024421967001735 20
1757517801093 0.13892371613189067 21
1757517801167 0.1384351438560872 22
1757517801239 0.13690645664442908 23
1757517801312 0.13657880823541219 24
1757517801384 0.13684815372799522 25
1757517801458 0.13745469328973123 26
1757517801533 0.13650281860196212 27
1757517801607 0.13539411637305454 28
1757517801682 0.1354473274585587 29
1757517801757 0.13596988679243824 30
1757517801833 0.1367896113423532 31
1757517801908 0.13633391364290157 32
1757517801983 0.13654480691663115 33
1757517802058 0.13710765996366728 34
1757517802135 0.13638150533549373 35
1757517802209 0.13646991875555906 36
1757517802284 0.136976200516328 37
1757517802364 0.1362289535427516 38
1757517802441 0.13632794620338368 39
1757517802517 0.1368573061596961 40
1757517802592 0.13613541397250103 41
1757517802667 0.13625878442654413 42
1757517802742 0.1368102636005279 43
1757517802815 0.13610089407600787 44
1757517802892 0.13623566292044623 45
1757517802963 0.1367969725052894 46
1757517803035 0.13608866107722997 47
1757517803107 0.13622662738739633 48
1757517803177 0.13560199200535314 49
1757517803247 0.1358005951425821 50
1757517803318 0.13640432086864424 51
1757517803389 0.13725731979821243 52
1757517803462 0.13657152145019008 53
1757517803538 0.13560284516790766 54
1757517803616 0.1356674380207941 55
1757517803692 0.13617027275702073 56
1757517803765 0.1369663782914715 57
1757517803840 0.1364611440736933 58
1757517803919 0.13663518555638174 59
1757517803994 0.13717333548068295 60
1757517804074 0.1364043485303166 61
1757517804152 0.1364731188574399 62
1757517804229 0.1369724854216813 63
1757517804310 0.13620431002825464 64
1757517804386 0.13629963647052915 65
1757517804461 0.1368330437517937 66
1757517804539 0.13610287924702014 67
1757517804618 0.13622892542535717 68
1757517804695 0.13559810316383758 69
1757517804771 0.13579425083878507 70
1757517804846 0.13639722261093176 71
1757517804918 0.13725045150090634 72
1757517804988 0.13656656754405722 73
1757517805058 0.1356002432709344 74
1757517805130 0.1356660905010682 75
1757517805204 0.13616961533467517 76
1757517805280 0.13696611088823274 77
1757517805356 0.1364616133014702 78
1757517805432 0.13663587216809253 79
1757517805508 0.1371739976097956 80
1757517805585 0.13640523823683268 81
1757517805662 0.13647394637597884 82
1757517805738 0.13697313943405118 83
1757517805816 0.13620502643088653 84
1757517805892 0.1363002477259572 85
1757517805968 0.13683349625586755 86
1757517806046 0.13610336694777384 87
1757517806126 0.13622933459839878 88
1757517806208 0.1355985588903496 89
1757517806284 0.13579464485654008 90
1757517806360 0.13639752106778105 91
1757517806436 0.13725065382051949 92
1757517806512 0.13656678929207045 93
1757517806589 0.13560052071610937 94
1757517806667 0.13566634275654402 95
1757517806743 0.13616981468556913 96
1757517806823 0.13696625346223884 97
1757517806899 0.1364617637193933 98
1757517806970 0.13663599811204308 99
1757517807045 0.13717408995076985 100
1757517807117 0.13640533984088912 101
1757517807188 0.13647403252165624 102
1757517807262 0.1369732027422764 103
1757517807337 0.13620509706088602 104
1757517807405 0.13630030778031335 105
1757517807479 0.13683354032200826 106
1757517807554 0.13610341649045443 107
1757517807628 0.13622937677348532 108
1757517807703 0.1355986069095472 109
1757517807769 0.13579468672871156 110
1757517807839 0.13639755300546894 111
1757517807907 0.13725067565402493 112
1757517807974 0.136566813217392 113
1757517808045 0.13560055051657965 114
1757517808120 0.13566636982233649 115
1757517808198 0.1361698360717529 116
1757517808275 0.1369662687599498 117
1757517808351 0.13646177980256868 118
1757517808427 0.13663601155839838 119
1757517808499 0.1371740997987436 120
1757517808572 0.13640535065986303 121
1757517808645 0.13647404168766 122
1757517808717 0.13697320947366454 123
1757517808792 0.13620510457169077 124
1757517808874 0.13630031416614724 125
1757517808947 0.13683354500695827 126
1757517809024 0.1361034217606283 127
1757517809099 0.13622938126073983 128
1757517809173 0.13559861202059423 129
1757517809249 0.13579469118615323 130
1757517809323 0.13639755640567122 131
1757517809396 0.13725067797868973 132
1757517809472 0.13656681576512705 133
1757517809544 0.1356005536901421 134
1757517809623 0.1356663727047583 135
1757517809696 0.13616983834936797 136
1757517809775 0.13696627038918321 137
1757517809855 0.13646178151543328 138
1757517809933 0.1366360129904376 139
1757517810012 0.1371741008475552 140
1757517810091 0.13640535181206642 141
1757517810170 0.13647404266381863 142
1757517810251 0.13697321019053915 143
1757517810332 0.136205105371566 144
1757517810410 0.13630031484621496 145
1757517810483 0.13683354550588703 146
1757517810562 0.13610342232188125 147
1757517810635 0.1362293817386149 148
1757517810712 0.1355986125649014 149
1757517810785 0.13579469166085412 150
1757517810862 0.1363975567677803 151
1757517810931 0.13725067822625808 152
1757517811007 0.13656681603645182 153
1757517811082 0.13560055402811527 154
1757517811158 0.13566637301172602 155
1757517811231 0.13616983859192597 156
1757517811305 0.13696627056269084 157
1757517811381 0.13646178169784737 158
1757517811456 0.13663601314294477 159
1757517811531 0.13717410095925 160
1757517811604 0.13640535193477196 161
1757517811678 0.13647404276777605 162
1757517811743 0.13697321026688378 163
1757517811812 0.13620510545674977 164
1757517811885 0.13630031491863973 165
1757517811961 0.1368335455590212 166
1757517812035 0.13610342238165266 167
1757517812112 0.1362293817895069 168
1757517812187 0.13559861262286813 169
1757517812261 0.13579469171140807 170
1757517812345 0.13639755680634355 171
1757517812417 0.13725067825262321 172
1757517812495 0.13656681606534687 173
1757517812575 0.13560055406410815 174
1757517812653 0.13566637304441698 175
1757517812725 0.1361698386177575 176
1757517812802 0.13696627058116886 177
1757517812875 0.13646178171727383 178
1757517812948 0.13663601315918622 179
1757517813028 0.1371741009711451 180
1757517813108 0.1364053519478397 181
1757517813185 0.13647404277884712 182
1757517813267 0.1369732102750142 183
1757517813347 0.13620510546582154 184
1757517813426 0.13630031492635267 185
1757517813507 0.13683354556467978 186
1757517813587 0.1361034223880181 187
1757517813672 0.13622938179492666 188
1757517813750 0.13559861262904135 189
1757517813832 0.13579469171679187 190
1757517813915 0.1363975568104504 191
1757517813994 0.13725067825543105 192
1757517814075 0.13656681606842405 193
1757517814155 0.1356005540679413 194
1757517814236 0.13566637304789847 195
1757517814320 0.13616983862050855 196
1757517814401 0.13696627058313662 197
1757517814485 0.13646178171934262 198
1757517814566 0.1366360131609159 199
1757517814648 0.13717410097241187 200
1757517814731 0.13640535194923128 201
1757517814813 0.1364740427800261 202
1757517814894 0.13697321027588003 203
1757517814973 0.1362051054667876 204
1757517815049 0.13630031492717412 205
1757517815129 0.13683354556528238 206
1757517815208 0.136103422388696 207
1757517815316 0.13622938179550384 208
1757517815394 0.13559861262969883 209
1757517815472 0.13579469171736527 210
1757517815549 0.1363975568108878 211
1757517815628 0.1372506782557301 212
1757517815706 0.1365668160687518 213
1757517815785 0.13560055406834945 214
1757517815860 0.13566637304826923 215
1757517815939 0.13616983862080148 216
1757517816012 0.13696627058334623 217
1757517816092 0.136461781719563 218
1757517816166 0.13663601316110008 219
1757517816246 0.13717410097254676 220
1757517816326 0.13640535194937953 221
1757517816405 0.1364740427801517 222
1757517816486 0.13697321027597226 223
1757517816571 0.13620510546689055 224
1757517816656 0.13630031492726158 225
1757517816740 0.13683354556534655 226
1757517816825 0.1361034223887682 227
1757517816910 0.13622938179556537 228
1757517816985 0.13559861262976883 229
1757517817062 0.13579469171742628 230
1757517817137 0.13639755681093435 231
1757517817216 0.13725067825576193 232
1757517817295 0.13656681606878668 233
1757517817376 0.13560055406839297 234
1757517817458 0.13566637304830872 235
1757517817539 0.13616983862083265 236
1757517817620 0.1369662705833685 237
1757517817702 0.13646178171958642 238
1757517817783 0.13663601316111967 239
1757517817868 0.13717410097256114 240
1757517817951 0.13640535194939535 241
1757517818034 0.13647404278016506 242
1757517818116 0.13697321027598208 243
1757517818200 0.13620510546690148 244
1757517818283 0.1363003149272709 245
1757517818366 0.1368335455653534 246
1757517818451 0.13610342238877582 247
1757517818535 0.1362293817955719 248
1757517818618 0.13559861262977624 249
1757517818701 0.13579469171743275 250
1757517818786 0.13639755681093932 251
1757517818873 0.1372506782557653 252
1757517818956 0.13656681606879043 253
1757517819036 0.13560055406839758 254
1757517819115 0.13566637304831286 255
1757517819195 0.13616983862083598 256
1757517819276 0.1369662705833709 257
1757517819357 0.1364617817195889 258
1757517819440 0.13663601316112176 259
1757517819522 0.13717410097256266 260
1757517819606 0.13640535194939699 261
1757517819688 0.13647404278016648 262
1757517819775 0.13697321027598308 263
1757517819859 0.13620510546690262 264
1757517819940 0.13630031492727188 265
1757517820025 0.13683354556535413 266
1757517820110 0.13610342238877665 267
1757517820196 0.1362293817955726 268
1757517820280 0.13559861262977704 269
1757517820361 0.13579469171743355 270
1757517820446 0.13639755681093987 271
1757517820526 0.13725067825576567 272
1757517820611 0.13656681606879081 273
1757517820693 0.13560055406839808 274
1757517820777 0.13566637304831333 275
1757517820860 0.13616983862083631 276
1757517820943 0.13696627058337113 277
1757517821026 0.1364617817195892 278
1757517821105 0.136636013161122 279
1757517821183 0.13717410097256283 280
1757517821263 0.13640535194939718 281
1757517821343 0.13647404278016662 282
1757517821423 0.1369732102759832 283
1757517821500 0.13620510546690276 284
1757517821583 0.13630031492727201 285
1757517821664 0.13683354556535424 286
1757517821746 0.1361034223887768 287
1757517821828 0.1362293817955727 288
1757517821910 0.1355986126297772 289
1757517821992 0.13579469171743358 290
1757517822076 0.13639755681093987 291
1757517822159 0.13725067825576573 292
1757517822239 0.13656681606879087 293
1757517822319 0.13560055406839816 294
1757517822402 0.13566637304831342 295
1757517822484 0.13616983862083637 296
1757517822568 0.13696627058337116 297
1757517822652 0.13646178171958923 298
1757517822734 0.13663601316112198 299
1757517822820 0.1371741009725628 300
1757517822907 0.13640535194939715 301
1757517822995 0.13647404278016667 302
1757517823079 0.13697321027598322 303
1757517823161 0.13620510546690281 304
1757517823245 0.136300314927272 305
1757517823329 0.13683354556535426 306
1757517823415 0.1361034223887768 307
1757517823503 0.13622938179557267 308
1757517823587 0.13559861262977715 309
1757517823673 0.13579469171743358 310
1757517823761 0.1363975568109399 311
1757517823847 0.13725067825576573 312
1757517823930 0.1365668160687909 313
1757517824015 0.1356005540683982 314
1757517824100 0.13566637304831344 315
1757517824185 0.13616983862083637 316
1757517824268 0.13696627058337119 317
1757517824355 0.13646178171958928 318
1757517824442 0.13663601316112203 319
1757517824526 0.1371741009725628 320
1757517824615 0.13640535194939718 321
1757517824706 0.13647404278016667 322
1757517824795 0.13697321027598322 323
1757517824879 0.13620510546690284 324
1757517824965 0.13630031492727204 325
1757517825052 0.13683354556535432 326
1757517825130 0.13610342238877682 327
1757517825210 0.13622938179557273 328
1757517825292 0.13559861262977715 329
1757517825374 0.13579469171743358 330
1757517825457 0.1363975568109399 331
1757517825543 0.13725067825576573 332
1757517825631 0.13656681606879087 333
1757517825716 0.1356005540683982 334
1757517825802 0.13566637304831344 335
1757517825886 0.13616983862083637 336
1757517825972 0.13696627058337119 337
1757517826058 0.13646178171958923 338
1757517826143 0.136636013161122 339
1757517826227 0.1371741009725628 340
1757517826340 0.13640535194939715 341
1757517826440 0.13647404278016662 342
1757517826527 0.13697321027598322 343
1757517826623 0.13620510546690284 344
1757517826711 0.13630031492727204 345
1757517826799 0.13683354556535432 346
1757517826887 0.1361034223887768 347
1757517826975 0.1362293817955727 348
1757517827063 0.13559861262977718 349
1757517827147 0.1357946917174336 350
1757517827227 0.1363975568109399 351
1757517827304 0.13725067825576573 352
1757517827386 0.1365668160687909 353
1757517827467 0.1356005540683982 354
1757517827553 0.13566637304831344 355
1757517827635 0.1361698386208364 356
1757517827717 0.13696627058337119 357
1757517827796 0.13646178171958923 358
1757517827879 0.136636013161122 359
1757517827963 0.1371741009725628 360
1757517828050 0.13640535194939715 361
1757517828137 0.13647404278016662 362
1757517828224 0.1369732102759832 363
1757517828310 0.13620510546690287 364
1757517828398 0.13630031492727201 365
1757517828486 0.1368335455653543 366
1757517828573 0.1361034223887768 367
1757517828659 0.13622938179557273 368
1757517828745 0.13559861262977713 369
1757517828837 0.13579469171743358 370
1757517828926 0.1363975568109399 371
1757517829020 0.13725067825576573 372
1757517829108 0.13656681606879087 373
1757517829191 0.1356005540683982 374
1757517829276 0.13566637304831344 375
1757517829362 0.13616983862083637 376
1757517829452 0.13696627058337119 377
1757517829541 0.13646178171958923 378
1757517829629 0.13663601316112203 379
1757517829719 0.1371741009725628 380
1757517829807 0.13640535194939718 381
1757517829894 0.13647404278016667 382
1757517829981 0.1369732102759832 383
1757517830071 0.13620510546690281 384
1757517830158 0.13630031492727201 385
1757517830247 0.13683354556535426 386
1757517830334 0.1361034223887768 387
1757517830423 0.13622938179557267 388
1757517830509 0.13559861262977713 389
1757517830600 0.13579469171743358 390
1757517830689 0.1363975568109399 391
1757517830778 0.13725067825576573 392
1757517830865 0.1365668160687909 393
1757517830953 0.1356005540683982 394
1757517831041 0.13566637304831344 395
1757517831127 0.13616983862083637 396
1757517831210 0.13696627058337119 397
1757517831297 0.13646178171958925 398
1757517831388 0.136636013161122 399
1757517831474 0.1371741009725628 400
1757517831562 0.13640535194939715 401
1757517831652 0.13647404278016664 402
1757517831743 0.13697321027598322 403
1757517831833 0.13620510546690284 404
1757517831920 0.13630031492727204 405
1757517832010 0.1368335455653543 406
1757517832101 0.13610342238877685 407
1757517832191 0.13622938179557273 408
1757517832281 0.13559861262977718 409
1757517832370 0.13579469171743358 410
1757517832457 0.13639755681093987 411
1757517832547 0.13725067825576573 412
1757517832634 0.1365668160687909 413
1757517832724 0.1356005540683982 414
1757517832817 0.13566637304831344 415
1757517832905 0.13616983862083637 416
1757517832994 0.13696627058337119 417
1757517833082 0.13646178171958925 418
1757517833176 0.136636013161122 419
1757517833267 0.1371741009725628 420
1757517833343 0.13640535194939715 421
1757517833426 0.13647404278016667 422
1757517833507 0.13697321027598322 423
1757517833595 0.13620510546690284 424
1757517833684 0.13630031492727204 425
1757517833776 0.1368335455653543 426
1757517833865 0.1361034223887768 427
1757517833956 0.1362293817955727 428
1757517834050 0.13559861262977715 429
1757517834143 0.13579469171743358 430
1757517834230 0.13639755681093987 431
1757517834319 0.13725067825576573 432
1757517834411 0.13656681606879084 433
1757517834501 0.1356005540683982 434
1757517834591 0.13566637304831344 435
1757517834685 0.13616983862083637 436
1757517834777 0.13696627058337119 437
1757517834868 0.13646178171958925 438
1757517834958 0.136636013161122 439
1757517835048 0.13717410097256283 440
1757517835143 0.13640535194939712 441
1757517835223 0.13647404278016662 442
1757517835308 0.13697321027598325 443
1757517835390 0.13620510546690287 444
1757517835478 0.13630031492727204 445
1757517835565 0.1368335455653543 446
1757517835654 0.1361034223887768 447
1757517835744 0.1362293817955727 448
1757517835834 0.13559861262977713 449
1757517835926 0.13579469171743358 450
1757517836015 0.1363975568109399 451
1757517836111 0.13725067825576573 452
1757517836200 0.1365668160687909 453
1757517836275 0.1356005540683982 454
1757517836362 0.13566637304831344 455
1757517836447 0.13616983862083637 456
1757517836533 0.13696627058337116 457
1757517836621 0.13646178171958923 458
1757517836711 0.136636013161122 459
1757517836802 0.1371741009725628 460
1757517836892 0.13640535194939715 461
1757517836983 0.13647404278016662 462
1757517837143 0.1369732102759832 463
1757517837242 0.13620510546690284 464
1757517837361 0.13630031492727204 465
1757517837457 0.1368335455653543 466
1757517837549 0.13610342238877673 467
1757517837644 0.1362293817955727 468
1757517837737 0.13559861262977715 469
1757517837826 0.13579469171743358 470
1757517837918 0.13639755681093985 471
1757517838013 0.1372506782557657 472
1757517838103 0.13656681606879084 473
1757517838197 0.1356005540683982 474
1757517838287 0.13566637304831344 475
1757517838381 0.13616983862083637 476
1757517838474 0.13696627058337119 477
1757517838566 0.13646178171958925 478
1757517838658 0.136636013161122 479
1757517838754 0.1371741009725628 480
1757517838852 0.13640535194939712 481
1757517838947 0.13647404278016662 482
1757517839036 0.13697321027598322 483
1757517839127 0.13620510546690287 484
1757517839216 0.13630031492727204 485
1757517839303 0.1368335455653543 486
1757517839392 0.1361034223887768 487
1757517839480 0.13622938179557267 488
1757517839570 0.13559861262977715 489
1757517839666 0.13579469171743358 490
1757517839759 0.13639755681093985 491
1757517839852 0.13725067825576573 492
1757517839944 0.13656681606879084 493
1757517840039 0.1356005540683982 494
1757517840129 0.13566637304831344 495
1757517840225 0.13616983862083637 496
1757517840319 0.13696627058337119 497
1757517840414 0.13646178171958923 498
1757517840504 0.136636013161122 499
