1757257927977 173.0443335867845 0
1757257928024 13791499010.294933 1
1757257928076 3.376362967487301e+17 2
1757257928134 8.267644972749565e+24 3
1757257928186 2.0244847056449787e+32 4
1757257928231 4.957322595380592e+39 5
1757257928271 1.2138914779720022e+47 6
1757257928321 2.9724362131811673e+54 7
1757257928376 7.27855595146913e+61 8
1757257928432 1.782288094316058e+69 9
1757257928478 4.36425971349385e+76 10
1757257928526 1.0686691398303067e+84 11
1757257928577 2.616832648374558e+91 12
1757257928635 6.407795316973742e+98 13
1757257928687 1.569066361570159e+106 14
1757257928733 3.842147143011027e+113 15
1757257928785 9.408202884277927e+120 16
1757257928837 2.3037712564638637e+128 17
1757257928894 5.6412070056208264e+135 18
1757257928945 1.3813531352549343e+143 19
1757257928994 3.382496835123018e+150 20
1757257929042 8.282664691317823e+157 21
1757257929100 2.028162559575854e+165 22
1757257929154 4.96632849616275e+172 23
1757257929203 1.2160967381705458e+180 24
1757257929249 2.9778361977700582e+187 25
1757257929296 7.29177880543422e+194 26
1757257929357 1.785525952945154e+202 27
1757257929413 4.372188204975103e+209 28
1757257929460 1.0706105765750626e+217 29
1757257929505 2.6215866127860966e+224 30
1757257929553 6.419436271893888e+231 31
1757257929610 1.5719168631667583e+239 32
1757257929671 3.84912711966067e+246 33
1757257929722 9.425294638966872e+253 34
1757257929765 2.3079564864869693e+261 35
1757257929812 5.6514553099436466e+268 36
1757257929872 1.3838626207769527e+276 37
1757257929930 3.3886417712869703e+283 38
1757257929978 8.297711696023707e+290 39
1757257930029 2.0318470950140932e+298 40
1757257930083 inf 41
