1757671892764 66.25545082031945 0
1757671892913 17.761460692879645 1
1757671893198 9.083476186106317 2
1757671893324 2.85337077976782 3
1757671893437 2.011070065589098 4
1757671893550 0.03520686859303416 5
1757671893660 5.716505700771864 6
1757671893769 0.16776504014143778 7
1757671893878 1.6925277678778392 8
1757671893989 0.4287655694540332 9
1757671894098 0.5039899579311954 10
1757671894206 0.35581999709606427 11
1757671894326 0.35490461198887174 12
1757671894458 0.16862846741313633 13
1757671894570 0.4864271772214516 14
1757671894683 0.48516714228297736 15
1757671894793 0.03497782437542214 16
1757671894900 0.10210797490193502 17
1757671895009 0.5104787654098456 18
1757671895118 3.740312833268867 19
1757671895229 0.03471933448628315 20
1757671895339 0.0007407720939609951 21
1757671895448 0.9953580557062521 22
1757671895558 2.1500117715578226 23
1757671895666 1.1820993000495463 24
1757671895774 0.4918303492442996 25
1757671895890 0.10368856303056119 26
1757671895999 1.1157122992526076 27
1757671896108 0.31088240369909764 28
1757671896218 0.578284243649853 29
1757671896329 2.859013962198218 30
1757671896438 3.291499558383423 31
1757671896576 0.4699255921109124 32
1757671896685 0.0026007918879521973 33
1757671896797 0.20689506280114128 34
1757671896905 0.2148676063005701 35
1757671897013 0.23812725096762255 36
1757671897124 0.044087097234328 37
1757671897235 0.8039482949778944 38
1757671897345 2.74723962816271 39
1757671897454 0.06540510700531063 40
1757671897564 0.252260843328738 41
1757671897673 0.3338867593011062 42
1757671897781 0.0002855139158261392 43
1757671897889 0.5627622571314882 44
1757671897995 0.004702223410187463 45
1757671898103 0.8282400369173821 46
1757671898210 0.0474466144970024 47
1757671898319 0.3564966253341288 48
1757671898428 0.5505860912414756 49
1757671898539 0.04329873627951287 50
1757671898649 0.010241685086825452 51
1757671898760 0.5789373191877758 52
1757671898868 0.6499780003666655 53
1757671898977 0.7465738404073015 54
1757671899087 0.18013856697793326 55
1757671899197 0.18005969671402652 56
1757671899306 0.28314188983559785 57
1757671899415 0.2936167033099783 58
1757671899526 0.004429213612197956 59
1757671899635 0.046077793799876574 60
1757671899745 0.22963055076106628 61
1757671899854 0.1464533514188261 62
1757671899963 0.9810934706441935 63
1757671900072 0.25428150543616096 64
1757671900181 0.46645479311980603 65
1757671900291 0.23947911163424399 66
1757671900401 1.0462394759599587 67
1757671900511 0.06264982700410686 68
1757671900623 0.1762392378530208 69
1757671900733 0.3285423256285623 70
1757671900846 0.19267042917779081 71
1757671900957 0.3131682881689756 72
1757671901068 1.034138552882602 73
1757671901178 0.09503530794159694 74
1757671901291 0.2081471132225177 75
1757671901401 1.1997338925205412 76
1757671901510 0.3446200374654521 77
1757671901621 0.4647372740673845 78
1757671901731 0.018665575994664674 79
1757671901841 2.300744702707152 80
1757671901951 0.19497153470352344 81
1757671902065 0.40453587779817757 82
1757671902175 0.4696704356442153 83
1757671902284 0.04985913031136773 84
1757671902394 0.8604933638756208 85
1757671902506 0.1059836443091763 86
1757671902617 0.05716896138027554 87
1757671902727 0.10822372442759952 88
1757671902840 0.5589640341557737 89
1757671902951 0.9861171420668147 90
1757671903061 0.0023683703981079783 91
1757671903171 0.04799808807743169 92
1757671903294 0.02852627784518152 93
1757671903404 0.11647372167700053 94
1757671903516 0.8942517510074921 95
1757671903628 0.07224702883295625 96
1757671903737 0.007087314053117622 97
1757671903847 0.5385318480368502 98
1757671903959 0.4432536186843218 99
1757671904069 0.07141970532674778 100
1757671904179 0.1496946402934441 101
1757671904291 0.008411294401267366 102
1757671904402 0.00030742912756184397 103
1757671904513 0.09352822124721366 104
1757671904626 0.011927967112223341 105
1757671904737 0.15600324856297126 106
1757671904852 0.7070199601825232 107
1757671904963 0.020137043296217128 108
1757671905074 0.0013800857841452716 109
1757671905186 1.4505090504216127 110
1757671905298 2.429283073014508 111
1757671905409 0.14932499993798137 112
1757671905522 0.16301670743924626 113
1757671905632 0.12373716378209221 114
1757671905742 0.03714824224935979 115
1757671905859 0.35367708034228523 116
1757671905971 0.04462570859266911 117
1757671906082 1.8986816888232747 118
1757671906195 0.122170024728419 119
1757671906308 0.24311237010954728 120
1757671906420 0.5982802879167146 121
1757671906530 0.7297868083193656 122
1757671906642 0.7458428266974108 123
1757671906752 0.2531916224545166 124
1757671906862 0.0688881846850324 125
1757671906973 0.3673739028369673 126
1757671907084 0.3524483837073649 127
1757671907196 0.1234819363895483 128
1757671907308 0.014275342294233244 129
1757671907419 0.29894542482238584 130
1757671907528 0.1902476281215592 131
1757671907639 0.31944578266252305 132
1757671907751 0.2214579749912907 133
1757671907863 0.002268453195568849 134
1757671907975 0.0016874619766915565 135
1757671908086 0.02984860988185345 136
1757671908197 0.7577250816043629 137
1757671908309 0.003810504876143423 138
1757671908421 0.04282619659465072 139
1757671908532 0.03450755850205585 140
1757671908644 0.18914839051461957 141
1757671908752 0.003656109383664437 142
1757671908863 0.8191599076423705 143
1757671908975 0.47819767376822736 144
1757671909088 1.2062948179223316 145
1757671909198 1.9557286414303345 146
1757671909309 0.030415266107317422 147
1757671909419 0.0024026797639953227 148
1757671909530 0.12016548490931331 149
1757671909644 0.02077283789404853 150
1757671909757 0.044832840652576804 151
1757671909868 0.26304029091427295 152
1757671909982 0.2853575522937474 153
1757671910092 0.2904810812011517 154
1757671910204 0.19947153928747893 155
1757671910318 0.012439019297953855 156
1757671910429 0.16988229604401975 157
1757671910540 0.17647207426054123 158
1757671910651 0.02099896107998721 159
1757671910764 0.6393138035417598 160
1757671910877 0.4753421679592833 161
1757671910988 0.1107597007981528 162
1757671911099 0.41890084253590365 163
1757671911211 0.9375666303906278 164
1757671911323 0.001263916752797155 165
1757671911436 0.011790623235292555 166
1757671911547 0.8625575927030169 167
1757671911659 0.17844052853488895 168
1757671911771 0.0342987746520286 169
1757671911883 0.05033492448713537 170
1757671911994 0.17978419218235733 171
1757671912107 0.9595184112625558 172
1757671912220 0.00357118446794006 173
1757671912333 0.19137234505884032 174
1757671912446 0.062367034792948806 175
1757671912559 0.043215010044157294 176
1757671912672 0.8835802667500032 177
1757671912785 0.01922121842176387 178
1757671912898 0.0034069654902802887 179
1757671913009 0.3044337202441534 180
1757671913123 0.019301649033058955 181
1757671913245 0.002228606243551482 182
1757671913360 0.008894558419125216 183
1757671913473 0.6310264213899065 184
1757671913586 0.02717769539498824 185
1757671913704 0.030471405988611477 186
1757671913818 0.567585948430348 187
1757671913931 6.575997969781112e-05 188
1757671914045 0.06878208540307255 189
1757671914156 0.7784176413564392 190
1757671914271 0.029393050835602445 191
1757671914386 0.015433115930339853 192
1757671914501 0.4833544526190333 193
1757671914613 0.040977778795838436 194
1757671914730 0.00045905556081999574 195
1757671914851 0.004317147553372532 196
1757671914967 0.11154312736556346 197
1757671915082 0.06186302220383255 198
1757671915196 0.06652355856757818 199
1757671915313 0.13318097099341272 200
1757671915427 0.05380152303168232 201
1757671915543 0.17735364881553875 202
1757671915657 0.6224727170981637 203
1757671915776 0.033140527596444314 204
1757671915891 0.00533506829334667 205
1757671916006 0.09725573993031363 206
1757671916119 0.5877486602402687 207
1757671916232 2.1297451509778282 208
1757671916345 0.010339900188946044 209
1757671916460 0.07512694351246446 210
1757671916573 0.5846344394814352 211
1757671916686 0.13398406900704454 212
1757671916797 0.0002360656761119653 213
1757671916910 0.048927024338701684 214
1757671917023 0.9302942086263757 215
1757671917139 0.20338419182740355 216
1757671917256 0.00040117068770598104 217
1757671917370 0.2603752076656373 218
1757671917482 0.02425701375671525 219
1757671917596 5.7759717004890655e-05 220
1757671917710 0.050114026369509394 221
1757671917822 0.024824564379486946 222
1757671917936 0.09900825548808308 223
1757671918048 0.006088888431448063 224
1757671918161 0.17915464902842745 225
1757671918274 0.3535630615115984 226
1757671918386 0.0256800763785285 227
1757671918498 0.07684157623026068 228
1757671918611 0.5411652605304133 229
1757671918724 0.02508501595020209 230
1757671918837 0.03401903197694216 231
1757671918953 0.022624618230189204 232
1757671919067 0.0002883207114345215 233
1757671919181 0.13900526533687238 234
1757671919295 0.0016604129448167157 235
1757671919409 0.09458513107328546 236
1757671919521 0.0008033729783862438 237
1757671919634 0.17643519070134486 238
1757671919749 0.010959970739739545 239
1757671919860 0.37547738780615997 240
1757671919974 5.021756408868306e-07 241
1757671920089 0.053095852316935595 242
1757671920203 0.003174890758357307 243
1757671920318 0.0011138052374556327 244
1757671920431 0.25539368640059457 245
1757671920545 0.3005313326609527 246
1757671920659 0.5372155575574443 247
1757671920774 0.013771605699426879 248
1757671920887 0.5571945831291387 249
1757671921003 0.2176720335342602 250
1757671921117 0.09646933211309477 251
1757671921231 0.020357654626242328 252
1757671921344 0.008388965148619606 253
1757671921458 0.020215286547648766 254
1757671921572 0.051562002317424756 255
1757671921686 0.7915074043128152 256
1757671921800 0.016004198613981876 257
1757671921914 0.0007476791243678104 258
1757671922028 0.002939051137302493 259
1757671922144 0.24938180990601402 260
1757671922258 0.10004407438368762 261
1757671922373 0.19509608489188454 262
1757671922489 0.08002227743289211 263
1757671922603 0.15442362599225093 264
1757671922717 0.035888498642491246 265
1757671922832 0.006846107694735986 266
1757671922947 0.01869159205563176 267
1757671923061 0.031097176458171352 268
1757671923218 0.04251454576227405 269
1757671923435 0.28932648329966343 270
1757671923640 0.5213616907095888 271
1757671923851 0.20934673153840344 272
1757671924053 0.002000121606028946 273
1757671924257 0.15493190162816844 274
1757671924404 0.7568530400806441 275
1757671924561 0.20984670011087403 276
1757671924711 0.053344104117999426 277
1757671924864 0.0063389732160501035 278
1757671925010 0.017672852267449857 279
1757671925165 0.01725321618080512 280
1757671925321 0.014525895231756302 281
1757671925460 0.022766145653981332 282
1757671925605 0.1062175198850428 283
1757671925755 0.06999675411987585 284
1757671925909 0.037755849445563545 285
1757671926057 0.16630481585369375 286
1757671926206 0.5700294228249082 287
1757671926381 0.4109667304601687 288
1757671926537 0.728727570332 289
1757671926691 0.012442458631721469 290
1757671926852 0.007473727865671694 291
1757671926999 0.010668900834103013 292
1757671927153 0.029397084429325527 293
1757671927304 0.0008485000212483012 294
1757671927454 0.004222189565734867 295
1757671927607 0.01893480263600382 296
1757671927759 0.013903830374423791 297
1757671927905 0.035161210803663565 298
1757671928054 0.0011506839704852783 299
1757671928201 0.01698771918071735 300
1757671928356 0.024106736224108197 301
1757671928502 0.02354762222215207 302
1757671928643 0.03933991556344755 303
1757671928783 0.813466339421166 304
1757671928939 0.04484691122320354 305
1757671929098 8.228175269333021e-05 306
1757671929248 0.3224580702625843 307
1757671929398 0.038210416204957236 308
1757671929553 0.033607013371827255 309
1757671929721 0.0008743334608657866 310
1757671929891 0.002039388979396101 311
1757671930051 0.02647224876377986 312
1757671930347 0.17810999842546987 313
1757671930477 0.3435434986320414 314
1757671930597 0.008766111460635112 315
1757671930717 0.935231018632483 316
1757671930836 0.060784553254775144 317
1757671930954 0.0019003615085930138 318
1757671931071 0.5262088748029973 319
1757671931189 0.051462867388130086 320
1757671931307 0.0072717584659334296 321
1757671931425 0.001385513804457659 322
1757671931540 0.013288641877974473 323
1757671931657 0.017588193944732024 324
1757671931772 0.02289541830857931 325
1757671931887 0.7944878671613689 326
1757671932002 0.007875717986210238 327
1757671932117 0.05236512508000831 328
1757671932233 0.3006726102539691 329
1757671932352 6.58062513957624e-05 330
1757671932469 0.0666271610319457 331
1757671932585 0.06784266414146774 332
1757671932702 0.043774267910123614 333
1757671932817 0.007338169018953677 334
1757671932933 0.009864436592504213 335
1757671933051 0.3794598464836349 336
1757671933169 0.27928218767185803 337
1757671933298 0.001141155881065929 338
1757671933417 0.11609265259844 339
1757671933537 0.004334413578633411 340
1757671933655 0.023600442446112858 341
1757671933771 0.1351312555471767 342
1757671933888 0.02520654208575479 343
1757671934006 0.4143472344817651 344
1757671934125 1.2054513029368144 345
1757671934242 0.0626386514751833 346
1757671934358 0.0019348506271512336 347
1757671934476 0.019642707399059985 348
1757671934592 0.08193905696210015 349
1757671934710 0.041295031418546124 350
1757671934827 0.08390074898714223 351
1757671934944 0.24394615531274977 352
1757671935064 0.0005160742110866278 353
1757671935181 0.04231862150501871 354
1757671935300 0.14962094222785793 355
1757671935418 0.023022848522696676 356
1757671935538 0.022188770917317177 357
1757671935656 0.5997542811264356 358
1757671935776 0.08335319710735846 359
1757671935896 0.2705354626784138 360
1757671936015 0.1081077739943844 361
1757671936136 0.024706032889026466 362
1757671936254 0.04641168503468755 363
1757671936372 0.10652151696475953 364
1757671936490 0.22616296796474944 365
1757671936608 0.022738593333136214 366
1757671936726 0.01289541709819139 367
1757671936844 0.04148482939241727 368
1757671936960 0.2636129490180718 369
1757671937076 0.0461085683047989 370
1757671937194 0.30651391669500644 371
1757671937313 0.014005161598603554 372
1757671937432 0.011395901989145798 373
1757671937551 0.10643305973803484 374
1757671937668 0.0001267751011816112 375
1757671937785 0.07495787355826955 376
1757671937904 0.47648367799537883 377
1757671938024 0.06465146489057703 378
1757671938141 0.13517498471916436 379
1757671938257 0.08295417074296904 380
1757671938375 0.30135329960361834 381
1757671938494 0.5207469626792312 382
1757671938613 0.033699235756582506 383
1757671938730 0.004003970010710686 384
1757671938848 0.07943476257342245 385
1757671938964 0.01008427538222307 386
1757671939081 0.07345624087044045 387
1757671939201 0.2979198984227229 388
1757671939319 0.03121046201972472 389
1757671939437 0.0445027618748751 390
1757671939556 0.02177657473545276 391
1757671939675 0.1985022341339315 392
1757671939793 0.0298002892424405 393
1757671939911 0.0044989799962945505 394
1757671940030 0.0007583277170642148 395
1757671940148 0.03626558571795486 396
1757671940266 0.02251463662875694 397
1757671940402 0.7822894760223418 398
1757671940521 7.87238758930384e-05 399
1757671940640 0.19617686552007374 400
1757671940757 0.14998556749878644 401
1757671940875 0.09592190448385482 402
1757671940993 0.031697253917520936 403
1757671941109 0.1114495393404743 404
1757671941228 0.07144257121452796 405
1757671941345 0.35247367113824735 406
1757671941465 0.011969453256707825 407
1757671941583 0.04324842190997236 408
1757671941702 0.1169233758305807 409
1757671941821 0.14823167374098412 410
1757671941939 1.4097429154667984 411
1757671942060 0.05753552447131933 412
1757671942179 0.05271232248945383 413
1757671942297 0.013397743459781763 414
1757671942417 0.014093016373172085 415
1757671942536 0.021879377820118107 416
1757671942654 0.7196029431445885 417
1757671942771 0.018728832275334076 418
1757671942889 0.1766256972911243 419
1757671943008 0.03261334793760348 420
1757671943126 0.019070275935749892 421
1757671943257 0.09077819635429506 422
1757671943377 0.004138110665637209 423
1757671943496 0.014383582732024197 424
1757671943616 0.024540261709913604 425
1757671943734 0.029500100573992286 426
1757671943852 0.0037621065202005587 427
1757671943969 0.02285783862438154 428
1757671944086 0.004969070708327626 429
1757671944208 0.0006683950834682858 430
1757671944327 0.030506893608212775 431
1757671944446 0.014954415967185022 432
1757671944566 0.3122691926485099 433
1757671944684 0.004168821290041123 434
1757671944803 0.0030586694929231745 435
1757671944922 0.07190768291389016 436
1757671945042 0.17989498625752925 437
1757671945161 0.07419757756483218 438
1757671945283 0.024768577692925415 439
1757671945403 0.45391831212776246 440
1757671945521 0.00038002937991287524 441
1757671945647 0.2856717201271532 442
1757671945766 0.1780084206554739 443
1757671945893 0.29351948305140446 444
1757671946013 0.042628047386384184 445
1757671946133 0.09928740563769116 446
1757671946253 0.0002683603605383244 447
1757671946371 0.04318788336835942 448
1757671946489 0.00574115511228847 449
1757671946626 1.1036652048965925 450
1757671946746 0.31146151792858723 451
1757671946865 0.0016038858407201326 452
1757671946984 0.19829101407904462 453
1757671947104 0.04287269741915033 454
1757671947224 0.2182366424412706 455
1757671947344 0.0026116769822849594 456
1757671947464 6.904798834121706e-05 457
1757671947582 0.014601237674512275 458
1757671947702 0.3354111407345022 459
1757671947822 0.36516497173990775 460
1757671947940 0.10008632814539062 461
1757671948061 0.2735219106491418 462
1757671948178 1.0394839561796531e-05 463
1757671948296 0.003810317069770898 464
1757671948416 0.005266916406765542 465
1757671948534 0.009592344603582287 466
1757671948653 0.25916903294783666 467
1757671948773 0.008513375344633143 468
1757671948891 0.06219664204736602 469
1757671949009 0.01578175898857726 470
1757671949128 0.2027278962556193 471
1757671949251 0.04143210391080843 472
1757671949369 0.06330736089021204 473
1757671949489 0.03990204109817971 474
1757671949609 0.042808708985771646 475
1757671949728 0.13891101517662646 476
1757671949848 0.05032319015875729 477
1757671949968 0.15492689456493314 478
1757671950088 8.926756880147288e-05 479
1757671950209 0.09123626023638425 480
1757671950331 2.7221960360826734e-05 481
1757671950450 0.24364924021230736 482
1757671950571 0.018282916644081576 483
1757671950690 0.6225565411511627 484
1757671950810 0.003881138366013975 485
1757671950930 0.39047200149423034 486
1757671951050 0.1164149149100417 487
1757671951174 0.19629771681595692 488
1757671951293 0.070456200813474 489
1757671951413 0.3151991191494131 490
1757671951532 0.0009664054124631712 491
1757671951651 0.3354260483430756 492
1757671951772 0.05763623500234956 493
1757671951889 0.0027676808528537514 494
1757671952025 0.010045554220576524 495
1757671952147 0.0003250086685270716 496
1757671952267 0.23461297204249665 497
1757671952387 0.388049681785994 498
1757671952507 0.053377011790046926 499
