1757587146632 184.79811218017267 0
1757587146705 171.91279187446625 1
1757587146765 166.040236460239 2
1757587146822 159.63922930563444 3
1757587146887 154.99076519297375 4
1757587146953 150.57310205760476 5
1757587147016 146.7063252674478 6
1757587147080 143.08057333661276 7
1757587147143 139.736534012225 8
1757587147207 136.59406455974224 9
1757587147271 133.64514469672872 10
1757587147340 130.86303677209924 11
1757587147409 128.23591275353255 12
1757587147475 125.7498315609749 13
1757587147539 123.3945448779659 14
1757587147602 121.16014867606121 15
1757587147664 119.03805487681198 16
1757587147728 117.02026690437424 17
1757587147789 115.0995150530982 18
1757587147851 113.26906526911353 19
1757587147912 111.52271283837992 20
1757587147977 109.85471039321004 21
1757587148045 108.25974061566266 22
1757587148111 106.73287582737007 23
1757587148178 105.26955051936493 24
1757587148247 103.86553210166628 25
1757587148312 102.51689655803621 26
1757587148379 101.22000486204841 27
1757587148445 99.97148195161199 28
1757587148512 98.76819696351347 29
1757587148577 97.607245188894 30
1757587148640 96.48593128147391 31
1757587148706 95.40175379690658 32
1757587148773 94.3523908564434 33
1757587148838 93.33568690510108 34
1757587148903 92.34964044786429 35
1757587148969 91.39239270797972 36
1757587149033 90.46221712701818 37
1757587149098 89.55750964917256 38
1757587149163 88.67677972735022 39
1757587149227 87.81864199876742 40
1757587149293 86.98180857869745 41
1757587149356 86.16508192666903 42
1757587149420 85.36734824188164 43
1757587149482 84.58757134844014 44
1757587149545 83.8247870336603 45
1757587149610 83.07809780565184 46
1757587149678 82.34666803882286 47
1757587149745 81.62971947836918 48
1757587149812 80.92652707695143 49
1757587149878 80.2364151387954 50
1757587149940 79.55875374829851 51
1757587150004 78.89295546195066 52
1757587150070 78.2384722439632 53
1757587150133 77.59479262747118 54
1757587150200 76.96143908453122 55
1757587150261 76.33796558939454 56
1757587150324 75.72395536069556 57
1757587150396 75.11901876927166 58
1757587150464 74.52279139932234 59
1757587150532 73.93493225153554 60
1757587150597 73.3551220776582 61
1757587150663 72.7830618367745 62
1757587150731 72.21847126428176 63
1757587150798 71.66108754522688 64
1757587150865 71.11066408428742 65
1757587150931 70.56696936525762 66
1757587150994 70.02978589343083 67
1757587151061 69.49890921476279 68
1757587151129 68.97414700615538 69
1757587151194 68.45531823162142 70
1757587151261 67.94225235948117 71
1757587151329 67.43478863610154 72
1757587151397 66.9327754120226 73
1757587151486 66.43606951662456 74
1757587151553 65.944535677774 75
1757587151619 65.45804598315208 76
1757587151686 64.97647938021214 77
1757587151751 64.49972121194037 78
1757587151814 64.02766278580192 79
1757587151878 63.56020097344943 80
1757587151941 63.097237838949184 81
1757587152008 62.63868029344678 82
1757587152075 62.18443977434732 83
1757587152144 61.73443194722715 84
1757587152213 61.28857642882557 85
1757587152283 60.84679652958738 86
1757587152349 60.40901901433853 87
1757587152418 59.9751738797826 88
1757587152555 59.54519414760155 89
1757587152624 59.11901567203389 90
1757587152693 58.696576960886254 91
1757587152762 58.27781900901047 92
1757587152829 57.862685143349644 93
1757587152898 57.45112087872204 94
1757587152967 57.04307378357271 95
1757587153035 56.63849335497857 96
1757587153102 56.237330902245375 97
1757587153174 55.83953943848281 98
1757587153245 55.445073579588836 99
1757587153314 55.053889450115996 100
1757587153381 54.6659445955302 101
1757587153450 54.28119790040888 102
1757587153518 53.89960951215729 103
1757587153585 53.52114076985329 104
1757587153653 53.1457541378581 105
1757587153723 52.773413143857745 106
1757587153792 52.40408232102338 107
1757587153863 52.03772715400134 108
1757587153935 51.674314028464956 109
1757587154007 51.3138101839789 110
1757587154078 50.956183669945204 111
1757587154145 50.6014033044162 112
1757587154213 50.24943863557566 113
1757587154277 49.90025990570282 114
1757587154343 49.553838017447795 115
1757587154411 49.21014450225917 116
1757587154481 48.869151490815256 117
1757587154550 48.530831685321836 118
1757587154620 48.19515833354852 119
1757587154689 47.862105204484806 120
1757587154757 47.53164656550586 121
1757587154824 47.20375716094512 122
1757587154894 46.87841219197885 123
1757587154963 46.555587297733545 124
1757587155036 46.23525853753433 125
1757587155100 45.91740237421736 126
1757587155171 45.60199565843538 127
1757587155244 45.289015613889774 128
1757587155309 44.97843982342781 129
1757587155370 44.670246215947614 130
1757587155437 44.36441305405752 131
1757587155505 44.06091892244016 132
1757587155573 43.75974271687499 133
1757587155644 43.46086363387641 134
1757587155712 43.16426116090716 135
1757587155779 42.86991506712985 136
1757587155857 42.577805394661866 137
1757587155928 42.287912450301064 138
1757587155997 42.000216797692424 139
1757587156064 41.714699249907156 140
1757587156136 41.43134086240845 141
1757587156205 41.15012292637898 142
1757587156274 40.87102696238782 143
1757587156346 40.5940347143753 144
1757587156414 40.319128143935814 145
1757587156482 40.046289424880506 146
1757587156550 39.775500938062194 147
1757587156620 39.5067452664466 148
1757587156689 39.240005190414855 149
1757587156758 38.97526368328308 150
1757587156829 38.71250390702614 151
1757587156898 38.451709208193165 152
1757587156968 38.19286311400342 153
1757587157037 37.935949328611976 154
1757587157109 37.68095172953473 155
1757587157177 37.42785436422415 156
1757587157246 37.17664144678621 157
1757587157315 36.927297354830934 158
1757587157385 36.679806626448574 159
1757587157455 36.434153957304375 160
1757587157521 36.19032419784515 161
1757587157589 35.94830235061146 162
1757587157661 35.708073567649485 163
1757587157731 35.469623148017014 164
1757587157802 35.23293653537854 165
1757587157875 34.99799931568444 166
1757587157950 34.7647972149298 167
1757587158024 34.533316096988656 168
1757587158093 34.303541961519564 169
1757587158165 34.07546094193885 170
1757587158234 33.849059303457935 171
1757587158300 33.624323441181474 172
1757587158375 33.401239878263304 173
1757587158448 33.17979526411701 174
1757587158518 32.95997637267873 175
1757587158589 32.74177010071938 176
1757587158660 32.52516346620385 177
1757587158727 32.31014360669523 178
1757587158797 32.096697777801396 179
1757587158870 31.8848133516625 180
1757587158942 31.674477815477005 181
1757587159015 31.465678770064766 182
1757587159086 31.258403928465363 183
1757587159157 31.052641114570065 184
1757587159227 30.848378261786134 185
1757587159298 30.64560341173162 186
1757587159365 30.444304712959944 187
1757587159438 30.24447041971239 188
1757587159509 30.046088890697757 189
1757587159572 29.84914858789785 190
1757587159648 29.653638075397755 191
1757587159718 29.45954601824004 192
1757587159789 29.266861181301735 193
1757587159861 29.07557242819335 194
1757587159932 28.885668720179083 195
1757587160003 28.69713911511723 196
1757587160071 28.509972766420354 197
1757587160143 28.32415892203417 198
1757587160212 28.13968692343475 199
1757587160283 27.956546204643118 200
1757587160356 27.77472629125694 201
1757587160427 27.59421679949845 202
1757587160498 27.415007435278184 203
1757587160568 27.23708799327403 204
1757587160635 27.060448356025095 205
1757587160706 26.885078493039728 206
1757587160773 26.710968459917567 207
1757587160843 26.538108397484926 208
1757587160916 26.366488530943215 209
1757587160988 26.19609916903001 210
1757587161059 26.026930703192402 211
1757587161128 25.85897360677223 212
1757587161193 25.692218434202914 213
1757587161266 25.526655820217517 214
1757587161337 25.362276479067866 215
1757587161408 25.19907120375417 216
1757587161480 25.037030865265184 217
1757587161550 24.876146411828394 218
1757587161620 24.716408868170085 219
1757587161690 24.557809334785066 220
1757587161759 24.400338987215754 221
1757587161835 24.24398907534041 222
1757587161905 24.08875092267036 223
1757587161976 23.934615925655958 224
1757587162054 23.781575553001044 225
1757587162127 23.62962134498586 226
1757587162197 23.478744912798042 227
1757587162262 23.328937937871693 228
1757587162332 23.18019217123426 229
1757587162399 23.032499432861076 230
1757587162470 22.88585161103747 231
1757587162540 22.74024066172818 232
1757587162613 22.595658607954093 233
1757587162683 22.45209753917595 234
1757587162756 22.309549610685107 235
1757587162831 22.168007043001086 236
1757587162903 22.02746212127584 237
1757587162973 21.887907194704603 238
1757587163048 21.749334675943153 239
1757587163119 21.61173704053152 240
1757587163192 21.47510682632387 241
1757587163265 21.3394366329246 242
1757587163335 21.204719121130363 243
1757587163409 21.07094701237815 244
1757587163484 20.938113088199135 245
1757587163559 20.806210189678335 246
1757587163633 20.675231216919876 247
1757587163706 20.545169128517866 248
1757587163777 20.416016941032765 249
1757587163850 20.287767728473153 250
1757587163923 20.1604146217828 251
1757587164000 20.033950808333042 252
1757587164069 19.908369531420302 253
1757587164143 19.783664089768685 254
1757587164212 19.659827837037653 255
1757587164280 19.536854181334654 256
1757587164352 19.414736584732577 257
1757587164426 19.293468562792107 258
1757587164497 19.173043684088828 259
1757587164572 19.05345556974498 260
1757587164643 18.934697892965893 261
1757587164720 18.81676437858097 262
1757587164795 18.699648802589202 263
1757587164870 18.58334499170915 264
1757587164943 18.467846822933286 265
1757587165010 18.35314822308671 266
1757587165085 18.239243168390175 267
1757587165161 18.12612568402732 268
1757587165233 18.01378984371609 269
1757587165307 17.902229769284343 270
1757587165382 17.791439630249457 271
1757587165455 17.681413643402067 272
1757587165529 17.572146072393714 273
1757587165598 17.46363122732852 274
1757587165672 17.35586346435865 275
1757587165744 17.248837185283755 276
1757587165818 17.142546837154118 277
1757587165891 17.03698691187762 278
1757587165960 16.93215194583042 279
1757587166031 16.828036519471304 280
1757587166101 16.724635256959658 281
1757587166174 16.621942825777097 282
1757587166248 16.519953936352586 283
1757587166322 16.418663341691115 284
1757587166396 16.31806583700586 285
1757587166472 16.21815625935375 286
1757587166547 16.118929487274492 287
1757587166622 16.020380440432916 288
1757587166698 15.922504079264689 289
1757587166772 15.825295404625285 290
1757587166848 15.728749457442275 291
1757587166923 15.632861318370763 292
1757587166999 15.537626107452114 293
1757587167073 15.443038983775764 294
1757587167148 15.349095145144155 295
1757587167223 15.25578982774082 296
1757587167295 15.163118305801513 297
1757587167369 15.071075891288302 298
1757587167444 14.979657933566775 299
1757587167516 14.889951286090396 300
1757587167588 14.799207528441851 301
1757587167653 14.710739093754617 302
1757587167719 14.622294182786124 303
1757587167794 14.534477972012622 304
1757587167870 14.447242352184528 305
1757587167949 14.360608355099867 306
1757587168023 14.274556981648143 307
1757587168099 14.189092241392203 308
1757587168174 14.104204998420958 309
1757587168250 14.019893679410107 310
1757587168326 13.936152426445602 311
1757587168402 13.852977876549637 312
1757587168478 13.770365287582385 313
1757587168551 13.68831075439916 314
1757587168627 13.606809943381839 315
1757587168702 13.52585881625075 316
1757587168776 13.445453216884381 317
1757587168853 13.365589107538737 318
1757587168927 13.286262433892597 319
1757587169002 13.20746920201863 320
1757587169073 13.129205434202714 321
1757587169148 13.051467193908152 322
1757587169225 12.974250571197292 323
1757587169298 12.897551690709333 324
1757587169371 12.821366706731604 325
1757587169444 12.745691805628311 326
1757587169518 12.670523204056789 327
1757587169592 12.595857149583924 328
1757587169662 12.52168991992832 329
1757587169735 12.448017822986127 330
1757587169811 12.374837196409366 331
1757587169887 12.302144407441123 332
1757587169963 12.229935852605879 333
1757587170039 12.158207957485086 334
1757587170116 12.086957176446957 335
1757587170189 12.016179992405478 336
1757587170265 11.945872916566078 337
1757587170340 11.876032488182267 338
1757587170418 11.80665527430958 339
1757587170493 11.737737869564555 340
1757587170570 11.669276895884385 341
1757587170645 11.601269002289767 342
1757587170717 11.533710864649457 343
1757587170786 11.466599185447363 344
1757587170863 11.399930693551665 345
1757587170938 11.33370214398633 346
1757587171014 11.267910317704608 347
1757587171096 11.202552021364836 348
1757587171166 11.137624087108268 349
1757587171245 11.073123372339118 350
1757587171321 11.009046759506596 351
1757587171395 10.94539115588903 352
1757587171470 10.88215349338011 353
1757587171546 10.819330728277045 354
1757587171619 10.756919841070738 355
1757587171688 10.694917836237993 356
1757587171761 10.633321742035585 357
1757587171876 10.572128610296355 358
1757587171950 10.5113355162271 359
1757587172020 10.450939558208475 360
1757587172090 10.390937857596642 361
1757587172159 10.331327558526846 362
1757587172228 10.272105827718784 363
1757587172303 10.213269854283784 364
1757587172380 10.15481684953376 365
1757587172462 10.096744046791958 366
1757587172539 10.03904870120542 367
1757587172614 9.981728089559201 368
1757587172690 9.924779510092309 369
1757587172767 9.868200282315284 370
1757587172844 9.811987746829507 371
1757587172921 9.756139265148137 372
1757587172998 9.700652219518703 373
1757587173079 9.64552401274732 374
1757587173154 9.590752068024516 375
1757587173231 9.536333828752605 376
1757587173309 9.482266758374724 377
1757587173386 9.428548340205326 378
1757587173461 9.37517607726229 379
1757587173529 9.322147492100529 380
1757587173601 9.26946012664712 381
1757587173674 9.217111542037882 382
1757587173752 9.165099318455548 383
1757587173831 9.11342105496925 384
1757587173912 9.062074369375607 385
1757587173990 9.011056898041115 386
1757587174068 8.960366295746091 387
1757587174144 8.910000235529902 388
1757587174218 8.859956408537679 389
1757587174293 8.810232523868356 390
1757587174388 8.760826308424114 391
1757587174464 8.711735506761173 392
1757587174542 8.662957880941889 393
1757587174618 8.614491210388234 394
1757587174693 8.566333291736521 395
1757587174771 8.518481938693522 396
1757587174848 8.470934981893786 397
1757587174926 8.42369026875829 398
1757587175005 8.376745663354336 399
1757587175082 8.330099046256684 400
1757587175155 8.28374831440996 401
1757587175230 8.237691380992251 402
1757587175309 8.191926175279965 403
1757587175387 8.146450642513857 404
1757587175461 8.101262743766243 405
1757587175537 8.056360455809434 406
1757587175610 8.011741770985296 407
1757587175683 7.967404697076012 408
1757587175759 7.923347257175944 409
1757587175843 7.879567489564675 410
1757587175921 7.8360634475811555 411
1757587175998 7.792833199498962 412
1757587176082 7.749874828402691 413
1757587176173 7.707186432065377 414
1757587176254 7.664766122827094 415
1757587176402 7.622612027474533 416
1757587176473 7.580722287121709 417
1757587176552 7.5390950570916955 418
1757587176630 7.497728506799395 419
1757587176707 7.4566208196353685 420
1757587176778 7.415770192850679 421
1757587176862 7.375174837442714 422
1757587176941 7.334832978042065 423
1757587177018 7.2947428528003835 424
1757587177099 7.254902713279216 425
1757587177178 7.215310824339795 426
1757587177258 7.175965464033865 427
1757587177337 7.136864923495381 428
1757587177415 7.098007506833215 429
1757587177495 7.059391531024801 430
1757587177571 7.021015325810676 431
1757587177650 6.982877233589975 432
1757587177726 6.944975609316819 433
1757587177804 6.907308820397634 434
1757587177886 6.869875246589353 435
1757587177971 6.832673279898506 436
1757587178052 6.795701324481189 437
1757587178131 6.7589577965439185 438
1757587178211 6.72244112424533 439
1757587178290 6.686149747598762 440
1757587178368 6.650082118375652 441
1757587178447 6.614236700009816 442
1757587178549 6.578611967502516 443
1757587178631 6.543206407328392 444
1757587178707 6.508018517342188 445
1757587178785 6.473046806686291 446
1757587178862 6.438289795699087 447
1757587178940 6.403746015824106 448
1757587179018 6.369414009519923 449
1757587179096 6.335292330170903 450
1757587179178 6.301379541998666 451
1757587179260 6.267674219974337 452
1757587179338 6.234174949731563 453
1757587179416 6.200880327480272 454
1757587179495 6.167788959921184 455
1757587179572 6.134899464161045 456
1757587179653 6.102210467628617 457
1757587179732 6.0697206079913695 458
1757587179812 6.037428533072928 459
1757587179890 6.005332900771175 460
1757587179973 5.973432378977102 461
1757587180052 5.941725645494378 462
1757587180132 5.910211387959522 463
1757587180206 5.87888830376286 464
1757587180286 5.847755099970119 465
1757587180366 5.816810493244696 466
1757587180447 5.786053209770598 467
1757587180538 5.755481985176032 468
1757587180621 5.725095564457678 469
1757587180705 5.694892701905595 470
1757587180787 5.664872161028744 471
1757587180873 5.635032714481207 472
1757587180956 5.605373143989004 473
1757587181039 5.575892240277526 474
1757587181117 5.546588802999607 475
1757587181189 5.517461640664212 476
1757587181266 5.488509570565724 477
1757587181346 5.459731418713844 478
1757587181426 5.431126019764077 479
1757587181508 5.4026922169488305 480
1757587181592 5.374428862009083 481
1757587181685 5.3463348151266405 482
1757587181762 5.318408944856985 483
1757587181839 5.290650128062661 484
1757587181920 5.2630572498472565 485
1757587182018 5.235629203489947 486
1757587182112 5.208364890380574 487
1757587182222 5.181263219955308 488
1757587182304 5.154323109632819 489
1757587182390 5.127543484751016 490
1757587182477 5.100923278504308 491
1757587182560 5.07446143188143 492
1757587182643 5.048156893603736 493
1757587182728 5.022008620064074 494
1757587182811 4.996015575266147 495
1757587182895 4.970176730764386 496
1757587182985 4.94449106560436 497
1757587183072 4.9189575662636456 498
1757587183156 4.893575226593243 499
