1757521720334 328.78897040252775 0
1757521720407 536712.4903364315 1
1757521720523 1965898333.2941687 2
1757521720583 7201458706292.092 3
1757521720639 2.6380343023209684e+16 4
1757521720701 9.663632320876067e+19 5
1757521720768 3.53997632095878e+23 6
1757521720838 1.2967621218233276e+27 7
1757521720905 4.7502916633643284e+30 8
1757521720970 1.7401241528631705e+34 9
1757521721037 6.374412945484711e+37 10
1757521721104 2.3350713414733042e+41 11
1757521721168 8.55382011865458e+44 12
1757521721233 3.1334305433312705e+48 13
1757521721304 1.147836502718699e+52 14
1757521721370 4.2047481785659147e+55 15
1757521721436 1.5402809723578025e+59 16
1757521721512 5.64234853802031e+62 17
1757521721580 2.0669019221711527e+66 18
1757521721642 7.571463420041969e+69 19
1757521721700 2.7735741936325102e+73 20
1757521721764 1.016014128420846e+77 21
1757521721832 3.7218572033178794e+80 22
1757521721902 1.363388623681745e+84 23
1757521721970 4.994357487782578e+87 24
1757521722038 1.8295302074922182e+91 25
1757521722109 6.701924698651531e+94 26
1757521722180 2.455045261480671e+98 27
1757521722244 8.993307903222799e+101 28
1757521722311 3.2944234597691465e+105 29
1757521722379 1.2068113367260555e+109 30
1757521722446 4.42078445663017e+112 31
1757521722513 1.6194192594346848e+116 32
1757521722578 5.93224746321847e+119 33
1757521722648 2.1730975323306197e+123 34
1757521722716 7.96047857797786e+126 35
1757521722789 2.9160780060562553e+130 36
1757521722860 1.0682160443128922e+134 37
1757521722932 3.913082966085319e+137 38
1757521723004 1.4334383368409732e+141 39
1757521723078 5.2509632004583e+144 40
1757521723142 1.9235298668885856e+148 41
1757521723206 7.046263718796364e+151 42
1757521723270 2.581183336401091e+155 43
1757521723335 9.455376185171674e+158 44
1757521723399 3.4636880512240846e+162 45
1757521723466 1.2688162460428461e+166 46
1757521723533 4.647920489413944e+169 47
1757521723603 1.7026236023765845e+173 48
1757521723664 6.237041141242355e+176 49
1757521723731 2.284749379912879e+180 50
1757521723798 8.369480993951797e+183 51
1757521723864 3.0659035395292016e+187 52
1757521723930 1.1231000489146667e+191 53
1757521723997 4.1141337410302985e+194 54
1757521724069 1.5070871428988826e+198 55
1757521724136 5.52075308986505e+201 56
1757521724202 2.0223591464411792e+205 57
1757521724266 7.408294576155855e+208 58
1757521724333 2.713802275114172e+212 59
1757521724397 9.941185130676066e+215 60
1757521724463 3.641649309112479e+219 61
1757521724532 1.3340069132841438e+223 62
1757521724600 4.886726572591253e+226 63
1757521724667 1.7901029115719106e+230 64
1757521724733 6.557494851444097e+233 65
1757521724800 2.402137801617039e+237 66
1757521724870 8.799497595772884e+240 67
1757521724938 3.223426977664989e+244 68
1757521725005 1.1808039455945644e+248 69
1757521725070 4.3255143286717377e+251 70
1757521725141 1.5845199600957908e+255 71
1757521725220 5.8044045474539595e+258 72
1757521725291 2.1262661878028728e+262 73
1757521725362 7.788926261827951e+265 74
1757521725439 2.853235058724322e+269 75
1757521725512 1.0451954514232468e+273 76
1757521725587 3.8287540605374046e+276 77
1757521725652 1.4025470199013946e+280 78
1757521725717 5.137802303128815e+283 79
1757521725782 1.8820768310421075e+287 80
1757521725848 6.894413192559714e+290 81
1757521725916 2.5255575375965086e+294 82
1757521725993 9.251608073902437e+297 83
1757521726054 3.3890438320622187e+301 84
1757521726136 inf 85
1757521726234 inf 86
