1757434314243 168.85421826906588 0
1757434314310 168.84784650559172 1
1757434314372 168.8415065899942 2
1757434314438 168.83516699534061 3
1757434314500 168.8288277225713 4
1757434314560 168.82248877166856 5
1757434314614 168.8161501426148 6
1757434314673 168.80981183539234 7
1757434314726 168.80347384998356 8
1757434314781 168.7971361863709 9
1757434314835 168.79079884453662 10
1757434314881 168.7844618244632 11
1757434314934 168.77812512613292 12
1757434314987 168.77178874952818 13
1757434315040 168.76545269463136 14
1757434315097 168.7591169614249 15
1757434315156 168.75278154989104 16
1757434315207 168.74644646001227 17
1757434315266 168.74011169177092 18
1757434315323 168.7337772451493 19
1757434315380 168.72744312012995 20
1757434315439 168.72110931669513 21
1757434315493 168.71477583482724 22
1757434315544 168.70844267450872 23
1757434315601 168.70210983572187 24
1757434315658 168.69577731844913 25
1757434315712 168.68944512267288 26
1757434315770 168.6831132483755 27
1757434315825 168.67678169553935 28
1757434315884 168.67045046414688 29
1757434315940 168.66411955418044 30
1757434315993 168.6577889656224 31
1757434316047 168.65145869845517 32
1757434316094 168.64512875266118 33
1757434316145 168.6387991282228 34
1757434316203 168.63246982512237 35
1757434316263 168.62614084334234 36
1757434316321 168.61981218286513 37
1757434316378 168.61348384367307 38
1757434316437 168.60715582574863 39
1757434316492 168.60082812907416 40
1757434316551 168.59450075363208 41
1757434316613 168.5881736994048 42
1757434316671 168.58184696637468 43
1757434316723 168.57552055452416 44
1757434316778 168.56919446383563 45
1757434316834 168.56286869429155 46
1757434316886 168.55654324587428 47
1757434316935 168.5502181185662 48
1757434316989 168.54389331234975 49
1757434317036 168.53756882720734 50
1757434317085 168.53124466312138 51
1757434317142 168.52492082007427 52
1757434317197 168.5185972980485 53
1757434317255 168.5122740970263 54
1757434317318 168.50595121699027 55
1757434317374 168.49962865792278 56
1757434317432 168.4933064198062 57
1757434317487 168.48698450262296 58
1757434317539 168.48066290635552 59
1757434317591 168.47434163098626 60
1757434317646 168.4680206764976 61
1757434317697 168.461700042872 62
1757434317758 168.45537973009186 63
1757434317817 168.44905973813957 64
1757434317875 168.44274006699757 65
1757434317928 168.43642071664834 66
1757434317999 168.43010168707428 67
1757434318067 168.42378297825778 68
1757434318132 168.41746459018134 69
1757434318197 168.4111465228273 70
1757434318260 168.40482877617816 71
1757434318325 168.39851135021632 72
1757434318387 168.39219424492424 73
1757434318454 168.38587746028435 74
1757434318518 168.379560996279 75
1757434318587 168.37324485289076 76
1757434318657 168.36692903010197 77
1757434318725 168.36061352789514 78
1757434318793 168.35429834625265 79
1757434318856 168.347983485157 80
1757434318908 168.34166894459057 81
1757434318965 168.33535472453582 82
1757434319020 168.32904082497518 83
1757434319075 168.32272724589117 84
1757434319134 168.31641398726612 85
1757434319191 168.31010104908256 86
1757434319244 168.30378843132291 87
1757434319304 168.29747613396964 88
1757434319360 168.29116415700514 89
1757434319410 168.28485250041192 90
1757434319468 168.27854116417242 91
1757434319528 168.27223014826907 92
1757434319588 168.26591945268433 93
1757434319634 168.25960907740068 94
1757434319679 168.25329902240054 95
1757434319739 168.24698928766637 96
1757434319801 168.24067987318068 97
1757434319857 168.23437077892586 98
1757434319915 168.2280620048844 99
1757434319975 168.22175355103874 100
1757434320039 168.2154454173714 101
1757434320094 168.20913760386478 102
1757434320153 168.20283011050137 103
1757434320214 168.1965229372636 104
1757434320274 168.19021608413402 105
1757434320336 168.18390955109498 106
1757434320396 168.17760333812905 107
1757434320458 168.1712974452186 108
1757434320520 168.16499187234623 109
1757434320584 168.15868661949426 110
1757434320646 168.1523816866453 111
1757434320710 168.14607707378175 112
1757434320776 168.13977278088606 113
1757434320842 168.13346880794077 114
1757434320908 168.1271651549283 115
1757434320962 168.12086182183117 116
1757434321019 168.11455880863184 117
1757434321081 168.10825611531274 118
1757434321138 168.10195374185642 119
1757434321190 168.0956516882453 120
1757434321251 168.08934995446197 121
1757434321315 168.0830485404888 122
1757434321377 168.07674744630827 123
1757434321433 168.07044667190297 124
1757434321490 168.06414621725528 125
1757434321551 168.05784608234777 126
1757434321617 168.05154626716288 127
1757434321683 168.04524677168308 128
1757434321745 168.03894759589087 129
1757434321807 168.0326487397688 130
1757434321873 168.02635020329927 131
1757434321938 168.02005198646484 132
1757434322003 168.01375408924798 133
1757434322067 168.0074565116312 134
1757434322132 168.00115925359697 135
1757434322197 167.99486231512782 136
1757434322263 167.98856569620617 137
1757434322328 167.98226939681462 138
1757434322396 167.9759734169356 139
1757434322466 167.96967775655165 140
1757434322536 167.96338241564524 141
1757434322608 167.9570873941989 142
1757434322674 167.95079269219514 143
1757434322740 167.94449830961642 144
1757434322808 167.93820424644528 145
1757434322878 167.9319105026642 146
1757434322936 167.92561707825575 147
1757434322984 167.91932397320235 148
1757434323043 167.91303118748658 149
1757434323098 167.9067387210909 150
1757434323154 167.9004465739979 151
1757434323207 167.89415474619 152
1757434323261 167.88786323764975 153
1757434323323 167.88157204835966 154
1757434323381 167.8752811783023 155
1757434323440 167.8689906274601 156
1757434323498 167.86270039581564 157
1757434323558 167.8564104833514 158
1757434323620 167.85012089004994 159
1757434323685 167.8438316158937 160
1757434323749 167.8375426608653 161
1757434323818 167.8312540249472 162
1757434323892 167.82496570812197 163
1757434323959 167.81867771037207 164
1757434324029 167.81239003168014 165
1757434324093 167.80610267202854 166
1757434324159 167.79981563139995 167
1757434324225 167.79352890977682 168
1757434324290 167.78724250714168 169
1757434324355 167.7809564234771 170
1757434324424 167.7746706587656 171
1757434324488 167.76838521298967 172
1757434324555 167.7621000861319 173
1757434324622 167.75581527817482 174
1757434324688 167.74953078910087 175
1757434324756 167.74324661889273 176
1757434324823 167.73696276753287 177
1757434324891 167.7306792350038 178
1757434324955 167.7243960212881 179
1757434325019 167.71811312636828 180
1757434325087 167.71183055022695 181
1757434325154 167.70554829284657 182
1757434325217 167.69926635420973 183
1757434325283 167.692984734299 184
1757434325350 167.68670343309682 185
1757434325418 167.68042245058584 186
1757434325485 167.67414178674855 187
1757434325555 167.66786144156754 188
1757434325622 167.66158141502532 189
1757434325687 167.65530170710448 190
1757434325755 167.64902231778757 191
1757434325822 167.6427432470571 192
1757434325890 167.63646449489568 193
1757434325960 167.6301860612858 194
1757434326031 167.6239079462101 195
1757434326099 167.61763014965103 196
1757434326168 167.61135267159122 197
1757434326236 167.60507551201323 198
1757434326301 167.5987986708996 199
1757434326366 167.5925221482329 200
1757434326432 167.5862459439957 201
1757434326498 167.57997005817052 202
1757434326569 167.57369449073994 203
1757434326634 167.5674192416866 204
1757434326696 167.56114431099292 205
1757434326761 167.5548696986416 206
1757434326828 167.54859540461516 207
1757434326894 167.54232142889614 208
1757434326966 167.53604777146717 209
1757434327022 167.52977443231077 210
1757434327081 167.52350141140954 211
1757434327143 167.51722870874605 212
1757434327205 167.51095632430284 213
1757434327265 167.50468425806253 214
1757434327323 167.49841251000763 215
1757434327382 167.4921410801208 216
1757434327439 167.48586996838458 217
1757434327501 167.47959917478155 218
1757434327563 167.47332869929429 219
1757434327625 167.46705854190535 220
1757434327683 167.46078870259737 221
1757434327745 167.45451918135294 222
1757434327808 167.44824997815456 223
1757434327874 167.44198109298486 224
1757434327939 167.43571252582646 225
1757434328005 167.42944427666188 226
1757434328073 167.4231763454738 227
1757434328143 167.41690873224468 228
1757434328213 167.41064143695723 229
1757434328277 167.40437445959395 230
1757434328344 167.39810780013752 231
1757434328411 167.39184145857047 232
1757434328480 167.38557543487542 233
1757434328548 167.37930972903496 234
1757434328614 167.37304434103166 235
1757434328681 167.36677927084813 236
1757434328748 167.360514518467 237
1757434328814 167.35425008387085 238
1757434328880 167.34798596704226 239
1757434328947 167.34172216796384 240
1757434329009 167.3354586866182 241
1757434329068 167.32919552298796 242
1757434329131 167.3229326770557 243
1757434329193 167.316670148804 244
1757434329254 167.31040793821552 245
1757434329312 167.30414604527283 246
1757434329371 167.29788446995857 247
1757434329432 167.29162321225533 248
1757434329494 167.2853622721457 249
1757434329557 167.27910164961227 250
1757434329619 167.27284134463775 251
1757434329684 167.26658135720467 252
1757434329734 167.26032168729566 253
1757434329782 167.25406233489335 254
1757434329837 167.24780329998038 255
1757434329893 167.2415445825393 256
1757434329951 167.23528618255273 257
1757434330017 167.22902810000338 258
1757434330080 167.22277033487376 259
1757434330147 167.21651288714656 260
1757434330215 167.21025575680437 261
1757434330280 167.20399894382984 262
1757434330345 167.1977424482056 263
1757434330409 167.19148626991424 264
1757434330475 167.1852304089384 265
1757434330544 167.1789748652607 266
1757434330611 167.17271963886375 267
1757434330675 167.16646472973022 268
1757434330744 167.16021013784274 269
1757434330809 167.15395586318394 270
1757434330871 167.14770190573637 271
1757434330931 167.14144826548278 272
1757434330995 167.13519494240575 273
1757434331067 167.12894193648788 274
1757434331171 167.12268924771186 275
1757434331221 167.1164368760603 276
1757434331276 167.11018482151587 277
1757434331326 167.10393308406117 278
1757434331376 167.09768166367886 279
1757434331430 167.0914305603516 280
1757434331487 167.085179774062 281
1757434331545 167.07892930479267 282
1757434331604 167.0726791525263 283
1757434331665 167.06642931724554 284
1757434331732 167.06017979893304 285
1757434331797 167.0539305975714 286
1757434331861 167.0476817131433 287
1757434331926 167.04143314563143 288
1757434331991 167.03518489501838 289
1757434332061 167.0289369612868 290
1757434332126 167.02268934441935 291
1757434332196 167.0164420443987 292
1757434332263 167.0101950612075 293
1757434332333 167.00394839482843 294
1757434332400 166.99770204524404 295
1757434332469 166.99145601243714 296
1757434332536 166.98521029639025 297
1757434332605 166.97896489708614 298
1757434332672 166.9727198145074 299
1757434332741 166.96647504863668 300
1757434332808 166.9602305994567 301
1757434332877 166.95398646695008 302
1757434332947 166.94774265109953 303
1757434333015 166.94149915188763 304
1757434333073 166.93525596929715 305
1757434333139 166.92901310331064 306
1757434333199 166.92277055391088 307
1757434333270 166.91652832108048 308
1757434333344 166.9102864048021 309
1757434333402 166.90404480505845 310
1757434333459 166.89780352183217 311
1757434333520 166.891562555106 312
1757434333579 166.88532190486245 313
1757434333645 166.87908157108436 314
1757434333712 166.87284155375437 315
1757434333778 166.86660185285507 316
1757434333842 166.8603624683693 317
1757434333906 166.85412340027955 318
1757434333973 166.8478846485686 319
1757434334039 166.84164621321918 320
1757434334105 166.83540809421385 321
1757434334172 166.8291702915354 322
1757434334239 166.82293280516646 323
1757434334308 166.8166956350897 324
1757434334376 166.81045878128782 325
1757434334447 166.8042222437435 326
1757434334516 166.7979860224395 327
1757434334585 166.79175011735842 328
1757434334654 166.78551452848296 329
1757434334721 166.7792792557959 330
1757434334790 166.7730442992798 331
1757434334859 166.76680965891742 332
1757434334924 166.76057533469145 333
1757434334990 166.7543413265846 334
1757434335056 166.74810763457953 335
1757434335118 166.74187425865895 336
1757434335183 166.73564119880558 337
1757434335250 166.7294084550021 338
1757434335316 166.7231760272312 339
1757434335382 166.71694391547558 340
1757434335449 166.71071211971798 341
1757434335517 166.70448063994104 342
1757434335588 166.69824947612753 343
1757434335656 166.69201862826012 344
1757434335725 166.68578809632146 345
1757434335794 166.6795578802944 346
1757434335863 166.67332798016147 347
1757434335933 166.66709839590555 348
1757434335997 166.66086912750922 349
1757434336067 166.65464017495526 350
1757434336140 166.64841153822633 351
1757434336208 166.6421832173052 352
1757434336276 166.63595521217454 353
1757434336343 166.62972752281712 354
1757434336409 166.62350014921554 355
1757434336476 166.61727309135264 356
1757434336547 166.61104634921108 357
1757434336617 166.6048199227736 358
1757434336688 166.5985938120229 359
1757434336759 166.5923680169417 360
1757434336829 166.58614253751273 361
1757434336899 166.5799173737187 362
1757434336975 166.57369252554236 363
1757434337043 166.56746799296639 364
1757434337106 166.5612437759736 365
1757434337165 166.55501987454662 366
1757434337229 166.5487962886682 367
1757434337296 166.5425730183211 368
1757434337363 166.53635006348804 369
1757434337432 166.53012742415174 370
1757434337501 166.5239051002949 371
1757434337569 166.51768309190035 372
1757434337636 166.51146139895076 373
1757434337704 166.50524002142882 374
1757434337769 166.49901895931734 375
1757434337837 166.492798212599 376
1757434337905 166.4865777812566 377
1757434337974 166.4803576652728 378
1757434338044 166.4741378646304 379
1757434338114 166.46791837931212 380
1757434338185 166.4616992093007 381
1757434338254 166.45548035457887 382
1757434338323 166.4492618151294 383
1757434338395 166.44304359093502 384
1757434338467 166.4368256819785 385
1757434338534 166.43060808824254 386
1757434338601 166.42439080970988 387
1757434338668 166.41817384636332 388
1757434338737 166.41195719818558 389
1757434338805 166.40574086515943 390
1757434338874 166.39952484726763 391
1757434338945 166.39330914449283 392
1757434339012 166.38709375681796 393
1757434339082 166.3808786842256 394
1757434339146 166.37466392669862 395
1757434339213 166.36844948421972 396
1757434339282 166.3622353567717 397
1757434339350 166.35602154433727 398
1757434339419 166.3498080468992 399
1757434339502 166.34359486444023 400
1757434339572 166.3373819969432 401
1757434339643 166.33116944439084 402
1757434339716 166.32495720676587 403
1757434339787 166.31874528405106 404
1757434339853 166.31253367622924 405
1757434339921 166.30632238328312 406
1757434339989 166.30011140519545 407
1757434340059 166.29390074194902 408
1757434340129 166.28769039352665 409
1757434340199 166.28148035991103 410
1757434340271 166.27527064108497 411
1757434340340 166.26906123703122 412
1757434340417 166.26285214773262 413
1757434340483 166.25664337317184 414
1757434340549 166.25043491333173 415
1757434340611 166.24422676819506 416
1757434340677 166.23801893774456 417
1757434340731 166.23181142196307 418
1757434340791 166.2256042208333 419
1757434340854 166.2193973343381 420
1757434340917 166.2131907624602 421
1757434340976 166.2069845051824 422
1757434341041 166.20077856248747 423
1757434341104 166.19457293435823 424
1757434341160 166.18836762077743 425
1757434341219 166.18216262172788 426
1757434341284 166.17595793719232 427
1757434341347 166.1697535671536 428
1757434341416 166.16354951159445 429
1757434341485 166.15734577049767 430
1757434341553 166.15114234384612 431
1757434341622 166.14493923162252 432
1757434341692 166.1387364338097 433
1757434341761 166.13253395039038 434
1757434341828 166.12633178134746 435
1757434341898 166.1201299266637 436
1757434341988 166.11392838632185 437
1757434342078 166.10772716030473 438
1757434342149 166.10152624859518 439
1757434342221 166.09532565117598 440
1757434342294 166.0891253680299 441
1757434342366 166.08292539913973 442
1757434342431 166.07672574448833 443
1757434342496 166.07052640405848 444
1757434342565 166.064327377833 445
1757434342630 166.0581286657946 446
1757434342701 166.05193026792622 447
1757434342766 166.04573218421058 448
1757434342829 166.03953441463054 449
1757434342896 166.03333695916888 450
1757434342965 166.02713981780843 451
1757434343034 166.020942990532 452
1757434343105 166.01474647732238 453
1757434343183 166.00855027816237 454
1757434343246 166.0023543930348 455
1757434343312 165.99615882192253 456
1757434343384 165.98996356480833 457
1757434343473 165.98376862167504 458
1757434343542 165.97757399250546 459
1757434343611 165.97137967728239 460
1757434343681 165.9651856759887 461
1757434343755 165.95899198860715 462
1757434343832 165.95279861512063 463
1757434343907 165.94660555551192 464
1757434343981 165.94041280976387 465
1757434344056 165.93422037785928 466
1757434344125 165.928028259781 467
1757434344197 165.92183645551182 468
1757434344269 165.91564496503463 469
1757434344340 165.90945378833217 470
1757434344410 165.90326292538737 471
1757434344482 165.897072376183 472
1757434344555 165.89088214070188 473
1757434344626 165.88469221892686 474
1757434344698 165.87850261084083 475
1757434344771 165.87231331642653 476
1757434344843 165.86612433566685 477
1757434344918 165.85993566854464 478
1757434344992 165.85374731504274 479
1757434345065 165.84755927514388 480
1757434345134 165.84137154883103 481
1757434345198 165.835184136087 482
1757434345262 165.82899703689463 483
1757434345326 165.82281025123675 484
1757434345395 165.81662377909618 485
1757434345466 165.81043762045582 486
1757434345538 165.80425177529847 487
1757434345612 165.79806624360697 488
1757434345680 165.7918810253642 489
1757434345747 165.785696120553 490
1757434345819 165.77951152915625 491
1757434345891 165.77332725115676 492
1757434345967 165.76714328653736 493
1757434346042 165.76095963528095 494
1757434346114 165.75477629737037 495
1757434346185 165.74859327278847 496
1757434346254 165.74241056151814 497
1757434346326 165.73622816354217 498
1757434346398 165.73004607884346 499
