1757450209060 84.57624855696915 0
1757450209136 41.0276083218709 1
1757450209200 21.510023924593696 2
1757450209270 9.017676441862363 3
1757450209333 3.8612768717885846 4
1757450209398 4.077926529900225 5
1757450209457 1.7616575065504092 6
1757450209525 2.031079588630577 7
1757450209597 1.4109271953329365 8
1757450209667 0.46001476114751855 9
1757450209733 1.0512085935607098 10
1757450209798 1.8220148589640845 11
1757450209863 0.520971838011761 12
1757450209932 0.5821968443248418 13
1757450209994 1.1909040232097738 14
1757450210063 0.6352642445533144 15
1757450210120 1.3905869746262138 16
1757450210185 0.5769699712644447 17
1757450210251 1.1550922745389607 18
1757450210315 0.6343555825219486 19
1757450210380 0.7123407615028221 20
1757450210447 0.8380609075955198 21
1757450210515 0.7283367652348863 22
1757450210585 0.6684014999918707 23
1757450210654 1.278893740878612 24
1757450210720 1.0202064805689917 25
1757450210789 0.7861640239432319 26
1757450210858 1.0125383005615174 27
1757450210928 1.1467757275956465 28
1757450211004 0.9799330883581141 29
1757450211075 0.7638340172078537 30
1757450211139 1.4046012433610344 31
1757450211203 0.9292103534655246 32
1757450211273 1.1467006634342138 33
1757450211346 0.8648415927929427 34
1757450211421 0.881156798592746 35
1757450211495 1.9613291900425294 36
1757450211569 0.9819494407902355 37
1757450211644 0.47653397109821005 38
1757450211719 1.1043701090913982 39
1757450211797 1.6744707762641933 40
1757450211873 0.4305117952305763 41
1757450211949 1.2621737032165778 42
1757450212024 1.16139538254503 43
1757450212100 1.150134865816364 44
1757450212165 1.2858776516838524 45
1757450212237 0.7676767884933255 46
1757450212308 1.2105043054212752 47
1757450212377 0.8579548106301451 48
1757450212444 0.5707470157190875 49
1757450212515 1.515126343816849 50
1757450212589 0.8201400615217513 51
1757450212660 0.43814488312770855 52
1757450212733 1.0465116851658673 53
1757450212808 1.992926402510199 54
1757450212881 0.7282500289256624 55
1757450212955 0.7236034017617711 56
1757450213033 0.971190753173458 57
1757450213107 0.5407549592209185 58
1757450213184 3.5456907503009845 59
1757450213261 1.0815797822420676 60
1757450213334 0.5864901787227838 61
1757450213408 0.5910457440357071 62
1757450213484 1.4985664263183454 63
1757450213558 1.7798622816458622 64
1757450213632 1.1526913192431887 65
1757450213706 0.5174079085270602 66
1757450213785 2.2014161852420138 67
1757450213858 0.29268370304267555 68
1757450213938 0.9622511172681026 69
1757450214015 0.7139768994282388 70
1757450214092 0.8249438667652578 71
1757450214161 0.4448573041192535 72
1757450214230 0.8729334418879915 73
1757450214300 2.0132873455862805 74
1757450214363 0.3655859543427795 75
1757450214427 0.7623587227970027 76
1757450214494 2.1436776407347224 77
1757450214567 0.814022192983958 78
1757450214641 1.8642769163430883 79
1757450214710 0.5349762123068447 80
1757450214779 0.247385213254812 81
1757450214862 0.48409396097300506 82
1757450214929 0.4596253445668589 83
1757450215002 1.3755824480611345 84
1757450215072 1.9647871135699093 85
1757450215139 1.7261826960499085 86
1757450215202 0.8859532597938135 87
1757450215272 0.4902298409272729 88
1757450215345 1.175413499374534 89
1757450215414 1.3846337820799945 90
1757450215480 1.1117891387641856 91
1757450215547 1.312874450783807 92
1757450215617 2.6199746056541047 93
1757450215688 0.6790782528700332 94
1757450215762 1.46865048530645 95
1757450215837 3.4514127938226205 96
1757450215912 0.6733397610459656 97
1757450215990 1.2748680897551257 98
1757450216067 1.0086078915225496 99
1757450216150 0.882436869629251 100
1757450216211 0.9582610916715547 101
1757450216277 1.279537615615067 102
1757450216342 0.4694424447981511 103
1757450216397 1.014089578746019 104
1757450216456 1.5211633343276234 105
1757450216524 1.2050285752011622 106
1757450216591 0.9212476254363392 107
1757450216659 1.281080598488092 108
1757450216731 1.0584945053502888 109
1757450216802 3.7997326582722493 110
1757450216873 0.3800455648280208 111
1757450216947 1.0355688079350511 112
1757450217019 1.235925402633665 113
1757450217084 2.1334423097092188 114
1757450217155 0.49929753114802045 115
1757450217228 0.49617588440546656 116
1757450217302 0.7402530613096064 117
1757450217377 1.015003873753729 118
1757450217451 1.066804937105258 119
1757450217528 0.8395814868539861 120
1757450217604 0.7462413225806172 121
1757450217683 0.36498396736068106 122
1757450217767 0.8576829585467642 123
1757450217847 1.1532924672146903 124
1757450217923 0.9720406615680166 125
1757450218001 1.0553276905196012 126
1757450218084 1.0862046240417895 127
1757450218164 0.8617160163297626 128
1757450218234 0.7076630648109363 129
1757450218309 0.7935267550418339 130
1757450218383 1.1018992206009777 131
1757450218456 1.1850173938684603 132
1757450218535 0.8287447031346233 133
1757450218612 0.8256611544269647 134
1757450218694 0.8364632876658491 135
1757450218775 0.8739426443282539 136
1757450218853 0.8850503360528817 137
1757450218933 0.8150889645196692 138
1757450219011 0.6444247582489142 139
1757450219099 1.509448613379795 140
1757450219178 0.6143751539662399 141
1757450219255 0.6449138818020241 142
1757450219334 0.9614472244762459 143
1757450219411 2.0695283237794735 144
1757450219490 1.0845192296989665 145
1757450219568 1.1254719534514983 146
1757450219649 0.49538673869194605 147
1757450219723 0.6748934234358748 148
1757450219796 1.7900443379381832 149
1757450219874 0.7344908521237914 150
1757450219953 0.8268712561938774 151
1757450220032 0.7690934374092712 152
1757450220107 0.806684260868079 153
1757450220187 1.4156492719934295 154
1757450220251 0.36976182235207034 155
1757450220317 0.9991535749192895 156
1757450220384 0.5927060480861888 157
1757450220455 1.6387962895425812 158
1757450220529 1.6116689938613904 159
1757450220605 1.1142994310002154 160
1757450220687 0.999208356251987 161
1757450220768 0.47352159325915877 162
1757450220847 0.5747075103304365 163
1757450220928 1.4211277822225787 164
1757450221005 2.7331378492632887 165
1757450221085 0.7720640541634601 166
1757450221164 0.513668483913241 167
1757450221244 0.7653667570623341 168
1757450221328 1.257417648152928 169
1757450221411 0.9188250378831293 170
1757450221485 0.7806990880032664 171
1757450221561 0.82706564692973 172
1757450221633 0.9329174235040387 173
1757450221706 1.4866852719259693 174
1757450221785 1.1764874604504267 175
1757450221862 0.91768343521944 176
1757450221942 0.846661429190674 177
1757450222023 0.43316585972783883 178
1757450222101 0.8803628745179007 179
1757450222178 0.697605968313668 180
1757450222249 0.6841412427788478 181
1757450222320 0.8935513383981817 182
1757450222396 0.3411847042736589 183
1757450222473 1.034147031411793 184
1757450222553 0.46077540685200624 185
1757450222630 0.7480676419176433 186
1757450222710 1.2746977141657316 187
1757450222789 1.162527303063179 188
1757450222869 0.41773567405837014 189
1757450222949 0.42210629620993895 190
1757450223026 1.5738063694229147 191
1757450223109 0.9695265857427164 192
1757450223183 1.117147850777813 193
1757450223263 1.0099360639709365 194
1757450223342 0.46606977739239497 195
1757450223422 0.8708938153925515 196
1757450223501 0.580452163866887 197
1757450223579 1.0813837276073182 198
1757450223656 1.053054281908247 199
1757450223729 0.7461928448861102 200
1757450223806 0.32782575597610886 201
1757450223887 0.6013230284176965 202
1757450223964 0.6423044035344285 203
1757450224040 0.9821637041306546 204
1757450224118 2.0930397619155023 205
1757450224196 1.024767922332474 206
1757450224266 0.583340004638395 207
1757450224339 1.0565876287915448 208
1757450224407 0.6005114558722789 209
1757450224479 0.9132189723565329 210
1757450224552 0.5843497373910409 211
1757450224626 1.1230741135256992 212
1757450224698 1.5514140954020954 213
1757450224787 1.3951174472670347 214
1757450224860 0.3807990020708414 215
1757450224938 1.3013468470712772 216
1757450225015 0.7974298409050413 217
1757450225090 0.5452599047352165 218
1757450225162 0.40009492590603796 219
1757450225234 0.6518636473991666 220
1757450225308 0.7043895947870487 221
1757450225382 1.5434343198536409 222
1757450225459 1.6569737926548531 223
1757450225535 1.050128761454726 224
1757450225609 0.4618289749639248 225
