1757645458850 166.9598487306803 0
1757645458930 158.30268835185288 1
1757645459013 154.2999466252957 2
1757645459092 150.3422357566559 3
1757645459173 146.49193235381037 4
1757645459251 142.7451839219896 5
1757645459330 139.09916626181717 6
1757645459410 135.55112012812918 7
1757645459493 132.09836278027404 8
1757645459574 128.73828566465147 9
1757645459655 125.46835235538526 10
1757645459735 122.2860965496181 11
1757645459814 119.18912011871001 12
1757645459894 116.17509121374013 13
1757645459973 113.2417424237969 14
1757645460054 110.38686898558421 15
1757645460135 107.60832704291163 16
1757645460214 104.90403195467628 17
1757645460294 102.27195664998438 18
1757645460370 99.71013002909643 19
1757645460449 97.21663540891815 20
1757645460531 94.78960901179386 21
1757645460611 92.4272384963948 22
1757645460687 90.12776152952765 23
1757645460763 87.88946439772174 24
1757645460843 85.7106806574856 25
1757645460925 83.58978982315354 26
1757645461006 81.52521609127422 27
1757645461083 79.51542710052178 28
1757645461163 77.55893272613828 29
1757645461242 75.65428390794489 30
1757645461323 73.80007151098492 31
1757645461402 71.99492521788898 32
1757645461482 70.23751245207724 33
1757645461562 68.52653733093885 34
1757645461639 66.86073964815235 35
1757645461718 65.23889388433457 36
1757645461796 63.659808245227815 37
1757645461876 62.1223237266573 38
1757645461958 60.62531320551262 39
1757645462037 59.16768055602713 40
1757645462116 57.74835979065023 41
1757645462197 56.36631422482638 42
1757645462277 55.020535665014656 43
1757645462358 53.710043619300436 44
1757645462438 52.43388452996962 45
1757645462518 51.191131027432924 46
1757645462603 49.980881204904975 47
1757645462683 48.80225791325964 48
1757645462757 47.65440807549904 49
1757645462837 46.53650202028962 50
1757645462923 45.447732834033474 51
1757645463004 44.38731573095857 52
1757645463088 43.35448744072541 53
1757645463178 42.34850561306181 54
1757645463266 41.36864823895143 55
1757645463347 40.41421308791439 56
1757645463428 39.48451716093167 57
1757645463511 38.57889615857725 58
1757645463592 37.696703963934105 59
1757645463673 36.837312139882116 60
1757645463755 36.00010944035744 61
1757645463837 35.184501335193936 62
1757645463916 34.389909548168156 63
1757645463996 33.61577160788021 64
1757645464078 32.861540411112536 65
1757645464157 32.12668379831929 66
1757645464239 31.410684140908092 67
1757645464318 30.71303793998574 68
1757645464402 30.033255436248567 69
1757645464483 29.3708602307069 70
1757645464564 28.725388915941842 71
1757645464645 28.096390717601086 72
1757645464731 27.4834271458485 73
1757645464804 26.886071656490206 74
1757645464886 26.303909321507838 75
1757645464969 25.73653650873679 76
1757645465054 25.183560570434906 77
1757645465145 24.644599540494006 78
1757645465225 24.119281840053592 79
1757645465311 23.60724599128279 80
1757645465399 23.108140339103112 81
1757645465480 22.62162278063087 82
1757645465561 22.147360502124478 83
1757645465649 21.685029723227636 84
1757645465731 21.23431544830523 85
1757645465812 20.7949112246747 86
1757645465896 20.36651890754077 87
1757645465978 19.948848431447054 88
1757645466062 19.541617588063204 89
1757645466144 19.144551810131183 90
1757645466224 18.75738396139935 91
1757645466304 18.379854132377734 92
1757645466383 18.01170944175248 93
1757645466465 17.652703843302067 94
1757645466547 17.30259793816218 95
1757645466628 16.96115879229048 96
1757645466711 16.62815975898661 97
1757645466792 16.303380306326844 98
1757645466875 15.986605849376609 99
1757645466956 15.677627587048073 100
1757645467038 15.376242343473603 101
1757645467120 15.082252413769494 102
1757645467203 14.795465414067852 103
1757645467288 14.51569413569808 104
1757645467372 14.242756403402442 105
1757645467456 13.976474937473665 106
1757645467539 13.71667721970548 107
1757645467620 13.463195363050197 108
1757645467699 13.215865984880164 109
1757645467783 12.974530083753043 110
1757645467868 12.739032919583492 111
1757645467951 12.509223897126576 112
1757645468033 12.284956452680934 113
1757645468116 12.066087943922186 114
1757645468197 11.852479542779642 115
1757645468281 11.643996131271813 116
1757645468361 11.440506200218431 117
1757645468446 11.241881750749197 118
1757645468527 11.047998198531507 119
1757645468609 10.85873428064165 120
1757645468688 10.673971965006148 121
1757645468772 10.493596362341785 122
1757645468846 10.31749564052498 123
1757645468929 10.14556094132313 124
1757645469014 9.977686299422238 125
1757645469099 9.813768563687203 126
1757645469178 9.65370732059274 127
1757645469261 9.497404819764704 128
1757645469345 9.344765901573318 129
1757645469431 9.195697926721278 130
1757645469516 9.050110707771461 131
1757645469599 8.907916442560422 132
1757645469680 8.769029649445352 133
1757645469763 8.633367104333662 134
1757645469846 8.500847779445786 135
1757645469928 8.371392783763087 136
1757645470009 8.244925305114172 137
1757645470090 8.121370553854254 138
1757645470172 8.000655708093282 139
1757645470252 7.88270986043004 140
1757645470338 7.767463966150387 141
1757645470422 7.654850792849133 142
1757645470505 7.544804871436059 143
1757645470591 7.4372624484877585 144
1757645470675 7.332161439908036 145
1757645470759 7.2294413858605955 146
1757645470837 7.129043406938784 147
1757645470916 7.030910161538173 148
1757645470998 6.934985804398637 149
1757645471085 6.841215946283572 150
1757645471170 6.749547614764771 151
1757645471251 6.659929216082398 152
1757645471333 6.572310498050228 153
1757645471415 6.486642513977329 154
1757645471498 6.402877587577998 155
1757645471581 6.320969278842651 156
1757645471666 6.240872350843076 157
1757645471749 6.162542737446224 158
1757645471832 6.0859375119114105 159
1757645471915 6.011014856346513 160
1757645471998 5.9377340319994145 161
1757645472083 5.866055350361614 162
1757645472163 5.795940145061583 163
1757645472248 5.7273507445260075 164
1757645472327 5.660250445387741 165
1757645472410 5.594603486619849 166
1757645472494 5.530375024375649 167
1757645472577 5.467531107515335 168
1757645472660 5.406038653800121 169
1757645472747 5.345865426735615 170
1757645472830 5.286980013046389 171
1757645472909 5.229351800764397 172
1757645472993 5.172950957914308 173
1757645473081 5.117748411779241 174
1757645473171 5.063715828730972 175
1757645473252 5.010825594608975 176
1757645473340 4.959050795633208 177
1757645473421 4.908365199835978 178
1757645473487 4.858743238998465 179
1757645473567 4.810159991078122 180
1757645473650 4.762591163113358 181
1757645473738 4.7160130745923885 182
1757645473824 4.670402641273481 183
1757645473910 4.6257373594441455 184
1757645473999 4.581995290607203 185
1757645474082 4.539155046581995 186
1757645474168 4.497195775009302 187
1757645474253 4.456097145248875 188
1757645474339 4.415839334658763 189
1757645474423 4.376403015245983 190
1757645474509 4.337769340678289 191
1757645474598 4.299919933647141 192
1757645474682 4.262836873572192 193
1757645474769 4.226502684637961 194
1757645474853 4.190900324153543 195
1757645474933 4.156013171226466 196
1757645475021 4.121825015742135 197
1757645475106 4.08832004764042 198
1757645475190 4.055482846481262 199
1757645475275 4.023298371291354 200
1757645475361 3.991751950684241 201
1757645475445 3.9608292732462576 202
1757645475528 3.930516378181108 203
1757645475619 3.9007996462059458 204
1757645475702 3.871665790692073 205
1757645475786 3.8431018490435878 206
1757645475871 3.815095174307451 207
1757645475956 3.787633427008606 208
1757645476043 3.760704567204067 209
1757645476128 3.7342968467499156 210
1757645476213 3.708398801775438 211
1757645476299 3.682999245358689 212
1757645476383 3.658087260398048 213
1757645476467 3.633652192674329 214
1757645476550 3.6096836440983124 215
1757645476639 3.586171466138618 216
1757645476723 3.5631057534249577 217
1757645476810 3.5404768375220352 218
1757645476891 3.5182752808694158 219
1757645476976 3.4964918708828443 220
1757645477060 3.475117614212602 221
1757645477146 3.4541437311546406 222
1757645477231 3.433561650210322 223
1757645477319 3.4133630027907182 224
1757645477404 3.3935396180615376 225
1757645477492 3.3740835179248525 226
1757645477578 3.354986912133907 227
1757645477664 3.3362421935373954 228
1757645477747 3.317841933449676 229
1757645477833 3.299778877143499 230
1757645477917 3.2820459394619546 231
1757645478004 3.2646362005463647 232
1757645478091 3.2475429016769843 233
1757645478176 3.2307594412234653 234
1757645478261 3.2142793707021005 235
1757645478347 3.1980963909369384 236
1757645478437 3.182204348321976 237
1757645478524 3.1665972311816977 238
1757645478610 3.1512691662272467 239
1757645478695 3.136214415105731 240
1757645478780 3.121427371040048 241
1757645478867 3.1069025555568524 242
1757645478951 3.0926346153002586 243
1757645479038 3.0786183189289478 244
1757645479121 3.0648485540944663 245
1757645479203 3.0513203244984894 246
1757645479290 3.0380287470269267 247
1757645479376 3.024969048958821 248
1757645479461 3.012136565248001 249
1757645479547 2.9995267358755386 250
1757645479632 2.9871351032710924 251
1757645479716 2.9749573098013133 252
1757645479801 2.962989095323471 253
1757645479887 2.951226294802587 254
1757645479972 2.939664835990337 255
1757645480057 2.9283007371640655 256
1757645480143 2.9171301049243357 257
1757645480228 2.906149132049401 258
1757645480313 2.8953540954050925 259
1757645480396 2.8847413539086486 260
1757645480480 2.8743073465450024 261
1757645480566 2.8640485904341904 262
1757645480653 2.8539616789484326 263
1757645480738 2.8440432798776354 264
1757645480825 2.83429013364196 265
1757645480911 2.824699051550245 266
1757645480993 2.8152669141030398 267
1757645481080 2.805990669339052 268
1757645481166 2.7968673312238694 269
1757645481249 2.7878939780798215 270
1757645481332 2.779067751055889 271
1757645481419 2.770385852636583 272
1757645481505 2.761845545188795 273
1757645481592 2.753444149545549 274
1757645481678 2.7451790436257393 275
1757645481762 2.73704766108885 276
1757645481847 2.729047490023771 277
1757645481934 2.7211760716707594 278
1757645482021 2.7134309991757215 279
1757645482109 2.705809916375913 280
1757645482194 2.698310516616262 281
1757645482279 2.690930541595483 282
1757645482367 2.683667780241213 283
1757645482453 2.6765200676133865 284
1757645482541 2.6694852838351193 285
1757645482628 2.662561353050376 286
1757645482716 2.6557462424076994 287
1757645482801 2.649037961069345 288
1757645482890 2.6424345592451197 289
1757645482973 2.635934127250313 290
1757645483056 2.629534794587046 291
1757645483144 2.6232347290484777 292
1757645483232 2.617032135845203 293
1757645483322 2.6109252567533314 294
1757645483412 2.6049123692836336 295
1757645483500 2.598991785871211 296
1757645483589 2.5931618530851726 297
1757645483681 2.5874209508577777 298
1757645483769 2.5817674917325513 299
1757645483855 2.57619992013086 300
1757645483941 2.570716711636498 301
1757645484024 2.565316372297773 302
1757645484109 2.559997437946684 303
1757645484195 2.5547584735347106 304
1757645484285 2.5495980724848093 305
1757645484369 2.5445148560591697 306
1757645484458 2.5395074727423634 307
1757645484548 2.5345745976394416 308
1757645484634 2.5297149318886243 309
1757645484722 2.5249272020882065 310
1757645484810 2.5202101597372994 311
1757645484897 2.5155625806900552 312
1757645484979 2.5109832646230363 313
1757645485062 2.5064710345153927 314
1757645485150 2.502024736141497 315
1757645485238 2.4976432375757494 316
1757645485326 2.493325428709219 317
1757645485413 2.48907022077782 318
1757645485519 2.484876545901745 319
1757645485610 2.4807433566358497 320
1757645485698 2.4766696255307106 321
1757645485786 2.4726543447041065 322
1757645485873 2.4686965254226236 323
1757645485961 2.4647951976931664 324
1757645486049 2.4609494098640736 325
1757645486138 2.4571582282356554 326
1757645486226 2.453420736679859 327
1757645486314 2.449736036268872 328
1757645486403 2.446103244912413 329
1757645486490 2.442521497003498 330
1757645486577 2.438989943072468 331
1757645486665 2.435507749449078 332
1757645486754 2.4320740979324404 333
1757645486841 2.42868818546861 334
1757645486930 2.425349223835647 335
1757645487014 2.422056439335947 336
1757645487096 2.4188090724956735 337
1757645487186 2.4156063777711045 338
1757645487276 2.4124476232617247 339
1757645487364 2.409332090429895 340
1757645487454 2.4062590738269347 341
1757645487551 2.403227880825463 342
1757645487640 2.4002378313578334 343
1757645487729 2.3972882576605232 344
1757645487817 2.3943785040243175 345
1757645487907 2.391507926550158 346
1757645487994 2.3886758929105105 347
1757645488089 2.3858817821161065 348
1757645488175 2.3831249842879427 349
1757645488262 2.3804049004344057 350
1757645488352 2.3777209422333794 351
1757645488439 2.3750725318192436 352
1757645488527 2.372459101574611 353
1757645488615 2.369880093926715 354
1757645488706 2.36733496114832 355
1757645488796 2.364823165163038 356
1757645488886 2.362344177354966 357
1757645488974 2.3598974783825297 358
1757645489060 2.357482557996411 359
1757645489153 2.355098914861494 360
1757646421466 2.3527460563827165 361
1757646421554 2.350423498534729 362
1757646421639 2.3481307656952746 363
1757646421739 2.3458673904822014 364
1757646421847 2.34363291359402 365
1757646421953 2.341426883653919 366
1757646422062 2.339248857057161 367
1757646422233 2.3370983978217654 368
1757646422351 2.3349750774424205 369
1757646422484 2.3328784747475297 370
1757646422613 2.330808175759325 371
1757646422740 2.3287637735569775 372
1757646422872 2.3267448681426273 373
1757646423005 2.3247510663102715 374
1757646423134 2.3227819815174335 375
1757646423266 2.320837233759564 376
1757646423393 2.31891644944709 377
1757646423516 2.317019261285062 378
1757646423644 2.3151453081553366 379
1757646423769 2.313294235001233 380
1757646423902 2.311465692714612 381
1757646424030 2.3096593380253103 382
1757646424163 2.3078748333928796 383
1757646424296 2.306111846900596 384
1757646424427 2.304370052151647 385
1757646424548 2.3026491281674812 386
1757646424667 2.3009487592882665 387
1757646424783 2.2992686350753817 388
1757646424897 2.297608450215931 389
1757646425012 2.295967904429208 390
1757646425124 2.2943467023750714 391
1757646425236 2.2927445535642135 392
1757646425335 2.291161172270226 393
1757646425452 2.2895962774434735 394
1757646425558 2.2880495926267113 395
1757646425667 2.286520845872406 396
1757646425778 2.285009769661718 397
1757646425887 2.283516100825134 398
1757646425994 2.282039580464674 399
1757646426109 2.2805799538776674 400
1757646426226 2.2791369704820457 401
1757646426343 2.277710383743138 402
1757646426459 2.276299951101904 403
1757646426571 2.2749054339046073 404
1757646426683 2.273526597333867 405
1757646426792 2.272163210341084 406
1757646426901 2.27081504558019 407
1757646427015 2.2694818793426967 408
1757646427132 2.268163491494032 409
1757646427237 2.2668596654110984 410
1757646427343 2.26557018792108 411
1757646427448 2.2642948492414052 412
1757646427572 2.263033442920908 413
1757646427673 2.2617857657821077 414
1757646427770 2.260551617864615 415
1757646427864 2.259330802369617 416
1757646427966 2.2581231256054477 417
1757646428068 2.256928396934187 418
1757646428170 2.2557464287192963 419
1757646428268 2.254577036274232 420
1757646428360 2.253420037812065 421
1757646428457 2.2522752543960354 422
1757646428553 2.251142509891061 423
1757646428649 2.2500216309161485 424
1757646428747 2.248912446797717 425
1757646428845 2.2478147895237823 426
1757646428942 2.246728493699027 427
1757646429041 2.245653396500691 428
1757646429156 2.2445893376352886 429
1757646429261 2.243536159296145 430
1757646429368 2.2424937061217163 431
1757646429468 2.241461825154679 432
1757646429573 2.2404403658017813 433
1757646429661 2.2394291797944383 434
1757646429759 2.23842812115005 435
1757646429856 2.237437046134037 436
1757646429952 2.236455813222555 437
1757646430047 2.2354842830659223 438
1757646430144 2.234522318452685 439
1757646430238 2.2335697842743527 440
1757646430333 2.232626547490784 441
1757646430424 2.231692477096175 442
1757646430519 2.2307674440856853 443
1757646430617 2.229851321422658 444
1757646430713 2.2289439840064302 445
1757646430809 2.22804530864073 446
1757646430905 2.2271551740026245 447
1757646430995 2.226273460612041 448
1757646431086 2.2254000508018246 449
1757646431179 2.224534828688332 450
1757646431270 2.2236776801425435 451
1757646431363 2.2228284927616917 452
1757646431459 2.2219871558413953 453
1757646431557 2.2211535603482795 454
1757646431647 2.2203275988930775 455
1757646431743 2.2195091657042205 456
1757646431846 2.2186981566018735 457
1757646431949 2.2178944689724345 458
1757646432083 2.2170980017434734 459
1757646432191 2.216308655359127 460
1757646432300 2.2155263317558958 461
1757646432404 2.214750934338879 462
1757646432510 2.213982367958417 463
1757646432662 2.213220538887137 464
1757646432770 2.2124653547974 465
1757646432879 2.211716724739128 466
1757646432991 2.2109745591180228 467
1757646433102 2.2102387696741452 468
1757646433213 2.2095092694608804 469
1757646433321 2.208785972824242 470
1757646433423 2.2080687953825446 471
1757646433526 2.2073576540064193 472
1757646433627 2.206652466799161 473
1757646433719 2.2059531530774223 474
1757646433820 2.205259633352225 475
1757646433979 2.2045718293102907 476
1757646434077 2.2038896637956964 477
1757646434191 2.2032130607918314 478
1757646434299 2.20254194540366 479
1757646434414 2.2018762438402764 480
1757646434522 2.2012158833977664 481
1757646434640 2.2005607924423347 482
1757646434751 2.199910900393739 483
1757646434857 2.19926613770897 484
1757646435102 2.19862643586623 485
1757646435209 2.1979917273491614 486
1757646435321 2.1973619456313433 487
1757646435436 2.1967370251610374 488
1757646435551 2.1961169013462007 489
1757646435662 2.195501510539726 490
1757646435761 2.1948907900249393 491
1757646435881 2.1942846780013276 492
1757646435988 2.1936831135705113 493
1757646436092 2.1930860367224283 494
1757646436204 2.192493388321762 495
1757646436309 2.19190511009458 496
1757646436409 2.1913211446151957 497
1757646436513 2.190741435293239 498
1757646436631 2.190165926360944 499
