1757617734955 45.64611120568777 0
1757617735037 19.700156548710606 1
1757617735119 13.004148450118914 2
1757617735199 8.585310792296756 3
1757617735278 7.405551174476827 4
1757617735361 8.669019649204152 5
1757617735444 7.197195419876994 6
1757617735514 9.291402694242702 7
1757617735591 8.590456101050394 8
1757617735675 8.779740040047448 9
1757617735744 7.24702813668916 10
1757617735817 8.71618268513009 11
1757617735893 8.566962371609257 12
1757617735972 8.385311889507244 13
1757617736057 7.334565756923041 14
1757617736135 16.168351663748915 15
1757617736213 10.179829416093828 16
1757617736291 6.566663404718034 17
1757617736373 9.585928038143052 18
1757617736475 10.529208092638967 19
1757617736554 8.254670064380603 20
1757617736628 8.018580548130034 21
1757617736699 9.37043374992638 22
1757617736771 7.7231397179154495 23
1757617736848 9.630014454226552 24
1757617736922 8.77761286274625 25
1757617736998 7.997756892279658 26
1757617737073 7.1064402543992005 27
1757617737154 8.389658235673453 28
1757617737234 7.428832815478399 29
1757617737313 9.76423995888706 30
1757617737395 8.214078468017574 31
1757617737476 9.3371183312038 32
1757617737554 9.62901370207594 33
1757617737632 8.256470102609839 34
1757617737708 7.952475099615862 35
1757617737775 7.436215679555518 36
1757617737852 11.643576050216542 37
1757617737932 9.372673915863931 38
1757617738007 8.71355446295463 39
1757617738090 9.476954368720044 40
1757617738164 6.746809972004025 41
1757617738241 6.213070887375629 42
1757617738325 8.625871775938398 43
1757617738406 6.920258986078512 44
1757617738486 6.536737976226503 45
1757617738571 8.253729644837415 46
1757617738655 9.711102062527203 47
1757617738737 9.474497730860648 48
1757617738814 7.9270765618248875 49
1757617738894 6.382093926322871 50
1757617738984 7.840543302253446 51
1757617739071 7.503459074588477 52
1757617739155 6.6271757921625944 53
1757617739234 9.556343237176105 54
1757617739311 8.57245964008472 55
1757617739385 9.9725481696219 56
1757617739462 8.542125753151225 57
1757617739542 10.445763999286086 58
1757617739618 10.777432161753314 59
1757617739695 8.94426858460005 60
1757617739770 11.705403123728775 61
1757617739846 9.380642154715659 62
1757617739924 9.12284777729204 63
1757617740003 7.928213017077189 64
1757617740080 9.797704036578008 65
1757617740159 8.399318873678613 66
1757617740237 6.644576781391448 67
1757617740317 9.843068820218862 68
1757617740394 7.650515488419408 69
1757617740472 6.9993823238326645 70
1757617740550 10.350886749934888 71
1757617740628 10.065233414726887 72
1757617740710 9.074429732145251 73
1757617740795 7.314474650834464 74
1757617740873 8.740297256672225 75
1757617740957 8.136563669459413 76
1757617741034 6.907973886228161 77
1757617741113 8.445843551096466 78
1757617741197 9.493335398388599 79
1757617741282 7.430336814775012 80
1757617741363 9.473089304180863 81
1757617741444 8.600327008120486 82
1757617741525 7.24790131598418 83
1757617741605 8.530177219855654 84
1757617741682 7.281771198487524 85
1757617741758 9.139048366590782 86
1757617741835 7.906534388905781 87
1757617741915 7.193310019039757 88
1757617741996 10.47055537885155 89
1757617742075 9.525645207607841 90
1757617742155 6.6964931726443515 91
1757617742240 9.120934142089894 92
1757617742323 7.494774364981431 93
1757617742409 9.792765511690169 94
1757617742487 8.145970546348018 95
1757617742571 6.2898273060355026 96
1757617742655 11.367276306495217 97
1757617742734 6.549720056967416 98
1757617742807 8.242774039808465 99
1757617742886 8.305891450331515 100
1757617742967 8.206738036259583 101
1757617743051 8.77278483615487 102
1757617743130 8.14125120349779 103
1757617743214 8.109793362892667 104
1757617743306 9.310347241575679 105
1757617743382 8.595797005812205 106
1757617743464 5.90838934862183 107
1757617743542 8.164979765794232 108
1757617743625 7.677805012221548 109
1757617743709 8.006361413329188 110
1757617743793 7.352997772971319 111
1757617743869 7.3346298834680805 112
1757617743957 6.982960178722941 113
1757617744038 7.926438465037735 114
1757617744116 11.250455453623236 115
1757617744197 9.749608540253554 116
1757617744281 7.684461685773334 117
1757617744363 7.484425459228598 118
1757617744445 9.157792833836602 119
1757617744525 5.91731688228772 120
1757617744606 7.313304690594279 121
1757617744689 8.659263292369836 122
1757617744768 6.897956535368877 123
1757617744856 7.1142924441831985 124
1757617744961 7.345613351626241 125
1757617745049 8.835368077003572 126
1757617745137 9.34149661812462 127
1757617745223 7.243088437418272 128
1757617745308 9.156715195589747 129
1757617745386 9.033810986863088 130
1757617745469 9.894587011020196 131
1757617745549 7.632206105985331 132
1757617745631 9.608210566546003 133
1757617745715 9.106509766036433 134
1757617745800 10.622895895692034 135
1757617745876 10.070501871670057 136
1757617745959 6.81771830588084 137
1757617746038 7.415792627193453 138
1757617746118 6.393703996923881 139
1757617746199 9.463732568228952 140
1757617746281 8.811345502459265 141
1757617746364 7.762367508775103 142
1757617746446 9.732082878611196 143
1757617746528 8.507532331878728 144
1757617746612 7.739239437993914 145
1757617746692 10.628495834873956 146
1757617746774 10.054226236897067 147
1757617746854 8.26984877417409 148
1757617746935 7.266957140431981 149
1757617747022 6.456935394100265 150
1757617747099 7.760232221654364 151
1757617747178 10.175822619384505 152
1757617747262 9.747296248077356 153
1757617747344 8.479880451654491 154
1757617747428 12.173366572222136 155
1757617747510 9.103689647367467 156
1757617747593 7.283616580617069 157
1757617747678 10.310103398773695 158
1757617747758 8.565527080810492 159
1757617747837 11.566457653116766 160
1757617747917 8.714089717878746 161
1757617748002 10.19422066029471 162
1757617748084 6.38137869216054 163
1757617748166 9.38545885151494 164
1757617748246 8.126702373168872 165
1757617748328 7.236595328498796 166
1757617748413 7.759343946055103 167
1757617748494 9.432714761784444 168
1757617748576 6.803211001162588 169
1757617748661 10.24723918452799 170
1757617748741 7.953853896039096 171
1757617748823 9.35057612136813 172
1757617748903 7.480718314166024 173
1757617748990 7.566454432073582 174
1757617749072 8.316820424773939 175
1757617749155 8.159610010404977 176
1757617749239 8.649622373300854 177
1757617749319 8.311249531212136 178
1757617749404 7.788921942975788 179
1757617749487 8.491298329063065 180
1757617749568 9.784952458989755 181
1757617749654 8.447755985897087 182
1757617749734 9.013112121601143 183
1757617749820 9.59758259066978 184
1757617749898 9.503324607681808 185
1757617749981 8.279377504978601 186
1757617750068 10.57211220954321 187
1757617750150 8.86260683918419 188
1757617750235 7.827388335494127 189
1757617750319 9.48234448006899 190
1757617750386 11.133597070630998 191
1757617750464 6.22621687944126 192
1757617750553 7.998531213962707 193
1757617750642 6.546644249450619 194
1757617750736 7.426401506139318 195
1757617750827 8.274019536722061 196
1757617750914 9.526918736972577 197
1757617751003 7.991451824382484 198
1757617751091 8.3538038264742 199
1757617751179 7.980540907578739 200
1757617751270 7.089432741236377 201
1757617751362 8.325145536686534 202
1757617751450 6.936462015899928 203
1757617751537 9.525823223009638 204
1757617751630 6.679540804558943 205
1757617751717 7.9409201653399 206
1757617751807 7.7777348081513225 207
1757617751890 9.883927734250992 208
1757617751974 13.142519914703627 209
1757617752066 7.8795276405522054 210
1757617752155 7.5221741749565565 211
1757617752243 8.46840841678098 212
1757617752329 6.9311591540131765 213
1757617752471 9.145634400351272 214
1757617752566 8.536391498866962 215
1757617752650 8.233845877165576 216
1757617752734 7.8377069012061815 217
1757617752815 7.986798456443296 218
1757617752899 7.236844720489279 219
1757617752982 7.584200156603345 220
1757617753065 7.065366289478289 221
1757617753143 7.499951401606599 222
1757617753225 7.645963618048882 223
1757617753310 8.483224976790254 224
1757617753396 7.27156163522323 225
1757617753480 8.5210926893218 226
1757617753569 8.699240610451284 227
1757617753654 8.17932628828624 228
1757617753746 10.574862035559624 229
1757617753837 6.5976230983794775 230
1757617753918 8.099685795125954 231
1757617753999 6.853533621072966 232
1757617754082 8.266600079004661 233
1757617754166 6.801375984394872 234
1757617754257 7.273500559312297 235
1757617754343 9.56986962650506 236
1757617754427 9.920996113318477 237
1757617754515 10.698765657140084 238
1757617754603 8.116577019918875 239
1757617754691 7.425431881524592 240
1757617754779 7.778824891404414 241
1757617754867 11.083769037627198 242
1757617754951 7.4941136610332055 243
1757617755039 10.710043690290357 244
1757617755125 7.858444657273086 245
1757617755209 8.915699940778703 246
1757617755293 8.207803933309464 247
1757617755378 8.033489086574514 248
1757617755466 7.996807745199172 249
1757617755551 8.141473096635567 250
1757617755638 7.534625000225056 251
1757617755729 8.392407721700067 252
1757617755822 8.382636710197152 253
1757617755912 6.2882938800605 254
1757617755993 9.206995435674889 255
1757617756080 8.210725424773692 256
1757617756166 8.825625145257094 257
1757617756250 5.719313633716901 258
1757617756333 7.36603192699553 259
1757617756415 6.944551334326625 260
1757617756500 8.114881345909806 261
1757617756585 7.411228025475751 262
1757617756674 7.049406231887354 263
1757617756761 7.99766859689074 264
1757617756844 6.5606776773619 265
1757617756929 7.455165979814481 266
1757617757014 9.322221830483937 267
1757617757099 7.08826290706961 268
1757617757183 11.144611605171775 269
1757617757266 7.8999270606843055 270
1757617757347 6.4116174397943 271
1757617757428 7.315458687041127 272
1757617757512 8.5276277496294 273
1757617757600 9.346863881697603 274
1757617757688 7.030721436718398 275
1757617757773 10.015913848252634 276
1757617757862 6.670766239642807 277
1757617757946 9.553440659715992 278
1757617758027 7.219769334667878 279
1757617758116 6.760450559367857 280
1757617758211 7.57740373975656 281
1757617758298 8.0363125560727 282
1757617758387 8.33953029777307 283
1757617758474 9.993696314803604 284
1757617758560 8.894359231120827 285
1757617758647 7.115970685407232 286
1757617758730 10.27208893776698 287
1757617758810 7.099110270844635 288
1757617758895 9.274816652729227 289
1757617758979 6.837829370035085 290
1757617759067 6.952094815606746 291
1757617759149 7.86165932855332 292
1757617759253 8.232934632125398 293
1757617759357 7.347324304820085 294
1757617759449 8.507704366255982 295
1757617759543 8.508402098495482 296
1757617759632 10.9269885758701 297
1757617759722 9.253704188955542 298
1757617759810 9.772473634063072 299
1757617759901 6.99135017384293 300
1757617759987 8.502364567604642 301
1757617760065 11.212307598452444 302
1757617760149 7.760209808289329 303
1757617760238 7.973862133589456 304
1757617760328 7.805129295824605 305
1757617760417 10.262524430190856 306
1757617760508 7.6692226965056935 307
1757617760598 9.436407519754864 308
1757617760696 7.827162013160859 309
1757617760784 6.248331580834693 310
1757617760870 7.047963974936287 311
1757617760959 10.210037721327017 312
1757617761046 7.388200600218971 313
1757617761133 10.057223225962879 314
1757617761226 7.731020855635565 315
1757617761313 7.522573205694734 316
1757617761398 10.492840284191683 317
1757617761488 8.841423415490624 318
1757617761576 7.690653118564134 319
1757617761663 8.343983946881146 320
1757617761755 6.759291683675411 321
1757617761847 8.101043506231786 322
1757617761934 8.848563974179278 323
1757617762017 8.570163043690451 324
1757617762099 10.804256360397805 325
1757617762190 8.406940904316293 326
1757617762277 7.368480607343982 327
1757617762362 6.796534608971314 328
1757617762452 9.327883044903585 329
1757617762542 6.318480929297522 330
1757617762629 7.978501027747612 331
1757617762715 7.228824237848966 332
1757617762809 7.075026824279159 333
1757617762896 8.726393769796923 334
1757617762984 8.550306080611039 335
1757617763071 9.832060149043585 336
1757617763161 8.988239797797917 337
1757617763248 8.105485780172925 338
1757617763334 6.983872251453284 339
1757617763420 9.062445090296888 340
1757617763507 10.755847438632996 341
1757617763593 9.712645594974845 342
1757617763685 8.46795491249071 343
1757617763776 8.941046657617433 344
1757617763862 7.075499633601272 345
1757617763946 8.812176756286654 346
1757617764032 8.537918354171872 347
1757617764116 7.294158400894937 348
1757617764205 6.084701916636922 349
1757617764294 7.592664674519386 350
1757617764380 10.742961659091813 351
1757617764467 9.056353292330641 352
1757617764554 8.160112406626716 353
1757617764641 8.720080499527015 354
1757617764727 8.485565898050865 355
1757617764816 8.507007992740546 356
1757617764901 10.128691618884485 357
1757617764989 10.131365374883394 358
1757617765076 9.91455241174032 359
1757617765166 8.397753153899483 360
1757617765253 10.209591520920231 361
1757617765340 8.351741187125242 362
1757617765429 9.935460729254002 363
1757617765517 8.527598390945652 364
1757617765604 6.633246251562065 365
1757617765696 12.05000939465781 366
1757617765785 6.140221212834797 367
1757617765874 8.440735816214943 368
1757617765963 8.248525599602182 369
1757617766052 9.05182350892426 370
1757617766137 8.11335663917456 371
1757617766226 7.3034005978644885 372
1757617766315 7.199096609292021 373
1757617766402 5.646456393816923 374
1757617766492 7.765707904092016 375
1757617766576 9.579260460237746 376
1757617766683 8.7387611316602 377
1757617766772 7.141905629235972 378
1757617766862 7.741709847319834 379
1757617766949 8.930540349600179 380
1757617767039 9.98583664308254 381
1757617767129 7.702981509412601 382
1757617767215 8.471158072151514 383
1757617767304 10.295536211102249 384
1757617767393 10.24961196030617 385
1757617767481 9.76175058157706 386
1757617767572 10.855479723362015 387
1757617767660 7.368669241180513 388
1757617767747 7.1304530916342665 389
1757617767836 9.28533397758979 390
1757617767922 7.254340530509389 391
1757617768015 7.423184286448587 392
1757617768097 8.342031214009278 393
1757617768182 9.489315691541627 394
1757617768272 8.33132919659726 395
1757617768361 9.612885937876708 396
1757617768450 8.881995935371819 397
1757617768600 9.449684250693947 398
1757617768688 5.997363416835062 399
1757617768779 8.513220375631475 400
1757617768868 7.49742042092881 401
1757617768959 9.05157266152897 402
1757617769048 8.053605449175883 403
1757617769139 8.749557846969052 404
1757617769231 7.422994208440268 405
1757617769319 7.911746552780791 406
1757617769409 7.204976570823675 407
1757617769498 6.8540272723107485 408
1757617769588 8.912753645713266 409
1757617769675 7.5985838245939465 410
1757617769764 7.718315275167474 411
1757617769855 9.740456781088012 412
1757617769940 8.045074152393308 413
1757617770025 9.327071076757408 414
1757617770111 7.684495430432676 415
1757617770197 9.039771721370215 416
1757617770282 8.710044989378815 417
1757617770369 7.7606167706222156 418
1757617770456 7.369411492211165 419
1757617770548 7.96006873982426 420
1757617770638 7.046824623005993 421
1757617770724 7.456154001188185 422
1757617770810 8.877805618887773 423
1757617770894 10.554346005856559 424
1757617770980 9.707263930525968 425
1757617771068 7.8400043615267325 426
1757617771153 7.359209188345433 427
1757617771250 6.6003467934024656 428
1757617771343 6.618052185591235 429
1757617771433 6.758157920616346 430
1757617771522 7.436758854972085 431
1757617771608 9.682944713329826 432
1757617771699 5.601126344841742 433
1757617771789 8.49113076285516 434
1757617771876 7.248502520904747 435
