1757443548348 80.15695518978653 0
1757443548415 42.66234632560547 1
1757443548472 34.26987417523314 2
1757443548529 17.837632934006763 3
1757443548598 25.006442227660834 4
1757443548664 16.602046098819564 5
1757443548723 22.851106728675926 6
1757443548790 15.042336388188534 7
1757443548845 12.479273093342439 8
1757443548915 15.515269383397152 9
1757443548976 11.310539243572736 10
1757443549041 12.946262881070336 11
1757443549097 21.890937652876776 12
1757443549155 10.634680970829553 13
1757443549213 15.318407969747513 14
1757443549275 11.358065571476663 15
1757443549338 13.191177846020802 16
1757443549398 17.415449553679274 17
1757443549460 13.412464754771618 18
1757443549530 10.35635392361719 19
1757443549603 16.474114200078432 20
1757443549670 12.267804300299442 21
1757443549735 16.84763973539622 22
1757443549797 10.943918625416751 23
1757443549860 13.245216898710964 24
1757443549922 8.936250717784777 25
1757443549985 11.852333136579414 26
1757443550049 18.779255471527286 27
1757443550107 20.02360063531227 28
1757443550157 17.150551629613624 29
1757443550211 25.046828947887697 30
1757443550275 14.29992536538126 31
1757443550344 27.85644322757267 32
1757443550414 14.79971586698381 33
1757443550480 10.22042849043796 34
1757443550546 20.40506572185693 35
1757443550607 15.888024229066705 36
1757443550674 14.514768939809588 37
1757443550744 12.520595976248465 38
