1757486582973 169.2830876303018 0
1757486583057 156.6237870662107 1
1757486583144 151.23940692765441 2
1757486583206 145.91298412429268 3
1757486583269 140.85113661705148 4
1757486583335 136.03350167149335 5
1757486583404 131.44752272336086 6
1757486583472 127.08112624705859 7
1757486583536 122.92290772157257 8
1757486583598 118.96208716510695 9
1757486583659 115.18847404142703 10
1757486583716 111.59243397271247 11
1757486583774 108.16485737186994 12
1757486583834 104.89712987620868 13
1757486583947 101.78110447822836 14
1757486584014 98.80907525512926 15
1757486584077 95.97375260439416 16
1757486584190 93.2682398981889 17
1757486584265 90.68601147441183 18
1757486584324 88.22089188700734 19
1757486584395 85.8670363426652 20
1757486584472 83.61891225527036 21
1757486584533 81.47128185346268 22
1757486584593 79.41918578042878 23
1757486584651 77.45792762858936 24
1757486584711 75.58305935518177 25
1757486584775 73.7903675278776 26
1757486584838 72.0758603525331 27
1757486584900 70.43575543795443 28
1757486584964 68.8664682551828 29
1757486585023 67.36460125127289 30
1757486585087 65.92693357986445 31
1757486585149 64.55041141303485 32
1757486585209 63.23213880098448 33
1757486585274 61.96936904804632 34
1757486585335 60.759496575340854 35
1757486585401 59.600049242118885 36
1757486585466 58.488681099456265 37
1757486585530 57.423165551491486 38
1757486585591 56.4013889008351 39
1757486585658 55.42134425613414 40
1757486585722 54.48112578104995 41
1757486585789 53.57892326510895 42
1757486585854 52.71301699801679 43
1757486585918 51.881772930091664 44
1757486585983 51.08363810247576 45
1757486586043 50.31713633172864 46
1757486586103 49.58086413429606 47
1757486586173 48.8734868771861 48
1757486586241 48.193735141973434 49
1757486586307 47.540401289996204 50
1757486586373 46.912336217310184 51
1757486586440 46.308446288624225 52
1757486586503 45.72769044006238 53
1757486586565 45.16907744118301 54
1757486586628 44.63166330723623 55
1757486586688 44.11454885316035 56
1757486586755 43.616877381306814 57
1757486586818 43.137832495343574 58
1757486586876 42.676636033220994 59
1757486586941 42.23254611249277 60
1757486587006 41.804855281669404 61
1757486587069 41.392888771644856 62
1757486587131 40.99600284157774 63
1757486587193 40.61358321393142 64
1757486587259 40.245043593679526 65
1757486587322 39.889824266969924 66
1757486587386 39.54739077480872 67
1757486587449 39.21723265757977 68
1757486587512 38.89886226645394 69
1757486587576 38.59181363796746 70
1757486587641 38.29564142826083 71
1757486587706 38.009919903669584 72
1757486587771 37.73424198454639 73
1757486587838 37.46821833937167 74
1757486587900 37.211476526376714 75
1757486587967 36.96366018006126 76
1757486588029 36.72442824013557 77
1757486588094 36.493454220557396 78
1757486588156 36.27042551646563 79
1757486588217 36.055042746937055 80
1757486588282 35.84701913160962 81
1757486588349 35.64607989932611 82
1757486588408 35.451961727056 83
1757486588470 35.26441220745152 84
1757486588534 35.08318934348654 85
1757486588596 34.90806106871336 86
1757486588657 34.7388047917559 87
1757486588717 34.57520696373373 88
1757486588788 34.41706266738562 89
1757486588853 34.26417522672958 90
1757486588918 34.1163558361613 91
1757486588979 33.973423207954106 92
1757486589043 33.83520323718164 93
1757486589110 33.701528683138015 94
1757486589175 33.57223886638267 95
1757486589239 33.44717938058454 96
1757486589305 33.32620181838629 97
1757486589375 33.20916351055249 98
1757486589443 33.09592727770588 99
1757486589505 32.98636119399432 100
1757486589570 32.88033836206739 101
1757486589637 32.77773669877525 102
1757486589703 32.678438731034966 103
1757486589768 32.58233140133936 104
1757486589833 32.48930588241265 105
1757486589898 32.399257400543675 106
1757486589962 32.31208506715315 107
1757486590024 32.22769171817562 108
1757486590091 32.14598376085919 109
1757486590157 32.06687102760775 110
1757486590223 31.99026663651066 111
1757486590286 31.916086858223572 112
1757486590351 31.844250988882948 113
1757486590418 31.77468122875263 114
1757486590484 31.70730256631817 115
1757486590548 31.64204266755873 116
1757486590613 31.57883177014148 117
1757486590675 31.5176025822965 118
1757486590741 31.458290186143078 119
1757486590805 31.400831945250548 120
1757486590871 31.345167416227966 121
1757486590941 31.291238264147882 122
1757486591008 31.238988181619554 123
1757486591075 31.188362811336678 124
1757486591140 31.139309671933706 125
1757486591207 31.091778086993397 126
1757486591274 31.045719117056642 127
1757486591341 31.001085494492724 128
1757486591406 30.957831561096317 129
1757486591474 30.915913208283293 130
1757486591543 30.87528781976498 131
1757486591612 30.835914216585827 132
1757486591682 30.797752604415933 133
1757486591746 30.760764522994663 134
1757486591814 30.72491279762746 135
1757486591879 30.690161492642474 136
1757486591946 30.656475866718413 137
1757486592011 30.6238223299995 138
1757486592080 30.592168402917373 139
1757486592144 30.56148267664409 140
1757486592211 30.53173477510363 141
1757486592277 30.502895318473453 142
1757486592344 30.474935888110455 143
1757486592412 30.447828992839185 144
1757486592482 30.421548036543076 145
1757486592544 30.396067287002435 146
1757486592610 30.371361845925374 147
1757486592675 30.347407620120766 148
1757486592740 30.324181293764422 149
1757486592806 30.301660301712307 150
1757486592872 30.279822803816415 151
1757486592938 30.258647660201568 152
1757486593004 30.23811440746263 153
1757486593070 30.218203235744248 154
1757486593139 30.198894966666366 155
1757486593207 30.180171032060944 156
1757486593279 30.162013453486615 157
1757486593346 30.144404822489577 158
1757486593412 30.127328281580564 159
1757486593480 30.110767505898973 160
1757486593547 30.094706685536654 161
1757486593612 30.07913050849503 162
1757486593680 30.064024144250393 163
1757486593750 30.049373227903263 164
1757486593821 30.0351638448891 165
1757486593886 30.021382516228094 166
1757486593952 30.00801618429331 167
1757486594021 29.995052199076948 168
1757486594090 29.98247830493557 169
1757486594156 29.97028262779595 170
1757486594223 29.958453662803823 171
1757486594289 29.946980262398938 172
1757486594359 29.93585162480005 173
1757486594434 29.925057282884488 174
1757486594498 29.91458709344763 175
1757486594570 29.904431226827835 176
1757486594637 29.894580156883713 177
1757486594703 29.885024651310086 178
1757486594765 29.875755762280704 179
1757486594834 29.866764817405546 180
1757486594903 29.85804341099107 181
1757486594971 29.849583395592685 182
1757486595037 29.841376873848645 183
1757486595105 29.833416190585325 184
1757486595175 29.825693925184144 185
1757486595244 29.81820288420064 186
1757486595309 29.810936094227017 187
1757486595377 29.80388679498915 188
1757486595446 29.79704843267005 189
1757486595510 29.790414653451744 190
1757486595577 29.783979297267816 191
1757486595645 29.77773639175939 192
1757486595713 29.77168014642734 193
1757486595778 29.765804946974065 194
1757486595847 29.760105349828134 195
1757486595913 29.75457607684563 196
1757486595982 29.74921201018198 197
1757486596052 29.74400818732866 198
1757486596120 29.73895979630888 199
1757486596190 29.73406217102708 200
1757486596257 29.729310786766938 201
1757486596327 29.724701255832745 202
1757486596391 29.720229323329665 203
1757486596459 29.71589086307779 204
1757486596529 29.711681873655827 205
1757486596594 29.707598474570023 206
1757486596659 29.703636902543987 207
1757486596725 29.699793507925666 208
1757486596794 29.696064751207434 209
1757486596860 29.69244719965556 210
1757486596931 29.6889375240455 211
1757486597002 29.685532495499572 212
1757486597070 29.68222898242357 213
1757486597135 29.679023947539143 214
1757486597205 29.675914445008818 215
1757486597271 29.672897617650648 216
1757486597344 29.669970694239534 217
1757486597419 29.667130986892523 218
1757486597488 29.664375888535233 219
1757486597566 29.661702870446938 220
1757486597636 29.659109479881618 221
1757486597707 29.65659333776269 222
1757486597784 29.65415213644895 223
1757486597854 29.651783637569576 224
1757486597923 29.649485669925788 225
1757486597993 29.647256127457258 226
1757486598064 29.64509296727105 227
1757486598134 29.642994207731277 228
1757486598203 29.640957926607285 229
1757486598272 29.638982259278826 230
1757486598337 29.6370653969962 231
1757486598408 29.635205585193706 232
1757486598476 29.63340112185475 233
1757486598544 29.631650355926915 234
1757486598618 29.629951685785525 235
1757486598692 29.62830355774411 236
1757486598766 29.626704464610295 237
1757486598847 29.625152944285787 238
1757486598924 29.623647578408935 239
1757486598996 29.62218699103873 240
1757486599070 29.620769847378757 241
1757486599142 29.61939485254 242
1757486599209 29.618060750341233 243
1757486599278 29.61676632214584 244
1757486599346 29.61551038573393 245
1757486599415 29.6142917942087 246
1757486599486 29.613109434935907 247
1757486599554 29.611962228515512 248
1757486599625 29.610849127784416 249
1757486599694 29.609769116849485 250
1757486599765 29.608721210149678 251
1757486599834 29.60770445154664 252
1757486599903 29.606717913442758 253
1757486599973 29.60576069592584 254
1757486600044 29.604831925939614 255
1757486600113 29.603930756479297 256
1757486600185 29.6030563658114 257
1757486600255 29.602207956717056 258
1757486600325 29.601384755758193 259
1757486600393 29.600586012565763 260
1757486600461 29.599810999149458 261
1757486600528 29.599059009228203 262
1757486600596 29.598329357580685 263
1757486600667 29.59762137941566 264
1757486600736 29.59693442976096 265
1757486600799 29.596267882871004 266
1757486600867 29.595621131652084 267
1757486600938 29.594993587104867 268
1757486601007 29.594384677783747 269
1757486601078 29.593793849272355 270
1757486601149 29.59322056367478 271
1757486601224 29.592664299122223 272
1757486601294 29.59212454929425 273
1757486601364 29.591600822954483 274
1757486601436 29.591092643500314 275
1757486601508 29.590599548525947 276
1757486601576 29.59012108939869 277
1757486601644 29.589656830847783 278
1757486601714 29.589206350565746 279
1757486601792 29.588769238821456 280
1757486601866 29.588345098084993 281
1757486601937 29.587933542663553 282
1757486602010 29.587534198348433 283
1757486602076 29.587146702072403 284
1757486602136 29.58677070157748 285
1757486602205 29.586405855092526 286
1757486602274 29.586051831020587 287
1757486602344 29.585708307635503 288
1757486602412 29.585374972787648 289
1757486602481 29.585051523618397 290
1757486602554 29.584737666283214 291
