1757678281974 165.1320850080049 0
1757678282097 156.49621507177204 1
1757678282216 152.49060231114765 2
1757678282318 148.5314550182437 3
1757678282414 144.6767866145673 4
1757678282514 140.92306873182275 5
1757678282607 137.26766756684492 6
1757678282705 133.70800758969102 7
1757678282804 130.2415808793035 8
1757678282910 126.86594520735532 9
1757678283006 123.5787223193775 10
1757678283104 120.37759625894692 11
1757678283203 117.26031173579791 12
1757678283304 114.22467253668053 13
1757678283399 111.2685399778465 14
1757678283497 108.3898313980716 15
1757678283581 105.58651869115359 16
1757678283679 102.85662687685071 17
1757678283782 100.19823270925477 18
1757678283878 97.60946332161711 19
1757678283978 95.08849490667369 20
1757678284075 92.63355143153856 21
1757678284173 90.24290338626064 22
1757678284273 87.91486656516182 23
1757678284372 85.64780088009786 24
1757678284472 83.4401092048056 25
1757678284566 81.29023624952245 26
1757678284660 79.19666746508499 27
1757678284753 77.15792797573471 28
1757678284845 75.17258153987846 29
1757678284937 73.239229538072 30
1757678285039 71.35650998751287 31
1757678285135 69.52309658234861 32
1757678285235 67.73769775912419 33
1757678285338 65.9990557867093 34
1757678285435 64.30594588006574 35
1757678285532 62.65717533722872 36
1757678285622 61.05158269889533 37
1757678285716 59.4880369300273 38
1757678285814 57.96543662289163 39
1757678285913 56.48270922097733 40
1757678286009 55.038810263241714 41
1757678286107 53.63272264815341 42
1757678286205 52.26345591701383 43
1757678286304 50.930045556051745 44
1757678286400 49.631552316799585 45
1757678286505 48.367061554272205 46
1757678286603 47.13568258248212 47
1757678286712 45.936548046836855 48
1757678286809 44.76881331297623 49
1757678286911 43.63165587161908 50
1757678287010 42.52427475899982 51
1757678287106 41.44588999248664 52
1757678287226 40.39574202098359 53
1757678287337 39.37309118972934 54
1757678287435 38.37721721911543 55
1757678287534 37.407418697156835 56
1757678287628 36.46301258525711 57
1757678287727 35.543333736920104 58
1757678287825 34.64773442906876 59
1757678287953 33.77558390564114 60
1757678288064 32.92626793314178 61
1757678288180 32.09918836783528 62
1757678288288 31.29376273427738 63
1757678288399 30.50942381488612 64
1757678288511 29.745619250264294 65
1757678288620 29.001811149991376 66
1757678288762 28.277475713610606 67
1757678288875 27.572102861544398 68
1757678289034 26.88519587567776 69
1757678289178 26.216271049356642 70
1757678289327 25.56485734655452 71
1757678289480 24.93049606996703 72
1757678289601 24.31274053780088 73
1757678289767 23.71115576902916 74
1757678289946 23.125318176891394 75
1757678290135 22.554815270422328 76
1757678290313 21.999245363799055 77
1757678290475 21.45821729330186 78
1757678290635 20.931350141689133 79
1757678290832 20.418272969792312 80
1757678291006 19.918624555141623 81
1757678291166 19.432053137438512 82
1757678291318 18.95821617069535 83
1757678291476 18.496780081867875 84
1757678291639 18.047420035810124 85
1757678291796 17.609819706386446 86
1757678291955 17.1836710535791 87
1757678292114 16.76867410643458 88
1757678292264 16.364536751695578 89
1757678292448 15.970974527969702 90
1757678292609 15.58771042528995 91
1757678292755 15.214474689925655 92
1757678292894 14.851004634306346 93
1757678293105 14.497044451924685 94
1757678293347 14.152345037087962 95
1757678293530 13.816663809391175 96
1757678293678 13.489764542788008 97
1757678293827 13.171417199139315 98
1757678293981 12.861397766121717 99
1757678294137 12.559488099382204 100
1757678294282 12.26547576882745 101
1757678294427 11.979153908939578 102
1757678294584 11.700321073012873 103
1757678294741 11.428781091208753 104
1757678294881 11.164342932328944 105
1757678295021 10.90682056920952 106
1757678295161 10.656032847640914 107
1757678295300 10.411803358721539 108
1757678295435 10.173960314555124 109
1757678295573 9.942336427204102 110
1757678295707 9.716768790813807 111
1757678295841 9.497098766824427 112
1757678295977 9.283171872189815 113
1757678296131 9.07483767052436 114
1757678296266 8.871949666101283 115
1757678296405 8.674365200627628 116
1757678296542 8.481945352723198 117
1757678296731 8.294554840032678 118
1757678296877 8.112061923901823 119
1757678297011 7.934338316550745 120
1757678297161 7.761259090678726 121
1757678297286 7.59270259143691 122
1757678297398 7.4285503507069075 123
1757678297506 7.2686870036248035 124
1757678297611 7.113000207291866 125
1757678297714 6.961380561614546 126
1757678297810 6.813721532218137 127
1757678297903 6.669919375379662 128
1757678298004 6.529873064927103 129
1757678298107 6.393484221053574 130
1757678298214 6.260657040996123 131
1757678298316 6.131298231530436 132
1757678298420 6.0053169432338125 133
1757678298527 5.88262470647012 134
1757678298629 5.763135369051621 135
1757678298734 5.646765035533724 136
1757678298841 5.533432008099905 137
1757678298950 5.423056728995157 138
1757678299055 5.3155617244673685 139
1757678299155 5.210871550177152 140
1757678299258 5.108912738037663 141
1757678299364 5.0096137444469395 142
1757678299473 4.912904899876279 143
1757678299578 4.8187183597791545 144
1757678299684 4.726988056786052 145
1757678299796 4.637649654151577 146
1757678299906 4.550640500420984 147
1757678300015 4.465899585284223 148
1757678300122 4.3833674965863825 149
1757678300227 4.302986378464245 150
1757678300330 4.224699890579418 151
1757678300434 4.1484531684194 152
1757678300529 4.074192784638502 153
1757678300619 4.001866711411475 154
1757678300716 3.931424283773266 155
1757678300821 3.862816163919066 156
1757678300925 3.795994306439561 157
1757678301028 3.7309119244667808 158
1757678301130 3.667523456706802 159
1757678301234 3.605784535336002 160
1757678301335 3.5456519547382603 161
1757678301439 3.4870836410611084 162
1757678301544 3.4300386225693265 163
1757678301648 3.37447700077514 164
1757678301748 3.3203599223246463 165
1757678301841 3.267649551620685 166
1757678301938 3.216309044162832 167
1757678302045 3.1663025205857678 168
1757678302154 3.117595041377694 169
1757678302267 3.0701525822609925 170
1757678302372 3.023942010217804 171
1757678302480 2.9789310601435917 172
1757678302590 2.9350883121122866 173
1757678302696 2.8923831692369406 174
1757678302803 2.8507858361103358 175
1757678302909 2.8102672978103334 176
1757678303013 2.7707992994551796 177
1757678303120 2.7323543262943493 178
1757678303226 2.6949055843209093 179
1757678303331 2.6584269813917447 180
1757678303435 2.6228931088423284 181
1757678303537 2.5882792235830996 182
1757678303646 2.5545612306648153 183
1757678303752 2.521715666300611 184
1757678303856 2.4897196813327818 185
1757678303956 2.4585510251326594 186
1757678304067 2.428188029922235 187
1757678304175 2.398609595506456 188
1757678304284 2.36979517440547 189
1757678304395 2.3417247573763382 190
1757678304506 2.314378859313986 191
1757678304611 2.287738505521482 192
1757678304717 2.2617852183399716 193
1757678304825 2.236501004128838 194
1757678304932 2.2118683405869013 195
1757678305038 2.187870164405754 196
1757678305142 2.1644898592465145 197
1757678305246 2.1417112440315083 198
1757678305356 2.119518561542678 199
1757678305461 2.0978964673186247 200
1757678305569 2.0768300188425135 201
1757678305675 2.0563046650131884 202
1757678305778 2.0363062358920976 203
1757678305875 2.016820932718783 204
1757678305981 1.9978353181879343 205
1757678306094 1.979336306981111 206
1757678306207 1.9613111565465013 207
1757678306314 1.9437474581201954 208
1757678306419 1.926633127982661 209
1757678306530 1.9099563989442465 210
1757678306637 1.8937058120537296 211
1757678306744 1.8778702085240526 212
1757678306852 1.8624387218695646 213
1757678306961 1.8474007702492254 214
1757678307086 1.8327460490103857 215
1757678307213 1.8184645234278656 216
1757678307326 1.804546421633253 217
1757678307437 1.7909822277293967 218
1757678307552 1.7777626750852882 219
1757678307664 1.7648787398065566 220
1757678307781 1.7523216343770256 221
1757678307882 1.7400828014668175 222
1757678307991 1.728153907902653 223
1757678308106 1.7165268387961046 224
1757678308223 1.705193691825652 225
1757678308332 1.694146771668522 226
1757678308442 1.6833785845783882 227
1757678308566 1.6728818331051005 228
1757678308687 1.6626494109527392 229
1757678308790 1.652674397972355 230
1757678308898 1.6429500552858738 231
1757678309017 1.63346982053773 232
1757678309139 1.6242273032708896 233
1757678309254 1.6152162804239878 234
1757678309370 1.6064306919464277 235
1757678309485 1.5978646365283309 236
1757678309603 1.5895123674423515 237
1757678309725 1.5813682884944031 238
1757678309837 1.57342695008047 239
1757678309938 1.5656830453466917 240
1757678310048 1.5581314064500476 241
1757678310153 1.5507670009169874 242
1757678310260 1.5435849280974487 243
1757678310371 1.5365804157117555 244
1757678310478 1.5297488164879776 245
1757678310589 1.523085604887367 246
1757678310694 1.5165863739155787 247
1757678310798 1.5102468320174143 248
1757678310908 1.5040628000529102 249
1757678311021 1.4980302083526391 250
1757678311127 1.492145093850141 251
1757678311233 1.4864035972894758 252
1757678311344 1.4808019605059213 253
1757678311458 1.4753365237779055 254
1757678311568 1.4700037232482983 255
1757678311679 1.4648000884132586 256
1757678311795 1.4597222396768577 257
1757678311906 1.4547668859697611 258
1757678312018 1.4499308224302838 259
1757678312128 1.4452109281461973 260
1757678312238 1.4406041639556832 261
1757678312355 1.4361075703058934 262
1757678312461 1.4317182651676066 263
1757678312564 1.4274334420045038 264
1757678312668 1.423250367795648 265
1757678312783 1.4191663811097557 266
1757678312900 1.4151788902299176 267
1757678313017 1.411285371327439 268
1757678313135 1.4074833666835216 269
1757678313246 1.4037704829575226 270
1757678313361 1.4001443895005772 271
1757678313474 1.3966028167133975 272
1757678313593 1.393143554447089 273
1757678313708 1.3897644504458537 274
1757678313825 1.3864634088304915 275
1757678313927 1.3832383886216222 276
1757678314040 1.3800874023015928 277
1757678314156 1.3770085144140574 278
1757678314264 1.3739998402002351 279
1757678314369 1.371059544270897 280
1757678314481 1.3681858393131414 281
1757678314591 1.3653769848310353 282
1757678314702 1.3626312859192562 283
1757678314821 1.3599470920688481 284
1757678314934 1.3573227960042729 285
1757678315060 1.3547568325509056 286
1757678315179 1.3522476775322203 287
1757678315305 1.3497938466958426 288
1757678315419 1.3473938946677455 289
1757678315530 1.3450464139338365 290
1757678315639 1.3427500338482212 291
1757678315783 1.340503419667449 292
1757678315892 1.3383052716100547 293
1757678316000 1.3361543239407285 294
1757678316113 1.334049344078489 295
1757678316239 1.3319891317282082 296
1757678316348 1.3299725180348874 297
1757678316464 1.327998364760089 298
1757678316582 1.3260655634799434 299
1757678316691 1.3241730348041534 300
1757678316806 1.3223197276154723 301
1757678316916 1.3205046183290912 302
1757678317030 1.3187267101714313 303
1757678317143 1.3169850324778323 304
1757678317263 1.3152786400086267 305
1757678317372 1.3136066122831425 306
1757678317477 1.3119680529311402 307
1757678317584 1.3103620890612468 308
1757678317692 1.3087878706459306 309
1757678317798 1.3072445699225848 310
1757678317903 1.3057313808103035 311
1757678318005 1.3042475183419324 312
1757678318113 1.3027922181109963 313
1757678318224 1.3013647357331168 314
1757678318333 1.2999643463215356 315
1757678318441 1.2985903439763806 316
1757678318550 1.2972420412873025 317
1757678318659 1.2959187688491502 318
1757678318766 1.2946198747903228 319
1757678318874 1.2933447243134852 320
1757678318980 1.2920926992483086 321
1757678319090 1.2908631976159293 322
1757678319197 1.289655633204815 323
1757678319305 1.2884694351577441 324
1757678319416 1.287304047569601 325
1757678319525 1.2861589290957094 326
1757678319629 1.2850335525704222 327
1757678319740 1.283927404635706 328
1757678319853 1.2828399853794537 329
1757678319960 1.2817708079832673 330
1757678320062 1.2807193983794753 331
1757678320169 1.2796852949171245 332
1757678320281 1.2786680480367323 333
1757678320389 1.2776672199535482 334
1757678320497 1.2766823843491184 335
1757678320605 1.2757131260709274 336
1757678320712 1.2747590408399112 337
1757678320819 1.273819734965625 338
1757678320925 1.2728948250688814 339
1757678321035 1.271983937811642 340
1757678321144 1.2710867096339984 341
1757678321250 1.270202786498033 342
1757678321354 1.2693318236383913 343
1757678321462 1.2684734853193906 344
1757678321570 1.2676274445984896 345
1757678321678 1.2667933830959512 346
1757678321784 1.2659709907705445 347
1757678321892 1.265159965701119 348
1757678322001 1.2643600138738986 349
1757678322101 1.2635708489753528 350
1757678322205 1.262792192190487 351
1757678322313 1.2620237720064216 352
1757678322420 1.2612653240211158 353
1757678322525 1.2605165907570972 354
1757678322632 1.2597773214800783 355
1757678322737 1.2590472720223176 356
1757678322844 1.2583262046106116 357
1757678322953 1.2576138876987901 358
1757678323064 1.2569100958046004 359
1757678323170 1.2562146093508673 360
1757678323260 1.2555272145108063 361
1757678323372 1.2548477030573977 362
1757678323499 1.2541758722166991 363
1757678323615 1.2535115245250052 364
1757678323732 1.2528544676897462 365
1757678323847 1.2522045144540315 366
1757678323959 1.2515614824647414 367
1757678324057 1.2509251941440735 368
1757678324230 1.2502954765644572 369
1757678324349 1.2496721613267363 370
1757678324471 1.2490550844415544 371
1757678324590 1.2484440862138386 372
1757678324701 1.2478390111303113 373
1757678324814 1.2472397077499489 374
1757678324933 1.2466460285973129 375
1757678325056 1.2460578300586718 376
1757678325176 1.2454749722808396 377
1757678325286 1.2448973190726775 378
1757678325401 1.2443247378091618 379
1757678325519 1.2437570993379727 380
1757678325635 1.2431942778885268 381
1757678325743 1.2426361509833952 382
1757678325851 1.2420825993520377 383
1757678325959 1.2415335068468025 384
1757678326066 1.2409887603611196 385
1757678326170 1.2404482497498452 386
1757678326286 1.2399118677516827 387
1757678326410 1.2393795099136449 388
1757678326522 1.23885107451749 389
1757678326634 1.2383264625080863 390
1757678326754 1.2378055774236518 391
1757678326864 1.237288325327825 392
1757678326975 1.2367746147435084 393
1757678327087 1.2362643565884517 394
1757678327214 1.2357574641125204 395
1757678327321 1.2352538528366042 396
1757678327428 1.234753440493129 397
1757678327535 1.2342561469681286 398
1757678327644 1.233761894244829 399
1757678327753 1.2332706063487162 400
1757678327859 1.2327822092940368 401
1757678327971 1.232296631031706 402
1757678328073 1.2318138013985749 403
1757678328178 1.2313336520680311 404
1757678328291 1.2308561165018914 405
1757678328397 1.2303811299035525 406
1757678328509 1.2299086291723738 407
1757678328617 1.2294385528592513 408
1757678328724 1.2289708411233542 409
1757678328834 1.228505435690002 410
1757678328944 1.2280422798096344 411
1757678329055 1.2275813182178652 412
1757678329163 1.227122497096577 413
1757678329274 1.226665764036038 414
1757678329383 1.2262110679980103 415
1757678329491 1.2257583592798225 416
1757678329596 1.225307589479386 417
1757678329715 1.2248587114611285 418
1757678329831 1.2244116793228168 419
1757678329941 1.2239664483632506 420
1757678330051 1.2235229750508014 421
1757678330151 1.2230812169927778 422
1757678330258 1.2226411329055897 423
1757678330366 1.2222026825856975 424
1757678330473 1.221765826881321 425
1757678330581 1.221330527664888 426
1757678330688 1.2208967478062067 427
1757678330799 1.22046445114634 428
1757678330907 1.2200336024721647 429
1757678331019 1.2196041674915938 430
1757678331136 1.219176112809454 431
1757678331247 1.2187494059039896 432
1757678331358 1.218324015103985 433
1757678331466 1.217899909566486 434
1757678331575 1.2174770592551007 435
1757678331701 1.2170554349188776 436
1757678331810 1.2166350080717263 437
1757678331916 1.2162157509723865 438
1757678332027 1.2157976366049148 439
1757678332131 1.2153806386596886 440
1757678332239 1.2149647315149028 441
1757678332349 1.2145498902185539 442
1757678332455 1.2141360904708913 443
1757678332567 1.213723308607341 444
1757678332676 1.2133115215818577 445
1757678332784 1.2129007069507296 446
1757678332895 1.2124908428567989 447
1757678333003 1.2120819080140965 448
1757678333114 1.2116738816928818 449
1757678333222 1.2112667437050726 450
1757678333329 1.2108604743900564 451
1757678333437 1.2104550546008743 452
1757678333545 1.2100504656907676 453
1757678333662 1.2096466895000724 454
1757678333781 1.2092437083434648 455
1757678333906 1.208841504997532 456
1757678334024 1.2084400626886775 457
1757678334142 1.2080393650813344 458
1757678334265 1.2076393962664953 459
1757678334383 1.2072401407505364 460
1757678334501 1.2068415834443404 461
1757678334604 1.2064437096526959 462
1757678334715 1.2060465050639861 463
1757678334823 1.2056499557401343 464
1757678334932 1.2052540481068257 465
1757678335046 1.204858768943976 466
1757678335155 1.2044641053764515 467
1757678335268 1.204070044865038 468
1757678335376 1.203676575197638 469
1757678335487 1.203283684480703 470
1757678335600 1.2028913611308938 471
1757678335710 1.2024995938669483 472
1757678335820 1.2021083717017746 473
1757678335930 1.201717683934745 474
1757678336042 1.201327520144188 475
1757678336143 1.2009378701800884 476
1757678336244 1.2005487241569672 477
1757678336355 1.2001600724469543 478
1757678336463 1.1997719056730392 479
1757678336573 1.199384214702504 480
1757678336702 1.1989969906405196 481
1757678336814 1.1986102248239199 482
1757678336921 1.1982239088151305 483
1757678337032 1.1978380343962607 484
1757678337144 1.1974525935633495 485
1757678337262 1.197067578520764 486
1757678337374 1.1966829816757385 487
1757678337482 1.1962987956330648 488
1757678337594 1.1959150131899174 489
1757678337706 1.1955316273308116 490
1757678337813 1.1951486312227009 491
1757678337921 1.194766018210195 492
1757678338039 1.1943837818109073 493
1757678338149 1.194001915710926 494
1757678338255 1.193620413760398 495
1757678338367 1.1932392699692347 496
1757678338478 1.1928584785029255 497
1757678338587 1.1924780336784648 498
1757678338700 1.192097929960382 499
