1757446330333 169.38634097125342 0
1757446330414 169.36067686222538 1
1757446330482 169.3479907790292 2
1757446330542 169.3352335897478 3
1757446330607 169.3224774057724 4
1757446330672 169.30972222409738 5
1757446330733 169.2969680446428 6
1757446330795 169.28421486732864 7
1757446330865 169.27146269207483 8
1757446330931 169.25871151880128 9
1757446330990 169.245961347428 10
1757446331056 169.23321217787492 11
1757446331117 169.22046401006205 12
1757446331183 169.2077168439093 13
1757446331245 169.1949706793368 14
1757446331312 169.18222551626437 15
1757446331379 169.1694813546121 16
1757446331446 169.15673819429998 17
1757446331514 169.14399603524802 18
1757446331586 169.13125487737622 19
1757446331656 169.11851472060465 20
1757446331721 169.10577556485327 21
1757446331784 169.0930374100422 22
1757446331849 169.08030025609142 23
1757446331916 169.06756410292098 24
1757446331979 169.05482895045097 25
1757446332048 169.04209479860143 26
1757446332106 169.02936164729246 27
1757446332159 169.01662949644407 28
1757446332221 169.00389834597644 29
1757446332285 168.99116819580956 30
1757446332348 168.97843904586358 31
1757446332410 168.96571089605857 32
1757446332477 168.95298374631466 33
1757446332538 168.94025759655196 34
1757446332603 168.92753244669058 35
1757446332674 168.9148082966507 36
1757446332745 168.9020851463524 37
1757446332813 168.88936299571577 38
1757446332882 168.8766418446611 39
1757446332953 168.86392169310835 40
1757446333024 168.85120254097785 41
1757446333092 168.83848438818976 42
1757446333162 168.82576723466408 43
1757446333232 168.8130510803212 44
1757446333304 168.80033592508116 45
1757446333374 168.78762176886417 46
1757446333445 168.77490861159046 47
1757446333525 168.76219645318028 48
1757446333596 168.7494852935538 49
1757446333664 168.73677513263118 50
1757446333734 168.7240659703327 51
1757446333806 168.7113578065786 52
1757446333868 168.69865064128908 53
1757446333922 168.6859444743844 54
1757446333984 168.6732393057848 55
1757446334042 168.66053513541056 56
1757446334103 168.64783196318191 57
1757446334172 168.63512978901912 58
1757446334236 168.62242861284253 59
1757446334301 168.60972843457233 60
1757446334368 168.59702925412884 61
1757446334437 168.5843310714324 62
1757446334509 168.57163388640325 63
1757446334579 168.5589376989617 64
1757446334651 168.54624250902813 65
1757446334724 168.53354831652274 66
1757446334795 168.52085512136603 67
1757446334866 168.50816292347812 68
1757446334940 168.4954717227795 69
1757446335010 168.4827815191905 70
1757446335080 168.47009231263138 71
1757446335151 168.45740410302264 72
1757446335223 168.44471689028452 73
1757446335296 168.43203067433748 74
1757446335364 168.41934545510182 75
1757446335432 168.40666123249798 76
1757446335506 168.3939780064463 77
1757446335578 168.38129577686723 78
1757446335651 168.3686145436812 79
1757446335722 168.3559343068085 80
1757446335793 168.34325506616966 81
1757446335864 168.33057682168504 82
1757446335935 168.31789957327507 83
1757446336002 168.30522332086022 84
1757446336069 168.29254806436091 85
1757446336137 168.2798738036976 86
1757446336207 168.26720053879072 87
1757446336275 168.2545282695608 88
1757446336346 168.2418569959282 89
1757446336415 168.22918671781346 90
1757446336484 168.21651743513706 91
1757446336554 168.20384914781945 92
1757446336627 168.1911818557812 93
1757446336698 168.17851555894268 94
1757446336770 168.16585025722452 95
1757446336842 168.1531859505472 96
1757446336912 168.14052263883116 97
1757446336981 168.12786032199705 98
1757446337056 168.11519899996532 99
1757446337129 168.10253867265652 100
1757446337202 168.0898793399912 101
1757446337274 168.0772210018899 102
1757446337344 168.0645636582732 103
1757446337412 168.05190730906168 104
1757446337481 168.03925195417582 105
1757446337549 168.0265975935363 106
1757446337622 168.01394422706366 107
1757446337693 168.00129185467847 108
1757446337763 167.98864047630136 109
1757446337840 167.97599009185288 110
1757446337908 167.9633407012537 111
1757446337982 167.95069230442442 112
1757446338050 167.93804490128565 113
1757446338121 167.92539849175802 114
1757446338192 167.9127530757621 115
1757446338264 167.9001086532186 116
1757446338336 167.88746522404824 117
1757446338405 167.8748227881715 118
1757446338474 167.86218134550919 119
1757446338545 167.84954089598187 120
1757446338617 167.83690143951026 121
1757446338688 167.8242629760151 122
1757446338760 167.81162550541694 123
1757446338829 167.79898902763654 124
1757446338903 167.7863535425946 125
1757446338977 167.77371905021184 126
1757446339051 167.76108555040892 127
1757446339123 167.74845304310662 128
1757446339194 167.73582152822564 129
1757446339263 167.72319100568672 130
1757446339335 167.71056147541051 131
1757446339407 167.69793293731786 132
1757446339480 167.68530539132945 133
1757446339549 167.6726788373661 134
1757446339621 167.6600532753485 135
1757446339693 167.64742870519748 136
1757446339764 167.63480512683378 137
1757446339835 167.62218254017816 138
1757446339906 167.60956094515146 139
1757446339975 167.59694034167444 140
1757446340044 167.58432072966792 141
1757446340138 167.57170210905267 142
1757446340210 167.55908447974954 143
1757446340279 167.54646784167934 144
1757446340348 167.53385219476286 145
1757446340422 167.52123753892099 146
1757446340495 167.50862387407454 147
1757446340570 167.49601120014435 148
1757446340643 167.48339951705128 149
1757446340714 167.47078882471615 150
1757446340788 167.4581791230599 151
1757446340861 167.4455704120033 152
1757446340936 167.43296269146734 153
1757446341006 167.42035596137276 154
1757446341080 167.40775022164064 155
1757446341159 167.39514547219173 156
1757446341234 167.38254171294693 157
1757446341313 167.36993894382718 158
1757446341386 167.35733716475346 159
1757446341460 167.34473637564662 160
1757446341533 167.3321365764276 161
1757446341607 167.31953776701732 162
1757446341676 167.30693994733673 163
1757446341749 167.2943431173068 164
1757446341821 167.28174727684845 165
1757446341893 167.26915242588265 166
1757446341965 167.2565585643304 167
1757446342038 167.24396569211262 168
1757446342104 167.23137380915028 169
1757446342177 167.21878291536441 170
1757446342250 167.206193010676 171
1757446342326 167.19360409500604 172
1757446342401 167.1810161682755 173
1757446342474 167.1684292304054 174
1757446342545 167.1558432813168 175
1757446342617 167.14325832093067 176
1757446342688 167.1306743491681 177
1757446342761 167.11809136595005 178
1757446342833 167.1055093711976 179
1757446342907 167.09292836483183 180
1757446342980 167.08034834677375 181
1757446343072 167.0677693169444 182
1757446343155 167.05519127526492 183
1757446343229 167.04261422165635 184
1757446343300 167.03003815603975 185
1757446343374 167.0174630783362 186
1757446343445 167.00488898846683 187
1757446343517 166.99231588635274 188
1757446343589 166.97974377191497 189
1757446343660 166.96717264507475 190
1757446343733 166.9546025057531 191
1757446343806 166.94203335387112 192
1757446343882 166.92946518935005 193
1757446343956 166.91689801211098 194
1757446344028 166.904331822075 195
1757446344098 166.89176661916338 196
1757446344168 166.8792024032971 197
1757446344235 166.8666391743975 198
1757446344302 166.85407693238562 199
1757446344376 166.8415156771827 200
1757446344441 166.82895540870996 201
1757446344513 166.81639612688846 202
1757446344579 166.80383783163953 203
1757446344632 166.79128052288428 204
1757446344693 166.77872420054396 205
1757446344758 166.76616886453976 206
1757446344823 166.75361451479296 207
1757446344891 166.7410611512247 208
1757446344959 166.72850877375626 209
1757446345032 166.71595738230883 210
1757446345109 166.70340697680376 211
1757446345180 166.6908575571622 212
1757446345254 166.67830912330544 213
1757446345330 166.66576167515476 214
1757446345405 166.65321521263144 215
1757446345484 166.6406697356567 216
1757446345556 166.62812524415185 217
1757446345626 166.61558173803823 218
1757446345698 166.60303921723704 219
1757446345774 166.5904976816697 220
1757446345850 166.57795713125742 221
1757446345925 166.56541756592156 222
1757446345997 166.55287898558345 223
1757446346071 166.5403413901644 224
1757446346143 166.5278047795857 225
1757446346214 166.51526915376874 226
1757446346286 166.5027345126349 227
1757446346356 166.49020085610545 228
1757446346427 166.4776681841018 229
1757446346500 166.4651364965453 230
1757446346569 166.4526057933574 231
1757446346646 166.44007607445934 232
1757446346722 166.42754733977256 233
1757446346798 166.4150195892185 234
1757446346873 166.40249282271853 235
1757446346945 166.38996704019402 236
1757446347022 166.3774422415664 237
1757446347100 166.3649184267571 238
1757446347176 166.35239559568757 239
1757446347248 166.33987374827916 240
1757446347322 166.32735288445335 241
1757446347399 166.3148330041316 242
1757446347475 166.30231410723533 243
1757446347551 166.289796193686 244
1757446347627 166.27727926340503 245
1757446347703 166.26476331631395 246
1757446347781 166.25224835233425 247
1757446347857 166.23973437138736 248
1757446347933 166.22722137339477 249
1757446348007 166.21470935827796 250
1757446348079 166.20219832595848 251
1757446348151 166.1896882763578 252
1757446348221 166.17717920939742 253
1757446348294 166.16467112499885 254
1757446348368 166.15216402308369 255
1757446348446 166.13965790357335 256
1757446348518 166.1271527663895 257
1757446348593 166.11464861145356 258
1757446348670 166.10214543868716 259
1757446348748 166.08964324801184 260
1757446348828 166.07714203934913 261
1757446348904 166.06464181262064 262
1757446348980 166.05214256774792 263
1757446349056 166.03964430465254 264
1757446349134 166.0271470232561 265
1757446349211 166.0146507234802 266
1757446349284 166.00215540524647 267
1757446349359 165.98966106847644 268
1757446349436 165.97716771309177 269
1757446349512 165.9646753390141 270
1757446349587 165.95218394616498 271
1757446349661 165.93969353446613 272
1757446349733 165.9272041038391 273
1757446349810 165.91471565420562 274
1757446349887 165.9022281854873 275
1757446349960 165.88974169760579 276
1757446350034 165.87725619048274 277
1757446350111 165.86477166403986 278
1757446350177 165.85228811819877 279
1757446350245 165.83980555288122 280
1757446350316 165.82732396800884 281
1757446350387 165.81484336350337 282
1757446350460 165.80236373928648 283
1757446350539 165.78988509527989 284
1757446350615 165.7774074314053 285
1757446350691 165.76493074758443 286
1757446350773 165.75245504373908 287
1757446350848 165.73998031979082 288
1757446350923 165.72750657566155 289
1757446350999 165.71503381127292 290
1757446351076 165.7025620265467 291
1757446351156 165.6900912214047 292
1757446351233 165.6776213957686 293
1757446351318 165.66515254956022 294
1757446351396 165.65268468270136 295
1757446351472 165.64021779511378 296
1757446351551 165.62775188671924 297
1757446351631 165.6152869574395 298
1757446351708 165.6028230071965 299
1757446351786 165.59036003591194 300
1757446351862 165.57789804350762 301
1757446351941 165.56543702990544 302
1757446352018 165.55297699502717 303
1757446352098 165.54051793879466 304
1757446352175 165.52805986112975 305
1757446352247 165.5156027619543 306
1757446352325 165.5031466411901 307
1757446352398 165.49069149875908 308
1757446352473 165.47823733458313 309
1757446352549 165.465784148584 310
1757446352628 165.45333194068365 311
1757446352705 165.44088071080398 312
1757446352778 165.42843045886684 313
1757446352849 165.4159811847941 314
1757446352930 165.40353288850773 315
1757446353007 165.39108556992963 316
1757446353086 165.37863922898163 317
1757446353160 165.36619386558576 318
1757446353237 165.3537494796639 319
1757446353316 165.34130607113795 320
1757446353394 165.32886363992992 321
1757446353473 165.3164221859617 322
1757446353546 165.30398170915527 323
1757446353621 165.29154220943258 324
1757446353700 165.2791036867156 325
1757446353768 165.2666661409263 326
1757446353842 165.25422957198663 327
1757446353919 165.24179397981862 328
1757446354001 165.22935936434425 329
1757446354081 165.21692572548548 330
1757446354155 165.20449306316436 331
1757446354224 165.1920613773029 332
1757446354290 165.17963066782306 333
1757446354362 165.16720093464693 334
1757446354432 165.1547721776965 335
1757446354504 165.14234439689378 336
1757446354579 165.12991759216084 337
1757446354656 165.11749176341974 338
1757446354730 165.1050669105925 339
1757446354807 165.09264303360123 340
1757446354882 165.08022013236797 341
1757446354960 165.06779820681476 342
1757446355043 165.05537725686372 343
1757446355125 165.04295728243687 344
1757446355199 165.03053828345642 345
1757446355273 165.01812025984435 346
1757446355336 165.00570321152284 347
1757446355399 164.99328713841396 348
1757446355471 164.9808720404398 349
1757446355541 164.96845791752258 350
1757446355609 164.95604476958437 351
1757446355680 164.94363259654727 352
1757446355750 164.93122139833343 353
1757446355823 164.91881117486506 354
1757446355899 164.90640192606426 355
1757446355975 164.89399365185318 356
1757446356064 164.88158635215405 357
1757446356138 164.86918002688898 358
1757446356215 164.85677467598018 359
1757446356288 164.8443702993498 360
1757446356363 164.83196689692005 361
1757446356441 164.81956446861318 362
1757446356520 164.80716301435132 363
1757446356600 164.79476253405673 364
1757446356676 164.78236302765157 365
1757446356752 164.76996449505813 366
1757446356833 164.7575669361986 367
1757446356909 164.7451703509952 368
1757446356985 164.7327747393702 369
1757446357061 164.7203801012458 370
1757446357144 164.7079864365444 371
1757446357221 164.69559374518803 372
1757446357302 164.68320202709916 373
1757446357381 164.67081128219996 374
1757446357459 164.65842151041272 375
1757446357537 164.64603271165976 376
1757446357616 164.63364488586333 377
1757446357695 164.62125803294575 378
1757446357771 164.6088721528293 379
1757446357850 164.59648724543635 380
1757446357931 164.58410331068913 381
1757446358010 164.57172034851004 382
1757446358091 164.55933835882135 383
1757446358166 164.54695734154544 384
1757446358241 164.53457729660465 385
1757446358311 164.5221982239213 386
1757446358382 164.50982012341774 387
1757446358455 164.49744299501634 388
1757446358533 164.4850668386395 389
1757446358607 164.47269165420957 390
1757446358685 164.4603174416489 391
1757446358764 164.4479442008799 392
1757446358841 164.43557193182497 393
1757446358919 164.42320063440653 394
1757446359003 164.41083030854688 395
1757446359096 164.3984609541686 396
1757446359173 164.38609257119393 397
1757446359250 164.3737251595454 398
1757446359326 164.3613587191454 399
1757446359406 164.3489932499164 400
1757446359484 164.3366287517808 401
1757446359564 164.32426522466108 402
1757446359643 164.31190266847966 403
1757446359723 164.29954108315903 404
1757446359794 164.28718046862164 405
1757446359871 164.27482082479 406
1757446359949 164.2624621515865 407
1757446360028 164.25010444893374 408
1757446360109 164.23774771675414 409
1757446360189 164.22539195497023 410
1757446360266 164.21303716350448 411
1757446360334 164.2006833422794 412
1757446360406 164.18833049121756 413
1757446360477 164.1759786102414 414
1757446360544 164.16362769927352 415
1757446360616 164.15127775823646 416
1757446360696 164.1389287870527 417
1757446360773 164.1265807856448 418
1757446360846 164.11423375393537 419
1757446360921 164.1018876918469 420
1757446361001 164.08954259930204 421
1757446361079 164.0771984762233 422
1757446361157 164.06485532253322 423
1757446361230 164.05251313815447 424
1757446361302 164.0401719230096 425
1757446361377 164.02783167702123 426
1757446361469 164.01549240011198 427
1757446361546 164.00315409220437 428
1757446361623 163.9908167532211 429
1757446361699 163.9784803830848 430
1757446361774 163.966144981718 431
1757446361851 163.95381054904345 432
1757446361925 163.94147708498375 433
1757446362000 163.92914458946152 434
1757446362073 163.91681306239943 435
1757446362152 163.90448250372017 436
1757446362231 163.89215291334637 437
1757446362309 163.8798242912007 438
1757446362380 163.86749663720585 439
1757446362453 163.8551699512845 440
1757446362525 163.84284423335936 441
1757446362597 163.83051948335313 442
1757446362671 163.81819570118847 443
1757446362746 163.80587288678814 444
1757446362823 163.79355104007482 445
1757446362901 163.78123016097126 446
1757446362982 163.7689102494002 447
1757446363063 163.75659130528427 448
1757446363142 163.74427332854634 449
1757446363219 163.73195631910912 450
1757446363291 163.71964027689532 451
1757446363367 163.70732520182773 452
1757446363445 163.69501109382915 453
1757446363525 163.6826979528223 454
1757446363608 163.67038577872995 455
1757446363685 163.65807457147497 456
1757446363766 163.64576433098003 457
1757446363842 163.63345505716802 458
1757446363917 163.6211467499617 459
1757446363996 163.6088394092839 460
1757446364076 163.5965330350574 461
1757446364154 163.58422762720508 462
1757446364234 163.57192318564975 463
1757446364312 163.55961971031417 464
1757446364380 163.54731720112127 465
1757446364452 163.53501565799388 466
1757446364524 163.52271508085482 467
1757446364599 163.510415469627 468
1757446364677 163.49811682423322 469
1757446364755 163.48581914459638 470
1757446364833 163.47352243063935 471
1757446364909 163.4612266822851 472
1757446364987 163.44893189945637 473
1757446365063 163.43663808207617 474
1757446365138 163.42434523006736 475
1757446365222 163.41205334335285 476
1757446365312 163.39976242185554 477
1757446365392 163.3874724654984 478
1757446365476 163.37518347420433 479
1757446365554 163.36289544789625 480
1757446365631 163.35060838649713 481
1757446365719 163.33832228992986 482
1757446365797 163.3260371581175 483
1757446365877 163.31375299098283 484
1757446365956 163.301469788449 485
1757446366023 163.28918755043887 486
1757446366097 163.27690627687548 487
1757446366170 163.26462596768175 488
1757446366243 163.25234662278072 489
1757446366320 163.2400682420954 490
1757446366392 163.2277908255487 491
1757446366462 163.21551437306374 492
1757446366534 163.20323888456343 493
1757446366609 163.1909643599709 494
1757446366684 163.17869079920908 495
1757446366762 163.16641820220104 496
1757446366840 163.15414656886983 497
1757446366922 163.1418758991385 498
1757446366995 163.12960619293008 499
