1757448377589 2.028068257649503 0
1757448377691 0.8297768544244379 1
1757448377804 0.1399209391336189 2
1757448377912 5.417637180535644 3
1757448378015 0.39389749630146526 4
1757448378114 0.18125757481655508 5
1757448378215 0.0055764598256911 6
1757448378316 0.1416155136197139 7
1757448378416 0.0006015692167536109 8
1757448378516 0.005048395450363959 9
1757448378620 0.0031883712459519664 10
1757448378721 1.2073513467783843 11
1757448378838 0.22601478709303482 12
1757448378946 3.0729273001352038 13
1757448379047 0.16500131732832973 14
1757448379150 0.12180303224278079 15
1757448379253 0.4151887101275402 16
1757448379358 0.4465266772547435 17
1757448379460 2.037841410666202 18
1757448379563 1.050220035451453 19
1757448379665 1.010844812368676 20
1757448379774 4.395355105484947e-05 21
1757448379876 1.5086585547821105 22
1757448379977 0.0011394430400230424 23
1757448380078 3.3957499836604352 24
1757448380179 0.07857664496193606 25
1757448380282 0.1717828649125409 26
1757448380384 0.07633254386741091 27
1757448380485 0.15575892590448465 28
1757448380588 0.07372900777218216 29
1757448380692 0.5580046377338851 30
1757448380797 0.42779332388786645 31
1757448380899 0.4077151928467485 32
1757448381001 0.557389300806842 33
1757448381102 0.593646398031707 34
1757448381203 1.0820426002606336 35
1757448381304 0.5341059307049663 36
1757448381406 0.43399495683208217 37
1757448381506 1.843121227834416 38
1757448381606 0.09202438473475448 39
1757448381708 7.7679254992087765 40
1757448381810 0.07356419482400921 41
1757448381913 2.3850565439136255e-05 42
1757448382016 1.7288512349908045 43
1757448382116 0.8419821995570875 44
1757448382215 0.22281868932786242 45
1757448382315 0.016038194626985226 46
1757448382416 1.404656650464699 47
1757448382516 0.1250869017754325 48
1757448382615 0.08442413895590363 49
1757448382714 0.0985601928229686 50
1757448382814 0.0012920410987145457 51
1757448382915 1.7363939950773712 52
1757448383014 0.31169999713760366 53
1757448383128 0.5182820080364375 54
1757448383232 0.8706497346713887 55
1757448383344 0.11299327185664321 56
1757448383447 0.7095117175773441 57
1757448383549 0.006372455321828856 58
1757448383651 1.9272921791830149 59
1757448383754 2.137658657420634 60
1757448383855 0.11977897693878026 61
1757448383956 0.7557782007517695 62
1757448384059 0.9085421612312305 63
1757448384160 0.5207254566959194 64
1757448384260 4.603546974165627e-05 65
1757448384362 0.04245889720704675 66
1757448384463 0.6132237694235289 67
1757448384564 0.5378644839102608 68
1757448384664 0.023875832643852686 69
1757448384770 0.7809089378579704 70
1757448384873 0.9704998498596482 71
1757448384975 0.34322607325022797 72
1757448385078 0.4990636479489393 73
1757448385181 0.5457455172733962 74
1757448385279 0.5202085074124805 75
1757448385379 0.845256601804901 76
1757448385480 0.08144433934372969 77
1757448385584 2.2847524812851523 78
1757448385688 0.017559810319380503 79
1757448385790 0.04037210259995772 80
1757448385894 0.021124938471114445 81
1757448385997 3.738383276276404 82
1757448386100 4.04798194061152 83
1757448386198 0.3140976968366 84
1757448386297 0.21548329801240876 85
1757448386397 0.012528689579141534 86
1757448386497 0.12437443739751523 87
1757448386597 0.2080012167249719 88
1757448386697 0.04469977472159826 89
1757448386798 0.9500259893347287 90
1757448386899 0.14359845624096848 91
1757448387002 0.44304170356387734 92
1757448387103 3.951313804126363 93
1757448387203 0.09941141575949669 94
1757448387304 0.22415545485067723 95
1757448387404 0.20962236746861748 96
1757448387506 0.43487254443039636 97
1757448387607 0.42959552054178307 98
1757448387708 0.6153366126771304 99
1757448387810 0.1967350383185289 100
1757448387914 0.6421714896106054 101
1757448388018 0.8009753539079338 102
1757448388121 0.27338261595284774 103
1757448388223 0.7250737703890678 104
1757448388326 0.19305572802190177 105
1757448388427 0.008140320189103777 106
1757448388529 0.17618503664301535 107
1757448388636 0.029992771070695617 108
1757448388741 0.1793727514457214 109
1757448388846 0.33730272413960216 110
1757448388951 0.091212502562671 111
1757448389055 2.372269134858122 112
1757448389156 0.005193655886098861 113
1757448389258 1.453613777879101 114
1757448389359 1.3706109661512138 115
1757448389461 12.913182762443325 116
1757448389569 1.258579749068293 117
1757448389669 0.9190616007515624 118
1757448389775 0.06778045709255708 119
1757448389879 6.432234798489058 120
1757448389983 0.8055897916169681 121
1757448390084 0.009286222488129063 122
1757448390185 0.2864030587469867 123
1757448390285 0.0026473241997888794 124
1757448390386 0.48425408611762283 125
1757448390490 0.26623703808534727 126
1757448390593 1.1588146781726991 127
1757448390695 0.7461842212887757 128
1757448390799 2.6637248527155757 129
1757448390902 0.4867710077530423 130
1757448391005 1.8772770131937755 131
1757448391107 0.34634719325236346 132
1757448391211 0.28307064393883097 133
1757448391316 0.46922803478628344 134
1757448391420 0.00013677186016761804 135
1757448391525 1.407051844230482 136
1757448391630 0.023393257451999848 137
1757448391736 0.6444539726903005 138
1757448391841 1.0940209677307322 139
1757448391944 0.08142694031944682 140
1757448392044 0.7988748442078478 141
1757448392143 0.2673945140334383 142
1757448392247 0.4109623490770231 143
1757448392349 0.002515070142453261 144
1757448392454 3.82759977859196 145
1757448392570 0.11052514807287458 146
1757448392679 0.5479666418579265 147
1757448392784 0.1282819833060753 148
1757448392892 2.765790322220175 149
1757448393004 0.0690265841926889 150
1757448393116 0.0242773496659806 151
1757448393225 0.9903510463491495 152
1757448393331 0.05359210430461658 153
1757448393433 0.22477009932580386 154
1757448393537 0.29081307366307174 155
1757448393640 1.0990346140989402 156
1757448393749 0.42249264402056136 157
1757448393853 0.0432188921928913 158
1757448393957 0.12768926098503913 159
1757448394072 0.7916727580379211 160
1757448394175 3.335230830972989 161
1757448394278 0.40494821248925383 162
1757448394380 2.8579699428384 163
1757448394483 0.007749559061998654 164
1757448394587 2.0682162313030013 165
1757448394692 0.016736962829446072 166
1757448394797 0.8594414515341512 167
1757448394901 0.28630963706347917 168
1757448395005 0.3653352137678122 169
1757448395109 0.34462250755438284 170
1757448395213 1.786554081593511 171
1757448395317 0.07959495922047342 172
1757448395421 10.750549501196364 173
1757448395520 0.00011691952514268496 174
1757448395620 0.06391503655957456 175
1757448395722 0.0003808894481864493 176
1757448395824 0.5501393514262294 177
1757448395926 0.5905794926869885 178
1757448396033 0.42273979003870094 179
1757448396138 0.5644706808039467 180
1757448396239 2.893716952638769e-05 181
1757448396340 0.5804750175761206 182
1757448396449 0.03485335703361227 183
1757448396553 0.1895636507243983 184
1757448396656 0.09310221646317633 185
1757448396759 3.2761639148906605 186
1757448396863 0.0368361965986464 187
1757448396968 0.7121523568779816 188
1757448397073 0.02754236452930799 189
1757448397177 0.05411410304368472 190
1757448397282 1.7677460255225126 191
1757448397385 0.05524304836504949 192
1757448397491 0.00010573846971856127 193
1757448397597 0.09062855950342578 194
1757448397703 0.14779243077595355 195
1757448397807 0.10240107600659076 196
1757448397910 0.9338209362900862 197
1757448398015 0.6911638391704114 198
1757448398119 0.021626562482378812 199
1757448398224 0.0027507765103576428 200
1757448398326 1.1257909772288743 201
1757448398429 0.04679269921488167 202
1757448398533 0.9995127477821816 203
1757448398635 0.14653553764306154 204
1757448398739 0.33145910334893747 205
1757448398842 0.4644768259964834 206
1757448398945 0.8474204989803811 207
1757448399047 0.10840448405931626 208
1757448399151 0.6138874168824705 209
1757448399257 0.16888745693827825 210
1757448399359 14.04060297135416 211
1757448399465 0.3095146060705621 212
1757448399572 1.149543364838801 213
1757448399678 0.001858636454506363 214
1757448399779 0.40272441260552616 215
1757448399881 3.092427106950022 216
1757448399983 0.09980531174039792 217
1757448400089 0.11364683340319291 218
1757448400191 4.464803112725432e-05 219
1757448400292 0.1439374282249031 220
1757448400393 0.39726142897462136 221
1757448400496 0.48172077057904966 222
1757448400599 0.020334386653681834 223
1757448400702 2.6081601873498315 224
1757448400806 0.1447532728934504 225
1757448400912 0.00014007357458691245 226
1757448401017 0.020401165351335213 227
1757448401124 0.5770137247182886 228
1757448401229 0.4091386029742287 229
1757448401361 4.137630073875764 230
1757448401465 0.04115082207475149 231
1757448401567 2.5049786745750047 232
1757448401673 0.10940903986093002 233
1757448401780 0.11491495165328283 234
1757448401888 0.2254170604619142 235
1757448401993 0.00448158761353266 236
1757448402095 1.5339501402251126 237
1757448402197 0.005751301853093179 238
1757448402303 0.420828935614161 239
1757448402409 0.581099105140603 240
1757448402513 0.07356359905788673 241
1757448402615 0.021278886407985857 242
1757448402718 4.658287763994741 243
1757448402821 0.3487337446518153 244
1757448402923 0.43820256840507776 245
1757448403030 0.5411995487404208 246
1757448403138 0.02888591307969456 247
1757448403242 0.5440195996007504 248
1757448403345 0.6577970527115038 249
1757448403451 0.01496548749416555 250
1757448403555 0.0426806376140342 251
1757448403659 0.2693002004521985 252
1757448403764 0.01429580197296869 253
1757448403871 0.2512821142807632 254
1757448403977 0.02058829849555845 255
1757448404083 0.011722446012122805 256
1757448404188 0.3003939085070925 257
1757448404293 0.3492585983989761 258
1757448404398 3.0109613377092694 259
1757448404503 0.3105754239575563 260
1757448404610 0.0012711334943953062 261
1757448404713 0.6768506640773826 262
1757448404821 0.4489300948791331 263
1757448404927 0.16990607701071583 264
1757448405035 0.6791060813917215 265
1757448405139 0.003063760491074843 266
1757448405248 15.54002444009524 267
1757448405359 2.3288818248667282 268
1757448405466 0.1083736367788297 269
1757448405569 0.20773554081598136 270
1757448405671 0.3615963738062953 271
1757448405776 0.001633683970716872 272
1757448405883 0.31883044180625 273
1757448405989 0.016897832222662706 274
1757448406093 0.7666246651985079 275
1757448406194 0.9284537297634647 276
1757448406302 1.4150858972963474 277
1757448406407 0.7901605186844398 278
1757448406511 0.6053082438314477 279
1757448406616 0.049665299867464645 280
1757448406721 0.031378145571022364 281
1757448406828 3.6110609943232252 282
1757448406933 2.736921691517768 283
1757448407038 0.5504772114531914 284
1757448407144 0.27128273141701015 285
1757448407250 0.00011905642055136432 286
1757448407355 0.003609050833295197 287
1757448407458 0.17164164162725673 288
1757448407564 0.14920739013804193 289
1757448407668 0.13507931245506768 290
1757448407772 0.5719288164342863 291
1757448407877 0.41006214486447135 292
1757448407983 0.20620676144652048 293
1757448408092 2.0955429050092285 294
1757448408198 0.23055584952847658 295
1757448408301 0.0946290650726083 296
1757448408403 0.014814284583564328 297
1757448408510 0.7973178311536471 298
1757448408618 0.0742586954326407 299
1757448408723 0.016152451492916657 300
1757448408827 0.7998724273269385 301
1757448408930 0.08127847123923664 302
1757448409036 0.06969842121896472 303
1757448409144 0.4187997535633446 304
1757448409252 0.4158749178427623 305
1757448409358 0.33461616411633 306
1757448409497 0.7053848926231838 307
1757448409601 0.026957154331742013 308
1757448409704 0.042063823774224685 309
1757448409809 0.08474294558254339 310
1757448409914 0.02562322971760041 311
1757448410020 0.08518499955103076 312
1757448410127 0.2254343173266263 313
1757448410231 0.028246550945903018 314
1757448410336 0.4617511071496282 315
1757448410440 0.11782771248287328 316
1757448410543 0.0002671608092904347 317
1757448410649 0.0077334805396181636 318
1757448410754 0.10166239069961622 319
1757448410859 0.6329653736357539 320
1757448410966 0.4589764805096124 321
1757448411074 0.0003119788148848004 322
1757448411181 0.6978896898162906 323
1757448411287 0.6604126947999127 324
1757448411392 0.045931918341987926 325
1757448411494 1.4747333857019158 326
1757448411601 2.520007791132568 327
1757448411709 3.9112837513613323 328
1757448411813 0.18268442952122899 329
1757448411920 0.012998233632917165 330
1757448412026 0.32904371183272507 331
1757448412130 1.0390030308281601 332
1757448412234 1.3159525535832115 333
1757448412342 0.4094276896813467 334
1757448412449 0.0071019236720252215 335
1757448412554 0.2913207971243472 336
1757448412658 0.426659155699404 337
1757448412764 0.07266345432990481 338
1757448412870 0.8123649817745254 339
1757448412972 0.08157092217353482 340
1757448413078 0.7948338225816501 341
1757448413186 0.3039660617537297 342
1757448413292 0.18434343923731222 343
1757448413400 0.32931036345554304 344
1757448413506 0.04498674432543944 345
1757448413619 0.560365334602379 346
1757448413725 0.757813257919136 347
1757448413839 0.8132670749363915 348
1757448413949 0.0022721273524344576 349
1757448414058 0.13167641001844038 350
1757448414164 0.25816478861019304 351
1757448414267 0.002803464665345395 352
1757448414372 0.19505324227137255 353
1757448414477 0.055101324995752696 354
1757448414585 0.5284974794714776 355
1757448414691 3.1272388909963023 356
1757448414795 0.007289258198631681 357
1757448414901 0.5704746179051956 358
1757448415010 0.16329737194239166 359
1757448415119 0.2272585985200358 360
1757448415227 0.893990769333349 361
1757448415335 0.4275188419302604 362
1757448415440 0.04407397254448941 363
1757448415545 0.4823282016566609 364
1757448415649 3.02040883088343 365
1757448415756 0.20547379434603477 366
1757448415860 0.8061133643647216 367
1757448415968 0.2852127946763108 368
1757448416077 0.2843359358127706 369
1757448416182 0.041478099163812523 370
1757448416287 0.5389625501689682 371
1757448416393 0.2901614726542835 372
1757448416498 3.1153458984990245 373
1757448416603 1.1723035681394434 374
1757448416709 0.18454629299790867 375
1757448416815 0.36121708614846004 376
1757448416921 0.44154160330053 377
1757448417028 0.41123251669740346 378
1757448417135 0.00039869911182979 379
1757448417239 10.30731559517306 380
1757448417344 1.409716205248201 381
1757448417450 1.3185114737549666 382
1757448417557 0.0031445093329524865 383
1757448417668 0.509047493790034 384
1757448417779 0.553282363521471 385
1757448417885 0.13697025181991054 386
1757448417991 0.08079891598570722 387
1757448418098 0.7394347917903067 388
1757448418206 1.231606411359123 389
1757448418311 1.1189047079877428 390
1757448418415 0.005938064425545487 391
1757448418522 0.2997578311395317 392
1757448418631 0.016695035341314036 393
1757448418733 0.05411343461889878 394
1757448418838 0.00015130344582428432 395
1757448418948 0.5939743968137144 396
1757448419054 0.22278932209513755 397
1757448419158 0.2845998789142576 398
1757448419264 0.5678287483889725 399
1757448419369 0.006226809346184853 400
1757448419473 0.002535392647317011 401
1757448419583 1.9205616894648558 402
1757448419687 0.010564440071240976 403
1757448419794 0.07749936578788695 404
1757448419899 0.14066711803929563 405
1757448420006 0.024034625828690176 406
1757448420113 0.36123617633892413 407
1757448420218 0.09257494390875179 408
1757448420324 0.18601054473068812 409
1757448420432 0.28628251606917665 410
1757448420538 0.00196667171256795 411
1757448420645 0.06925684049570767 412
1757448420754 1.4461774278450656 413
1757448420863 0.0355966303866915 414
1757448420970 0.0078037721968184665 415
1757448421078 0.5689492599401225 416
1757448421186 0.008328312794233952 417
1757448421294 0.283477690101158 418
1757448421405 0.4385459330180668 419
1757448421516 0.13823796897473023 420
1757448421626 0.00042578143719833946 421
1757448421737 2.2070525392550593 422
1757448421847 0.09408416403325698 423
1757448421957 0.28386976270529307 424
1757448422066 0.12273014079130266 425
1757448422176 0.6401816126639576 426
1757448422282 0.43527143067436713 427
1757448422392 0.3190908094397746 428
1757448422500 0.34422436437436627 429
1757448422610 0.022792027948215304 430
1757448422718 0.6486960179533048 431
1757448422825 1.2295637331177578 432
1757448422929 0.39668617181945787 433
1757448423036 0.05179877756894042 434
1757448423141 1.0669639158056556 435
1757448423247 0.18226635036042327 436
1757448423354 0.42839841737783013 437
1757448423464 0.9229731614295676 438
1757448423572 11.07887800730409 439
1757448423685 0.14506687585218525 440
1757448423793 0.005776613000984054 441
1757448423901 0.017931826894713256 442
1757448424007 0.5557799809552396 443
1757448424113 0.025658239869906934 444
1757448424219 0.6558412494117976 445
1757448424325 0.29191973154558537 446
1757448424431 0.026879650703024015 447
1757448424536 0.014325776371910584 448
1757448424641 5.717593153641683 449
1757448424746 0.5990134718024042 450
1757448424855 0.2530719934349373 451
1757448424962 0.362709831345264 452
1757448425069 0.5328718460478696 453
1757448425178 0.012964403657686651 454
1757448425284 0.04180434313083579 455
1757448425392 0.46157097867934216 456
1757448425498 0.5431219477380458 457
1757448425604 0.15947615428624032 458
1757448425713 0.3277019126853742 459
1757448425822 0.002966024168754001 460
1757448425930 2.116590178898799 461
1757448426036 0.8264953638957216 462
1757448426148 0.5917020145375373 463
1757448426255 0.20849977949015364 464
1757448426363 0.02882523469454077 465
1757448426470 0.04132561162170384 466
1757448426580 9.898183927653518 467
1757448426688 0.03923937115759477 468
1757448426795 0.24920982155835658 469
1757448426905 0.18531767332755902 470
1757448427016 0.9463439326314672 471
1757448427125 0.5763310530999161 472
1757448427232 0.5386582213147533 473
1757448427338 0.10937859678060939 474
1757448427447 0.06860629908921095 475
1757448427556 0.0052721604280099145 476
1757448427665 0.2805072365823979 477
1757448427775 0.927172391110752 478
1757448427883 0.001934951563344459 479
1757448427992 1.3963505944927066 480
1757448428102 0.23322110219432401 481
1757448428211 0.8045148592548075 482
1757448428322 1.1223657269614817 483
1757448428432 0.00725915171737491 484
1757448428539 0.0011730497156211238 485
1757448428647 0.5033221933387189 486
1757448428780 0.04384014150943089 487
1757448428887 0.14880250665122327 488
1757448428996 0.229883951200415 489
1757448429107 1.5775946933236495 490
1757448429217 0.0158851375349269 491
1757448429326 0.09920741919097929 492
1757448429436 0.018393214516882438 493
1757448429547 0.010901422419726976 494
1757448429656 0.16683314987736148 495
1757448429766 0.037874797266292094 496
1757448429876 0.030729716231030605 497
1757448429987 0.0037169518894646413 498
1757448430095 0.3550361708504427 499
