1757521808482 215.48639336681404 0
1757521808554 121252.14966876389 1
1757521808622 443554051.7240884 2
1757521808694 1624017402858.337 3
1757521808770 5946143219484928.0 4
1757521808848 2.1771083651230736e+19 5
1757521808921 7.971218752523356e+22 6
1757521808994 2.9185652592395736e+26 7
1757521809078 1.0685973421245857e+30 8
1757521809177 3.91253982065573e+33 9
1757521809261 1.4325290962994106e+37 10
1757521809362 5.245031886730967e+40 11
1757521809446 1.920404937246369e+44 12
1757521809529 7.0313302238068824e+47 13
1757521809602 2.5744364512575443e+51 14
1757521809686 9.425987445623287e+54 15
1757521809757 3.451211207083674e+58 16
1757521809829 1.2636192085562814e+62 17
1757521809901 4.6265887783253875e+65 18
1757521809971 1.693969479000129e+69 19
1757521810045 6.202264202142039e+72 20
1757521810141 2.2708839627900822e+76 21
1757521810212 8.314566752374363e+79 22
1757521810280 3.0442779733558417e+83 23
1757521810349 1.1146255307185047e+87 24
1757521810421 4.0810664617461195e+90 25
1757521810489 1.4942330860170488e+94 26
1757521810558 5.470953576170719e+97 27
1757521810627 2.0031234291832314e+101 28
1757521810695 7.334193969438212e+104 29
1757521810767 2.6853263457298184e+108 30
1757521810838 9.831997371652545e+111 31
1757521810907 3.5998668269837617e+115 32
1757521810980 1.3180476643923314e+119 33
1757521811054 4.82587198111904e+122 34
1757521811136 1.766934611495017e+126 35
1757521811208 6.469417202764408e+129 36
1757521811279 2.368698800235258e+133 37
1757521811349 8.672703939758987e+136 38
1757521811418 3.175405569473037e+140 39
1757521811486 1.1626363128130242e+144 40
1757521811550 4.2568521289574265e+147 41
1757521811621 1.558594880282532e+151 42
1757521811692 5.706606495250473e+154 43
1757521811763 2.0894048930618743e+158 44
1757521811829 7.650103105557255e+161 45
1757521811907 2.800992652022267e+165 46
1757521811981 1.0255495551404472e+169 47
1757521812058 3.754925559299166e+172 48
1757521812130 1.374820542333252e+176 49
1757521812296 5.033739001670892e+179 50
1757521812377 1.8430426049599027e+183 51
1757521812443 6.74807740840327e+186 52
1757521812504 2.4707268615091653e+190 53
1757521812567 9.046267336206214e+193 54
1757521812634 3.31218128531314e+197 55
1757521812705 1.2127150855768748e+201 56
1757521812776 4.4402094936862326e+204 57
1757521812850 1.6257289599430431e+208 58
1757521812922 5.952409801735015e+211 59
1757521812992 2.1794027984241938e+215 60
1757521813062 7.97961954231496e+218 61
1757521813142 2.92164110673505e+222 62
1757521813214 1.0697235264536936e+226 63
1757521813289 3.916663208258659e+229 64
1757521813360 1.4340388247589974e+233 65
1757521813436 5.250559574741857e+236 66
1757521813514 1.922428833302091e+240 67
1757521813591 7.03874047423399e+243 68
1757521813668 2.5771496247546296e+247 69
1757521813740 9.435921401968911e+250 70
1757521813816 3.4548484049548325e+254 71
1757521813894 1.2649509245306395e+258 72
1757521813967 4.631464695168965e+261 73
1757521814042 1.695754736932224e+265 74
1757521814110 6.208800707965262e+268 75
1757521814179 2.2732772252766194e+272 76
1757521814253 8.323329393278244e+275 77
1757521814331 3.047486308256114e+279 78
1757521814402 1.1158002237071851e+283 79
1757521814469 4.085367457934354e+286 80
1757521814544 1.4958078437102874e+290 81
1757521814618 5.476719360849179e+293 82
1757521814693 2.0052345014517602e+297 83
1757521814766 7.341923405016371e+300 84
1757521814838 2.688156385006414e+304 85
1757521814911 inf 86
