1757441201212 143.63511551889093 0
1757441201314 103.05727137506447 1
1757441201419 112.2468838278664 2
1757441201525 102.89307400180111 3
1757441201630 64.78847623798784 4
1757441201736 68.46942274435858 5
1757441201844 48.25511968910811 6
1757441201952 42.48719632985159 7
1757441202060 29.738068428607168 8
1757441202179 34.022786163093215 9
1757441202336 42.6906261144602 10
1757441202439 6.613069049076415 11
1757441202542 23.73049360797387 12
1757441202649 22.797703671862585 13
1757441202757 56.719684861657456 14
1757441202863 41.01325919033737 15
1757441202966 24.7552734566887 16
1757441203070 40.475972533648665 17
1757441203174 6.8401433138347985 18
1757441203279 0.8960087101213308 19
1757441203383 19.260985208924513 20
1757441203489 26.890674977999602 21
1757441203596 33.59918993955352 22
1757441203706 1.501019455584157 23
1757441203805 11.75421779584019 24
1757441203908 0.00947403637265822 25
1757441204014 0.20586703193790123 26
1757441204119 77.37436293751516 27
1757441204225 34.680387202254494 28
1757441204330 1.8880762015545476 29
1757441204437 49.52687802984194 30
1757441204542 0.106514511926583 31
1757441204651 100.68203524688118 32
1757441204757 0.22071544371844934 33
1757441204864 1.0353333299188765 34
1757441204968 17.147189620445495 35
1757441205075 13.597593777878423 36
1757441205180 80.87592305219782 37
1757441205284 0.004884901413051272 38
1757441205388 0.21569271760240344 39
1757441205492 1.3627936023824003 40
1757441205599 0.0005054721617909873 41
1757441205704 0.4319076967557439 42
1757441205809 9.837448137952606 43
1757441205916 0.3732796093224719 44
1757441206021 21.724007161031555 45
1757441206125 0.859771329880153 46
1757441206231 5.076560363384135 47
1757441206341 5.330923149098764 48
1757441206445 8.296370065865213 49
1757441206550 44.44563620313374 50
1757441206655 5.011049434367272e-07 51
1757441206761 26.329079332702126 52
1757441206865 4.769577661611488 53
1757441206971 8.448201710886977 54
1757441207079 0.08820417418794253 55
1757441207185 97.90176374632141 56
1757441207290 2.1288705898137925 57
1757441207399 15.92138917540959 58
1757441207504 3.818060549996879 59
1757441207608 5.056186892089803 60
1757441207714 7.426832607472656 61
1757441207820 72.30578942814408 62
1757441207927 27.790522135801986 63
1757441208031 12.029000429983414 64
1757441208143 8.222460238756405 65
1757441208244 25.532867323542344 66
1757441208348 0.003816610204605514 67
1757441208452 33.40924448055065 68
1757441208555 67.0898398388555 69
1757441208661 16.879760689403017 70
1757441208761 56.59642448733441 71
1757441208865 1.0889637703387247 72
1757441208967 4.145619106018851 73
1757441209066 1.077328354087539 74
1757441209166 73.71357712106676 75
1757441209269 19.912969783079443 76
1757441209373 1.91838615465496 77
1757441209480 1.7594011798641183 78
