1757437598508 175.77159761393156 0
1757437598569 161.87108700902317 1
1757437598627 162.70084619166227 2
1757437598689 170.79086126426756 3
1757437598747 173.6492570752233 4
1757437598808 165.55128413853862 5
1757437598866 172.76380675087162 6
1757437598925 165.85969178620928 7
1757437598990 161.15975965454356 8
1757437599049 161.36505661840442 9
1757437599100 163.4789575652754 10
1757437599156 157.28721387667588 11
1757437599212 158.90250039665733 12
1757437599275 158.60231826786585 13
1757437599333 160.82271849984846 14
1757437599392 166.30100219488108 15
1757437599454 152.86054807094715 16
1757437599511 158.9308517741974 17
1757437599570 163.0616437220886 18
1757437599629 159.74303419669417 19
1757437599690 164.20698714798965 20
1757437599750 154.95549894587404 21
1757437599813 147.47451420568103 22
1757437599874 151.8022449993959 23
1757437599937 152.56650217265297 24
1757437600002 153.70368011610677 25
1757437600065 154.84568731998357 26
1757437600113 156.7096021996391 27
1757437600169 151.4108019161589 28
1757437600228 151.54800764837282 29
1757437600287 150.59848070410152 30
1757437600349 150.57690969558806 31
1757437600410 147.98978400759583 32
1757437600468 153.08504916825152 33
1757437600528 146.58553643117642 34
1757437600588 145.7946590385978 35
1757437600651 152.41585842726795 36
1757437600714 147.59084968659326 37
1757437600771 150.41331343204 38
1757437600834 150.44037038677865 39
1757437600899 149.9158968290784 40
1757437600965 150.5677389909795 41
1757437601019 138.27820764385552 42
1757437601075 147.21412316597582 43
1757437601123 141.26173027958876 44
1757437601179 144.23097246078422 45
1757437601237 143.20519144103804 46
1757437601298 141.9400406069685 47
1757437601359 143.93465000520555 48
1757437601427 140.19118524501326 49
1757437601490 136.66168735900956 50
1757437601553 137.1916115520325 51
1757437601614 136.66940028308022 52
1757437601676 140.42650283331463 53
1757437601738 138.70301143809306 54
1757437601803 138.7838618815351 55
1757437601866 137.05349979647482 56
1757437601928 136.23441706255053 57
1757437601985 135.85079196217788 58
1757437602045 136.63222982300786 59
1757437602104 130.36321337114936 60
1757437602164 140.0722956257193 61
1757437602225 133.73405880641428 62
1757437602284 127.67110071077886 63
1757437602342 134.86935270930758 64
1757437602405 137.71987252884614 65
1757437602462 131.67906036703394 66
1757437602521 131.99224689130347 67
1757437602576 130.663620524839 68
1757437602641 136.67317810469217 69
1757437602707 131.22660901114807 70
1757437602768 127.28143544380507 71
1757437602830 130.5698421462136 72
1757437602891 127.63894516509217 73
1757437602955 130.3669299928646 74
1757437603018 123.32461311914052 75
1757437603079 133.31274736393996 76
1757437603127 132.2646577930187 77
1757437603186 126.62192051645292 78
1757437603245 129.58726583890788 79
1757437603310 130.45693126090393 80
1757437603372 129.3147581952576 81
1757437603429 132.8948033291867 82
1757437603489 126.01975927772634 83
1757437603548 129.28654581984256 84
1757437603607 124.18313560891907 85
1757437603668 122.79105158975487 86
1757437603727 120.85403086887425 87
1757437603793 120.80565677603767 88
1757437603846 121.89978108241937 89
1757437603906 120.63585169187418 90
1757437603968 119.62462144220041 91
1757437604031 123.8501624040593 92
1757437604095 119.7245581130914 93
1757437604154 120.41934315364928 94
1757437604211 118.03224592256556 95
1757437604274 118.5830556939692 96
1757437604335 118.36647569886273 97
1757437604397 117.91729181863158 98
1757437604452 118.91560558835627 99
1757437604516 123.88766682578344 100
1757437604581 116.22299746202525 101
1757437604641 112.62731107432546 102
1757437604702 117.44805216841576 103
1757437604763 117.27045841821291 104
1757437604823 115.80230170913185 105
1757437604887 117.47411534235972 106
1757437604949 114.21185161061925 107
1757437605009 111.12771804237461 108
1757437605073 110.8129136575988 109
1757437605126 114.40946280178578 110
1757437605189 114.15732052964817 111
1757437605251 117.46060600332852 112
1757437605311 115.48977274366563 113
1757437605374 117.01124579127209 114
1757437605439 109.3325393791901 115
1757437605499 110.12287428315851 116
1757437605562 112.75840867242812 117
1757437605630 112.76726577805901 118
1757437605697 112.1668388034204 119
1757437605762 105.92636927875951 120
1757437605820 114.28398420783608 121
1757437605881 104.83534868012637 122
1757437605949 108.38031493792728 123
1757437606018 102.21890477908792 124
1757437606088 106.06014776227586 125
1757437606154 110.14263460105053 126
1757437606220 108.08742723960104 127
1757437606286 105.99975175745492 128
1757437606354 108.0097756968143 129
1757437606420 111.04961275010065 130
1757437606486 106.10100316816943 131
1757437606552 103.02359435924116 132
1757437606619 107.4804358032087 133
1757437606685 102.88601422727719 134
1757437606753 109.86963761363201 135
1757437606818 101.36286523510877 136
1757437606884 105.7163972757729 137
1757437606953 100.75340649823116 138
1757437607026 107.77260987961195 139
1757437607093 99.23581930071013 140
1757437607154 108.18146975921142 141
1757437607221 103.11082967134234 142
1757437607281 105.28588962974096 143
1757437607346 103.45848286289214 144
1757437607412 101.20607529683636 145
1757437607478 106.15536046991392 146
1757437607545 97.1882894743627 147
1757437607613 101.96004047509916 148
1757437607681 93.36497515412626 149
1757437607750 95.22716623220013 150
1757437607819 98.87292970929799 151
1757437607886 100.88058835613514 152
1757437607954 96.3445723956804 153
1757437608024 98.98966680400916 154
1757437608092 98.14926375020661 155
1757437608160 98.14263954098855 156
1757437608241 97.47698379963272 157
1757437608309 97.66617628659036 158
1757437608377 101.90300186934533 159
1757437608446 94.34159420502183 160
1757437608505 94.16778845328824 161
1757437608556 98.72642497307768 162
1757437608618 91.48913748087028 163
1757437608688 97.3127761260929 164
1757437608753 95.4177431800602 165
1757437608825 97.45417405434719 166
1757437608890 97.26668932442145 167
1757437608960 94.20851879732001 168
1757437609029 91.64373390107517 169
1757437609096 90.2652194194566 170
1757437609158 92.55735904232122 171
1757437609221 99.54469294637967 172
1757437609286 96.11269003115494 173
1757437609349 90.85466539437698 174
1757437609412 90.56385648005026 175
1757437609470 95.28696444168523 176
1757437609534 84.91974556937483 177
1757437609600 91.57316468092995 178
1757437609668 85.72749671059185 179
1757437609736 79.74187503130918 180
1757437609804 95.80387156913446 181
1757437609871 91.37736714340092 182
1757437609937 92.5021224245493 183
1757437610005 91.52593017434043 184
1757437610070 89.56507434653133 185
1757437610133 88.55673536703958 186
1757437610195 85.1021968189961 187
1757437610260 91.83367757839036 188
1757437610326 85.82427040973317 189
1757437610391 87.40773011971203 190
1757437610458 84.19880348763847 191
1757437610526 88.47323680481118 192
1757437610595 83.79700026663743 193
1757437610661 91.77394051740997 194
1757437610728 83.55095819472093 195
1757437610794 90.1361048891289 196
1757437610859 91.2838538536538 197
1757437610925 82.12509312788447 198
1757437610994 82.62962161862424 199
1757437611049 75.85775882825702 200
1757437611113 86.87444146597907 201
1757437611177 85.42790011549019 202
1757437611230 83.94032676595852 203
1757437611292 81.51206606132098 204
1757437611356 81.2796295858505 205
1757437611421 86.15105829649514 206
1757437611489 81.13748641381545 207
1757437611560 88.52200194883277 208
1757437611624 82.96933125020524 209
1757437611689 81.88513960050474 210
1757437611755 75.66566777336277 211
1757437611824 79.07752571639587 212
1757437611891 77.29815442578204 213
1757437611955 78.50374328953191 214
1757437612022 72.25838816863578 215
1757437612091 74.00877191082884 216
1757437612158 83.96209017515837 217
1757437612220 79.51166357629332 218
1757437612288 78.88286549576515 219
1757437612352 87.01764522855402 220
1757437612419 75.40384350811448 221
1757437612481 85.00810785475778 222
1757437612550 71.59348625292097 223
1757437612619 70.86731682995382 224
1757437612688 82.31156950762377 225
1757437612752 80.79072831817619 226
1757437612820 86.1253783652291 227
1757437612887 76.82487773489467 228
1757437612955 81.44095276013108 229
1757437613022 78.8803137506857 230
1757437613082 70.16740094459641 231
1757437613151 75.29043949078562 232
1757437613211 81.73062651911653 233
1757437613276 68.43781659353571 234
1757437613337 81.42232217413475 235
1757437613405 74.44717349998504 236
1757437613465 79.9253421488928 237
1757437613534 72.37927485788687 238
1757437613597 78.91947900076583 239
1757437613662 80.10172472224886 240
1757437613727 66.81172975997748 241
1757437613796 69.5673686124361 242
1757437613868 73.95782215022886 243
1757437613937 68.76116724639142 244
1757437614011 71.76092876671594 245
1757437614086 71.50224797195875 246
1757437614155 71.77029377095748 247
1757437614228 76.489155870295 248
1757437614296 77.44656482725107 249
1757437614365 72.79651750483377 250
1757437614432 71.04717273424517 251
1757437614502 76.94925521879566 252
1757437614581 71.41795049880682 253
1757437614655 70.42434541381199 254
1757437614723 72.22131432499475 255
1757437614793 73.17533695294668 256
1757437614864 72.41815527441292 257
1757437614935 74.72411430477234 258
1757437615004 71.27994165915464 259
1757437615074 59.67381168575424 260
1757437615143 66.90958566998374 261
1757437615210 62.34849232871217 262
1757437615273 69.11102541799978 263
1757437615338 63.650580646947326 264
1757437615406 63.949842976345145 265
1757437615473 67.12485990745624 266
1757437615542 69.44483402451463 267
1757437615613 68.82401125253239 268
1757437615682 70.68026965794378 269
1757437615751 70.48022255745549 270
1757437615819 58.30868314045448 271
1757437615891 64.30413524224706 272
1757437615962 66.06340210948197 273
1757437616032 64.32669456819809 274
1757437616108 68.44479959440471 275
1757437616178 64.8849323076909 276
1757437616249 70.78433996759664 277
1757437616322 73.63403371266443 278
1757437616395 57.52457545613637 279
1757437616467 64.43661288786998 280
1757437616535 64.1411687394899 281
1757437616602 69.84651596250629 282
1757437616671 67.2020575507757 283
1757437616741 70.777047185382 284
1757437616809 58.034582297492584 285
1757437616877 65.79422415025307 286
1757437616946 63.39413862537156 287
1757437617014 71.24343779195267 288
1757437617084 63.73343971527667 289
1757437617153 64.66285614767833 290
1757437617221 60.19982670264958 291
1757437617283 55.774311597072106 292
1757437617351 61.611282672425496 293
1757437617418 57.17005353195869 294
1757437617486 63.49348506678884 295
1757437617553 65.30159280520058 296
1757437617624 64.57361853792438 297
1757437617690 55.79489787288777 298
1757437617754 62.63511473005443 299
1757437617823 61.86216101070002 300
1757437617888 68.59870021676511 301
1757437617953 68.79860813518069 302
1757437618024 61.09768834773042 303
1757437618093 57.188937840437035 304
1757437618157 57.1592092189003 305
1757437618248 58.66383656192886 306
1757437618314 58.669535937506836 307
1757437618379 51.08017769550206 308
1757437618446 56.92772546128597 309
1757437618514 54.07369530909673 310
1757437618585 72.49267079236215 311
1757437618655 55.607013111812705 312
1757437618729 67.87572027671362 313
1757437618803 67.9107032977224 314
1757437618882 47.82562390762313 315
1757437618952 57.099832884237074 316
1757437619020 52.3602530888961 317
1757437619090 60.88193158877904 318
1757437619153 56.50773349595722 319
1757437619208 49.75436156901634 320
1757437619265 52.6188547361906 321
1757437619325 59.21096656136718 322
1757437619386 61.648339933981276 323
1757437619452 51.04398106712854 324
1757437619517 57.400706974194776 325
1757437619584 61.77828486376852 326
1757437619651 56.78565935002911 327
1757437619721 58.190035989566766 328
1757437619792 55.17993987546523 329
1757437619854 55.08718609178148 330
1757437619924 55.08998864351917 331
1757437619995 50.57630854476866 332
1757437620067 52.87410102401258 333
1757437620126 51.903966655489114 334
1757437620195 60.37925869183399 335
1757437620265 52.978288656446416 336
1757437620330 53.7177321112008 337
1757437620393 54.060836358254726 338
1757437620463 58.85365915434251 339
1757437620528 54.973955748015406 340
1757437620600 47.81925105094799 341
1757437620655 54.465667443393855 342
1757437620718 60.75990927650323 343
1757437620781 59.224448680327775 344
1757437620843 56.715771880143635 345
1757437620909 51.47435463289408 346
1757437620977 50.43567469082217 347
1757437621052 47.83405416926156 348
1757437621126 47.60092698121472 349
1757437621198 54.360764858334036 350
1757437621271 54.381482873235704 351
1757437621334 54.88138538817108 352
1757437621399 45.372246416755175 353
1757437621468 51.574653189042884 354
1757437621534 53.97594791413355 355
1757437621605 54.370073876078045 356
1757437621677 54.62271333150369 357
1757437621749 58.39589840606671 358
1757437621822 56.4629341367733 359
1757437621894 51.4284493472413 360
1757437621966 52.627308613168275 361
1757437622042 34.368730604068844 362
1757437622113 56.98219388328932 363
1757437622185 43.971887738847634 364
1757437622255 55.207778764371405 365
1757437622327 57.439669336614834 366
1757437622395 57.1743685188787 367
1757437622466 55.647255327396294 368
1757437622543 42.39262146507182 369
1757437622616 49.63358767260874 370
1757437622687 52.04795596455387 371
1757437622760 45.94883536436932 372
1757437622833 50.20296762856786 373
1757437622906 46.79072053865759 374
1757437622977 43.96426033148855 375
1757437623048 49.027141303855544 376
1757437623119 57.06021413298683 377
1757437623194 51.10322660295017 378
1757437623266 54.36919137239834 379
1757437623336 46.03131363817832 380
1757437623404 43.531421419432796 381
1757437623475 38.028500057660835 382
1757437623551 52.06129936031574 383
1757437623625 58.00076916734408 384
1757437623698 52.791804516935414 385
1757437623772 53.871812789459106 386
1757437623863 50.78307948052775 387
1757437623939 46.7853206918015 388
1757437624012 44.524982997134735 389
1757437624089 48.08094688869815 390
1757437624162 54.62013230100984 391
1757437624234 47.03557759749534 392
1757437624306 48.32926846750348 393
1757437624378 47.94563532814738 394
1757437624454 42.55181279576592 395
1757437624532 42.10349852782611 396
1757437624615 42.67839582588056 397
1757437624686 52.978629124158395 398
1757437624755 52.78907750229947 399
1757437624822 41.71705869136918 400
1757437624893 48.96363121911283 401
1757437624963 55.22309803254347 402
1757437625035 43.96592198372662 403
1757437625110 51.67726074258297 404
1757437625175 36.23714358323087 405
1757437625241 38.820427062529724 406
1757437625312 51.45684658780693 407
1757437625370 56.47000796848241 408
1757437625442 55.49417902168875 409
1757437625528 32.42286553405601 410
1757437625602 49.16230795512922 411
1757437625672 44.50306236271439 412
1757437625742 50.67300162860022 413
1757437625814 39.83268121945773 414
1757437625888 46.174814171669915 415
1757437625962 50.81234101117857 416
1757437626038 32.657113560760266 417
1757437626113 45.68022682034028 418
1757437626193 38.88863989919506 419
1757437626272 53.256388649922876 420
1757437626345 51.02608623654711 421
1757437626423 45.19218167109447 422
1757437626498 36.0329392119626 423
1757437626575 54.986201794181476 424
1757437626650 36.69676300684534 425
1757437626726 36.366098141545955 426
1757437626804 51.70752534313936 427
1757437626879 59.4809237214121 428
1757437626953 47.76910000478898 429
1757437627028 42.18743102042738 430
1757437627103 44.989675815906594 431
1757437627178 39.615288871335856 432
1757437627253 50.149398227017 433
1757437627326 40.14328127923013 434
1757437627393 40.86274774988204 435
1757437627465 41.542005280190345 436
1757437627538 38.230189089595974 437
1757437627611 36.31966643376699 438
1757437627688 40.26038212509167 439
1757437627762 50.10643402373415 440
1757437627839 40.54437964090756 441
1757437627914 36.999613188746956 442
1757437627992 45.169804985294824 443
1757437628066 38.84103295997499 444
1757437628140 35.52439821854519 445
1757437628215 54.718164168945194 446
1757437628291 38.827516268768534 447
1757437628367 41.17921613321458 448
1757437628444 47.47996325421131 449
1757437628519 36.17243044861741 450
1757437628596 41.0328420868502 451
1757437628672 37.99392982530911 452
1757437628751 37.23096543975258 453
1757437628827 41.74325087962594 454
1757437628912 55.140946775823075 455
1757437628985 41.11457482541123 456
1757437629056 34.75964627104452 457
1757437629125 34.70406660285315 458
1757437629184 39.523576376582184 459
1757437629251 30.612372528381616 460
1757437629324 37.48592709903937 461
1757437629385 43.17978713085627 462
1757437629447 38.835867294118806 463
1757437629517 31.98248308473413 464
1757437629587 37.97709597303668 465
1757437629658 29.202366696301297 466
1757437629731 41.64525602098166 467
1757437629803 38.84515467598028 468
1757437629885 38.81990065286848 469
1757437629961 42.80632392267198 470
1757437630036 40.3656947483029 471
1757437630111 46.200063979950684 472
1757437630186 45.46434619195041 473
1757437630264 33.26466106042307 474
1757437630338 37.09919490708327 475
1757437630414 37.496616488357276 476
1757437630490 38.91179617426175 477
1757437630568 37.645817806459355 478
1757437630645 32.97554851255855 479
1757437630725 35.82762538605438 480
1757437630801 39.230701062570866 481
1757437630878 37.63028872211902 482
1757437630954 28.645906042655344 483
1757437631029 43.39947743653346 484
1757437631106 35.078725852376635 485
1757437631179 38.012583497865705 486
1757437631256 36.47915156459473 487
1757437631332 34.032412462736666 488
1757437631404 42.07893998985398 489
1757437631471 32.79029353736613 490
1757437631541 41.94865601107389 491
1757437631608 47.977020488855864 492
1757437631675 31.447292336715496 493
1757437631741 45.570777825530115 494
1757437631810 38.82391790961885 495
1757437631882 26.35244077451175 496
1757437631949 26.638539267790147 497
1757437632018 38.12229521984899 498
1757437632093 32.542501240791005 499
