1757583679998 163.77203459491616 0
1757583680069 318.7908052712354 1
1757583680130 5674.400922743286 2
1757583680195 176056.98484897852 3
1757583680260 5608382.200762923 4
1757583680322 178754132.3917737 5
1757583680385 5697596761.002894 6
1757583680443 181604497465.31885 7
1757583680508 5788439979714.484 8
1757583680573 184500035793023.38 9
1757583680641 5880731817219353.0 10
1757583680697 1.874417342715625e+17 11
1757583680761 5.974495153995915e+18 12
1757583680822 1.9043033550232266e+20 13
1757583680886 6.069753467817317e+21 14
1757583680950 1.934665874682072e+23 15
1757583681011 6.166530595525122e+24 16
1757583681089 1.9655124992472247e+26 17
1757583681201 6.26485075335636e+27 18
1757583681256 1.9968509473667453e+29 19
1757583681311 6.364738543632809e+30 20
1757583681366 2.028689060754673e+32 21
1757583681426 6.46621896093885e+33 22
1757583681489 2.0610348061546245e+35 23
1757583681554 6.569317398376615e+36 24
1757583681618 2.0938962773332177e+38 25
1757583681674 6.674059653919939e+39 26
1757583681739 2.127281697105422e+41 27
1757583681804 6.780471936869501e+42 28
1757583681871 2.1611994193920153e+44 29
1757583681936 6.888580874411579e+45 30
1757583681998 2.1956579313101323e+47 31
1757583682062 6.998413518280524e+48 32
1757583682127 2.230665855296812e+50 33
1757583682194 7.109997351527787e+51 34
1757583682256 2.2662319512666656e+53 35
1757583682318 7.223360295399197e+54 36
1757583682382 2.3023651188037465e+56 37
1757583682444 7.33853071632119e+57 38
1757583682508 2.3390743993885164e+59 39
1757583682570 7.45553743299929e+60 40
1757583682633 2.376368978660322e+62 41
1757583682698 7.574409723629132e+63 42
1757583682763 2.4142581887157445e+65 43
1757583682825 7.695177333222348e+66 44
1757583682891 2.452751510443836e+68 45
1757583682956 7.817870481050175e+69 46
1757583683020 2.491858575898536e+71 47
1757583683086 7.94251986820454e+72 48
1757583683148 2.531589170708724e+74 49
1757583683214 8.069156685280635e+75 50
1757583683278 2.5719532365269606e+77 51
1757583683340 8.197812620181482e+78 52
1757583683407 2.612960873517117e+80 53
1757583683469 8.328519866047081e+81 54
1757583683536 2.654622342881643e+83 55
1757583683600 8.461311129310102e+84 56
1757583683663 2.696948069429384e+86 57
1757583683725 8.596219637879996e+87 58
1757583683793 2.739948644183884e+89 59
1757583683856 8.73327914945715e+90 60
1757583683921 2.7836348270337894e+92 61
1757583683986 8.872523959980246e+93 62
1757583684052 2.8280175494250667e+95 63
1757583684117 9.013988912207958e+96 64
1757583684183 2.8731079170964216e+98 65
1757583684245 9.15770940443742e+99 66
1757583684310 2.9189172128582717e+101 67
1757583684373 9.303721399362036e+102 68
1757583684437 2.9654568994160065e+104 69
1757583684502 9.452061433070214e+105 70
1757583684571 3.0127386222382095e+107 71
1757583684637 9.602766624187597e+108 72
1757583684705 3.06077421247068e+110 73
1757583684768 9.755874683165143e+111 74
1757583684833 3.1095756898969336e+113 75
1757583684900 9.911423921715262e+114 76
1757583684967 3.159155265945849e+116 77
1757583685030 1.0069453262398782e+118 78
1757583685096 3.2095253467472765e+119 79
1757583685161 1.0230002248363689e+121 80
1757583685228 3.2606985362364466e+122 81
1757583685293 1.0393111053240586e+124 82
1757583685362 3.312687639307695e+125 83
1757583685428 1.0558820491194776e+127 84
1757583685493 3.365505665018706e+128 85
1757583685562 1.0727172027139172e+130 86
1757583685627 3.4191658298456187e+131 87
1757583685686 1.0898207787110243e+133 88
1757583685750 3.473681560990369e+134 89
1757583685854 1.1071970568808491e+136 90
1757583685997 3.529066499740148e+137 91
1757583686108 1.1248503852307883e+139 92
1757583686167 3.58533450488117e+140 93
1757583686225 1.1427851810935763e+142 94
1757583686285 3.6424996561662984e+143 95
1757583686348 1.1610059322326113e+145 96
1757583686419 3.700576257838277e+146 97
1757583686485 1.1795171979648994e+148 98
1757583686555 3.7595788422089564e+149 99
1757583686623 1.1983236103019488e+151 100
1757583686689 3.8195221732958272e+152 101
1757583686753 1.2174298751088163e+154 102
1757583686818 3.880421250516108e+155 103
1757583686886 1.2368407732815957e+157 104
1757583686950 3.9422913124402497e+158 105
1757583687011 1.2565611619438e+160 106
1757583687069 4.005147840604912e+161 107
1757583687128 1.2765959756616687e+163 108
1757583687196 4.0690065633867813e+164 109
1757583687263 1.2969502276789759e+166 110
1757583687330 4.133883459938457e+167 111
1757583687398 1.3176290111714682e+169 112
1757583687466 4.1997947641865836e+170 113
1757583687529 1.3386375005212787e+172 114
1757583687592 4.266756968894206e+173 115
1757583687661 1.3599809526117402e+175 116
1757583687723 4.3347868297876673e+176 117
1757583687780 1.381664708142796e+178 118
1757583687835 4.40390136974932e+179 119
1757583687891 1.403694192967372e+181 120
1757583687947 4.4741178830770955e+182 121
1757583688003 1.4260749194490447e+184 122
1757583688060 4.5454539398119767e+185 123
1757583688140 1.4488124878414229e+187 124
1757583688201 4.6179273901345323e+188 125
1757583688265 1.471912587689437e+190 126
1757583688328 4.691556368831298e+191 127
1757583688390 1.4953809992530343e+193 128
1757583688455 4.766359299833064e+194 129
1757583688643 1.5192235949536067e+196 130
1757583688746 4.84235490082463e+197 131
1757583688806 1.5434463408433617e+199 132
1757583688864 4.919562187928576e+200 133
1757583688925 1.568055298098163e+202 134
1757583688992 4.99800048046353e+203 135
1757583689064 1.5930566245342817e+205 136
1757583689131 5.07768940577853e+206 137
1757583689198 1.6184565761492019e+208 138
1757583689270 5.1586489041643056e+209 139
1757583689339 1.6442615086870375e+211 140
1757583689408 5.240899233842596e+212 141
1757583689477 1.6704778792288731e+214 142
1757583689544 5.324460976035638e+215 143
1757583689610 1.697112247808588e+217 144
1757583689681 5.409355040115974e+218 145
1757583689741 1.7241712790542715e+220 146
1757583689809 5.4956026688384825e+221 147
1757583689881 1.7516617438559101e+223 148
1757583689951 5.5832254436560895e+224 149
1757583690018 1.7795905210596957e+226 150
1757583690090 5.67224529011981e+227 151
1757583690155 1.807964599189222e+229 152
1757583690222 5.762684483365167e+230 153
1757583690293 1.8367910781942206e+232 154
1757583690362 5.854565653685962e+233 155
1757583690431 1.8660771712271687e+235 156
1757583690497 5.947911792197228e+236 157
1757583690569 1.8958302064482017e+238 158
1757583690640 6.0427462565878065e+239 159
1757583690704 1.9260576288588515e+241 160
1757583690773 6.139092776965542e+242 161
1757583690840 1.9567670021649364e+244 162
1757583690906 6.236975461794792e+245 163
1757583690973 1.9879660106692566e+247 164
1757583691043 6.336418803929342e+248 165
1757583691111 2.0196624611942923e+250 166
1757583691178 6.437447686740569e+251 167
1757583691248 2.051864285035814e+253 168
1757583691315 6.540087390344686e+254 169
1757583691388 2.0845795399474357e+256 170
1757583691456 6.644363597928081e+257 171
1757583691524 2.1178164121569146e+259 172
1757583691591 6.750302402174062e+260 173
1757583691660 2.151583218414524e+262 174
1757583691725 6.857930311791787e+263 175
1757583691793 2.1858884080741778e+265 176
1757583691860 6.967274258149455e+266 177
1757583691930 2.2207405652075532e+268 178
1757583692004 7.078361602013738e+269 179
1757583692072 2.256148410752312e+271 180
1757583692137 7.191220140395322e+272 181
1757583692210 2.2921208046940194e+274 182
1757583692283 7.305878113505162e+275 183
1757583692355 2.328666748283314e+277 184
1757583692425 7.42236421182053e+278 185
1757583692494 2.3657953862882175e+280 186
1757583692563 7.540707583264474e+281 187
1757583692631 2.40351600928243e+283 188
1757583692700 7.66093784049916e+284 189
1757583692769 2.4418380559700823e+286 190
1757583692836 7.783085068335784e+287 191
1757583692905 2.4807711155474564e+289 192
1757583692972 7.90717983126261e+290 193
1757583693041 2.520324930102571e+292 194
1757583693112 8.033253181093056e+293 195
1757583693181 2.560509397052835e+295 196
1757583693250 8.161336664735606e+296 197
1757583693323 2.601334571621702e+298 198
1757583693393 8.291462332087848e+299 199
1757583693463 2.642810669354726e+301 200
1757583693530 8.42366274405596e+302 201
1757583693597 2.6849480686757505e+304 202
1757583693670 inf 203
1757583693737 inf 204
