1757603700095 0.02921221870959756 0
1757603700200 1.7296687922400371 1
1757603700304 5.406314526359773 2
1757603700408 1.8154315405916235 3
1757603700512 2.1729395639054623 4
1757603700614 0.00012740890469585336 5
1757603700717 0.00792815190569706 6
1757603700820 0.04783880185983465 7
1757603700924 10.748033202029982 8
1757603701028 0.188397763948087 9
1757603701131 0.5696093904524604 10
1757603701235 0.011639055479531495 11
1757603701343 0.00030916106231732363 12
1757603701448 3.072517758316197 13
1757603701588 1.3357235509716057 14
1757603701699 0.7078880848694885 15
1757603701812 0.45730182975049655 16
1757603701920 0.055588281337176554 17
1757603702028 0.575601799612608 18
1757603702135 0.08796712657481298 19
1757603702246 3.1950365179302285 20
1757603702357 1.4743105716073142 21
1757603702464 4.523117129159901 22
1757603702573 2.302341216876794 23
1757603702681 9.559569282827562 24
1757603702788 5.269000948838806 25
1757603702894 0.19822228792056268 26
1757603702998 2.5179443263955865 27
1757603703103 0.09349413568612408 28
1757603703207 6.403942381131796 29
1757603703313 5.317096223705281 30
1757603703423 2.59179366000941 31
1757603703532 0.6931659580590825 32
1757603703640 0.9764068975651319 33
1757603703746 0.01985979133113229 34
1757603703852 0.002176969436561012 35
1757603703958 0.00015179359912082573 36
1757603704062 6.0075504498137695 37
1757603704166 0.15829224217050525 38
1757603704272 7.993162557260563e-06 39
1757603704378 1.6451732137852995 40
1757603704482 2.962559346544267 41
1757603704600 0.22573482608492487 42
1757603704710 0.4649332200649642 43
1757603704819 2.0679963853252463 44
1757603704929 2.8421809530929503 45
1757603705046 1.9247679256942127 46
1757603705156 0.36105403280197135 47
1757603705270 0.22417403114928522 48
1757603705384 0.17141872471116032 49
1757603705494 0.2066449540763701 50
1757603705604 0.7624063478140606 51
1757603705711 0.9870642324615216 52
1757603705815 0.15775755880688505 53
1757603705921 0.055991278358361804 54
1757603706028 2.720307018949484 55
1757603706134 1.4221178444879872 56
1757603706239 4.241137835464405 57
1757603706345 3.9632130125493163 58
1757603706451 2.1839833470615386 59
1757603706556 0.05228246880782071 60
1757603706661 1.3517412724833606 61
1757603706766 13.297148566164703 62
1757603706870 0.4405334910935282 63
1757603706976 0.18755703676708851 64
1757603707081 0.07451631812541697 65
1757603707189 1.0443481103872496 66
1757603707297 2.53440368183397 67
1757603707410 0.16661422177573365 68
1757603707519 3.1653921146243342 69
1757603707628 1.9872440838534926 70
1757603707733 0.15604631294637938 71
1757603707838 0.08999163811296426 72
1757603707942 0.8492745290769274 73
1757603708047 4.869189861627237 74
1757603708152 2.2577730861097747 75
1757603708257 0.8324833365492099 76
1757603708361 1.166596061455201 77
1757603708465 1.6642039099329262 78
1757603708569 2.058469354366774 79
1757603708675 0.8781908855941759 80
1757603708780 1.1337233975187493 81
1757603708885 0.023536770820028363 82
1757603708990 1.8511116344437535 83
1757603709096 3.037666884897862 84
1757603709200 0.0006358213885512035 85
1757603709304 0.49135059255288993 86
1757603709414 0.2347753531432341 87
1757603709520 2.623516602284161 88
1757603709625 0.5877814277491888 89
1757603709730 1.186507709825457 90
1757603709850 19.37868234306866 91
1757603709973 0.2866325559879397 92
1757603710103 1.0545044671981103 93
1757603710242 2.1647743700755897 94
1757603710400 0.18318988124869567 95
1757603710532 0.002070423639771267 96
1757603710657 0.023567750085154725 97
1757603710781 0.10562292097141146 98
1757603710903 1.5710653871736524 99
1757603711020 4.938884491884266 100
1757603711137 0.00044776064651460174 101
1757603711263 0.33803161466099163 102
1757603711380 2.44917977214569 103
1757603711497 5.696819408825192 104
1757603711614 0.08829159581506896 105
1757603711729 3.1598476222812857 106
1757603711840 0.17969863172121595 107
1757603711949 1.879730695311371 108
1757603712059 3.6845661389761233 109
1757603712181 1.0467352004917854 110
1757603712293 0.4414044472186808 111
1757603712405 2.3049775239823442 112
1757603712518 1.1337089146395287 113
1757603712628 6.964326488899068 114
1757603712739 0.8693571159831002 115
1757603712848 0.784899196665801 116
1757603712959 1.8654243189697237 117
1757603713067 2.9120459044880604 118
1757603713173 2.335079003853058 119
1757603713280 0.03934518573629471 120
1757603713387 1.853833177803116 121
1757603713495 0.5461878204984125 122
1757603713602 0.6871059957510608 123
1757603713711 0.19080371480623695 124
1757603713820 0.00847096652667847 125
1757603713930 0.1826728217834885 126
1757603714036 1.0907962069486257 127
1757603714143 2.185805710620209 128
1757603714251 0.07158950653812877 129
1757603714359 0.05732403085988646 130
1757603714465 5.924732004487014 131
1757603714572 0.5066147177105277 132
1757603714680 0.2659999537825413 133
1757603714786 7.703011121896374 134
1757603714892 0.0036471492707239373 135
1757603715007 2.1328216343257256 136
1757603715115 0.40160583477579964 137
1757603715223 2.0281766032816506 138
1757603715332 1.3357926501292225 139
1757603715446 3.046578364078026 140
1757603715558 0.07835806023009516 141
1757603715668 0.47333822418942395 142
1757603715776 3.307836748575128 143
1757603715883 1.0238435947597802 144
1757603715991 0.20342485981180705 145
1757603716100 4.397819066885835 146
1757603716207 0.07746214038318937 147
1757603716315 0.46585633438851315 148
1757603716422 2.4250202090867536 149
1757603716530 0.4240153320549248 150
1757603716636 0.008568325654638213 151
1757603716743 9.199410963464233e-05 152
1757603716849 0.042797177563094424 153
1757603716957 3.8552481410925346 154
1757603717066 2.302149933789904 155
1757603717176 0.33929182858141893 156
1757603717287 0.4049629585860123 157
1757603717399 1.3140767322740254 158
1757603717515 0.46034746030799845 159
1757603717632 2.816649263009718 160
1757603717745 1.6740467921889222 161
1757603717860 5.027774380548933 162
1757603717972 0.9467917821790139 163
1757603718083 2.987809431958504 164
1757603718195 0.028567746696680874 165
1757603718305 0.36899853847296854 166
1757603718415 0.04245379912063015 167
1757603718523 1.836457696651338 168
1757603718631 0.4788783654986366 169
1757603718737 0.0678007942989859 170
1757603718846 0.3033399772740539 171
1757603718954 0.43220939176573236 172
1757603719062 0.05078626527673227 173
1757603719171 0.2562494671431061 174
1757603719279 3.9033256551688686 175
1757603719387 8.512822524318963 176
1757603719499 0.7462331875532543 177
1757603719607 0.08867038504535406 178
1757603719714 6.599457580117212 179
1757603719822 5.50055226445789 180
1757603719931 1.715752607391766 181
1757603720039 2.2590981579600293 182
1757603720146 0.003147792781557043 183
1757603720254 4.258670157198336 184
1757603720361 0.66179200343994 185
1757603720470 0.6220753742737507 186
1757603720578 0.5333239738089496 187
1757603720685 0.08041088983734365 188
1757603720793 2.3841032471140324 189
1757603720902 6.714637924413636 190
1757603721009 1.1691470888424695 191
1757603721116 0.9462299370118801 192
1757603721224 0.001240319582046935 193
1757603721334 2.9260384926884004 194
1757603721443 1.5557163802473013 195
1757603721555 0.00761201750348846 196
1757603721663 2.0354054452444643 197
1757603721771 3.3070321529939797 198
1757603721878 0.04260531144834695 199
1757603721986 3.5442770100422507 200
1757603722094 1.44487622548881 201
1757603722203 1.2091126081037784 202
1757603722379 0.8076859117469596 203
1757603722501 0.5599543277417198 204
1757603722622 2.8132680900542337 205
1757603722737 5.127415610268371 206
1757603722852 1.358641461725967 207
1757603722971 0.018244170570271914 208
1757603723084 0.2962824976269155 209
1757603723199 0.8348113709849097 210
1757603723313 1.9274536717754611 211
1757603723428 0.19147477435158705 212
1757603723545 0.043935814415057985 213
1757603723659 1.0129170917112005 214
1757603723772 2.3375713566233913 215
1757603723887 0.1696872573270004 216
1757603724000 3.4568108228271592 217
1757603724113 1.8938341200354698 218
1757603724227 0.834527948641087 219
1757603724339 2.3836670681400824 220
1757603724449 0.08136959947433882 221
1757603724557 3.1573863860012823 222
1757603724665 2.2782303949280798 223
1757603724773 0.13085905950400398 224
1757603724881 2.559501173364553 225
1757603724992 0.0009437918634898715 226
1757603725108 2.3953152847780044 227
1757603725222 3.648790866910297 228
1757603725332 1.2106411993955606 229
1757603725443 0.9344775756608314 230
1757603725559 0.19079751821578572 231
1757603725670 0.006025889586303676 232
1757603725779 3.9628872402705966 233
1757603725888 0.11496778706431264 234
1757603725997 1.6930983055721505 235
1757603726107 0.3649982708902544 236
1757603726216 1.896757653435604 237
1757603726326 0.06981782913371991 238
1757603726436 0.36849763948682746 239
1757603726546 0.05735584177680313 240
1757603726655 4.953199818954222 241
1757603726765 2.3634160545099556 242
1757603726875 0.29153747463037744 243
1757603726984 0.33128376133112186 244
1757603727093 0.08255912324137611 245
1757603727204 0.283417759655833 246
1757603727317 0.6873172143369422 247
1757603727427 0.04084120478613627 248
1757603727544 0.990206404220817 249
1757603727655 0.0653737655704726 250
1757603727766 1.8084154756720452 251
1757603727875 0.013381093256491965 252
1757603727986 1.2086715037054447 253
1757603728097 2.8601689779381045 254
1757603728207 3.710278171662279 255
1757603728316 0.5803846189791954 256
1757603728426 4.773038775993849 257
1757603728534 2.1596027303221397 258
1757603728643 0.05130725343091158 259
1757603728753 0.746258694337713 260
1757603728862 0.43658196892239803 261
1757603728971 0.2835695224330975 262
1757603729079 3.513561575217193 263
1757603729188 2.564670808982783 264
1757603729298 0.010963942147869424 265
1757603729406 2.7790440099614373 266
1757603729517 1.0755988105379635 267
1757603729629 0.011355864545675423 268
1757603729739 0.13096079690242082 269
1757603729849 4.970506179237923 270
1757603729958 1.731888699942624 271
1757603730068 0.10535482374290689 272
1757603730177 0.3721437321207261 273
1757603730286 10.377289271167243 274
1757603730394 1.5065259376646658 275
1757603730504 0.06690801846493025 276
1757603730615 0.2096906275886842 277
1757603730724 0.31906752863463406 278
1757603730833 0.41812374553990206 279
1757603730943 0.413048337469642 280
1757603731053 1.8020768146954693 281
1757603731162 1.3976190000060889 282
1757603731272 0.8927996820977843 283
1757603731383 0.8168266085166248 284
1757603731493 3.385031515547323 285
1757603731608 0.4760904978159327 286
1757603731718 0.7134965704563809 287
1757603731826 0.2500961572550829 288
1757603731937 0.2817346804331352 289
1757603732046 0.7370257562664941 290
1757603732156 9.57734639689901 291
1757603732268 10.890456353347403 292
1757603732378 0.005660082357347084 293
1757603732488 1.3660004962777614 294
1757603732598 0.6273722834345142 295
1757603732707 0.25349011492646617 296
1757603732817 4.2383350012147645 297
1757603732927 1.4097517951981418 298
1757603733037 0.7529563554578029 299
1757603733147 0.11334424861978819 300
1757603733258 0.34655570908242683 301
1757603733368 2.2446511939368694 302
1757603733481 4.246213464805268 303
1757603733594 2.4456610915984216 304
1757603733705 0.4146725195991884 305
1757603733816 0.05218656788032909 306
1757603733927 0.12667904213542958 307
1757603734038 0.07352692085446014 308
1757603734148 0.10346644832647553 309
1757603734259 2.3104215994749637 310
1757603734371 0.0005570407601181143 311
1757603734482 0.13500476848905033 312
1757603734592 3.021410276933272 313
1757603734702 0.11281153261273026 314
1757603734813 0.5589550029181479 315
1757603734922 0.05853482524949246 316
1757603735048 0.14412385254360596 317
1757603735160 0.6390656062836922 318
1757603735272 1.0222332779681778 319
1757603735382 0.020534202316697708 320
1757603735494 7.220307437778602 321
1757603735609 7.968144998350554 322
1757603735721 0.29809449678240346 323
1757603735832 0.15676921767873664 324
1757603735942 6.617033377485602 325
1757603736055 2.1260687513425625 326
1757603736166 3.1613616067066426 327
1757603736277 2.0750099967352074 328
1757603736389 0.018431747442130206 329
1757603736500 0.910981340029346 330
1757603736613 0.46405467803775724 331
1757603736723 2.1456554025995462 332
1757603736835 1.6334080357127125 333
1757603736946 1.5137195657756004 334
1757603737059 1.505055157460864 335
1757603737172 4.5764785208162015 336
1757603737288 0.011006102802975369 337
1757603737402 0.20877608277941034 338
1757603737516 0.3869897418917418 339
1757603737634 0.4148155867425571 340
1757603737751 2.857703991467054 341
1757603737864 4.56050031324328 342
1757603737975 0.6539502544890979 343
1757603738087 0.01802622861704211 344
1757603738198 4.366754475805978 345
1757603738311 1.8289732491572386 346
1757603738422 11.190121316647247 347
1757603738549 0.15777772716815375 348
1757603738679 2.163754383702757 349
1757603738799 0.13298395600650656 350
1757603738917 0.48001175523975276 351
1757603739035 2.59456574120364 352
1757603739151 0.8998337734400057 353
1757603739263 1.4758906067554067 354
1757603739375 1.0430285631927185 355
1757603739488 2.191222066797271 356
1757603739604 0.8165254763885056 357
1757603739720 0.7032114449965962 358
1757603739833 0.0008470908685794835 359
1757603739945 0.036174818684308316 360
1757603740059 3.7232772435976482 361
1757603740178 1.4210983571784188 362
1757603740298 2.2160092015445025 363
1757603740417 0.15067032123115073 364
1757603740534 7.281445729944416 365
1757603740693 0.11043722461547427 366
1757603740813 2.7492619244003755 367
1757603740929 1.540305338710402 368
1757603741043 1.2084314822823548 369
1757603741156 1.1320294252680243 370
1757603741269 0.48871430139717653 371
1757603741383 1.2775954765230266 372
1757603741496 0.1652497608237083 373
1757603741610 0.6045768461419636 374
1757603741728 1.6378943141252185 375
1757603741843 0.35859065162204146 376
1757603741955 0.4913795702746518 377
1757603742067 1.092105275417406 378
1757603742183 0.037879021383500806 379
1757603742299 0.1351330987531156 380
1757603742415 2.6647123683336167 381
1757603742529 1.2904814797376905 382
1757603742642 2.425518993953772 383
1757603742755 2.8632566352764037 384
1757603742868 2.525019536364639 385
1757603742981 0.02783687974354264 386
1757603743095 1.1595476212231886 387
1757603743208 2.3752802903355184 388
1757603743321 0.8663650330647028 389
1757603743436 4.251720005773314 390
1757603743551 0.19093864548616477 391
1757603743667 0.14407391734102298 392
1757603743782 6.546431281371803 393
1757603743896 3.9267825153095037 394
1757603744011 0.3420837038077065 395
1757603744126 0.0013936601622224867 396
1757603744241 7.394496252602183 397
1757603744358 5.73912501505996 398
1757603744474 0.24087128951506329 399
1757603744589 0.4614378642260401 400
1757603744705 0.04249222134925857 401
1757603744827 0.11265715837511255 402
1757603744947 0.37925313744753547 403
1757603745072 0.18886143231273939 404
1757603745190 5.491049532338448 405
1757603745310 0.7455291413024876 406
1757603745429 0.029779656875163284 407
1757603745544 0.3623550858839904 408
1757603745662 0.01118888627511988 409
1757603745781 0.12426348554534591 410
1757603745897 1.1167866698496127 411
1757603746014 2.441732384147515 412
1757603746131 4.211859432427382 413
1757603746245 1.751022183163131 414
1757603746360 0.2718769308818019 415
1757603746475 2.4530598429957635 416
1757603746589 4.634078304391986 417
1757603746704 0.4089487165024933 418
1757603746818 0.20807078642135704 419
1757603746931 0.4293033828161107 420
1757603747049 1.7623881292404722 421
1757603747163 0.17497455572874154 422
1757603747279 1.5443363376804213 423
1757603747396 0.7733270232099656 424
1757603747512 0.39129991919844354 425
1757603747653 0.007203495704406124 426
1757603747770 1.224901315943055 427
1757603747885 3.2732580102290636 428
1757603748000 0.3016799224276425 429
1757603748114 3.65531154702297 430
1757603748228 0.08432795585298977 431
1757603748343 0.016374203873593455 432
1757603748465 0.3695690302920817 433
1757603748583 0.00994674179027323 434
1757603748697 0.09861293726474814 435
1757603748814 1.261205734454727 436
1757603748928 0.11693161301268994 437
1757603749042 1.1424097622073361 438
1757603749157 0.0005112235338555779 439
1757603749273 1.3603283999695002 440
1757603749389 3.6804016619739297 441
1757603749504 0.8451563898006639 442
1757603749618 0.0022394870966915056 443
1757603749739 1.0435197930534779 444
1757603749855 1.0985549118199087 445
1757603749971 0.4253427957015012 446
1757603750086 1.0525123661324243 447
1757603750200 7.025850289757752 448
1757603750314 0.03275692350378839 449
1757603750428 0.22461260615688367 450
1757603750542 1.2886705961360054 451
1757603750657 2.0543526978040703 452
1757603750774 1.0527380737905279 453
1757603750891 0.8965541311792277 454
1757603751006 2.8927758272732857 455
1757603751122 3.0626192094481524 456
1757603751237 0.04955758420692764 457
1757603751352 6.461593272578963 458
1757603751467 0.40712654917758634 459
1757603751584 0.0036590811244038976 460
1757603751702 0.7421373932692379 461
1757603751817 0.4504920313357416 462
1757603751933 1.0260904310116277 463
1757603752048 0.029102146696247524 464
1757603752164 1.0971082261423277 465
1757603752282 0.08674585582561731 466
1757603752399 0.7476992970427405 467
1757603752515 0.6165935738644817 468
1757603752630 0.003916107538411042 469
1757603752745 0.8986709324706499 470
1757603752859 9.585214477241285 471
1757603752975 0.46322882865260256 472
1757603753091 0.6404091173509703 473
1757603753207 0.0005022039677760019 474
1757603753321 3.783927867478026 475
1757603753435 0.10666655112596936 476
1757603753551 0.09884925525200403 477
1757603753666 4.753676446817086 478
1757603753784 0.41285080133261404 479
1757603753900 0.3564685468873859 480
1757603754039 0.40705875368522726 481
1757603754156 1.102205143119002 482
1757603754274 0.09435317923734779 483
1757603754391 0.7164396046757474 484
1757603754508 3.6153949452462957 485
1757603754624 1.4085831493213634 486
1757603754742 4.382123662129214 487
1757603754858 15.720528806771805 488
1757603754976 0.0020721358807641523 489
1757603755095 0.005483562845696431 490
1757603755211 3.4539473645710594 491
1757603755327 0.03247752522705179 492
1757603755444 0.3505788363385144 493
1757603755560 0.3909616019849457 494
1757603755680 4.609620584847573 495
1757603755797 0.7519451805524822 496
1757603755914 0.00011577755681415158 497
1757603756034 1.7601389184270648 498
1757603756152 0.021307112030226304 499
