1757669426967 163.9850417776955 0
1757669427061 163.7377542078432 1
1757669427159 163.61438177088922 2
1757669427257 163.49105600721606 3
1757669427348 163.36782717666026 4
1757669427431 163.24469518135953 5
1757669427521 163.1216599439827 6
1757669427610 162.9987213872525 7
1757669427701 162.87587943395383 8
1757669427794 162.7531340069339 9
1757669427887 162.630485029102 10
1757669427978 162.50793242342948 11
1757669428073 162.38547611294982 12
1757669428170 162.26311602075842 13
1757669428260 162.14085207001258 14
1757669428351 162.0186841839316 15
1757669428445 161.89661228579658 16
1757669428538 161.77463629895033 17
1757669428638 161.65275614679751 18
1757669428716 161.5309717528044 19
1757669428802 161.40928304049893 20
1757669428889 161.28768993347063 21
1757669428980 161.16619235537058 22
1757669429076 161.04479022991134 23
1757669429171 160.9234834808669 24
1757669429264 160.80227203207266 25
1757669429359 160.6811558074253 26
1757669429449 160.5601347308829 27
1757669429538 160.43920872646473 28
1757669429630 160.31837771825116 29
1757669429722 160.19764163038386 30
1757669429814 160.0770003870655 31
1757669429906 159.9564539125598 32
1757669429997 159.8360021311915 33
1757669430088 159.71564496734626 34
1757669430178 159.59538234547063 35
1757669430271 159.47521419007205 36
1757669430365 159.35514042571876 37
1757669430457 159.23516097703964 38
1757669430551 159.11527576872442 39
1757669430644 158.99548472552334 40
1757669430731 158.87578777224735 41
1757669430818 158.7561848337679 42
1757669430904 158.636675835017 43
1757669430997 158.51726070098695 44
1757669431090 158.3979393567307 45
1757669431185 158.27871172736127 46
1757669431274 158.1595777380523 47
1757669431367 158.04053731403746 48
1757669431458 157.92159038061067 49
1757669431552 157.8027368631261 50
1757669431646 157.68397668699797 51
1757669431739 157.56530977770055 52
1757669431835 157.4467360607681 53
1757669431927 157.32825546179498 54
1757669432020 157.2098679064353 55
1757669432114 157.09157332040317 56
1757669432206 156.97337162947244 57
1757669432299 156.85526275947674 58
1757669432389 156.73724663630946 59
1757669432481 156.61932318592372 60
1757669432571 156.50149233433208 61
1757669432665 156.38375400760685 62
1757669432754 156.26610813187986 63
1757669432840 156.14855463334237 64
1757669432929 156.03109343824505 65
1757669433023 155.913724472898 66
1757669433116 155.79644766367065 67
1757669433212 155.67926293699176 68
1757669433305 155.56217021934933 69
1757669433398 155.44516943729045 70
1757669433491 155.32826051742143 71
1757669433584 155.21144338640772 72
1757669433677 155.09471797097376 73
1757669433770 154.97808419790306 74
1757669433865 154.86154199403796 75
1757669433960 154.74509128627986 76
1757669434054 154.62873200158893 77
1757669434147 154.51246406698414 78
1757669434240 154.39628740954333 79
1757669434335 154.28020195640298 80
1757669434430 154.1642076347582 81
1757669434523 154.0483043718628 82
1757669434615 153.93249209502915 83
1757669434711 153.81677073162808 84
1757669434795 153.70114020908906 85
1757669434882 153.58560045489978 86
1757669434973 153.47015139660647 87
1757669435070 153.3547929618137 88
1757669435167 153.23952507818427 89
1757669435260 153.1243476734392 90
1757669435357 153.00926067535775 91
1757669435456 152.89426401177747 92
1757669435567 152.77935761059368 93
1757669435667 152.66454139976005 94
1757669435768 152.5498153072882 95
1757669435868 152.43517926124764 96
1757669435962 152.32063318976583 97
1757669436055 152.2061770210281 98
1757669436149 152.0918106832776 99
1757669436243 151.97753410481525 100
1757669436337 151.86334721399973 101
1757669436432 151.7492499392474 102
1757669436528 151.63524220903219 103
1757669436627 151.52132395188568 104
1757669436719 151.40749509639699 105
1757669436808 151.29375557121273 106
1757669436897 151.18010530503696 107
1757669436989 151.0665442266311 108
1757669437085 150.95307226481395 109
1757669437182 150.83968934846172 110
1757669437276 150.72639540650772 111
1757669437371 150.61319036794256 112
1757669437462 150.500074161814 113
1757669437557 150.387046717227 114
1757669437651 150.27410796334354 115
1757669437746 150.16125782938252 116
1757669437842 150.04849624462008 117
1757669437932 149.93582313838908 118
1757669438028 149.82323844007934 119
1757669438132 149.71074207913753 120
1757669438226 149.59833398506723 121
1757669438319 149.48601408742857 122
1757669438413 149.37378231583855 123
1757669438504 149.2616385999708 124
1757669438602 149.14958286955553 125
1757669438705 149.0376150543795 126
1757669438796 148.92573508428615 127
1757669438884 148.81394288917517 128
1757669438977 148.7022383990029 129
1757669439069 148.59062154378196 130
1757669439165 148.47909225358134 131
1757669439261 148.3676504585263 132
1757669439356 148.25629608879836 133
1757669439450 148.14502907463532 134
1757669439545 148.03391975422423 135
1757669439638 147.9228623527661 136
1757669439739 147.8118920724912 137
1757669439832 147.70100883011472 138
1757669439927 147.59021255619703 139
1757669440023 147.47950318134872 140
1757669440118 147.3688806362362 141
1757669440213 147.25834485158182 142
1757669440310 147.14789575816354 143
1757669440403 147.03753328681515 144
1757669440501 146.92725736842613 145
1757669440598 146.81706793394153 146
1757669440708 146.70696491436198 147
1757669440809 146.59694824074373 148
1757669440897 146.4870178441985 149
1757669440993 146.37717365589344 150
1757669441087 146.2674156070511 151
1757669441183 146.1577436289494 152
1757669441279 146.04815765292162 153
1757669441376 145.9386576103563 154
1757669441473 145.82924343269718 155
1757669441569 145.71991505144317 156
1757669441665 145.6106723981484 157
1757669441763 145.50151540442207 158
1757669441858 145.3924440019283 159
1757669441952 145.28402027678752 160
1757669442046 145.17540015996985 161
1757669442142 145.0668652200548 162
1757669442237 144.9584152756047 163
1757669442332 144.85005025890624 164
1757669442428 144.74177010225446 165
1757669442523 144.63357473799894 166
1757669442621 144.52546409854367 167
1757669442723 144.417438116347 168
1757669442823 144.30949672392168 169
1757669442909 144.2016398538347 170
1757669442998 144.0938674387074 171
1757669443095 143.9861794112153 172
1757669443193 143.878575704088 173
1757669443291 143.77105625010938 174
1757669443385 143.6636209821173 175
1757669443480 143.55626983300365 176
1757669443576 143.44900273571443 177
1757669443673 143.34181962324948 178
1757669443770 143.2347204286626 179
1757669443868 143.12770508506145 180
1757669443964 143.0207735256075 181
1757669444061 142.91392568351603 182
1757669444158 142.807161492056 183
1757669444255 142.70048088455013 184
1757669444353 142.5938837943747 185
1757669444444 142.48737015495976 186
1757669444541 142.38093989978873 187
1757669444638 142.27459296239863 188
1757669444738 142.16832927637998 189
1757669444834 142.06214877537673 190
1757669444927 141.95605139308614 191
1757669445024 141.85003706325892 192
1757669445125 141.74410571969904 193
1757669445219 141.63825729626373 194
1757669445316 141.5324917268634 195
1757669445412 141.42680894546172 196
1757669445517 141.32120888607537 197
1757669445617 141.21569148277425 198
1757669445744 141.1102566696812 199
1757669445839 141.0049043809721 200
1757669445933 140.89963455087585 201
1757669446030 140.79444711367415 202
1757669446121 140.68934200370163 203
1757669446218 140.58431915534578 204
1757669446315 140.47937850304686 205
1757669446412 140.37451998129782 206
1757669446509 140.2697435246444 207
1757669446608 140.16504906768495 208
1757669446710 140.06043654507044 209
1757669446811 139.95590589150441 210
1757669446903 139.85145704174298 211
1757669446996 139.74708993059465 212
1757669447093 139.6428044929205 213
1757669447192 139.53860066363396 214
1757669447284 139.4344783777008 215
1757669447382 139.3304375701391 216
1757669447481 139.22647817601933 217
1757669447583 139.12260013046404 218
1757669447682 139.01880336864807 219
1757669447777 138.91508782579837 220
1757669447874 138.81145343719407 221
1757669447970 138.70790013816625 222
1757669448083 138.60442786409814 223
1757669448182 138.50103655042483 224
1757669448281 138.39772613263347 225
1757669448376 138.294496546263 226
1757669448474 138.1913477269043 227
1757669448577 138.08827961020006 228
1757669448675 137.98529213184472 229
1757669448775 137.8823852275844 230
1757669448873 137.77955883321695 231
1757669448965 137.67681288459195 232
1757669449057 137.57414731761045 233
1757669449155 137.47156206822518 234
1757669449321 137.36905707244028 235
1757669449492 137.2666322663115 236
1757669449663 137.16428758594589 237
1757669449845 137.06202296750203 238
1757669450046 136.9598383471898 239
1757669450225 136.85773366127032 240
1757669450356 136.75570884605608 241
1757669450493 136.6537638379108 242
1757669450625 136.55189857324933 243
1757669450768 136.45011298853777 244
1757669450908 136.34840702029317 245
1757669451031 136.2467806050838 246
1757669451195 136.1452336795289 247
1757669451332 136.04376618029866 248
1757669451460 135.9423780441142 249
1757669451595 135.8410692077477 250
1757669451739 135.73983960802198 251
1757669451878 135.63868918181078 252
1757669452009 135.53761786603863 253
1757669452140 135.43662559768086 254
1757669452274 135.33571231376334 255
1757669452409 135.2348779513627 256
1757669452539 135.13412244760616 257
1757669452664 135.03344573967152 258
1757669452799 134.9328477647871 259
1757669452938 134.8323284602317 260
1757669453065 134.73188776333464 261
1757669453199 134.63152561147552 262
1757669453321 134.53124194208448 263
1757669453448 134.4310366926418 264
1757669453576 134.33090980067823 265
1757669453700 134.23086120377465 266
1757669453833 134.13089083956214 267
1757669453962 134.030998645722 268
1757669454092 133.9311845599857 269
1757669454220 133.83144852013464 270
1757669454353 133.73179046400045 271
1757669454479 133.63221032946458 272
1757669454595 133.53270805445857 273
1757669454742 133.43328357696387 274
1757669454868 133.33393683501174 275
1757669455004 133.23466776668346 276
1757669455112 133.13547631010982 277
1757669455221 133.0363624034716 278
1757669455338 132.93732598499926 279
1757669455442 132.83836699297294 280
1757669455590 132.73948536572235 281
1757669455709 132.64068104162683 282
1757669455830 132.54195395911538 283
1757669456070 132.4433040566664 284
1757669456202 132.3447312728078 285
1757669456303 132.24623554611696 286
1757669456406 132.14781681522072 287
1757669456511 132.0494750187951 288
1757669456614 131.95121009556556 289
1757669456720 131.85302198430688 290
1757669456823 131.75491062384302 291
1757669456928 131.65687595304718 292
1757669457027 131.55891791084164 293
1757669457124 131.46103643619784 294
1757669457227 131.3632314681364 295
1757669457326 131.26550294572684 296
1757669457432 131.16785080808776 297
1757669457536 131.07027499438675 298
1757669457639 130.97277544384025 299
1757669457740 130.8753520957136 300
1757669457836 130.778004889321 301
1757669457938 130.68073376402552 302
1757669458032 130.58353865923888 303
1757669458131 130.48641951442158 304
1757669458232 130.38937626908282 305
1757669458334 130.29240886278046 306
1757669458435 130.19551723512092 307
1757669458537 130.0987013257592 308
1757669458636 130.00196107439888 309
1757669458739 129.90529642079196 310
1757669458844 129.80870730473896 311
1757669458952 129.7121936660887 312
1757669459051 129.6157554447385 313
1757669459146 129.51939258063405 314
1757669459246 129.42310501376912 315
1757669459347 129.32689268418594 316
1757669459445 129.23075553197484 317
1757669459546 129.13469349727438 318
1757669459646 129.03870652027126 319
1757669459746 128.94279454120033 320
1757669459845 128.84695750034436 321
1757669459945 128.75119533803425 322
1757669460046 128.65550799464881 323
1757669460144 128.55989541061496 324
1757669460248 128.4643575264073 325
1757669460350 128.36889428254844 326
1757669460450 128.2735056196088 327
1757669460551 128.1781914782066 328
1757669460655 128.08295179900773 329
1757669460754 127.98778652272587 330
1757669460860 127.89269559012237 331
1757669460961 127.79767894200619 332
1757669461063 127.70273651923388 333
1757669461157 127.60786826270963 334
1757669461255 127.51307411338497 335
1757669461354 127.41835401225913 336
1757669461457 127.32370790037865 337
1757669461558 127.2291357188375 338
1757669461657 127.13463740877701 339
1757669461759 127.0402129113859 340
1757669461857 126.94586216790012 341
1757669461956 126.85158511960282 342
1757669462056 126.7573817078245 343
1757669462157 126.66325187394274 344
1757669462255 126.5691955593823 345
1757669462358 126.47521270561496 346
1757669462458 126.38130325415969 347
1757669462563 126.28746714658243 348
1757669462667 126.19370432449603 349
1757669462767 126.10001472956039 350
1757669462867 126.00639830348226 351
1757669462968 125.91285498801528 352
1757669463071 125.81938472495993 353
1757669463163 125.7259874561635 354
1757669463266 125.63266312352 355
1757669463371 125.5394116689702 356
1757669463478 125.44623303450153 357
1757669463582 125.35312716214803 358
1757669463683 125.2600939939904 359
1757669463786 125.16713347215592 360
1757669463886 125.07424553881833 361
1757669463985 124.98143013619794 362
1757669464085 124.8886872065615 363
1757669464191 124.79601669222212 364
1757669464292 124.70341853553938 365
1757669464396 124.61089267891913 366
1757669464497 124.51843906481355 367
1757669464599 124.42605763572115 368
1757669464706 124.33374833418658 369
1757669464836 124.2415111028007 370
1757669464940 124.1493458842006 371
1757669465042 124.05725262106941 372
1757669465137 123.96523125613638 373
1757669465232 123.87328173217678 374
1757669465335 123.78140399201196 375
1757669465434 123.6895979785091 376
1757669465544 123.5978636345815 377
1757669465647 123.50620090318817 378
1757669465756 123.41460972733412 379
1757669465861 123.32309005007009 380
1757669465961 123.23164181449266 381
1757669466065 123.14026496374417 382
1757669466166 123.0489594410126 383
1757669466271 122.9577251895317 384
1757669466372 122.86656215258076 385
1757669466470 122.77547027348471 386
1757669466572 122.6844494956141 387
1757669466673 122.59349976238494 388
1757669466772 122.50262101725873 389
1757669466871 122.41181320374247 390
1757669466974 122.32107626538853 391
1757669467077 122.23041014579466 392
1757669467176 122.13981478860401 393
1757669467272 122.04929013750498 394
1757669467374 121.95883613623128 395
1757669467474 121.86845272856179 396
1757669467579 121.77813985832069 397
1757669467679 121.68789746937719 398
1757669467779 121.59772550564576 399
1757669467881 121.50762391108586 400
1757669467983 121.41759262970203 401
1757669468095 121.32763160554383 402
1757669468204 121.23774078270579 403
1757669468307 121.14792010532742 404
1757669468409 121.05816951759306 405
1757669468513 120.96848896373199 406
1757669468610 120.87887838801826 407
1757669468715 120.78933773477084 408
1757669468818 120.69986694835328 409
1757669468925 120.61046597317402 410
1757669469030 120.52113475368604 411
1757669469134 120.4318732343871 412
1757669469227 120.34268135981955 413
1757669469327 120.25355907457019 414
1757669469430 120.16450632327057 415
1757669469532 120.07552305059666 416
1757669469632 119.98660920126878 417
1757669469735 119.89776472005188 418
1757669469837 119.80898955175522 419
1757669469943 119.72028364123243 420
1757669470046 119.63164693338142 421
1757669470148 119.5430793731445 422
1757669470254 119.45458090550814 423
1757669470358 119.36615147550309 424
1757669470457 119.27779102820426 425
1757669470563 119.1894995087307 426
1757669470667 119.10127686224563 427
1757669470765 119.01312303395628 428
1757669470866 118.92503796911392 429
1757669470968 118.83702161301393 430
1757669471072 118.74907391099549 431
1757669471176 118.6611948084419 432
1757669471291 118.57338425078025 433
1757669471392 118.48564218348153 434
1757669471497 118.39796855206053 435
1757669471599 118.31036330207587 436
1757669471702 118.22282637912984 437
1757669471807 118.1353577288687 438
1757669471908 118.04795729698202 439
1757669472012 117.96062502920337 440
1757669472117 117.87336087130974 441
1757669472224 117.78616476912181 442
1757669472328 117.6990366685037 443
1757669472430 117.61197651536308 444
1757669472535 117.52498425565115 445
1757669472641 117.43805983536252 446
1757669472743 117.3512032005352 447
1757669472845 117.26441429725055 448
1757669472948 117.17769307163334 449
1757669473052 117.09103946985152 450
1757669473156 117.00445343811647 451
1757669473251 116.91793492268262 452
1757669473357 116.83148386984776 453
1757669473466 116.74510022595271 454
1757669473574 116.6587839373815 455
1757669473681 116.5725349505612 456
1757669473784 116.48635321196203 457
1757669473888 116.4002386680971 458
1757669473993 116.3141912655226 459
1757669474097 116.22821095083762 460
1757669474202 116.14229767068424 461
1757669474307 116.05645137174737 462
1757669474413 115.97067200075475 463
1757669474520 115.88495950447698 464
1757669474625 115.79931382972738 465
1757669474729 115.71373492336213 466
1757669474834 115.62822273227998 467
1757669474935 115.54277720342245 468
1757669475039 115.45739828377371 469
1757669475142 115.37208592036043 470
1757669475247 115.28684006025193 471
1757669475343 115.20166065056011 472
1757669475446 115.1165476384393 473
1757669475562 115.03150097108636 474
1757669475670 114.94652059574045 475
1757669475773 114.86160645968334 476
1757669475875 114.77675851023899 477
1757669476000 114.6919766947738 478
1757669476103 114.60726096069641 479
1757669476207 114.52261125545772 480
1757669476311 114.43802752655094 481
1757669476417 114.35350972151137 482
1757669476522 114.26905778791652 483
1757669476631 114.18467167338603 484
1757669476733 114.10035132558168 485
1757669476840 114.01609669220719 486
1757669476946 113.93190772100841 487
1757669477050 113.84778435977314 488
1757669477156 113.76372655633116 489
1757669477259 113.67973425855412 490
1757669477358 113.59580741435563 491
1757669477464 113.51194597169113 492
1757669477569 113.42814987855783 493
1757669477672 113.34441908299485 494
1757669477774 113.26075353308292 495
1757669477878 113.17715317694461 496
1757669477983 113.09361796274413 497
1757669478093 113.01014783868729 498
1757669478206 112.92674275302161 499
