1757430774504 129.14762750959218 0
1757430774635 118.87452686506636 1
1757430774756 100.92877389164141 2
1757430774868 70.46807429430552 3
1757430774984 80.85466504751963 4
1757430775126 63.28706020524725 5
1757430775245 41.95342860921276 6
1757430775356 49.15438445969057 7
1757430775473 76.93057879357761 8
1757430775587 26.716919377828194 9
1757430775703 19.30981376572175 10
1757430775816 37.60858980396463 11
1757430775927 56.61387549557481 12
1757430776077 52.574863053713734 13
1757430776241 32.727038522128154 14
1757430776363 59.183134576813224 15
1757430776483 44.4187016709902 16
1757430776603 14.133600432694042 17
1757430776726 4.770111353909407 18
1757430776847 16.063069446741675 19
1757430776961 10.41149758123602 20
1757430777080 15.26372455322066 21
1757430777195 35.37564941772874 22
1757430777310 13.449409502937955 23
1757430777424 25.965251833605038 24
1757430777546 19.599628254684998 25
1757430777659 20.928050922602992 26
1757430777773 10.58871396150859 27
1757430777962 31.70216344386942 28
1757430778085 38.687129205491175 29
1757430778209 13.290984893736294 30
1757430778331 33.324132581013174 31
1757430778456 3.475384098400348 32
1757430778606 39.56902111411407 33
1757430778737 4.389676981242395 34
1757430778864 42.03106629011549 35
1757430778987 6.092619435599669 36
1757430779111 49.51386991123849 37
1757430779231 29.895513249850687 38
1757430779357 28.002148597199685 39
1757430779482 6.9829356489235295 40
1757430779608 90.50144634104491 41
1757430779725 10.150052376996618 42
1757430779843 54.39763527552198 43
1757430779960 22.057109636078348 44
1757430780076 82.06736789844702 45
1757430780203 37.21477910474511 46
1757430780435 12.559035780316549 47
1757430780642 58.697189826890316 48
1757430780783 0.014540772646558273 49
1757430780923 23.278864701404725 50
1757430781054 50.618257589370195 51
1757430781186 70.21840067170332 52
1757430781313 43.58163021289102 53
1757430781436 14.629130060958829 54
1757430781559 15.531949976334648 55
1757430781684 10.09077181741477 56
1757430781809 34.77220557144345 57
1757430781931 10.351868551047446 58
1757430782046 74.8172771324931 59
1757430782161 19.780971243340495 60
