1757440432986 169.28814147891865 0
1757440433058 166.9250746043329 1
1757440433123 165.7166253565453 2
1757440433184 164.49143912672693 3
1757440433246 163.27553155144153 4
1757440433308 162.06873474474074 5
1757440433367 160.87098061706791 6
1757440433428 159.68220121784375 7
1757440433487 158.50232910923404 8
1757440433550 157.33129736086835 9
1757440433607 156.1690395460239 10
1757440433668 155.01548973783278 11
1757440433730 153.870582505518 12
1757440433798 152.73425291065757 13
1757440433864 151.60643650347706 14
1757440433924 150.48706931916988 15
1757440433982 149.37608787424531 16
1757440434037 148.27342916290405 17
1757440434093 147.17903065344106 18
1757440434145 146.0928302846757 19
1757440434202 145.0147664624083 20
1757440434261 143.94477805590387 21
1757440434324 142.88280439440214 22
1757440434388 141.82878526365386 23
1757440434454 140.78266090248317 24
1757440434517 139.74437199937591 25
1757440434578 138.7138596890938 26
1757440434640 137.6910655493137 27
1757440434702 136.6759315972926 28
1757440434764 135.66840028655753 29
1757440434823 134.6684145036205 30
1757440434881 133.67591756471808 31
1757440434943 132.69085321257555 32
1757440435008 131.7131656131956 33
1757440435070 130.74279935267108 34
1757440435129 129.77969943402158 35
1757440435190 128.8238112740542 36
1757440435254 127.87508070024792 37
1757440435319 126.9334539476609 38
1757440435384 125.99887765586203 39
1757440435450 125.07129886588457 40
1757440435515 124.15066501720361 41
1757440435584 123.23692394473562 42
1757440435650 122.33002387586109 43
1757440435718 121.42991342746933 44
1757440435785 120.53654160302563 45
1757440435851 119.64985778966046 46
1757440435917 118.76981175528057 47
1757440435988 117.89635364570213 48
1757440436049 117.0294339818049 49
1757440436110 116.16900365670853 50
1757440436172 115.31501393296945 51
1757440436231 114.46741643979945 52
1757440436292 113.62616317030488 53
1757440436353 112.79120647874667 54
1757440436413 111.96249907782115 55
1757440436472 111.13999403596117 56
1757440436531 110.32364477465768 57
1757440436589 109.51340506580144 58
1757440436652 108.70922902904469 59
1757440436718 107.91107112918287 60
1757440436783 107.11888617355581 61
1757440436849 106.33262930946871 62
1757440436916 105.55225602163249 63
1757440436983 104.77772212962334 64
1757440437049 104.0089837853615 65
1757440437120 103.24599747060898 66
1757440437188 102.4887199944862 67
1757440437255 101.73710849100716 68
1757440437325 100.99112041663345 69
1757440437392 100.25071354784643 70
1757440437460 99.5158459787378 71
1757440437525 98.78647611861835 72
1757440437596 98.06256268964474 73
1757440437664 97.34406472446398 74
1757440437735 96.63094156387591 75
1757440437805 95.92315285451303 76
1757440437872 95.22065854653809 77
1757440437936 94.52341889135865 78
1757440438007 93.8313944393593 79
1757440438067 93.1445460376506 80
1757440438130 92.4628348278351 81
1757440438195 91.78622224379019 82
1757440438260 91.11467000946783 83
1757440438327 90.4481401367104 84
1757440438408 89.7865949230835 85
1757440438475 89.12999694972468 86
1757440438543 88.47830907920876 87
1757440438609 87.83149445342879 88
1757440438676 87.18951649149332 89
1757440438747 86.55233888763941 90
1757440438822 85.91992560916123 91
1757440438884 85.29224089435442 92
1757440438947 84.66924925047597 93
1757440439007 84.05091545171922 94
1757440439058 83.43720453720431 95
1757440439129 82.82808180898384 96
1757440439179 82.22351283006333 97
1757440439227 81.62346342243664 98
1757440439275 81.02789966513642 99
1757440439331 80.43678789229894 100
1757440439390 79.85009469124363 101
1757440439453 79.26778690056713 102
1757440439518 78.68983160825161 103
1757440439581 78.11619614978736 104
1757440439644 77.54684810630964 105
1757440439711 76.98175530274924 106
1757440439777 76.42088580599743 107
1757440439845 75.86420792308432 108
1757440439912 75.31169019937118 109
1757440439982 74.76330141675628 110
1757440440050 74.21901059189427 111
1757440440105 73.67878697442899 112
1757440440168 73.14260004523959 113
1757440440230 72.61041951469966 114
1757440440295 72.08221532094997 115
1757440440362 71.55795762818359 116
1757440440429 71.03761682494442 117
1757440440496 70.52116352243833 118
1757440440564 70.00856855285691 119
1757440440630 69.49980296771419 120
1757440440698 68.99483803619549 121
1757440440767 68.49364524351896 122
1757440440835 67.99619628930941 123
1757440440904 67.50246308598439 124
1757440440973 67.01241775715224 125
1757440441042 66.52603263602262 126
1757440441111 66.04328026382854 127
1757440441180 65.56413338826066 128
1757440441249 65.08856496191311 129
1757440441335 64.61654814074112 130
1757440441406 64.1480562825303 131
1757440441475 63.6830629453775 132
1757440441540 63.2215418861829 133
1757440441603 62.76346705915363 134
1757440441666 62.30881261431867 135
1757440441732 61.85755289605472 136
1757440441793 61.40966244162359 137
1757440441856 60.96511597972012 138
1757440441921 60.52388842903136 139
1757440441985 60.085954896806534 140
1757440442048 59.65129067743766 141
1757440442102 59.21987125105105 142
1757440442161 58.79167228210921 143
1757440442211 58.366669618023494 144
1757440442260 57.944839287776965 145
1757440442320 57.52615750055781 146
1757440442383 57.110600644403014 147
1757440442451 56.69814528485215 148
1757440442513 56.288768163611444 149
1757440442574 55.8824461972278 150
1757440442640 55.479156475772875 151
1757440442707 55.078876261537 152
1757440442776 54.68158298773301 153
1757440442845 54.28725425720977 154
1757440442917 53.89586784117545 155
1757440442987 53.507401677930396 156
1757440443055 53.12183387160947 157
1757440443128 52.73914269093396 158
1757440443196 52.3593065679729 159
1757440443272 51.9823040969136 160
1757440443339 51.60811403284155 161
1757440443403 51.23671529052945 162
1757440443470 50.86808694323539 163
1757440443540 50.5022082215101 164
1757440443608 50.13905851201308 165
1757440443676 49.778617356337804 166
1757440443742 49.42086444984563 167
1757440443810 49.06577964050855 168
1757440443877 48.713342927760706 169
1757440443950 48.363534461358455 170
1757440444021 48.01633454024907 171
1757440444086 47.67172361144797 172
1757440444150 47.32968226892441 173
1757440444213 46.990191252495485 174
1757440444280 46.6532314467286 175
1757440444347 46.31878387985208 176
1757440444413 45.98682972267403 177
1757440444483 45.65735028750939 178
1757440444553 45.330327027114926 179
1757440444623 45.00574153363247 180
1757440444694 44.68357553753983 181
1757440444763 44.36381090660988 182
1757440444835 44.046429644877264 183
1757440444907 43.73141389161308 184
1757440444974 43.41874592030709 185
1757440445041 43.10840813765774 186
1757440445112 42.80038308256973 187
1757440445185 42.494653425159136 188
1757440445254 42.19120196576598 189
1757440445323 41.89001163397436 190
1757440445390 41.59106548763986 191
1757440445456 41.29434671192425 192
1757440445526 40.99983861833755 193
1757440445593 40.707524643787266 194
1757440445660 40.4173883496348 195
1757440445734 40.12941342075894 196
1757440445803 39.843583664626365 197
1757440445872 39.559883010369326 198
1757440445940 39.27829550786996 199
1757440446010 38.998805326851894 200
1757440446082 38.72139675597829 201
1757440446145 38.44605420195701 202
1757440446210 38.17276218865232 203
1757440446275 37.901505356203316 204
1757440446343 37.63226846014911 205
1757440446408 37.36503637056044 206
1757440446473 37.099794071177854 207
1757440446541 36.83652665855651 208
1757440446606 36.57521934121732 209
1757440446671 36.315857438804386 210
1757440446747 36.05842638124901 211
1757440446816 35.80291170793976 212
1757440446886 35.54929906689902 213
1757440446958 35.297574213965525 214
1757440447026 35.04772301198317 215
1757440447094 34.79973142999595 216
1757440447161 34.55358554244885 217
1757440447232 34.30927152839487 218
1757440447299 34.06677567070794 219
1757440447368 33.82608435530178 220
1757440447438 33.58718407035471 221
1757440447505 33.35006140554017 222
1757440447577 33.114703051263135 223
1757440447645 32.88109579790227 224
1757440447716 32.649226535057736 225
1757440447787 32.41908225080473 226
1757440447856 32.19065003095254 227
1757440447926 31.963917058309317 228
1757440447995 31.738870611952322 229
1757440448065 31.515498066503614 230
1757440448129 31.29378689141118 231
1757440448190 31.0737246502357 232
1757440448261 30.855298999942427 233
1757440448329 30.638497690198417 234
1757440448394 30.42330856267526 235
1757440448461 30.209719550356837 236
1757440448529 29.99771867685239 237
1757440448601 29.78729405571477 238
1757440448669 29.5784338897638 239
1757440448739 29.37112647041473 240
1757440448807 29.165360177011696 241
1757440448877 28.96112347616635 242
1757440448948 28.75840492110127 243
1757440449016 28.557193150998497 244
1757440449085 28.35747689035284 245
1757440449157 28.159244948330137 246
1757440449227 27.962486218130312 247
1757440449297 27.76718967635519 248
1757440449376 27.573344382381197 249
1757440449445 27.38093947773661 250
1757440449511 27.189964185483625 251
1757440449581 27.00040780960506 252
1757440449637 26.812259734395624 253
1757440449695 26.625509423857785 254
1757440449760 26.44014642110221 255
1757440449830 26.256160347752775 256
1757440449902 26.07354090335586 257
1757440449976 25.892277864794348 258
1757440450050 25.712361085705794 259
1757440450125 25.533780495905194 260
1757440450187 25.35652610081193 261
1757440450252 25.180587980881086 262
1757440450320 25.005956291039077 263
1757440450394 24.832621260123542 264
1757440450469 24.660573190327337 265
1757440450542 24.48980245664685 266
1757440450615 24.320299506334347 267
1757440450688 24.152054858354592 268
1757440450759 23.985059102845437 269
1757440450832 23.819302900582453 270
1757440450901 23.65477698244772 271
1757440450971 23.491472148902506 272
1757440451038 23.329379269463967 273
1757440451111 23.168489282185757 274
1757440451182 23.008793193142566 275
1757440451253 22.850282075918543 276
1757440451321 22.692947071099574 277
1757440451392 22.53677938576935 278
1757440451465 22.38177029300926 279
1757440451537 22.227911131402013 280
1757440451608 22.075193304539074 281
1757440451678 21.923608280531727 282
1757440451750 21.773147591525827 283
1757440451820 21.623802833220285 284
1757440451890 21.475565664389077 285
1757440451963 21.328427806406886 286
1757440452038 21.18238104277836 287
1757440452109 21.037417218670836 288
1757440452176 20.893528240450674 289
1757440452247 20.750706075222975 290
1757440452310 20.608942750374876 291
1757440452375 20.468230353122163 292
1757440452439 20.328561030059415 293
1757440452509 20.189926986713434 294
1757440452578 20.05232048710013 295
1757440452654 19.915733853284657 296
1757440452729 19.78015946494493 297
1757440452803 19.64558975893837 298
1757440452875 19.51201722887191 299
1757440452944 19.379434424675335 300
1757440453015 19.247833952177704 301
1757440453083 19.11720847268705 302
1757440453154 18.98755070257319 303
1757440453227 18.858853412853712 304
1757440453297 18.73110942878306 305
1757440453373 18.604311629444716 306
1757440453444 18.478452947346458 307
1757440453523 18.353526368018663 308
1757440453600 18.229524929615632 309
1757440453674 18.10644172251988 310
1757440453747 17.984269888949466 311
1757440453819 17.86300262256827 312
1757440453891 17.74263316809917 313
1757440453964 17.6231548209401 314
1757440454037 17.504560926783125 315
1757440454109 17.38684488123625 316
1757440454180 17.270000129448135 317
1757440454249 17.15402016573563 318
1757440454322 17.038898533214144 319
1757440454393 16.924628823430705 320
1757440454463 16.81120467599986 321
1757440454533 16.698619778242335 322
1757440454601 16.586867864826324 323
1757440454673 16.475942717411545 324
1757440454745 16.365838164295997 325
1757440454819 16.256548080065297 326
1757440454891 16.148066385244704 327
1757440454964 16.040387045953775 328
1757440455035 15.93350407356357 329
1757440455107 15.827411524356503 330
1757440455179 15.722103499188696 331
1757440455249 15.617574143154918 332
1757440455319 15.513817645256003 333
1757440455393 15.410828238068808 334
1757440455465 15.308600197418645 335
1757440455535 15.207127842054136 336
1757440455609 15.106405533324626 337
1757440455681 15.006427674859875 338
1757440455754 14.907188712252273 339
1757440455824 14.808683132741427 340
1757440455895 14.71090546490107 341
1757440455968 14.613850278328396 342
1757440456041 14.517512183335661 343
1757440456112 14.421885830644174 344
1757440456182 14.32696591108056 345
1757440456251 14.232747155275277 346
1757440456317 14.139224333363485 347
1757440456385 14.046392254688058 348
1757440456455 13.954245767504956 349
1757440456528 13.862779758690674 350
1757440456602 13.771989153452036 351
1757440456677 13.681868915038024 352
1757440456751 13.592414044453953 353
1757440456824 13.503619580177611 354
1757440456898 13.415480597877682 355
1757440456975 13.32799221013419 356
1757440457048 13.241149566161093 357
1757440457124 13.154947851530984 358
1757440457202 13.06938228790181 359
1757440457278 12.98444813274571 360
1757440457356 12.900140679079783 361
1757440457431 12.816455255199061 362
1757440457505 12.733387224411326 363
1757440457579 12.650931984773965 364
1757440457654 12.569084968832898 365
1757440457728 12.487841643363318 366
1757440457801 12.40719750911253 367
1757440457873 12.327148100544624 368
1757440457944 12.247688985587088 369
1757440458019 12.168815765379389 370
1757440458091 12.09052407402336 371
1757440458163 12.012809578335515 372
1757440458235 11.935667977601211 373
1757440458300 11.859095003330696 374
1757440458365 11.783086419016929 375
1757440458434 11.707638019895272 376
1757440458504 11.632745632705 377
1757440458574 11.558405115452517 378
1757440458648 11.484612357176488 379
1757440458723 11.411363277714612 380
1757440458800 11.338653827472237 381
1757440458878 11.266479987192692 382
1757440458951 11.194837767729323 383
1757440459027 11.123723209819252 384
1757440459098 11.053132383858868 385
1757440459176 10.98306138968098 386
1757440459247 10.913506356333672 387
1757440459322 10.844463441860755 388
1757440459398 10.775928833083979 389
1757440459483 10.707898745386778 390
1757440459555 10.640369422499736 391
1757440459627 10.57333713628757 392
1757440459702 10.506798186537791 393
1757440459760 10.440748900750945 394
1757440459823 10.375185633932382 395
1757440459889 10.31010476838567 396
1757440459958 10.245502713507474 397
1757440460031 10.181375905584071 398
1757440460103 10.11772080758931 399
1757440460174 10.05453390898415 400
1757440460241 9.991811725517705 401
1757440460302 9.929550799029746 402
1757440460367 9.867747697254709 403
1757440460436 9.806399013627194 404
1757440460506 9.745501367088925 405
1757440460580 9.685051401897127 406
1757440460655 9.625045787434383 407
1757440460730 9.565481218019897 408
1757440460806 9.506354412722219 409
1757440460880 9.447662115173292 410
1757440460966 9.38940109338402 411
1757440461037 9.33156813956111 412
1757440461111 9.274160069925356 413
1757440461185 9.217173724531273 414
1757440461260 9.160605967088093 415
1757440461333 9.104453684782086 416
1757440461410 9.048713788100246 417
1757440461486 8.993383210655303 418
1757440461563 8.938458909012024 419
1757440461637 8.883937862514852 420
1757440461712 8.829817073116807 421
1757440461785 8.776093565209719 422
1757440461858 8.722764385455692 423
1757440461931 8.669826602619874 424
1757440462009 8.61727730740445 425
1757440462086 8.565113612283932 426
1757440462160 8.513332651341623 427
1757440462231 8.461931580107375 428
1757440462300 8.410907575396514 429
1757440462364 8.360257835150033 430
1757440462436 8.309979578275929 431
1757440462510 8.260070044491762 432
1757440462584 8.210526494168414 433
1757440462661 8.161346208175 434
1757440462737 8.112526487724937 435
1757440462812 8.064064654223195 436
1757440462885 8.015958049114706 437
1757440462959 7.968204033733861 438
1757440463041 7.920799989155197 439
1757440463114 7.8737433160451795 440
1757440463189 7.82703143451509 441
1757440463267 7.780661783975055 442
1757440463341 7.734631822989141 443
1757440463418 7.688939029131544 444
1757440463493 7.643580898843867 445
1757440463563 7.598554947293482 446
1757440463637 7.5538587082329425 447
1757440463715 7.5094897338604465 448
1757440463791 7.46544559468139 449
1757440463867 7.421723879370871 450
1757440463941 7.378322194637353 451
1757440464017 7.335238165087263 452
1757440464094 7.292469433090617 453
1757440464168 7.250013658647697 454
1757440464244 7.2078685192567065 455
1757440464321 7.166031709782413 456
1757440464394 7.124500942325773 457
1757440464464 7.0832739460945815 458
1757440464538 7.04234846727505 459
1757440464610 7.001722268904367 460
1757440464684 6.961393130744195 461
1757440464766 6.921358849155178 462
1757440464838 6.881617236972329 463
1757440464915 6.8421661233813715 464
1757440464991 6.803003353796036 465
1757440465070 6.76412678973627 466
1757440465147 6.725534308707329 467
1757440465223 6.687223804079817 468
1757440465299 6.649193184970608 469
1757440465374 6.611440376124698 470
1757440465450 6.573963317797898 471
1757440465524 6.536759965640425 472
1757440465599 6.49982829058137 473
1757440465670 6.463166278714062 474
1757440465747 6.426771931182248 475
1757440465822 6.390643264067168 476
1757440465899 6.354778308275448 477
1757440465977 6.319175109427852 478
1757440466050 6.283831727748864 479
1757440466122 6.248746237957121 480
1757440466193 6.213916729156656 481
1757440466263 6.179341304728933 482
1757440466351 6.145018082225731 483
1757440466423 6.110945193262832 484
1757440466497 6.077120783414469 485
1757440466575 6.043543012108621 486
1757440466652 6.010210052523052 487
1757440466811 5.977120091482158 488
1757440466891 5.944271329354595 489
1757440466964 5.911661979951626 490
1757440467039 5.879290270426299 491
1757440467115 5.847154441173338 492
1757440467192 5.815252745729824 493
1757440467270 5.783583450676569 494
1757440467346 5.752144835540284 495
1757440467423 5.720935192696453 496
1757440467499 5.689952827272959 497
1757440467575 5.659196057054398 498
1757440467653 5.628663212387154 499
