1757672957603 83.41578985124539 0
1757672957723 31.35499289164495 1
1757672957841 13.856806410020242 2
1757672957953 7.20869736052917 3
1757672958079 3.8844290614241097 4
1757672958192 5.416890762852417 5
1757672958304 0.5957300905727142 6
1757672958415 0.06385053752706243 7
1757672958524 0.0004727817587109955 8
1757672958636 27.962404765306335 9
1757672958746 3.5310174355012927 10
1757672958856 0.2916744845435825 11
1757672958967 0.2604718077874792 12
1757672959080 0.39194948579979055 13
1757672959190 0.001441728766440959 14
1757672959300 0.9999400902004429 15
1757672959410 3.168779174142858 16
1757672959519 2.150478636157254 17
1757672959629 0.4634836064667994 18
1757672959738 8.211265553739526e-05 19
1757672959847 0.1106671992870185 20
1757672959957 0.2132007602499399 21
1757672960069 2.106350675768387 22
1757672960179 0.11846035491927001 23
1757672960289 0.006672251486989704 24
1757672960399 2.041191677336776 25
1757672960509 10.293865114355217 26
1757672960619 0.1049999700943678 27
1757672960733 0.42652029607690506 28
1757672960844 0.7402695159197763 29
1757672960954 0.9113079846620676 30
1757672961065 0.4256959802047223 31
1757672961174 2.381645218678345 32
1757672961285 3.5509867856843016 33
1757672961395 0.6284794574779361 34
1757672961503 0.013964748300389311 35
1757672961615 0.3686806188199676 36
1757672961724 1.0012471685484894 37
1757672961834 0.3022703409587075 38
1757672961944 0.3126234385399322 39
1757672962055 3.8127792673234064 40
1757672962167 0.42116418597378913 41
1757672962277 1.612159143060241 42
1757672962385 0.17111095532431725 43
1757672962498 3.132427016456911 44
1757672962607 0.9514784936264367 45
1757672962718 0.9863535763969755 46
1757672962830 0.1596160567338993 47
1757672962940 0.0355097445789389 48
1757672963049 0.15628577966329626 49
1757672963160 0.02419187608219939 50
1757672963272 0.6785112117540157 51
1757672963382 2.256473167736595 52
1757672963491 0.17918313840879835 53
1757672963614 0.6273503610208905 54
1757672963728 0.20785269773267748 55
1757672963838 0.7932227358470588 56
1757672963951 0.7771528436630821 57
1757672964063 0.023829481123975288 58
1757672964174 0.12548853470802235 59
1757672964286 0.28188178899798527 60
1757672964396 0.016780745964566558 61
1757672964508 2.9621871781216456 62
1757672964623 0.13433238056640964 63
1757672964736 0.7614746495137811 64
1757672964847 0.008375272111384623 65
1757672964958 2.538885873427809 66
1757672965070 0.03495274349193932 67
1757672965181 0.22513937850886115 68
1757672965293 0.05815262671854359 69
1757672965405 0.05150822605128102 70
1757672965517 0.04809875117623982 71
1757672965630 0.06691850792321115 72
1757672965741 0.13187183923107842 73
1757672965853 0.2043731621494862 74
1757672965966 0.007990383535147118 75
1757672966079 0.1758389563336725 76
1757672966203 0.016731670095397107 77
1757672966316 0.07774233819359676 78
1757672966429 0.07819282538201046 79
1757672966540 0.031546888746618734 80
1757672966655 1.230526286276068 81
1757672966769 0.08028537050313683 82
1757672966881 0.613082843644062 83
1757672966994 0.4891909318977515 84
1757672967107 4.910418495206693 85
1757672967222 0.5573149467235031 86
1757672967334 1.5515115012290415 87
1757672967448 3.1477152979095955 88
1757672967559 0.008563704960650379 89
1757672967674 0.9983574641657995 90
1757672967785 1.5345649868061315 91
1757672967900 0.17102973048572617 92
1757672968015 0.4713349154561337 93
1757672968130 0.22939719470407416 94
1757672968243 0.028631907489932128 95
1757672968357 1.8676844473299858 96
1757672968469 0.8739752049473227 97
1757672968583 0.1647500064962367 98
1757672968697 14.946337091431586 99
1757672968811 0.26305065052627974 100
1757672968922 2.109959970352894 101
1757672969036 0.2381140732939963 102
1757672969149 0.1533067356351336 103
1757672969263 0.3279973898165434 104
1757672969375 0.1024331040881049 105
1757672969487 0.9196079935746869 106
1757672969600 0.19172796973459125 107
1757672969711 0.006997539614324257 108
1757672969823 1.4506328948946932 109
1757672969936 0.6003896652620361 110
1757672970049 0.9891684112675488 111
1757672970163 0.7222565846706813 112
1757672970276 0.0012456917542377514 113
1757672970388 2.8214905427302894 114
1757672970501 0.13975963106638614 115
1757672970612 0.24256879250651198 116
1757672970725 0.09144315305587272 117
1757672970840 0.7521695491410507 118
1757672970952 0.5490424441554299 119
1757672971065 0.039950763680249586 120
1757672971177 0.07155566270297967 121
1757672971291 1.353530839996999 122
1757672971404 0.8640481582925871 123
1757672971519 0.0009839725336689299 124
1757672971632 1.299465058746249 125
1757672971745 0.10980355448824129 126
1757672971857 0.6298659252528748 127
1757672971971 0.27909759364669884 128
1757672972083 1.610897299332543 129
1757672972198 0.5145561509264831 130
1757672972311 4.093401202403535 131
1757672972424 0.7784631938165976 132
1757672972538 0.3300457890609254 133
1757672972651 0.06072982729643667 134
1757672972765 0.41485734748986985 135
1757672972880 0.0005177986541170727 136
1757672972993 0.15881423789444907 137
1757672973109 0.7864741232219271 138
1757672973223 2.062584128988712 139
1757672973337 0.003001969706018802 140
1757672973453 2.891525337213783 141
1757672973574 0.9851847498026746 142
1757672973690 0.43122469381201256 143
1757672973808 0.015157605053415384 144
1757672973923 0.6554189566034349 145
1757672974038 0.008132831003705324 146
1757672974151 0.529530120821415 147
1757672974266 1.3934296275803693 148
1757672974379 0.1551689645523093 149
1757672974516 0.009284084404556664 150
1757672974634 0.09475766784799217 151
1757672974749 2.0046107922287084 152
1757672974863 1.305408167015778 153
1757672974978 3.383183389889676 154
1757672975091 0.2899646236631517 155
1757672975207 0.10220324540435166 156
1757672975323 1.3121568129664933 157
1757672975444 0.29305094306636614 158
1757672975557 0.9003197256731859 159
1757672975675 0.42107319492713546 160
1757672975791 0.02346526550498603 161
1757672975907 0.1300529783064197 162
1757672976022 0.8232840404253002 163
1757672976142 0.47274158712970765 164
1757672976261 0.19743157771808592 165
1757672976378 0.7788306761527201 166
1757672976494 3.7168784627827587 167
1757672976609 1.0273542204949593 168
1757672976725 1.306351534208598 169
1757672976839 0.601455283542306 170
1757672976951 0.07466094006772507 171
1757672977066 0.1774265172478569 172
1757672977184 0.7946705946910321 173
1757672977298 0.011017306774332521 174
1757672977414 8.881248756510331 175
1757672977544 0.5589404830523295 176
1757672977662 5.752484825837421 177
1757672977777 0.3422301352923432 178
1757672977894 0.2535559755711478 179
1757672978009 0.5577352841301789 180
1757672978124 0.016445951123147628 181
1757672978239 0.15157025409404912 182
1757672978353 0.5574889547564612 183
1757672978467 0.08380083870103437 184
1757672978583 0.9482397715504035 185
1757672978699 0.13172662372770655 186
1757672978815 0.05272131162586058 187
1757672978930 0.521701778384928 188
1757672979045 0.05413946201788841 189
1757672979160 1.1181060747389722 190
1757672979275 0.026255690425551648 191
1757672979391 0.12455192900154562 192
1757672979509 0.1139645377328964 193
1757672979631 0.5209438025562312 194
1757672979754 0.2946172924661183 195
1757672979899 0.036256330153903685 196
1757672980021 1.2910067571263535 197
1757672980141 0.8119729573839294 198
1757672980255 1.128371667436858 199
1757672980372 0.37246198022628135 200
1757672980489 1.5609309493500358 201
1757672980603 0.2028274510024722 202
1757672980718 3.059914120495721 203
1757672980837 0.21813155104031234 204
1757672980955 0.051378881986411995 205
1757672981072 1.616892023476505 206
1757672981190 0.4903782601480738 207
1757672981308 0.17417038203589819 208
1757672981423 0.13558028340268508 209
1757672981541 0.15207635206522632 210
1757672981657 1.9981818151302841 211
1757672981777 0.0059140001633072444 212
1757672981895 5.097928376291555 213
1757672982013 0.0015412665454590973 214
1757672982131 0.369610094946551 215
1757672982249 2.818536433132875 216
1757672982366 0.2062660744884162 217
1757672982483 0.059496422216939814 218
1757672982601 1.3458700376620958 219
1757672982717 0.33239996027084706 220
1757672982836 0.554675693129088 221
1757672982952 0.0004916951067433227 222
1757672983070 0.048858749532574755 223
1757672983187 1.9569300792113538 224
1757672983302 7.774105073318638 225
1757672983421 0.17784733420984777 226
1757672983546 0.11252420144642646 227
1757672983671 2.118301507113965 228
1757672983789 0.0014621781008765816 229
1757672983910 0.12435085242608862 230
1757672984027 0.05711723563704648 231
1757672984144 2.1226283512217283 232
1757672984261 3.4346608622297388 233
1757672984377 0.655563787363154 234
1757672984494 9.87970560685689 235
1757672984613 0.240391658475781 236
1757672984733 0.004985171342483642 237
1757672984851 1.2298361253983134 238
1757672984969 5.966213996705362 239
1757672985085 2.5264338565369195 240
1757672985202 0.754093700065007 241
1757672985321 0.23989237468015068 242
1757672985437 0.2927727871320064 243
1757672985554 0.016394655046722252 244
1757672985673 0.12116538910408045 245
1757672985791 0.3519737223543032 246
1757672985909 0.060335307123015755 247
1757672986027 1.7207427693662833 248
1757672986149 0.1359539530799142 249
1757672986272 0.15953432749149607 250
1757672986391 0.29072725694852447 251
1757672986509 0.1105606230599049 252
1757672986626 0.0016249217675668277 253
1757672986791 0.16289126345539967 254
1757672986910 1.2193480896858566 255
1757672987027 0.12343678391531078 256
1757672987145 0.002112042458493345 257
1757672987265 3.358404679877244 258
1757672987383 1.0047633560855687 259
1757672987502 0.1229110991918679 260
1757672987622 2.728339647616136 261
1757672987740 0.04957684073818582 262
1757672987858 1.057523553993996 263
1757672987976 0.0266036331950016 264
1757672988093 3.2609128482425684 265
1757672988213 0.14725476066246906 266
1757672988334 0.07987063270067557 267
1757672988452 0.06956931551001372 268
1757672988569 0.03076960435675737 269
1757672988683 2.333727146651964 270
1757672988801 0.296007001873193 271
1757672988919 6.764142339969024 272
1757672989040 0.007235133422979431 273
1757672989160 0.001296752845678964 274
1757672989277 0.7886458079655579 275
1757672989396 0.3791450956850612 276
1757672989526 1.426675262305365 277
1757672989650 0.05553927012926816 278
1757672989778 0.1326057806985146 279
1757672989899 0.2460074163626369 280
1757672990020 1.1121263300566957 281
1757672990141 0.12848725933190153 282
1757672990261 0.8450403615949569 283
1757672990383 12.005867686077178 284
1757672990509 2.470067738196828 285
1757672990632 0.9562437810784425 286
1757672990751 1.155601993647926 287
1757672990873 0.018990407549861244 288
1757672990995 2.125059722193751 289
1757672991113 1.3075135729941822 290
1757672991233 0.21657538383765657 291
1757672991354 0.9931638297919544 292
1757672991477 0.6247941596345407 293
1757672991599 0.00646024240776054 294
1757672991720 7.873913082573172 295
1757672991852 0.35242749449800054 296
1757672991971 0.24382877305406178 297
1757672992094 0.20256380181264919 298
1757672992213 0.22976154211088934 299
1757672992334 0.34707719422535577 300
1757672992454 0.006397017869289588 301
1757672992576 0.38023363834917995 302
1757672992694 0.09355506325316204 303
1757672992814 0.011661915974227312 304
1757672992935 1.4253749840669743 305
1757672993057 0.0005185611353738307 306
1757672993176 0.022567671747816688 307
1757672993296 0.3572034707215536 308
1757672993416 0.505389613214658 309
1757672993535 0.2135059656430525 310
1757672993680 0.3860692007185894 311
1757672993799 1.120796758280319 312
1757672993921 6.887500100643443 313
1757672994043 0.20209693378207275 314
1757672994163 0.8999412876666043 315
1757672994282 0.19266609974085974 316
1757672994402 0.042919184950155564 317
1757672994522 0.4020782018676141 318
1757672994644 0.004128477611754616 319
1757672994764 0.4553848303027185 320
1757672994885 1.0242688927481676 321
1757672995005 0.0038361247791427705 322
1757672995127 0.5767005004058957 323
1757672995255 0.04268683841855509 324
1757672995375 0.913933039638273 325
1757672995497 0.2092066192873859 326
1757672995618 0.02053302181169924 327
1757672995739 2.830085704144435 328
1757672995860 0.049542390524132625 329
1757672995983 2.945094396303783 330
1757672996102 0.3998693008845319 331
1757672996221 0.04090455194637141 332
1757672996339 3.5088953709175277 333
1757672996461 0.1414440837394546 334
1757672996579 0.22296288550548973 335
1757672996700 0.510416336233626 336
1757672996819 1.3284369945937178 337
1757672996943 0.15789919309009126 338
1757672997063 0.7535029043661957 339
1757672997187 0.19264972992891935 340
1757672997309 0.2146763405532788 341
1757672997430 0.5620495117897281 342
1757672997552 0.33387491660393687 343
1757672997702 1.8244991800813541 344
1757672997824 0.15078793864708076 345
1757672997946 0.6993038417389392 346
1757672998068 1.452090220168207 347
1757672998189 0.08935754202270288 348
1757672998310 0.009218566894531623 349
1757672998432 0.6362477065227297 350
1757672998554 0.10894906016620884 351
1757672998674 0.350233287145521 352
1757672998795 1.089480774756216 353
1757672998918 0.16340847534818415 354
1757672999037 3.224437021255329 355
1757672999157 0.3239784485989085 356
1757672999277 0.39272926606706265 357
1757672999401 0.2850632344639687 358
1757672999522 0.13966334097255542 359
1757672999643 1.8613738728383826 360
1757672999764 0.34883719761849585 361
1757672999885 0.04794876720405538 362
1757673000004 0.8836562385511576 363
1757673000126 1.066703747148525 364
1757673000246 0.1075316144124862 365
1757673000369 0.18097479357731747 366
1757673000490 0.04130796305740084 367
1757673000614 0.6439001165238087 368
1757673000735 0.09500188898673106 369
1757673000856 0.13307780612572717 370
1757673000979 0.9930987155894101 371
1757673001098 1.4464992893251942 372
1757673001222 0.11914820499597292 373
1757673001345 0.029256724371641868 374
1757673001467 1.097675765201742 375
1757673001588 1.8414578584712413 376
1757673001710 0.09382771784115877 377
1757673001833 0.07130043607798929 378
1757673001954 3.641980426379086e-05 379
1757673002074 2.128403462268163 380
1757673002198 0.0015411671076685242 381
1757673002319 0.2669512702933821 382
1757673002442 1.8156749970060866 383
1757673002564 0.35386058714265717 384
1757673002694 0.20780884516467693 385
1757673002817 0.003313202918380724 386
1757673002940 0.043983106878736536 387
1757673003064 0.0001487749645579128 388
1757673003186 0.2483380113032167 389
1757673003308 1.01778529235645 390
1757673003433 0.025225579436893315 391
1757673003560 0.0040304438571954525 392
1757673003696 1.3275520399113507 393
1757673003820 0.04126108970335407 394
1757673003944 1.1859763561737056 395
1757673004070 0.7093308133150483 396
1757673004193 0.787104339883615 397
1757673004315 0.017816687981776054 398
1757673004438 0.017513820633108468 399
1757673004563 0.3545476913789309 400
1757673004687 0.30526408858892173 401
1757673004810 0.4066660434849796 402
1757673004951 0.32117234312813153 403
1757673005074 0.6394843188962167 404
1757673005187 1.0690592838723367 405
1757673005307 0.052506855319837224 406
1757673005431 0.004357077089672667 407
1757673005556 0.05012840711922171 408
1757673005680 0.543319161042263 409
1757673005804 0.827199435154723 410
1757673005927 0.9838287493295556 411
1757673006051 1.6424108151565928 412
1757673006181 0.05053638790694214 413
1757673006309 0.38063580934394886 414
1757673006434 0.09705241754531473 415
1757673006557 0.4949303053430519 416
1757673006682 0.5185914340736493 417
1757673006805 0.5530108542284742 418
1757673006928 0.010699046462203684 419
1757673007049 1.2039859261351828 420
1757673007173 0.050559232071272345 421
1757673007297 0.3554491601160499 422
1757673007420 0.9602220991898418 423
1757673007542 0.19161832942329896 424
1757673007666 0.1471826055363873 425
1757673007789 0.5901984538023903 426
1757673007912 0.43790657090768853 427
1757673008035 0.0010162219605461809 428
1757673008159 0.05886688489617426 429
1757673008283 0.4194803978896891 430
1757673008406 0.24793015795567044 431
1757673008529 1.1025285621862246 432
1757673008652 0.16653391404955703 433
1757673008776 0.8321869012729677 434
1757673008902 0.6892182625629444 435
1757673009028 1.286074684596829 436
1757673009149 9.149470118718625 437
1757673009273 0.036456569386236225 438
1757673009396 0.16578415848537373 439
1757673009521 0.6695680625562141 440
1757673009644 0.006171149407492557 441
1757673009776 7.4983029439151005 442
1757673009912 0.8625918870566376 443
1757673010037 0.09437592681837692 444
1757673010160 0.10568847230890516 445
1757673010286 2.6624437501241185 446
1757673010409 0.10996196004228223 447
1757673010531 0.3400903631521992 448
1757673010654 0.8200247793715686 449
1757673010777 0.39868962199916735 450
1757673010901 0.03380890926341518 451
1757673011024 0.5113004547875722 452
1757673011150 0.13206525242078962 453
1757673011275 0.36745875048243754 454
1757673011399 0.03333852484292775 455
1757673011522 0.004282852789667119 456
1757673011648 3.008649858033966 457
1757673011793 1.870217565390089 458
1757673011918 0.4956389881058086 459
1757673012041 0.4561237965164679 460
1757673012167 0.07822972712600491 461
1757673012293 0.2484310517730238 462
1757673012418 0.13309810113057324 463
1757673012542 0.0012809732812584837 464
1757673012675 1.033973955802445 465
1757673012802 0.18367419096856102 466
1757673012928 0.7758416024736353 467
1757673013057 0.09967997266381372 468
1757673013181 1.0810449831723503 469
1757673013306 0.4825254608922138 470
1757673013429 1.953729964079626 471
1757673013560 0.2829701431748053 472
1757673013692 0.7297387612052602 473
1757673013819 0.11995519309553343 474
1757673013945 1.2617277110936174 475
1757673014069 0.03610615483400567 476
1757673014194 0.5494209333932599 477
1757673014318 0.3899286987241273 478
1757673014443 0.026127590168251582 479
1757673014566 0.06535413747169347 480
1757673014695 1.3365114655959789 481
1757673014821 0.9729994822236939 482
1757673014944 9.01852900167692 483
1757673015071 0.2803583155291294 484
1757673015196 2.279713317692316 485
1757673015323 0.872722734396043 486
1757673015448 0.28615732053540766 487
1757673015572 0.0008880768368970827 488
1757673015700 0.0011389046020037603 489
1757673015825 0.8882331518626758 490
1757673015950 0.32415710434257256 491
1757673016075 1.0112669585715681 492
1757673016217 0.9851358450414575 493
1757673016342 0.28137794154517 494
1757673016466 0.24587282088053525 495
1757673016592 0.026669664187921008 496
1757673016717 1.6251693116487604 497
1757673016843 0.4662461540734321 498
1757673016968 0.9728369176033068 499
