1757431896330 7.305249450173701 0
1757431896417 10.715190278298467 1
1757431896507 7.791617518577911 2
1757431896597 10.426693529133365 3
1757431896685 6.410005087063858 4
1757431896777 24.694395276770457 5
1757431896866 9.671209286083895 6
1757431896957 8.413115823412415 7
1757431897047 10.656685015953958 8
1757431897138 5.87351186075564 9
1757431897224 4.965456588636268 10
1757431897317 12.64736318332499 11
1757431897408 16.66443114827584 12
1757431897497 2.408332077979063 13
1757431897584 9.055322660249637 14
1757431897672 7.325430239442744 15
1757431897760 5.711147797622761 16
1757431897848 8.827556288537085 17
1757431897939 9.837004144834152 18
1757431898032 7.921394787803081 19
1757431898120 9.096747750664308 20
1757431898209 19.339521983919497 21
1757431898296 4.8382495293455925 22
1757431898385 19.435493194483783 23
1757431898473 10.43599208658082 24
1757431898560 19.210264095877186 25
1757431898650 4.092866679972905 26
1757431898741 7.228792859058362 27
1757431898832 4.219183913359068 28
1757431898925 7.458440333215429 29
1757431899016 11.698996621719768 30
1757431899107 4.525338068078329 31
1757431899201 11.497709946149914 32
1757431899295 1.9426838518882295 33
1757431899385 5.231477518948876 34
1757431899476 6.981668498241646 35
1757431899571 5.850874576576821 36
1757431899663 3.7682112523594244 37
1757431899752 8.667448317729331 38
1757431899843 9.61449166549593 39
1757431899933 9.396632375137516 40
1757431900024 25.530208232580918 41
1757431900116 11.854317735684166 42
1757431900208 2.6093068890412106 43
1757431900302 11.31574158391763 44
1757431900397 3.0250300760470616 45
1757431900495 9.529550493245504 46
1757431900592 6.9886238156760845 47
1757431900687 3.5245905653613923 48
1757431900776 9.02321389817437 49
1757431900866 14.347863349461418 50
1757431900955 7.76971761403419 51
1757431901046 11.456513188263067 52
1757431901136 3.0934448470763867 53
1757431901227 9.402493616692873 54
1757431901319 10.236558010527068 55
1757431901410 4.93728640605624 56
1757431901504 7.7515245488540705 57
1757431901595 2.748288149502517 58
1757431901686 6.00675732858216 59
1757431901779 5.819533734503472 60
1757431901872 12.621820339533457 61
1757431901964 11.183522340690928 62
1757431902057 10.30711614040834 63
1757431902150 3.1847237628728444 64
1757431902245 14.293191121818197 65
1757431902341 5.294605373176811 66
1757431902435 5.972449492365286 67
1757431902529 15.493606710446658 68
1757431902622 5.127914173450903 69
1757431902716 6.697709007247975 70
1757431902810 11.662318699929534 71
1757431902904 13.28940455570453 72
1757431902997 5.135747831448596 73
1757431903089 8.24200078858013 74
1757431903179 6.969443094872203 75
1757431903272 4.773437621861445 76
1757431903366 32.26894772388152 77
1757431903458 5.579621225161483 78
1757431903550 7.650367219617782 79
1757431903642 4.918665671403192 80
1757431903737 10.460433911824246 81
1757431903831 5.295479763735419 82
1757431903924 5.280795699519862 83
1757431904013 6.872941807483715 84
1757431904105 10.034460738045679 85
1757431904199 2.268959235809608 86
1757431904294 12.672443373052959 87
1757431904387 12.379052510751526 88
1757431904482 2.4908175016601874 89
1757431904576 10.604629148894066 90
1757431904670 8.532706274646493 91
1757431904765 5.639725019637208 92
1757431904860 5.984939977368766 93
1757431904956 7.054474930459268 94
1757431905049 17.301230684946383 95
1757431905147 6.729159410162279 96
1757431905245 7.87573866687916 97
1757431905338 4.744960843670557 98
1757431905431 10.307547612870978 99
1757431905528 11.310373672290376 100
1757431905747 6.788191748248713 101
1757431905844 4.307145722565462 102
1757431905940 7.352203361659803 103
1757431906031 12.093719008584998 104
1757431906126 17.009863678964187 105
1757431906221 5.767604902270676 106
1757431906399 7.33578161370539 107
1757431906493 8.928256978051694 108
1757431906583 12.69553060503816 109
1757431906677 3.5272481765159562 110
1757431906775 7.198343845705723 111
1757431906870 9.948846001673306 112
1757431906963 9.007411548452536 113
1757431907062 7.686166935002923 114
1757431907179 7.597742607759641 115
1757431907279 2.283416862284129 116
1757431907370 8.357306306655904 117
1757431907483 13.95578717589124 118
1757431907608 9.676710048311868 119
1757431907706 12.307400718162446 120
1757431907840 17.4505074110199 121
1757431907939 8.841319317692038 122
1757431908035 11.580153212466014 123
1757431908127 6.471694341651304 124
1757431908219 9.647739806514876 125
1757431908310 12.912571860215394 126
1757431908402 13.274877673375215 127
1757431908496 6.019763319868713 128
1757431908593 6.626171327665979 129
1757431908686 14.438425538302141 130
1757431908781 7.4376244903817605 131
1757431908876 9.54670756575251 132
1757431908972 10.344733254894324 133
1757431909071 4.319861455760345 134
1757431909168 5.67316253553647 135
1757431909261 10.845118028639718 136
1757431909360 9.858394815870987 137
1757431909456 1.3104139356822817 138
1757431909548 4.315698839980345 139
1757431909641 18.608587827590345 140
1757431909731 4.693767024374493 141
1757431909823 4.291697618334326 142
1757431909911 12.326863197092319 143
1757431910002 6.6934584336085265 144
1757431910092 3.7244806280865927 145
1757431910181 8.944825288264227 146
1757431910272 16.90066021683349 147
1757431910363 6.186650559382186 148
1757431910454 7.982228497476571 149
1757431910547 7.466043407772769 150
1757431910635 3.060586803350956 151
1757431910726 9.03411470260659 152
1757431910818 3.34871676276651 153
1757431910908 8.950919462252628 154
1757431910999 9.549678457533735 155
1757431911089 4.952727022274489 156
1757431911179 9.409687018760252 157
1757431911266 5.872323674220538 158
1757431911355 5.307898050333525 159
1757431911445 6.926168642576763 160
1757431911538 5.776446585187048 161
1757431911630 3.6032974258895103 162
1757431911721 7.965595333062531 163
1757431911812 4.96905002953551 164
1757431911902 2.860760883216358 165
1757431911993 9.386802481293179 166
1757431912083 7.359109911342486 167
1757431912172 7.185872560589655 168
1757431912261 4.516539356283174 169
1757431912351 9.988611928179717 170
1757431912445 3.2903179598371404 171
1757431912535 4.794134228857795 172
1757431912627 8.390118360988925 173
1757431912719 9.191613307519761 174
1757431912809 11.244865119249365 175
1757431912899 7.154237316283338 176
1757431912988 8.881934620425646 177
1757431913079 7.671746446066301 178
1757431913167 10.810438705339951 179
1757431913253 4.85127171185478 180
1757431913342 9.42211449884127 181
1757431913431 4.967616022320433 182
1757431913521 6.9223263691910715 183
1757431913610 11.49613905777262 184
1757431913702 4.096211499631815 185
1757431913793 35.62749648619187 186
1757431913882 8.256331923825108 187
1757431913971 8.690560205988914 188
1757431914061 9.849364524090094 189
1757431914155 5.861584508368416 190
1757431914246 11.253999478853586 191
1757431914335 7.693259149308411 192
1757431914427 4.874418311127182 193
1757431914519 13.122707707285102 194
1757431914609 5.848375588264402 195
1757431914699 9.826406204953004 196
1757431914787 7.1390002738456895 197
1757431914876 8.912913406588634 198
1757431914965 3.3430325037728736 199
1757431915052 5.155181100228151 200
1757431915141 8.355569586133079 201
1757431915229 7.353410710233681 202
1757431915317 7.609416017910932 203
1757431915406 4.690872734197859 204
1757431915496 5.201590229097553 205
1757431915585 21.456756212804148 206
1757431915675 13.348587311336944 207
1757431915766 6.302642290271069 208
1757431915858 3.3543357771998683 209
1757431915948 13.495969343472776 210
1757431916040 6.763926525414896 211
1757431916132 6.486287965498318 212
1757431916224 11.082590463264232 213
1757431916316 5.5043785747188165 214
1757431916409 15.318175876475046 215
1757431916502 5.18336709114004 216
1757431916595 8.83209990397831 217
1757431916686 13.634425300026681 218
1757431916777 2.3493394716271463 219
1757431916867 9.993974479121388 220
1757431916959 7.272216478623774 221
1757431917052 6.595715301612132 222
1757431917145 9.923908486238902 223
1757431917237 4.058016634331467 224
1757431917329 7.301069471413404 225
1757431917419 13.27628739928282 226
1757431917508 9.140250796886924 227
1757431917599 3.3666411152716798 228
1757431917689 19.123044302156533 229
1757431917782 6.986312798731026 230
1757431917892 2.8010185955235807 231
1757431917986 3.6844211577845725 232
1757431918072 30.221416006640116 233
1757431918161 5.0221452878565005 234
1757431918246 8.237172145921106 235
1757431918336 7.046057728286608 236
1757431918428 5.016518337490661 237
1757431918521 5.270913376456455 238
1757431918611 6.035029556952084 239
1757431918702 7.093889404462371 240
1757431918793 8.905671937433652 241
1757431918885 8.192661474817386 242
1757431918975 6.6419692789937805 243
1757431919068 6.551885389030291 244
1757431919161 5.014144140776046 245
1757431919255 14.81389965068643 246
1757431919347 7.5505314049859935 247
1757431919442 10.418155196202076 248
1757431919536 24.086021577834266 249
1757431919629 12.31849391691785 250
1757431919722 8.106673067138084 251
1757431919815 9.047205444164542 252
1757431919907 3.8618373954134553 253
1757431919998 21.07160467643156 254
1757431920091 5.780217111101118 255
1757431920185 9.372754856857592 256
1757431920277 6.623041020026318 257
1757431920369 14.627992444273314 258
1757431920464 13.882351594895805 259
1757431920561 7.236102260545729 260
1757431920649 7.647248097756201 261
1757431920737 7.316992078475057 262
1757431920825 5.749304361044156 263
1757431920915 2.335158602289202 264
1757431921007 14.978974287027153 265
1757431921099 7.759084843515122 266
1757431921193 9.098627533772836 267
1757431921288 6.927697183540521 268
1757431921386 26.52996305654581 269
1757431921479 12.36027648741675 270
1757431921571 1.2847080166327427 271
1757431921663 4.810111782311093 272
1757431921754 3.966449378305231 273
1757431921848 10.338531315256251 274
1757431921941 2.755250831899776 275
1757431922031 4.36078979349928 276
1757431922144 8.812960096997621 277
1757431922239 5.434514624642512 278
1757431922333 6.109274379496944 279
1757431922428 6.079933464016033 280
1757431922520 8.166253562194527 281
1757431922614 12.433263551790619 282
1757431922706 6.755946354365874 283
1757431922800 4.7290520178107025 284
1757431922894 7.554316136636001 285
1757431922988 7.67198921896054 286
1757431923080 4.770545898109604 287
1757431923179 5.730711770398619 288
1757431923270 3.125675376837362 289
1757431923365 4.774278533438584 290
1757431923460 12.835669799913646 291
1757431923555 6.6947481792296175 292
1757431923649 16.62014593899599 293
1757431923740 5.065509368317542 294
1757431923831 5.918634505135576 295
1757431923925 9.761110274487562 296
1757431924018 8.535853077879787 297
1757431924111 9.446760754259522 298
1757431924204 7.759041304438393 299
1757431924295 18.746314391157405 300
1757431924388 3.0426859406841293 301
1757431924482 3.9765547083681607 302
1757431924579 5.88528320257953 303
1757431924671 9.653830701714119 304
1757431924761 7.281394217884843 305
1757431924855 5.4114456791340855 306
1757431924965 4.429819990315657 307
1757431925065 9.619867468848312 308
1757431925158 4.360415887633928 309
1757431925250 4.4269861598506 310
1757431925343 20.396663658318545 311
1757431925436 9.629914259398705 312
1757431925529 8.961204991514137 313
1757431925623 5.902383192556365 314
1757431925757 5.224740292388434 315
1757431925847 6.04992340175305 316
1757431925937 7.66912546811439 317
1757431926031 13.331884946022612 318
1757431926124 10.55097706969752 319
1757431926218 9.778616122638244 320
1757431926309 6.510005682166135 321
1757431926403 5.5694972688620865 322
1757431926497 6.504607063728152 323
1757431926592 9.683828943557407 324
1757431926686 12.172376427120964 325
1757431926777 6.204806027223815 326
1757431926871 9.685613598872 327
1757431926965 14.86277955857588 328
1757431927058 4.884594677546512 329
1757431927152 5.438906626668669 330
1757431927247 3.4359957151615608 331
1757431927340 7.066991042925508 332
1757431927433 5.156225864562089 333
1757431927526 6.699783477214768 334
1757431927619 11.205103684828277 335
1757431927711 8.789452617834195 336
1757431927805 7.509812308402124 337
1757431927898 3.9178248791610533 338
1757431927990 4.080881491411726 339
1757431928085 11.820147808632282 340
1757431928178 14.943688678333107 341
1757431928269 2.344034428985094 342
1757431928363 10.657263862999098 343
1757431928457 9.813346866117177 344
1757431928550 11.64823971154747 345
1757431928643 9.630609923603542 346
1757431928738 5.810859488178679 347
1757431928832 3.570364836115421 348
1757431928927 9.433872204558131 349
1757431929020 9.071739969423852 350
1757431929114 18.82124562072636 351
1757431929206 6.032627045926895 352
1757431929298 16.06093706895929 353
1757431929393 8.66433171810473 354
1757431929486 6.163830154396816 355
1757431929579 5.494031786145856 356
1757431929712 5.299291074313344 357
1757431929805 7.967053197848342 358
1757431929903 5.950957830184817 359
1757431929997 7.215082474227635 360
1757431930091 7.307387111738827 361
1757431930185 4.600278315816516 362
1757431930283 6.683379556079531 363
1757431930375 6.904694313398381 364
1757431930472 18.377286309149106 365
1757431930565 10.168757323027297 366
1757431930655 4.672902739727788 367
1757431930748 11.782382425116369 368
1757431930843 4.440617717682927 369
1757431930937 4.6436492672629255 370
1757431931060 11.559076313855229 371
1757431931153 8.635756502647974 372
1757431931247 13.353564060392031 373
1757431931340 10.989830655570737 374
1757431931434 4.600998069665458 375
1757431931531 8.50726135648166 376
1757431931625 11.117593010801603 377
1757431931717 16.68155370344973 378
1757431931813 8.882083994921643 379
1757431931906 12.836211753407236 380
1757431932000 9.819206103547112 381
1757431932093 3.327802254696688 382
1757431932187 3.679218415236487 383
1757431932279 6.579379513224465 384
1757431932372 4.547641735352075 385
1757431932464 11.777104472743178 386
1757431932557 15.263299624430397 387
1757431932650 5.744988032817178 388
1757431932743 15.160291891421256 389
1757431932838 12.931292491961818 390
1757431932932 8.481618709614585 391
1757431933028 3.368830473541391 392
1757431933121 6.3049419126707065 393
1757431933213 7.505037740265703 394
1757431933307 11.42737936157516 395
1757431933403 18.38918779493001 396
1757431933498 6.043437430254513 397
1757431933593 6.228453463847196 398
1757431933689 7.372057518471126 399
1757431933785 9.523841267078836 400
1757431933880 5.624526816735394 401
1757431933975 3.801846204414988 402
1757431934070 4.5188658732304425 403
1757431934164 3.5010373197657687 404
1757431934259 7.56474255739292 405
1757431934352 8.461303045133619 406
1757431934448 3.763800185554194 407
1757431934541 7.640472211276536 408
1757431934638 8.503922054163501 409
1757431934733 3.181657919328808 410
1757431934829 11.728820796747579 411
1757431934923 7.212727652790922 412
1757431935017 8.933898751537711 413
1757431935114 3.1235108442337327 414
1757431935210 1.7861865594880184 415
1757431935305 8.05085490362269 416
1757431935399 8.830054262154487 417
1757431935494 4.397551911895959 418
1757431935589 10.611667073475745 419
1757431935682 14.90103706060609 420
1757431935776 6.089536340225612 421
1757431935871 7.981601934790876 422
1757431935966 2.821465378431634 423
1757431936062 4.120612014587411 424
1757431936156 4.991274228873128 425
1757431936249 3.5485275109445746 426
1757431936341 7.088944460336476 427
1757431936433 4.973673648560957 428
1757431936526 3.3428476150238344 429
1757431936622 3.8127608292080635 430
1757431936717 9.234890150003661 431
1757431936814 8.123608002742142 432
1757431936910 9.769170687894496 433
1757431937034 2.9639002005259143 434
1757431937125 8.536841559214182 435
1757431937219 19.417241476763348 436
1757431937315 3.1489100452463816 437
1757431937408 5.999222955651036 438
1757431937502 7.124066352838127 439
1757431937599 8.902969232837824 440
1757431937695 8.3934951853048 441
1757431937791 10.666669334173095 442
1757431937887 6.4884942655100355 443
1757431937983 3.639704807833649 444
1757431938079 9.77937458223442 445
1757431938213 15.735968387837772 446
1757431938305 3.013850804274014 447
1757431938397 7.149922997365603 448
1757431938491 11.65969645757807 449
1757431938584 9.281309689260356 450
1757431938678 6.37588537248131 451
1757431938775 8.257227822996066 452
1757431938869 6.423622008154544 453
1757431938965 9.532891114837765 454
1757431939062 10.337776319551155 455
1757431939157 11.713167919631152 456
1757431939251 16.9220058727187 457
1757431939347 13.925085595860546 458
1757431939441 3.824075932352438 459
1757431939537 23.94809636126112 460
1757431939658 7.9365081578706675 461
1757431939766 4.504286244597274 462
1757431939871 7.28920493535873 463
1757431939971 11.307236113505954 464
1757431940068 3.0494531007048984 465
1757431940165 2.1818337809144306 466
1757431940264 5.35287346675266 467
1757431940359 5.019455286675375 468
1757431940458 8.008675954254883 469
1757431940560 3.565680087042654 470
1757431940655 9.248496975027155 471
1757431940753 9.801721511956218 472
1757431940853 6.868522909106172 473
1757431940953 11.640873582078443 474
1757431941052 4.942766786949879 475
1757431941153 9.59505204819428 476
1757431941251 5.45229688495021 477
1757431941354 7.0705870472578685 478
1757431941458 11.571727968715978 479
1757431941566 4.451916723731631 480
1757431941665 4.9575048179246135 481
1757431941766 4.045951145612413 482
1757431941865 6.493277602232852 483
1757431941967 8.51183015143383 484
1757431942072 2.6841365892471925 485
1757431942181 3.1621991071239743 486
1757431942279 4.842935261524157 487
1757431942381 10.239081975012612 488
1757431942483 15.874531734761268 489
1757431942583 4.510102679177169 490
1757431942682 4.578569620464085 491
1757431942785 12.311718775704522 492
1757431942881 8.87065536327736 493
1757431943018 9.106209214020389 494
1757431943128 12.603065231889119 495
1757431943233 6.1248409689883285 496
1757431943337 11.528763062495479 497
1757431943435 14.466545358690102 498
1757431943535 9.741994001327914 499
