1757443476388 170.00751534322458 0
1757443476462 166.28411594123435 1
1757443476532 168.16105131763422 2
1757443476605 175.56698136958272 3
1757443476671 177.88175186808394 4
1757443476739 167.18239755746316 5
1757443476808 170.3421347582569 6
1757443476877 170.08560671758 7
1757443476944 163.4256831761934 8
1757443477009 165.09822094298954 9
1757443477072 161.0555509776848 10
1757443477132 156.85070076631268 11
1757443477190 164.72239995548247 12
1757443477252 158.05143795292736 13
1757443477311 160.08916089599757 14
1757443477365 160.009594602931 15
1757443477420 147.2645775236759 16
1757443477477 164.03359003714814 17
1757443477541 155.39262676140984 18
1757443477607 155.94777541578753 19
1757443477673 154.49253321524043 20
1757443477739 164.09210347377459 21
1757443477803 153.7984633540544 22
1757443477872 159.55419763972168 23
1757443477941 143.16531637491767 24
1757443478007 155.5479063729224 25
1757443478079 156.9960667539815 26
1757443478140 143.5510814292176 27
1757443478202 152.3847471894675 28
1757443478269 146.35713708184235 29
1757443478335 146.75156500912016 30
1757443478403 153.7024538473152 31
1757443478471 150.69075684487726 32
1757443478537 145.02876584528008 33
1757443478605 146.00510104188737 34
1757443478673 148.52973459611414 35
1757443478745 148.17473887288074 36
1757443478818 146.6875647880932 37
1757443478887 148.104168738755 38
1757443478960 139.90910628671932 39
1757443479031 146.45189135075782 40
1757443479099 142.57741030269906 41
1757443479167 143.0795737500151 42
1757443479243 138.10590524602975 43
1757443479307 141.0456527895233 44
1757443479361 139.34495872857536 45
1757443479425 136.11854626931563 46
1757443479493 140.71384882766347 47
1757443479558 141.0648235080432 48
1757443479622 139.19527107310535 49
1757443479687 133.74909470994592 50
1757443479752 137.83412832820693 51
1757443479818 131.224276968981 52
1757443479886 134.43561157135295 53
1757443479953 139.85888319117188 54
1757443480019 138.23418529878808 55
1757443480082 133.45802423738513 56
1757443480145 133.64392937675197 57
1757443480214 141.04170120988215 58
1757443480276 140.74691390206925 59
1757443480338 133.1855995574639 60
1757443480402 131.91257656606993 61
1757443480462 134.7061983551409 62
1757443480528 135.88269997045234 63
1757443480596 132.08755478925545 64
1757443480663 134.37134342516265 65
1757443480713 128.90308111962335 66
1757443480764 131.87052456889936 67
1757443480823 129.32885755791102 68
1757443480882 131.05814544825333 69
1757443480942 134.96378139310943 70
1757443481004 138.44186499246536 71
1757443481069 129.7670785246782 72
1757443481140 128.33582322742882 73
1757443481205 129.48040828251365 74
1757443481271 124.81743623675096 75
1757443481334 129.57536959137514 76
1757443481393 129.6267968779016 77
1757443481460 124.9715725672633 78
1757443481525 131.17337551030704 79
1757443481592 123.5495642880344 80
1757443481654 128.51461731122654 81
1757443481716 127.22013975747298 82
1757443481784 129.42246031694188 83
1757443481852 128.54985550654894 84
1757443481920 124.02741980694952 85
1757443481983 129.78288981191443 86
1757443482042 119.59233796647948 87
1757443482103 119.78546664422522 88
1757443482170 125.21795669560721 89
1757443482239 124.442460208714 90
1757443482307 123.25438168280209 91
1757443482374 121.83856882947545 92
1757443482445 122.558912058563 93
1757443482515 125.72253213150437 94
1757443482582 118.4115330717476 95
1757443482650 124.17987601328431 96
1757443482714 119.74088322947604 97
1757443482780 120.15765525337804 98
1757443482843 120.53951885367373 99
1757443482906 113.5417431942287 100
1757443482977 117.09960975944648 101
1757443483043 116.44017005720836 102
1757443483107 113.71345190352206 103
1757443483166 108.15553644024284 104
1757443483228 109.63784606875583 105
1757443483296 116.67648764211782 106
1757443483355 108.75913404100382 107
1757443483412 117.42899230137539 108
1757443483475 111.79262306145385 109
1757443483532 112.17399226685063 110
1757443483591 115.18269335608268 111
1757443483652 117.73521723657802 112
1757443483711 114.19682854271225 113
1757443483777 116.48121859008687 114
1757443483846 109.83365788735205 115
1757443483915 111.76581910975288 116
1757443483982 116.27987407528953 117
1757443484053 108.92773685714934 118
1757443484124 111.66268809198807 119
1757443484189 106.9522917858964 120
1757443484260 107.00816240276141 121
1757443484329 110.01900890639969 122
1757443484396 109.95840707458322 123
1757443484468 107.65144875518743 124
1757443484541 107.85909981071205 125
1757443484612 107.7535729981084 126
1757443484680 113.02932284532426 127
1757443484748 108.1205828594834 128
1757443484818 106.6201043764529 129
1757443484888 108.0656976336101 130
1757443484959 107.68744109787391 131
1757443485031 106.68967495535719 132
1757443485101 104.71968417197081 133
1757443485170 105.88956252782323 134
1757443485241 100.01050558620967 135
1757443485315 106.70328605043788 136
1757443485382 104.21127236721331 137
1757443485442 105.3988457904667 138
1757443485507 105.09915775604426 139
1757443485573 108.3287285776712 140
1757443485636 101.64115585611295 141
1757443485702 103.29001869157234 142
1757443485774 101.88078055852458 143
1757443485847 102.03570720763965 144
1757443485920 105.58359321529244 145
1757443485992 105.08972889345705 146
1757443486067 98.92850155371899 147
1757443486140 98.0320534962087 148
1757443486212 101.00106781483127 149
1757443486285 97.564040830611 150
1757443486357 99.11420773278792 151
1757443486428 100.87227734010948 152
1757443486500 94.72028324596461 153
1757443486573 102.85037280534043 154
1757443486646 98.0504725202924 155
1757443486715 106.1818994284851 156
1757443486790 98.45744453014919 157
1757443486861 99.9634385049437 158
1757443486930 102.74211454581251 159
1757443486999 104.59517091732326 160
1757443487074 96.75087035858309 161
1757443487146 97.93993376305241 162
1757443487219 92.89819912854874 163
1757443487294 97.66361393083014 164
1757443487368 91.66805615628903 165
1757443487430 95.15002871027627 166
1757443487499 95.19977693362081 167
1757443487563 101.86199571104414 168
1757443487626 98.61353668914255 169
1757443487688 92.75907997408001 170
1757443487751 90.82949373040867 171
1757443487819 94.2164662696288 172
1757443487884 95.98018771378963 173
1757443487949 89.15419298388221 174
1757443488015 96.4254663281843 175
1757443488080 87.72968782017405 176
1757443488149 90.67416959882631 177
1757443488216 96.69830234976503 178
1757443488288 92.4363260403702 179
1757443488361 88.24687820844825 180
1757443488433 98.9132168425131 181
1757443488505 89.7755457451689 182
1757443488580 97.0317526663503 183
1757443488656 90.23024551638207 184
1757443488728 87.05143033581624 185
1757443488801 89.43262802824553 186
1757443488875 93.44077501305246 187
1757443488949 87.33828039509324 188
1757443489023 87.5206571823984 189
1757443489097 91.15692134399019 190
1757443489170 92.51020546954969 191
1757443489246 93.14066270078125 192
1757443489320 87.92371307947442 193
1757443489395 78.57949630857738 194
1757443489459 92.5700835948515 195
1757443489526 89.29782850478963 196
1757443489597 83.73019184727376 197
1757443489668 86.05607968240804 198
1757443489739 85.2093690290397 199
1757443489811 82.75918304987803 200
1757443489881 87.97375441087858 201
1757443489951 82.559857679044 202
1757443490022 85.89409580753264 203
1757443490097 86.3333730062276 204
1757443490171 82.348686298315 205
1757443490245 85.82895535123733 206
1757443490320 81.34558473668986 207
1757443490393 81.46441145584625 208
1757443490466 79.72632455989094 209
1757443490540 81.37037737128414 210
1757443490624 85.48659835689757 211
1757443490702 79.18630183311197 212
1757443490775 78.80205120109434 213
1757443490847 79.52761119366949 214
1757443490916 88.42398660419386 215
1757443490991 80.21647571035349 216
1757443491073 75.37866230083134 217
1757443491143 78.34513740838608 218
1757443491208 78.91434427849731 219
1757443491276 90.56429622996667 220
1757443491341 78.43589657345586 221
1757443491394 88.92877573548573 222
1757443491454 81.24127889113338 223
1757443491512 71.6695062965339 224
1757443491576 73.84055526690116 225
1757443491636 85.30718123768135 226
1757443491704 73.58417679194744 227
1757443491774 78.25301262270972 228
1757443491847 77.08950906067642 229
1757443491920 84.83816266170206 230
1757443491995 75.46598841495351 231
1757443492069 84.78215548251595 232
1757443492144 73.75960227262429 233
1757443492217 76.73461798349788 234
1757443492288 72.96591043908491 235
1757443492359 82.52188423585737 236
1757443492434 77.15717741101099 237
1757443492510 75.14053196884424 238
1757443492582 70.54247829434772 239
1757443492654 74.18292317045677 240
1757443492727 75.98715966665513 241
1757443492803 76.57650088943575 242
1757443492880 80.00953817987889 243
1757443492955 77.22384189000903 244
1757443493028 77.31792313505863 245
1757443493099 77.21300007738989 246
1757443493174 70.48292361083617 247
1757443493251 72.18233976491756 248
1757443493325 73.45701539258732 249
1757443493399 75.41424936670323 250
1757443493468 74.71916434414766 251
1757443493540 80.74203089238334 252
1757443493609 71.15266228836772 253
1757443493676 70.41491787517867 254
1757443493743 73.78904170286746 255
1757443493811 73.9169711567218 256
1757443493883 76.6018709397501 257
1757443493956 67.7701640183849 258
1757443494031 72.97874380585097 259
1757443494106 69.16259159353494 260
1757443494183 69.98578955249984 261
1757443494259 78.66691381889434 262
1757443494337 65.63924864241409 263
1757443494413 70.65948833248159 264
1757443494487 83.73896113179002 265
1757443494564 64.21273259748212 266
1757443494640 71.28363194298008 267
1757443494718 75.67062027666107 268
1757443494793 64.36557635021093 269
1757443494867 73.85552347231872 270
1757443494940 67.12277368046855 271
1757443495022 62.024580076717044 272
1757443495098 66.00772670447816 273
1757443495170 76.12956912544013 274
1757443495243 67.18154960816503 275
1757443495318 70.54164645240063 276
1757443495391 74.3074444592711 277
1757443495463 65.170845101534 278
1757443495531 67.1596335382618 279
1757443495602 65.08019527102797 280
1757443495667 73.00458723985544 281
1757443495731 68.30806887479196 282
1757443495806 68.17476907769695 283
1757443495884 60.75064858245157 284
1757443495961 71.92452044417651 285
1757443496036 68.67857822831837 286
1757443496113 71.81560008802774 287
1757443496186 79.37491622406311 288
1757443496263 67.01937520992264 289
1757443496340 58.15817608314491 290
1757443496415 68.02940984673327 291
1757443496489 68.18491597101885 292
1757443496572 61.35301704740291 293
1757443496649 67.59120841193318 294
1757443496724 63.923243464197775 295
1757443496797 75.68358123151732 296
1757443496871 58.48469788759852 297
1757443496945 62.92405513335584 298
1757443497019 62.99165225716417 299
1757443497094 59.56759988777583 300
1757443497171 72.58474613769022 301
1757443497244 57.37569346931886 302
1757443497318 64.30160204957325 303
1757443497390 64.04725635250887 304
1757443497463 64.59191165357892 305
1757443497539 64.20674693223779 306
1757443497612 62.82500950476998 307
1757443497687 69.05441139110596 308
1757443497764 64.0302928601214 309
1757443497844 60.332368010344965 310
1757443497918 66.07583977679157 311
1757443497991 54.777961744772966 312
1757443498066 66.86331177660912 313
1757443498142 62.8610574750446 314
1757443498214 60.348373996188776 315
1757443498286 68.89938146963969 316
1757443498361 62.77926472407988 317
1757443498438 52.96441210563095 318
1757443498513 53.46422367106256 319
1757443498589 63.85960008318907 320
1757443498684 66.56003567962013 321
1757443498761 71.18257837615727 322
1757443498835 61.30570331711069 323
1757443498909 62.314620662388776 324
1757443498985 56.97538800047869 325
1757443499061 53.698304471893536 326
1757443499138 53.270360311430075 327
1757443499217 61.287638713007524 328
1757443499295 61.26443878108247 329
1757443499372 66.81703583000841 330
1757443499452 49.94581100184334 331
1757443499524 58.6441549937298 332
1757443499598 67.99301216802978 333
1757443499668 59.038397360877866 334
1757443499736 61.872228117009 335
1757443499800 60.192229775425545 336
1757443499875 51.96219093961107 337
1757443499940 68.36439739891502 338
1757443500010 57.22686691149598 339
1757443500080 56.76681936201266 340
1757443500146 59.10032775139392 341
1757443500218 59.08867346119694 342
1757443500292 63.661054427099224 343
1757443500373 57.57712913822023 344
1757443500449 65.68156715527145 345
1757443500526 54.05586689512532 346
1757443500605 50.505276720851214 347
1757443500685 62.131203035703386 348
1757443500761 59.79843788522535 349
1757443500842 57.8645108117395 350
1757443500917 49.2773886516877 351
1757443500995 46.93213491981496 352
1757443501075 57.06572611366805 353
1757443501152 52.63867867551819 354
1757443501228 51.48114962910625 355
1757443501306 52.13048889128695 356
1757443501389 67.52875033970246 357
1757443501463 62.043646294336135 358
1757443501535 63.34635847270858 359
1757443501594 58.05229776264014 360
1757443501661 58.43786377503581 361
1757443501731 55.084497352867665 362
1757443501800 43.1709933053772 363
1757443501872 51.73266766597635 364
1757443501948 47.88499894635655 365
1757443502022 54.77111025123638 366
1757443502095 52.112101080473344 367
1757443502172 46.068974997280584 368
1757443502230 58.102012605875586 369
1757443502301 59.16359821575232 370
1757443502369 48.5423328872249 371
1757443502437 49.20218153229835 372
1757443502512 51.4224664074936 373
1757443502582 54.98938393916198 374
1757443502653 50.529333343020056 375
1757443502746 45.79573231733508 376
1757443502819 57.299748162224574 377
1757443502896 54.40583192699122 378
1757443502975 44.952820637662455 379
1757443503051 55.61711151210656 380
1757443503132 49.194872539034755 381
1757443503211 51.74097495884737 382
1757443503289 63.83481123982533 383
1757443503368 41.29621313422023 384
1757443503447 45.0383424810007 385
1757443503527 60.70446436400721 386
1757443503597 55.495126351428375 387
1757443503668 40.75580239476567 388
1757443503739 62.35433789137431 389
1757443503810 52.340567892538765 390
1757443503884 43.325263497060966 391
1757443503959 52.388071637577085 392
1757443504039 48.772324063378846 393
1757443504116 41.32194037155052 394
1757443504197 51.66833157876863 395
1757443504276 46.17074133834501 396
1757443504356 52.7419904978174 397
1757443504436 45.41471268719933 398
1757443504514 57.64011730787738 399
1757443504594 49.17912429229642 400
1757443504667 53.04625206003919 401
1757443504744 52.28357267954148 402
1757443504825 48.18393378686348 403
1757443504905 42.55283565184508 404
1757443504986 51.94637008873499 405
1757443505066 42.85398404755769 406
1757443505145 49.12009132974382 407
1757443505227 48.609739588206104 408
1757443505307 41.29627544375025 409
1757443505390 49.020205093329864 410
1757443505467 48.506351388916116 411
1757443505545 44.493584447059355 412
1757443505619 39.72769335584766 413
1757443505689 48.10358872737925 414
1757443505763 41.409034109662805 415
1757443505836 55.335992291541665 416
1757443505912 51.11062943417363 417
1757443505990 56.40805936537581 418
1757443506065 44.84804228274851 419
1757443506143 40.20286629405398 420
1757443506222 38.93766318052956 421
1757443506303 46.07191667313395 422
1757443506380 34.625293809388324 423
1757443506462 43.75266481877276 424
1757443506537 46.64946129402469 425
1757443506630 52.553776095887 426
1757443506706 42.730200869230565 427
1757443506780 35.91051215674823 428
1757443506857 44.086311691196656 429
1757443506938 37.69767518824149 430
1757443507016 50.792167732392606 431
1757443507095 52.04761385142689 432
1757443507174 40.043732582165994 433
1757443507252 48.04572970764257 434
1757443507333 41.766088494104714 435
1757443507410 38.37977073863718 436
1757443507488 43.796398303575835 437
1757443507567 44.47753256857463 438
1757443507636 45.523594629925775 439
1757443507704 32.092108187271585 440
1757443507772 38.737967273298864 441
1757443507846 44.6481089925426 442
1757443507918 45.677138005025775 443
1757443507989 47.93342031902283 444
1757443508059 44.66953257081721 445
1757443508127 46.90931092813271 446
1757443508199 51.57095580840093 447
1757443508272 43.454266415708794 448
1757443508347 41.90278243349832 449
1757443508424 48.93708130814082 450
1757443508503 44.125817388075404 451
1757443508581 45.4312911806843 452
1757443508663 42.40201854304484 453
1757443508754 37.10995269521563 454
1757443508845 49.858802016691136 455
1757443508925 40.79108327477821 456
1757443509004 38.23575641418967 457
1757443509084 39.070795457009325 458
1757443509164 40.47993799876266 459
1757443509243 61.030533791015145 460
1757443509323 41.73487260419132 461
1757443509404 45.07384728797142 462
1757443509485 37.63496770542216 463
1757443509566 46.792902601530756 464
1757443509640 37.43522393349849 465
1757443509704 36.848479891111936 466
1757443509778 39.31282622414248 467
1757443509849 31.906494211547457 468
1757443509919 51.635420602842196 469
1757443509996 45.94837702680559 470
1757443510075 33.04274320468239 471
1757443510155 51.804801350645455 472
1757443510238 35.149681508375906 473
1757443510318 43.39932614270138 474
1757443510401 42.12766283181157 475
1757443510482 33.85602148144254 476
1757443510560 45.11277323748384 477
1757443510638 46.2781856270025 478
1757443510713 39.35422428215591 479
1757443510789 30.017187771194003 480
1757443510871 36.962970563323836 481
1757443510952 42.283954576826716 482
1757443511029 32.79115982211935 483
1757443511109 41.46650645949702 484
1757443511185 36.88043267769999 485
1757443511265 33.05447873097955 486
1757443511343 51.210501091383264 487
1757443511424 41.94900333054312 488
1757443511501 35.15675772001988 489
1757443511581 37.13152620663524 490
1757443511658 33.361151809885094 491
1757443511732 31.392198803316393 492
1757443511804 35.0534115696918 493
1757443511877 50.11520577642188 494
1757443511951 40.310566560922936 495
1757443512025 48.16918172887007 496
1757443512102 34.506803767190846 497
1757443512179 40.08779279024899 498
1757443512259 44.864761613579766 499
