1757511899285 169.51820527269973 0
1757511899380 156.83536276939324 1
1757511899458 151.4410321054664 2
1757511899523 146.10480579949223 3
1757511899589 141.0336807171344 4
1757511899655 136.20725318481394 5
1757511899738 131.61294032186674 6
1757511899820 127.23864339761835 7
1757511899888 123.07293412445166 8
1757511899960 119.1050100975881 9
1757511900039 115.32465962452558 10
1757511900110 111.72222836506496 11
1757511900179 108.28858789503366 12
1757511900250 105.01510607534877 13
1757511900324 101.89361912193982 14
1757511900401 98.9164052779211 15
1757511900481 96.07615999515804 16
1757511900554 93.36597253778162 17
1757511900625 90.77930392529765 18
1757511900695 88.30996613773547 19
1757511900766 85.95210250979575 20
1757511900842 83.70016924520979 21
1757511900917 81.54891798652743 22
1757511900990 79.4933793793193 23
1757511901065 77.52884757333136 24
1757511901150 75.65086560647087 25
1757511901223 73.85521162065145 26
1757511901289 72.13788586148847 27
1757511901360 70.49509841662781 28
1757511901429 68.92325765011792 29
1757511901489 67.41895929271104 30
1757511901555 65.97897615030914 31
1757511901620 64.60024839496498 32
1757511901691 63.27987440491502 33
1757511901755 62.015102122066736 34
1757511901822 60.80332089719569 35
1757511901893 59.64205379483317 36
1757511901961 58.528950331450105 37
1757511902029 57.461779622073806 38
1757511902099 56.4384239119146 39
1757511902166 55.45687247093719 40
1757511902228 54.51521583058925 41
1757511902292 53.61164034310389 42
1757511902362 52.74442304492574 43
1757511902434 51.91192680687816 44
1757511902509 51.11259575469493 45
1757511902582 50.34495094448594 46
1757511902654 49.607586278598696 47
1757511902723 48.89916464817728 48
1757511902795 48.218414289511585 49
1757511902863 47.56412534201428 50
1757511902936 46.935146596365406 51
1757511903009 46.33038242202468 52
1757511903078 45.74878986393477 53
1757511903146 45.18937589882479 54
1757511903217 44.651194842075725 55
1757511903291 44.13334589662972 56
1757511903363 43.63497083591517 57
1757511903435 43.15525181322119 58
1757511903504 42.693409290389795 59
1757511903576 42.24870007910374 60
1757511903648 41.82041548843393 61
1757511903719 41.407879572673416 62
1757511903792 41.010447473827924 63
1757511903865 40.62750385345502 64
1757511903937 40.25846140884789 65
1757511904007 39.902759468846654 66
1757511904069 39.559862664828586 67
1757511904132 39.2292596726844 68
1757511904199 38.91046202182554 69
1757511904264 38.60300296749425 70
1757511904341 38.30643642286003 71
1757511904413 38.02033594758669 72
1757511904485 37.7442937897427 73
1757511904551 37.47791997810566 74
1757511904623 37.220841462078994 75
1757511904696 36.972701296596874 76
1757511904766 36.73315786954252 77
1757511904838 36.501884169344706 78
1757511904905 36.278567090550084 79
1757511904974 36.06290677529302 80
1757511905048 35.854615988702015 81
1757511905119 35.65341952639289 82
1757511905187 35.459053652302714 83
1757511905251 35.271265565217 84
1757511905323 35.089812892435184 85
1757511905395 34.91446320910696 86
1757511905467 34.74499358185417 87
1757511905538 34.581190135370804 88
1757511905612 34.42284764076653 89
1757511905684 34.26976912448847 90
1757511905755 34.12176549672086 91
1757511905825 33.97865519822353 92
1757511905900 33.8402638646279 93
1757511905972 33.70642400726427 94
1757511906045 33.5769747096445 95
1757511906117 33.451761338774254 96
1757511906190 33.3306352705128 97
1757511906257 33.21345362824351 98
1757511906331 33.10007903415723 99
1757511906404 32.99037937249014 100
1757511906478 32.88422756409347 101
1757511906550 32.78150135174657 102
1757511906619 32.68208309565733 103
1757511906693 32.58585957862415 104
1757511906766 32.4927218203624 105
1757511906849 32.40256490052525 106
1757511906923 32.31528778997461 107
1757511906991 32.23079318988182 108
1757511907065 32.14898737826025 109
1757511907140 32.069780063554035 110
1757511907212 31.993084244926916 111
1757511907286 31.918816078914467 112
1757511907358 31.846894752121152 113
1757511907432 31.77724235966063 114
1757511907505 31.70978378905368 115
1757511907578 31.644446609313693 116
1757511907652 31.581160964963743 117
1757511907722 31.519859474742756 118
1757511907795 31.460477134771487 119
1757511907868 31.40295122596073 120
1757511907941 31.347221225455762 121
1757511908016 31.293228721921906 122
1757511908090 31.24091733448628 123
1757511908162 31.19023263516014 124
1757511908229 31.14112207457598 125
1757511908300 31.093534910881434 126
1757511908374 31.04742214164076 127
1757511908449 31.002736438602092 128
1757511908521 30.959432085195857 129
1757511908592 30.917464916637 130
1757511908665 30.876792262509735 131
1757511908738 30.837372891720033 132
1757511908811 30.799166959706618 133
1757511908886 30.762135957807054 134
1757511908958 30.726242664680427 135
1757511909030 30.691451099693236 136
1757511909108 30.657726478179633 137
1757511909179 30.625035168491916 138
1757511909254 30.593344650760756 139
1757511909332 30.56262347728926 140
1757511909408 30.53284123450827 141
1757511909480 30.50396850642402 142
1757511909551 30.47597683949263 143
1757511909626 30.448838708859128 144
1757511909700 30.42252748590163 145
1757511909776 30.397017407024162 146
1757511909848 30.3722835436446 147
1757511909920 30.348301773326266 148
1757511909994 30.325048752004594 149
1757511910079 30.302501887262487 150
1757511910155 30.280639312609985 151
1757511910232 30.259439862726232 152
1757511910300 30.238883049623468 153
1757511910378 30.218949039694785 154
1757511910453 30.199618631609123 155
1757511910526 30.180873235018552 156
1757511910600 30.162694850044872 157
1757511910677 30.14506604751341 158
1757511910748 30.127969949904127 159
1757511910824 30.111390212990884 160
1757511910902 30.09531100814132 161
1757511910978 30.079717005251037 162
1757511911060 30.064593356286906 163
1757511911137 30.049925679415278 164
1757511911219 30.035700043692355 165
1757511911292 30.02190295429444 166
1757511911357 30.008521338267332 167
1757511911427 29.995542530774514 168
1757511911504 29.982954261825082 169
1757511911580 29.970744643462808 170
1757511911653 29.958902157398988 171
1757511911726 29.947415643071896 172
1757511911810 29.936274286117012 173
1757511911888 29.925467607232257 174
1757511911970 29.914985451423664 175
1757511912051 29.904817977617203 176
1757511912136 29.894955648623032 177
1757511912214 29.88538922143941 178
1757511912295 29.876109737883482 179
1757511912379 29.867108515537097 180
1757511912456 29.858377138996197 181
1757511912537 29.849907451412612 182
1757511912611 29.84169154631774 183
1757511912691 29.833721759718028 184
1757511912766 29.82599066245236 185
1757511912837 29.81849105280204 186
1757511912921 29.81121594934441 187
1757511912995 29.80415858404145 188
1757511913068 29.797312395554968 189
1757511913143 29.790671022780543 190
1757511913220 29.78422829859248 191
1757511913302 29.77797824379232 192
1757511913375 29.771915061254013 193
1757511913452 29.766033130258762 194
1757511913531 29.760327001013046 195
1757511913608 29.754791389343527 196
1757511913680 29.749421171562762 197
1757511913752 29.744211379499795 198
1757511913834 29.739157195690183 199
1757511913911 29.734253948719864 200
1757511913986 29.729497108717727 201
1757511914063 29.724882282991917 202
1757511914139 29.72040521180486 203
1757511914213 29.716061764282596 204
1757511914286 29.71184793445375 205
1757511914357 29.70775983741381 206
1757511914436 29.703793705610654 207
1757511914510 29.699945885247242 208
1757511914587 29.696212832797563 209
1757511914658 29.69259111163218 210
1757511914733 29.68907738874965 211
1757511914808 29.68566843161046 212
1757511914884 29.68236110507008 213
1757511914959 29.67915236840785 214
1757511915037 29.67603927244862 215
1757511915112 29.67301895677417 216
1757511915189 29.670088647021345 217
1757511915266 29.667245652264345 218
1757511915340 29.664487362478173 219
1757511915416 29.661811246080823 220
1757511915491 29.65921484755166 221
1757511915567 29.656695785123368 222
1757511915649 29.654251748545427 223
1757511915726 29.65188049691647 224
1757511915801 29.649579856583614 225
1757511915875 29.647347719106488 226
1757511915952 29.6451820392839 227
1757511916024 29.643080833241235 228
1757511916100 29.641042176576608 229
1757511916189 29.63906420256391 230
1757511916328 29.637145100410944 231
1757511916404 29.635283113570946 232
1757511916479 29.63347653810582 233
1757511916556 29.631723721099373 234
1757511916633 29.630023059119168 235
1757511916708 29.628372996725204 236
1757511916782 29.626772025024213 237
1757511916860 29.625218680268002 238
1757511916938 29.623711542494515 239
1757511917028 29.622249234210294 240
1757511917111 29.62083041911293 241
1757511917185 29.61945380085258 242
1757511917263 29.618118121830847 243
1757511917346 29.61682216203637 244
1757511917437 29.61556473791563 245
1757511917529 29.614344701278068 246
1757511917612 29.6131609382343 247
1757511917687 29.612012368166695 248
1757511917760 29.610897942730915 249
1757511917838 29.609816644887793 250
1757511917914 29.60876748796451 251
1757511917992 29.607749514744064 252
1757511918070 29.60676179658237 253
1757511918145 29.605803432551944 254
1757511918224 29.604873548611522 255
1757511918305 29.6039712968006 256
1757511918384 29.603095854458466 257
1757511918460 29.602246423466646 258
1757511918538 29.601422229514203 259
1757511918612 29.60062252138522 260
1757511918687 29.599846570267683 261
1757511918764 29.599093669083224 262
1757511918843 29.598363131837008 263
1757511918921 29.59765429298718 264
1757511919002 29.596966506833294 265
1757511919088 29.596299146923098 266
1757511919172 29.595651605477187 267
1757511919249 29.595023292830927 268
1757511919334 29.594413636893087 269
1757511919414 29.593822082620864 270
1757511919492 29.5932480915105 271
1757511919570 29.592691141103316 272
1757511919649 29.59215072450651 273
1757511919728 29.591626349928323 274
1757511919947 29.591117540227152 275
1757511920052 29.590623832474222 276
1757511920125 29.5901447775293 277
1757511920192 29.58967993962913 278
1757511920262 29.589228895988295 279
1757511920338 29.58879123641189 280
1757511920415 29.588366562919887 281
1757511920493 29.58795448938273 282
1757511920572 29.58755464116782 283
1757511920653 29.587166654796604 284
1757511920730 29.58679017761187 285
1757511920806 29.58642486745508 286
1757511920887 29.5860703923533 287
1757511920961 29.585726430215466 288
1757511921042 29.58539266853786 289
1757511921122 29.585068804118148 290
1757511921202 29.58475454277827 291
