1757436035998 133.93443459319894 0
1757436036095 129.61477964279825 1
1757436036188 88.81020531273627 2
1757436036281 100.40788506072984 3
1757436036375 76.51222586551633 4
1757436036466 52.5681269037346 5
1757436036560 22.847984843643037 6
1757436036657 9.054745963053124 7
1757436036752 25.112962338709853 8
1757436036850 38.58584782937382 9
1757436036945 58.401031895660225 10
1757436037045 20.901903077538805 11
1757436037145 34.50826474366183 12
1757436037244 16.31463818205986 13
1757436037343 13.580115067735102 14
1757436037438 5.563985939539897 15
1757436037535 39.88708554491612 16
1757436037632 28.383665883635388 17
1757436037729 26.652811351068593 18
1757436037827 14.22568282947716 19
1757436037925 27.387907087729392 20
1757436038032 6.08492372792429 21
1757436038151 1.2080916307665124 22
1757436038246 0.0266245868049956 23
1757436038340 8.860051208601691 24
1757436038435 10.519039820900142 25
1757436038531 9.422315054846274 26
1757436038629 0.10538215714471263 27
1757436038729 0.6124415958802306 28
1757436038827 81.05949347194822 29
1757436038925 6.507054679778944 30
1757436039025 4.220434229638643 31
1757436039123 15.957231976398205 32
1757436039221 1.5507292127815946 33
1757436039318 5.663017109370984 34
1757436039415 0.006696160136942538 35
1757436039511 79.16810666151952 36
1757436039611 12.985336527182108 37
1757436039709 0.000669082703907588 38
1757436039808 15.169591779946982 39
1757436039908 6.378995398676097 40
1757436040009 18.799795440630366 41
1757436040107 4.667615712240491 42
1757436040206 57.75956105159045 43
1757436040302 10.642269845467716 44
1757436040398 2.9383111478572514 45
1757436040495 1.7229813864227197 46
1757436040595 4.917255267467632 47
1757436040697 2.4931635164933375 48
1757436040796 15.937978458720446 49
1757436040893 5.014727799284512 50
1757436040990 38.730552206108236 51
1757436041087 3.2632875876985903 52
1757436041185 58.665220818501496 53
1757436041282 7.194611381808284 54
1757436041383 0.6055186248242632 55
1757436041480 0.0001619280423288754 56
1757436041575 67.66474884500462 57
1757436041670 20.353417205488412 58
1757436041767 2.330851981363173 59
1757436041864 19.358658645187315 60
1757436041956 10.443241447050823 61
1757436042050 0.15260151074457248 62
1757436042145 4.616198819267754 63
1757436042240 1.9718200054390294 64
1757436042335 0.39745191094880256 65
1757436042431 1.9530382474247368 66
1757436042527 5.450347128089994 67
1757436042624 50.188258539234184 68
1757436042721 22.57318651021488 69
1757436042818 3.506200832327468 70
1757436042914 50.16992763604597 71
1757436043010 2.079099869690266 72
1757436043105 9.470287302289137 73
1757436043202 3.7268848021697782 74
1757436043299 1.9052866804181572 75
1757436043398 20.1826007890022 76
1757436043494 2.0695404774901034 77
1757436043590 11.4932907009657 78
1757436043687 8.626137778428008 79
