1757656634765 160.80792496170062 0
1757656634853 152.50108037905707 1
1757656634941 148.64238963998605 2
1757656635028 144.82804933953426 3
1757656635111 141.1134568050743 4
1757656635198 137.49526880840364 5
1757656635281 134.00382062938183 6
1757656635363 130.58590942355906 7
1757656635444 127.25671470043443 8
1757656635523 124.01370455004391 9
1757656635603 120.8546449259393 10
1757656635683 117.7773567625498 11
1757656635766 114.77971766721058 12
1757656635850 111.85966040489588 13
1757656635934 109.01517146436353 14
1757656636014 106.24428966104232 15
1757656636099 103.54510477627122 16
1757656636185 100.92514494876112 17
1757656636269 98.36809435682282 18
1757656636416 95.87719916531658 19
1757656636634 93.4506798910426 20
1757656636703 91.08686778881832 21
1757656636769 88.78413660862587 22
1757656636840 86.5409023583534 23
1757656636922 84.35562219356636 24
1757656637004 82.22679334782786 25
1757656637089 80.15295209068846 26
1757656637178 78.13267271278099 27
1757656637265 76.16456653731461 28
1757656637352 74.2472809572802 29
1757656637473 72.37949849769866 30
1757656637566 70.55993590226069 31
1757656637656 68.78734324372297 32
1757656637749 67.06050305744336 33
1757656637836 65.37822949745247 34
1757656637922 63.73936751447572 35
1757656638003 62.14279205533472 36
1757656638084 60.58741125210942 37
1757656638169 59.07214768879897 38
1757656638258 57.595973728988874 39
1757656638351 56.15786479291439 40
1757656638440 54.756846290257606 41
1757656638527 53.39194581404011 42
1757656638616 52.06223906724735 43
1757656638706 50.76680314569336 44
1757656638791 49.50476145838893 45
1757656638879 48.2752380705293 46
1757656638965 47.07740164287895 47
1757656639051 45.910420806494294 48
1757656639140 44.773507145789175 49
1757656639231 43.66587157738653 50
1757656639319 42.58676640092907 51
1757656639409 41.53544265521336 52
1757656639498 40.5111912602239 53
1757656639591 39.513301324440754 54
1757656639680 38.541100401002254 55
1757656639767 37.59391372079359 56
1757656639860 36.67110358508343 57
1757656639953 35.77202949969671 58
1757656640033 34.896086725923155 59
1757656640116 34.04266729175343 60
1757656640202 33.211197722322815 61
1757656640288 32.401100904846345 62
1757656640376 31.611833019338352 63
1757656640465 30.84284623452049 64
1757656640557 30.093624859046965 65
1757656640645 29.36364884627899 66
1757656640734 28.65242918574722 67
1757656640825 27.95947219528815 68
1757656640914 27.284314171987972 69
1757656641005 26.6264864507618 70
1757656641096 25.985549333547105 71
1757656641189 25.361057893975303 72
1757656641282 24.752595203118293 73
1757656641377 24.159738860454347 74
1757656641466 23.58209353401744 75
1757656641554 23.01925819839644 76
1757656641648 22.470858006693614 77
1757656641737 21.936512216818098 78
1757656641823 21.41586541222712 79
1757656641913 20.908556098281938 80
1757656641998 20.41424728832299 81
1757656642080 19.932595752349364 82
1757656642162 19.46328198456649 83
1757656642240 19.005980087129636 84
1757656642320 18.560387134899962 85
1757656642408 18.126193677458364 86
1757656642503 17.703112516412563 87
1757656642590 17.290849809340624 88
1757656642676 16.889133274607996 89
1757656642768 16.497683881340176 90
1757656642856 16.11624349633419 91
1757656642946 15.744547144587985 92
1757656643036 15.382350112525122 93
1757656643124 15.029400764024727 94
1757656643211 14.685467113821483 95
1757656643300 14.350310184384561 96
1757656643388 14.023710063006815 97
1757656643477 13.705439785274617 98
1757656643567 13.395290889020414 99
1757656643654 13.093047810507965 100
1757656643741 12.798512948090943 101
1757656643830 12.511481557610097 102
1757656643916 12.231766338277096 103
1757656644005 11.959172814142015 104
1757656644087 11.693523454405938 105
1757656644168 11.434633528168998 106
1757656644255 11.182334771067445 107
1757656644341 10.93645170085462 108
1757656644431 10.696824841957763 109
1757656644517 10.463287489777116 110
1757656644604 10.235688504464713 111
1757656644695 10.013869512150505 112
1757656644783 9.79768727895952 113
1757656644871 9.586991337688648 114
1757656644961 9.381645952799756 115
1757656645047 9.181508161377078 116
1757656645136 8.986449339561739 117
1757656645226 8.796333646917617 118
1757656645317 8.61103920450747 119
1757656645405 8.430436932084802 120
1757656645495 8.254411347753143 121
1757656645585 8.0828397876832 122
1757656645673 7.915612837044454 123
1757656645761 7.752613922221217 124
1757656645863 7.593739382459478 125
1757656645953 7.4388784248221675 126
1757656646040 7.28793284575428 127
1757656646114 7.1407973392771025 128
1757656646202 6.997378877440514 129
1757656646290 6.857577362508431 130
1757656646374 6.721304675038968 131
1757656646460 6.588465661058923 132
1757656646548 6.458976856289882 133
1757656646643 6.332747799548573 134
1757656646732 6.209699441419956 135
1757656646824 6.089745775352768 136
1757656646913 5.972811938869042 137
1757656647002 5.8588161540503565 138
1757656647093 5.747687529166876 139
1757656647179 5.639348300469981 140
1757656647268 5.533731341922749 141
1757656647359 5.430762700428783 142
1757656647463 5.330378821149854 143
1757656647558 5.232509368509236 144
1757656647654 5.137094174391014 145
1757656647744 5.044066337458952 146
1757656647835 4.953368901345595 147
1757656647926 4.864938225025025 148
1757656648018 4.778720397918069 149
1757656648098 4.694654874249414 150
1757656648184 4.612690631818007 151
1757656648267 4.532770063455888 152
1757656648356 4.454844886040157 153
1757656648449 4.378860282352696 154
1757656648538 4.304770566741712 155
1757656648627 4.2325235708585325 156
1757656648721 4.162076072212567 157
1757656648816 4.093378417433642 158
1757656648908 4.026389719804163 159
1757656649003 3.961062713863121 160
1757656649093 3.89735872784328 161
1757656649187 3.8352327635961183 162
1757656649282 3.7746482497098772 163
1757656649374 3.715562340893437 164
1757656649466 3.657940457402894 165
1757656649555 3.601741798176966 166
1757656649655 3.5469336720552547 167
1757656649749 3.4934772191082515 168
1757656649846 3.441341538989659 169
1757656649937 3.3904896150504413 170
1757656650029 3.3408922450304055 171
1757656650116 3.292514162688233 172
1757656650203 3.2453277759037458 173
1757656650291 3.199299480694638 174
1757656650384 3.1544032116705027 175
1757656650476 3.110606943441914 176
1757656650569 3.0678860582403065 177
1757656650666 3.026210029856532 178
1757656650757 2.985555613116829 179
1757656650852 2.9458937056158816 180
1757656650945 2.9072023636184925 181
1757656651036 2.8694538369767026 182
1757656651127 2.8326274159091547 183
1757656651219 2.796696634613073 184
1757656651312 2.7616419532587373 185
1757656651400 2.7274381259250817 186
1757656651495 2.6940667220349996 187
1757656651587 2.6615036543582327 188
1757656651679 2.6297315440043887 189
1757656651770 2.5987274043485833 190
1757656651867 2.5684748535930204 191
1757656651955 2.5389519505797007 192
1757656652050 2.5101432588280446 193
1757656652136 2.482027830304949 194
1757656652225 2.4545911247452463 195
1757656652315 2.4278131375525587 196
1757656652407 2.401680178111199 197
1757656652513 2.3761731380917026 198
1757656652610 2.3512791323672 199
1757656652702 2.3269799040952432 200
1757656652793 2.3032633317584557 201
1757656652885 2.280111967489519 202
1757656652978 2.2575144136650733 203
1757656653071 2.235453991033352 204
1757656653164 2.2139199882019 205
1757656653253 2.1928964562175364 206
1757656653348 2.1723733342021894 207
1757656653450 2.1523353671227543 208
1757656653542 2.1327731107453443 209
1757656653637 2.1136719694180828 210
1757656653730 2.0950230834322228 211
1757656653825 2.0768124837241917 212
1757656653917 2.0590318646522627 213
1757656654010 2.0416678526052046 214
1757656654102 2.0247126671254896 215
1757656654185 2.0081535004908484 216
1757656654274 1.9919830700392485 217
1757656654367 1.9761891058664742 218
1757656654459 1.96076479713438 219
1757656654549 1.9456983851024074 220
1757656654640 1.9309835061287057 221
1757656654736 1.9166088873263734 222
1757656654829 1.902568588897014 223
1757656654923 1.8888517997733634 224
1757656655014 1.8754529818566306 225
1757656655097 1.8623617630762397 226
1757656655184 1.8495729860358088 227
1757656655278 1.8370766959879763 228
1757656655373 1.8248680963290842 229
1757656655463 1.8129376290525272 230
1757656655554 1.8012808394691022 231
1757656655646 1.7898885467660541 232
1757656655741 1.7787566202685825 233
1757656655834 1.7678762377938093 234
1757656655930 1.757243575709012 235
1757656656026 1.7468501528301934 236
1757656656120 1.7366924364742702 237
1757656656203 1.7268409281835442 238
1757656656289 1.7170940988658543 239
1757656656384 1.707682047068384 240
1757656656483 1.6983651138256828 241
1757656656576 1.6893708277778585 242
1757656656672 1.680462965972616 243
1757656656767 1.6718661835584958 244
1757656656859 1.6633476015327506 245
1757656656954 1.6551290708626683 246
1757656657047 1.6469809623122633 247
1757656657135 1.6391223905656134 248
1757656657227 1.6313268847394298 249
1757656657321 1.6238108896757502 250
1757656657412 1.6163510041111138 251
1757656657517 1.6091610680517836 252
1757656657620 1.6020919941097251 253
1757656657717 1.5951044829911563 254
1757656657816 1.5883753183663831 255
1757656657912 1.581684275492753 256
1757656658001 1.5752433847282457 257
1757656658097 1.5688349104268684 258
1757656658186 1.562668467659383 259
1757656658272 1.5565974363045485 260
1757656658365 1.5505888466428142 261
1757656658455 1.5448083437771782 262
1757656658548 1.5390495039559051 263
1757656658640 1.5335118376325043 264
1757656658731 1.5280575802484657 265
1757656658828 1.5226506666265722 266
1757656658919 1.5174565858686488 267
1757656659012 1.5122707915280902 268
1757656659106 1.5072916810822379 269
1757656659205 1.502316795182032 270
1757656659299 1.4975424536607067 271
1757656659396 1.492832436597562 272
1757656659488 1.4881564754470538 273
1757656659591 1.4836700224631283 274
1757656659692 1.479180693420356 275
1757656659788 1.4748756768580567 276
1757656659884 1.470626727371275 277
1757656659976 1.4664004146797287 278
1757656660074 1.4623524963886696 279
1757656660171 1.458291662186194 280
1757656660257 1.4544045935771228 281
1757656660347 1.450501730056166 282
1757656660438 1.4467679694422495 283
1757656660535 1.4430758449296677 284
1757656660632 1.439397287609844 285
1757656660730 1.435878979179362 286
1757656660826 1.4323403912456365 287
1757656660919 1.428958134921987 288
1757656661014 1.4255532389846035 289
1757656661107 1.4223007051053347 290
1757656661203 1.4190815097278013 291
1757656661301 1.4158646988546142 292
1757656661397 1.4127963884821113 293
1757656661497 1.4096981410374736 294
1757656661593 1.406745057165754 295
1757656661690 1.4037601227191314 296
1757656661788 1.400916948852128 297
1757656661885 1.3980965569538304 298
1757656661977 1.395272943858206 299
1757656662071 1.3925841131490386 300
1757656662171 1.389861068425982 301
1757656662257 1.3872699771671058 302
1757656662349 1.3846431082833128 303
1757656662439 1.3821452868796686 304
1757656662541 1.3796650425256503 305
1757656662636 1.3771733912479007 306
1757656662729 1.3748083898820276 307
1757656662825 1.372402181739352 308
1757656662920 1.3701202075001335 309
1757656663013 1.3677957665224316 310
1757656663107 1.3655930584827443 311
1757656663205 1.3634000628868639 312
1757656663300 1.3611924181869368 313
1757656663396 1.359100884174928 314
1757656663493 1.356965942816266 315
1757656663588 1.3549450607457876 316
1757656663680 1.3528797458958308 317
1757656663777 1.350926347805 318
1757656663872 1.3489795876274642 319
1757656663966 1.3470120557458796 320
1757656664082 1.345155090128354 321
1757656664178 1.3432495334034713 322
1757656664270 1.3414527867110757 323
1757656664358 1.339606629176424 324
1757656664450 1.337867430218729 325
1757656664537 1.3360780527499512 326
1757656664627 1.3343938591904503 327
1757656664723 1.332709265157979 328
1757656664817 1.3310013838780375 329
1757656664914 1.3293941684478985 330
1757656665012 1.3277368873366473 331
1757656665110 1.3261788450084557 332
1757656665205 1.3245701140782788 333
1757656665303 1.3230590959382476 334
1757656665396 1.3215462373547089 335
1757656665493 1.3200055508816626 336
1757656665586 1.3185620684658022 337
1757656665684 1.3170646983376182 338
1757656665780 1.3156633076194477 339
1757656665875 1.3142075373277207 340
1757656665969 1.3128464214333846 341
1757656666066 1.3114304674365205 342
1757656666163 1.3101078962229864 343
1757656666262 1.3087782567262298 344
1757656666346 1.3074198064861728 345
1757656666435 1.306150996122252 346
1757656666532 1.3048281136550375 347
1757656666629 1.3035938749661249 348
1757656666723 1.3023051945387856 349
1757656666819 1.301104060384131 350
1757656666916 1.299895483037054 351
1757656667010 1.2986545845808541 352
1757656667104 1.2975013053604325 353
1757656667201 1.29629099685526 354
1757656667296 1.2951674513753413 355
1757656667392 1.2939013190087074 356
1757656667488 1.2928497069285356 357
1757656667603 1.2916971334213625 358
1757656667703 1.2905448734049494 359
1757656667804 1.28950906346576 360
1757656667900 1.288313394710102 361
1757656668002 1.2873270046221041 362
1757656668101 1.2862412568261665 363
1757656668202 1.2851527363087236 364
1757656668299 1.284134250374797 365
1757656668388 1.2830696403215696 366
1757656668485 1.28207457052177 367
1757656668583 1.2811163865070567 368
1757656668682 1.280063683110201 369
1757656668781 1.279101019483162 370
1757656668878 1.2780931311486006 371
1757656668975 1.2771514606953316 372
1757656669075 1.2762470053580375 373
1757656669172 1.275201151481542 374
1757656669269 1.2743583250814146 375
1757656669367 1.2733321799563089 376
1757656669465 1.2725081582937694 377
1757656669563 1.2716276914991897 378
1757656669667 1.2706308701340128 379
1757656669769 1.2698326184292652 380
1757656669871 1.2689349728186445 381
1757656669969 1.2680309256156217 382
1757656670065 1.267191631326896 383
1757656670166 1.2663041300854574 384
1757656670265 1.2654810643603398 385
1757656670359 1.2646904787522404 386
1757656670453 1.2638051942899375 387
1757656670581 1.2630043799718231 388
1757656670675 1.2621565602279767 389
1757656670778 1.2613703346253253 390
1757656670876 1.2606173355890427 391
1757656670974 1.2597243105115477 392
1757656671077 1.2590257761781056 393
1757656671172 1.2581465309097677 394
1757656671271 1.2574611288502804 395
1757656671371 1.2567184205429183 396
1757656671472 1.2558600492855159 397
1757656671571 1.2551924105884453 398
1757656671670 1.2543464416212804 399
1757656671769 1.253690728560777 400
1757656671871 1.2529361205833744 401
1757656671970 1.2521726031556075 402
1757656672070 1.2514696614944167 403
1757656672169 1.2507173439508694 404
1757656672269 1.2500683169181133 405
1757656672364 1.2493408793371432 406
1757656672453 1.248605648577155 407
1757656672562 1.247928482758071 408
1757656672658 1.2472034449527114 409
1757656672759 1.2465363060772037 410
1757656672858 1.245821235183359 411
1757656672960 1.2451637545281353 412
1757656673060 1.2445363036200585 413
1757656673160 1.2438130462410468 414
1757656673259 1.243170183921456 415
1757656673356 1.242477514904069 416
1757656673452 1.2418433643959474 417
1757656673551 1.2412370504068864 418
1757656673648 1.2404945270177956 419
1757656673769 1.2399358116166896 420
1757656673865 1.2392015939427419 421
1757656673959 1.2386507960560504 422
1757656674062 1.2380018970123552 423
1757656674157 1.237342492817509 424
1757656674255 1.2367823605225212 425
1757656674356 1.2360671377893742 426
1757656674448 1.2355356215167748 427
1757656674541 1.2349045484761043 428
1757656674636 1.2342643689869173 429
1757656674735 1.2336792516436736 430
1757656674828 1.2330459081266654 431
1757656674925 1.232467539052325 432
1757656675024 1.231922080828298 433
1757656675120 1.2312743611493293 434
1757656675216 1.2307111921146956 435
1757656675316 1.23009092969967 436
1757656675412 1.2295338438077499 437
1757656675510 1.228995831935344 438
1757656675609 1.2283301459969955 439
1757656675710 1.227836500519444 440
1757656675807 1.2271766529404817 441
1757656675906 1.226688593631499 442
1757656676007 1.2261515841013668 443
1757656676108 1.22549253481848 444
1757656676206 1.2250202761624929 445
1757656676302 1.2243665124136212 446
1757656676397 1.2238993847628654 447
1757656676495 1.2233263707167696 448
1757656676585 1.22275061078697 449
1757656676682 1.2222208265467251 450
1757656676781 1.2216499198351225 451
1757656676878 1.2211660294155935 452
1757656676977 1.2206131382204666 453
1757656677077 1.220041579866783 454
1757656677173 1.2195312759460486 455
1757656677271 1.2189642013466455 456
1757656677371 1.21845833528965 457
1757656677467 1.2178957300364945 458
1757656677565 1.217394159907549 459
1757656677686 1.216910616493112 460
1757656677788 1.2163006557086535 461
1757656677891 1.2158590345241016 462
1757656677988 1.215293947618927 463
1757656678092 1.2147947113440958 464
1757656678247 1.2143288478317589 465
1757656678400 1.2137212261123247 466
1757656678497 1.2132968389836432 467
1757656678597 1.2126929866995122 468
1757656678689 1.212272213236215 469
1757656678784 1.2117463579541559 470
1757656678880 1.2112173114287237 471
1757656678976 1.2107732232558186 472
1757656679077 1.2101863489858573 473
1757656679179 1.209766270271524 474
1757656679283 1.2092567935445948 475
1757656679386 1.2087285561710184 476
1757656679487 1.2082598343866524 477
1757656679590 1.2077347765933977 478
1757656679698 1.207269219822642 479
1757656679801 1.206821127917991 480
1757656679904 1.2062475663949972 481
1757656680008 1.2058398338696188 482
1757656680107 1.2053097015633831 483
1757656680213 1.2048439086238358 484
1757656680317 1.2043373071884633 485
1757656680421 1.203874294433329 486
1757656680512 1.2034440504586037 487
1757656680615 1.2028731976274014 488
1757656680717 1.2024828640514322 489
1757656680823 1.2019147203335907 490
1757656680924 1.2015270051775948 491
1757656681026 1.2010751771570598 492
1757656681130 1.2005189248197998 493
1757656681235 1.2001272067068662 494
1757656681342 1.199573387941031 495
1757656681448 1.1991841215071406 496
1757656681554 1.1987059289340891 497
1757656681655 1.198209020995529 498
1757656681759 1.1977702238058432 499
