1757668231258 159.9421012096663 0
1757668231357 159.85821179449732 1
1757668231458 159.7743672644836 2
1757668231562 159.69056759547834 3
1757668231655 159.6068127633479 4
1757668231738 159.5231027439715 5
1757668231838 159.43943751324153 6
1757668231941 159.35581704706317 7
1757668232037 159.27224132135484 8
1757668232129 159.18871031204782 9
1757668232224 159.10522399508636 10
1757668232320 159.0217823464277 11
1757668232413 158.93838534204212 12
1757668232506 158.85503295791273 13
1757668232605 158.77172517003572 14
1757668232687 158.6884619544202 15
1757668232769 158.6052432870882 16
1757668232856 158.52206914407464 17
1757668232946 158.43893950142743 18
1757668233047 158.35585433520737 19
1757668233143 158.27281362148824 20
1757668233237 158.18981733635664 21
1757668233336 158.1068654559121 22
1757668233433 158.02395795626703 23
1757668233528 157.94109481354675 24
1757668233623 157.85827600388944 25
1757668233720 157.7755015034462 26
1757668233815 157.69277128838087 27
1757668233911 157.61008533487035 28
1757668234009 157.5274436191042 29
1757668234104 157.44484611728487 30
1757668234200 157.3622928056277 31
1757668234294 157.27978366036086 32
1757668234390 157.19731865772528 33
1757668234485 157.11489777397472 34
1757668234578 157.03252098537587 35
1757668234674 156.950188268208 36
1757668234760 156.86789959876333 37
1757668234845 156.7856549533469 38
1757668234934 156.70345430827638 39
1757668235020 156.62129763988239 40
1757668235111 156.53918492450813 41
1757668235205 156.45711613850972 42
1757668235325 156.37509125825596 43
1757668235423 156.2931102601284 44
1757668235521 156.21117312052138 45
1757668235617 156.12927981584187 46
1757668235716 156.04743032250968 47
1757668235814 155.96562461695729 48
1757668235910 155.8838626756298 49
1757668236006 155.80214447498523 50
1757668236103 155.7204699914941 51
1757668236200 155.63883920163974 52
1757668236297 155.55725208191808 53
1757668236392 155.4757086088378 54
1757668236488 155.39420875892017 55
1757668236582 155.31275250869925 56
1757668236675 155.23133983472167 57
1757668236769 155.14997071354668 58
1757668236859 155.06864512174624 59
1757668236951 154.98736303590493 60
1757668237042 154.90612443261995 61
1757668237145 154.82492928850112 62
1757668237243 154.74377758017093 63
1757668237338 154.66266928426438 64
1757668237436 154.58160437742916 65
1757668237528 154.50058283632552 66
1757668237627 154.4196046376263 67
1757668237723 154.33866975801692 68
1757668237831 154.25777817419538 69
1757668237937 154.1769298628723 70
1757668238033 154.09612480077072 71
1757668238131 154.01536296462643 72
1757668238229 153.93464433118763 73
1757668238328 153.85396887721507 74
1757668238427 153.7733365794821 75
1757668238524 153.69274741477457 76
1757668238622 153.6122013598908 77
1757668238719 153.53169839164173 78
1757668238807 153.45123848685068 79
1757668238901 153.37082162235362 80
1757668238993 153.29044777499885 81
1757668239087 153.2101169216473 82
1757668239184 153.12982903917234 83
1757668239285 153.04958410445968 84
1757668239382 152.9693820944078 85
1757668239477 152.8892229859273 86
1757668239576 152.80910675594143 87
1757668239674 152.72903338138588 88
1757668239772 152.64900283920875 89
1757668239867 152.5690151063705 90
1757668239964 152.48907015984418 91
1757668240059 152.40916797661512 92
1757668240156 152.32930853368111 93
1757668240256 152.2494918080524 94
1757668240361 152.1697177767515 95
1757668240458 152.0899864168135 96
1757668240558 152.01029770528572 97
1757668240656 151.93065161922797 98
1757668240757 151.85104813571232 99
1757668240846 151.77148723182336 100
1757668240940 151.69196888465785 101
1757668241041 151.6124930713251 102
1757668241132 151.53305976894663 103
1757668241228 151.45381946976124 104
1757668241324 151.37462151338173 105
1757668241426 151.2954658770435 106
1757668241522 151.2163525379944 107
1757668241620 151.13728147349445 108
1757668241718 151.05825266081598 109
1757668241817 150.97926607724355 110
1757668241916 150.900321700074 111
1757668242018 150.8214195066164 112
1757668242117 150.74255947419195 113
1757668242213 150.66374158013434 114
1757668242310 150.58496580178925 115
1757668242414 150.5062321165146 116
1757668242512 150.42754050168065 117
1757668242610 150.34889093466975 118
1757668242705 150.27028339287645 119
1757668242779 150.19171785370756 120
1757668242863 150.113194294582 121
1757668242955 150.0347126929309 122
1757668243051 149.95627302619758 123
1757668243147 149.87787527183744 124
1757668243244 149.7995194073182 125
1757668243345 149.72120541011955 126
1757668243444 149.64293325773343 127
1757668243542 149.5647029276639 128
1757668243641 149.4865143974271 129
1757668243738 149.4083676445514 130
1757668243840 149.33026264657715 131
1757668243940 149.25219938105695 132
1757668244040 149.17417782555538 133
1757668244140 149.0961979576492 134
1757668244240 149.01825975492724 135
1757668244342 148.94036319499043 136
1757668244443 148.86250825545173 137
1757668244541 148.7846949139362 138
1757668244640 148.70692314808096 139
1757668244739 148.6291929355353 140
1757668244830 148.5515042539603 141
1757668244921 148.47385708102937 142
1757668245020 148.39625139442776 143
1757668245123 148.31868717185287 144
1757668245223 148.24116439101405 145
1757668245329 148.16368302963275 146
1757668245426 148.08624306544235 147
1757668245531 148.00884447618827 148
1757668245630 147.93148723962798 149
1757668245726 147.85417133353084 150
1757668245828 147.77689673567826 151
1757668245925 147.69966342386368 152
1757668246029 147.62247137589242 153
1757668246128 147.5453205695818 154
1757668246225 147.46821098276112 155
1757668246338 147.39114259327167 156
1757668246442 147.3141153789666 157
1757668246543 147.237129317711 158
1757668246642 147.16018438738203 159
1757668246744 147.08328056586865 160
1757668246837 147.00641783107181 161
1757668246932 146.92959616090428 162
1757668247027 146.8528155332909 163
1757668247139 146.7760759261683 164
1757668247247 146.69937731748496 165
1757668247350 146.6227196852014 166
1757668247449 146.5461030072899 167
1757668247548 146.4695272617347 168
1757668247650 146.39299242653186 169
1757668247751 146.31649847968933 170
1757668247862 146.2400453992269 171
1757668247962 146.1636331631762 172
1757668248066 146.08726174958076 173
1757668248163 146.01093113649588 174
1757668248265 145.93464130198882 175
1757668248364 145.8583922241384 176
1757668248463 145.78218388103565 177
1757668248567 145.70601625078302 178
1757668248663 145.62988931149505 179
1757668248762 145.55380304129795 180
1757668248859 145.47775741832973 181
1757668248953 145.40175242074025 182
1757668249054 145.32578802669113 183
1757668249155 145.24986421435568 184
1757668249255 145.17398096191906 185
1757668249359 145.09813824757825 186
1757668249456 145.02233604954185 187
1757668249557 144.94657434603027 188
1757668249657 144.87085311527576 189
1757668249756 144.79517233552212 190
1757668249861 144.71953198502504 191
1757668249968 144.6439320420519 192
1757668250072 144.56837248488165 193
1757668250173 144.4928532918052 194
1757668250274 144.417374441125 195
1757668250373 144.34193591115522 196
1757668250474 144.26653768022177 197
1757668250576 144.1911797266622 198
1757668250671 144.11586202882583 199
1757668250773 144.04058456507352 200
1757668250868 143.96534731377784 201
1757668250961 143.8901502533231 202
1757668251058 143.81499336210518 203
1757668251158 143.7398766185317 204
1757668251261 143.66480000102175 205
1757668251365 143.5897634880063 206
1757668251467 143.5147670579277 207
1757668251566 143.43981068924018 208
1757668251664 143.3648943604093 209
1757668251761 143.29001804991248 210
1757668251864 143.21518173623863 211
1757668251968 143.14038539788825 212
1757668252070 143.06562901337352 213
1757668252173 142.9909125612181 214
1757668252275 142.91623601995724 215
1757668252381 142.84159936813788 216
1757668252485 142.7670025843184 217
1757668252589 142.69244564706875 218
1757668252691 142.61792853497056 219
1757668252790 142.5434512266169 220
1757668252889 142.46901370061232 221
1757668252984 142.39461593557314 222
1757668253081 142.3202579101269 223
1757668253181 142.24593960291293 224
1757668253285 142.17166099258196 225
1757668253390 142.09742205779625 226
1757668253494 142.02322277722948 227
1757668253594 141.949063129567 228
1757668253695 141.87494309350558 229
1757668253797 141.80086264775335 230
1757668253912 141.7268217710301 231
1757668253999 141.652820442067 232
1757668254089 141.57885863960672 233
1757668254184 141.50493634240337 234
1757668254286 141.43105352922257 235
1757668254388 141.3572101788413 236
1757668254492 141.28340627004806 237
1757668254595 141.20964178164274 238
1757668254695 141.1359166924367 239
1757668254799 141.06223098125267 240
1757668254902 140.98858462692485 241
1757668254992 140.9149776082988 242
1757668255087 140.8414099042316 243
1757668255187 140.7678814935916 244
1757668255301 140.6943923552586 245
1757668255406 140.62094246812376 246
1757668255511 140.5475318110897 247
1757668255611 140.4741603630703 248
1757668255715 140.4008281029909 249
1757668255818 140.3275350097882 250
1757668255922 140.25428106241012 251
1757668256026 140.18106623981618 252
1757668256129 140.107890520977 253
1757668256231 140.0347538848747 254
1757668256342 139.96165631050266 255
1757668256442 139.88859777686562 256
1757668256546 139.81557826297959 257
1757668256650 139.74259774787194 258
1757668256754 139.6696562105813 259
1757668256857 139.59675363015774 260
1757668256952 139.5238899856624 261
1757668257038 139.4510652561679 262
1757668257135 139.37827942075808 263
1757668257234 139.30553245852803 264
1757668257338 139.2328243485841 265
1757668257439 139.16015507004403 266
1757668257545 139.08752460203667 267
1757668257646 139.0149329237022 268
1757668257751 138.94238001419203 269
1757668257866 138.86986585266877 270
1757668257972 138.79739041830635 271
1757668258075 138.72495369028988 272
1757668258174 138.6525556478157 273
1757668258278 138.58019627009134 274
1757668258379 138.5078755363356 275
1757668258481 138.43559342577845 276
1757668258587 138.363349917661 277
1757668258691 138.29114499123568 278
1757668258795 138.21897862576606 279
1757668258898 138.14685080052675 280
1757668258991 138.07476149480374 281
1757668259090 138.0027106878941 282
1757668259192 137.93069835910603 283
1757668259296 137.858724487759 284
1757668259403 137.78678905318344 285
1757668259509 137.71489203472106 286
1757668259611 137.6430334117248 287
1757668259716 137.57121316355844 288
1757668259820 137.49943126959718 289
1757668259925 137.42768770922714 290
1757668260032 137.35598246184577 291
1757668260138 137.28431550686133 292
1757668260242 137.21268682369347 293
1757668260349 137.14109639177278 294
1757668260455 137.0695441905409 295
1757668260558 136.99803019945077 296
1757668260661 136.92655439796616 297
1757668260764 136.85511676556203 298
1757668260864 136.78371728172442 299
1757668260968 136.7123559259504 300
1757668261062 136.6410326777481 301
1757668261161 136.56974751663665 302
1757668261264 136.49850042214638 303
1757668261366 136.42729137381843 304
1757668261472 136.35612035120516 305
1757668261576 136.28498733386985 306
1757668261682 136.21389230138686 307
1757668261788 136.1428352333415 308
1757668261891 136.07181610933014 309
1757668261997 136.00083490896012 310
1757668262108 135.9298916118498 311
1757668262215 135.8589861976285 312
1757668262322 135.78811864593658 313
1757668262424 135.71728893642526 314
1757668262527 135.64649704875686 315
1757668262629 135.57574296260458 316
1757668262736 135.50502665765265 317
1757668262841 135.43434811359617 318
1757668262946 135.36370731014128 319
1757668263041 135.29310422700496 320
1757668263135 135.22253884391523 321
1757668263230 135.15201114061094 322
1757668263330 135.08152109684193 323
1757668263436 135.01106869236895 324
1757668263542 134.94065390696363 325
1757668263644 134.87027672040858 326
1757668263749 134.79993711249722 327
1757668263853 134.72963506303387 328
1757668263959 134.6593705518338 329
1757668264066 134.58914355872315 330
1757668264173 134.51895406353893 331
1757668264274 134.44880204612895 332
1757668264377 134.37868748635202 333
1757668264480 134.3086103640777 334
1757668264586 134.23857065918642 335
1757668264690 134.1685683515695 336
1757668264795 134.0986034211291 337
1757668264896 134.02867584777815 338
1757668265005 133.95878561144045 339
1757668265097 133.88893269205067 340
1757668265199 133.8191170695542 341
1757668265317 133.74933872390733 342
1757668265424 133.67959763507716 343
1757668265526 133.60989378304149 344
1757668265643 133.540227147789 345
1757668265766 133.4706022893376 346
1757668265876 133.40101460414732 347
1757668265982 133.33146407224143 348
1757668266091 133.26195067365398 349
1757668266195 133.19247438842964 350
1757668266305 133.12303519662396 351
1757668266408 133.05363307830322 352
1757668266513 132.98426801354444 353
1757668266620 132.91493998243533 354
1757668266728 132.84564896507445 355
1757668266837 132.77639494157097 356
1757668266941 132.70717789204488 357
1757668267042 132.63799779662682 358
1757668267152 132.5688546354582 359
1757668267257 132.49974838869107 360
1757668267367 132.4306790364882 361
1757668267471 132.3616465590231 362
1757668267576 132.29265093647993 363
1757668267683 132.22369214905356 364
1757668267795 132.15477017694948 365
1757668267914 132.0858850003839 366
1757668268023 132.01703659958372 367
1757668268129 131.94822495478647 368
1757668268238 131.87945004624027 369
1757668268348 131.810711854204 370
1757668268455 131.7420103589471 371
1757668268562 131.67334554074972 372
1757668268665 131.60471737990258 373
1757668268770 131.53612585670703 374
1757668268876 131.46757095147512 375
1757668268983 131.3990526445294 376
1757668269085 131.33057091620307 377
1757668269186 131.26212574683996 378
1757668269288 131.19371711679446 379
1757668269396 131.12534500643164 380
1757668269503 131.05700939612703 381
1757668269608 130.9887102662668 382
1757668269711 130.9204475972477 383
1757668269823 130.852221369477 384
1757668269929 130.78403156337268 385
1757668270041 130.71587815936306 386
1757668270147 130.64776113788716 387
1757668270254 130.57968047939454 388
1757668270363 130.5116361643452 389
1757668270470 130.4436281732098 390
1757668270573 130.3756564864694 391
1757668270680 130.30772108461576 392
1757668270788 130.23982194815093 393
1757668270895 130.17195905758769 394
1757668270999 130.10413239344916 395
1757668271102 130.03634193626905 396
1757668271199 129.96858766659156 397
1757668271301 129.90086956497132 398
1757668271410 129.83318761197353 399
1757668271525 129.76554178817383 400
1757668271632 129.69793207415825 401
1757668271737 129.6303584505234 402
1757668271844 129.56282089787635 403
1757668271953 129.49531939683453 404
1757668272058 129.42785392802585 405
1757668272165 129.36042447208877 406
1757668272273 129.29303100967206 407
1757668272379 129.22567352143497 408
1757668272486 129.15835198804717 409
1757668272593 129.09106639018881 410
1757668272701 129.02381670855033 411
1757668272810 128.95660292383263 412
1757668272917 128.88942501674714 413
1757668273024 128.82228296801551 414
1757668273122 128.75517675836986 415
1757668273224 128.68810636855275 416
1757668273331 128.621071779317 417
1757668273443 128.5540729714259 418
1757668273547 128.4871099256531 419
1757668273657 128.42018262278253 420
1757668273788 128.35329104360866 421
1757668273896 128.2864351689361 422
1757668274003 128.21961497957997 423
1757668274118 128.15283045636565 424
1757668274231 128.08608158012888 425
1757668274342 128.01936833171573 426
1757668274447 127.95269069198257 427
1757668274556 127.88604864179615 428
1757668274665 127.81944216203351 429
1757668274775 127.75287123358197 430
1757668274885 127.68633583733916 431
1757668274994 127.61983595421306 432
1757668275105 127.5533715651219 433
1757668275206 127.48694265099412 434
1757668275322 127.42054919276869 435
1757668275436 127.35419117139452 436
1757668275545 127.28786856783105 437
1757668275655 127.22158136304785 438
1757668275764 127.15532953802479 439
1757668275872 127.08911307375209 440
1757668275980 127.02293195122998 441
1757668276090 126.95678615146917 442
1757668276195 126.89067565549051 443
1757668276307 126.82460044432504 444
1757668276416 126.75856049901415 445
1757668276526 126.69255580060926 446
1757668276634 126.62658633017222 447
1757668276741 126.5606520687749 448
1757668276850 126.49475299749952 449
1757668276961 126.42888909743843 450
1757668277069 126.36306034969415 451
1757668277185 126.29726673537944 452
1757668277288 126.23150823561723 453
1757668277402 126.16578483154062 454
1757668277512 126.10009650429282 455
1757668277618 126.03444323502733 456
1757668277727 125.96882500490771 457
1757668277845 125.90324179510772 458
1757668277954 125.83769358681121 459
1757668278065 125.77218036121234 460
1757668278178 125.70670209951513 461
1757668278284 125.64125878293399 462
1757668278398 125.57585039269334 463
1757668278508 125.5104769100277 464
1757668278617 125.44513831618183 465
1757668278746 125.37983459241043 466
1757668278861 125.3145657199784 467
1757668278971 125.24933168016078 468
1757668279080 125.1841324542426 469
1757668279184 125.11896802351906 470
1757668279288 125.05383836929542 471
1757668279405 124.988743472887 472
1757668279518 124.9236833156192 473
1757668279625 124.8586578788275 474
1757668279737 124.79366714385748 475
1757668279846 124.72871109206467 476
1757668279954 124.66378970481469 477
1757668280065 124.59890296348333 478
1757668280177 124.53405084945621 479
1757668280282 124.46923334412918 480
1757668280393 124.40445042890796 481
1757668280498 124.33970208520842 482
1757668280608 124.27498829445632 483
1757668280716 124.21030903808756 484
1757668280824 124.14566429754802 485
1757668280932 124.0810540542935 486
1757668281045 124.01647828978983 487
1757668281155 123.95193698551294 488
1757668281256 123.88743012294856 489
1757668281360 123.82295768359258 490
1757668281474 123.75851964895072 491
1757668281581 123.6941160005388 492
1757668281691 123.62974671988248 493
1757668281795 123.56541178851744 494
1757668281905 123.50111118798934 495
1757668282013 123.43684489985375 496
1757668282124 123.37261290567616 497
1757668282231 123.30841518703207 498
1757668282342 123.24425172550683 499
