1757673576294 0.004866340531890503 0
1757673576413 15.85469840052754 1
1757673576527 0.6645745545214184 2
1757673576636 0.04608940119407801 3
1757673576748 0.13182504016590332 4
1757673576858 0.0011549745073896071 5
1757673576967 0.43725664305372264 6
1757673577073 0.10137793581584673 7
1757673577184 0.09843355285106231 8
1757673577293 0.9490773568279128 9
1757673577404 0.17360921897015374 10
1757673577512 1.464269620424486e-05 11
1757673577623 0.6170524565098311 12
1757673577731 0.29716738940245135 13
1757673577841 0.003275567596820796 14
1757673577950 7.663495886166952 15
1757673578060 1.9733163463152243 16
1757673578168 0.20971573392943768 17
1757673578280 1.1048191550401503 18
1757673578390 1.1433266949092051 19
1757673578501 0.7330833606517699 20
1757673578611 1.1300429943689672 21
1757673578720 0.0922911704053505 22
1757673578829 0.3149792059854161 23
1757673578941 0.4718997796180076 24
1757673579051 1.909726523096923 25
1757673579164 0.5705168497283317 26
1757673579275 0.02338120408560209 27
1757673579387 0.052367425792446756 28
1757673579497 0.6865253008376307 29
1757673579606 0.01633046653100277 30
1757673579716 0.4526423769323734 31
1757673579825 0.36737664781762275 32
1757673579933 0.08767168843789853 33
1757673580043 4.0553795885701645 34
1757673580152 0.3469946763301249 35
1757673580264 0.30020500025680513 36
1757673580371 0.010561797464167976 37
1757673580480 0.5231769492753858 38
1757673580590 6.772445601868216 39
1757673580700 1.1754526043385776 40
1757673580809 0.0046399591718477755 41
1757673580917 0.012618273319849532 42
1757673581029 0.5037091418393027 43
1757673581138 0.15783473098181597 44
1757673581246 0.17906997617964618 45
1757673581356 1.8041171318138396 46
1757673581465 0.13409057178504405 47
1757673581576 0.2567115521372217 48
1757673581687 2.997367775583014 49
1757673581795 0.0011299820561311757 50
1757673581906 0.7412967521839192 51
1757673582018 1.8306918780658452 52
1757673582131 0.2854565356038344 53
1757673582246 0.160337161650333 54
1757673582360 1.6272230864382404 55
1757673582470 1.4382025158805891 56
1757673582580 0.07748731461742153 57
1757673582688 0.9507116360570145 58
1757673582800 0.09282720901904574 59
1757673582909 0.5544763594677533 60
1757673583021 0.001678469887849473 61
1757673583130 1.0437571370289436 62
1757673583240 0.11033020102199444 63
1757673583356 0.01023495318955653 64
1757673583471 0.5103135445612776 65
1757673583581 0.3408422173298449 66
1757673583692 0.5979370816903541 67
1757673583824 0.2161390650947807 68
1757673583935 0.0089933595583619 69
1757673584050 0.2362328505717873 70
1757673584158 0.0001714254902705371 71
1757673584273 0.35601295167684816 72
1757673584386 0.12361089707426427 73
1757673584498 0.04118636826621985 74
1757673584611 0.04970611248245652 75
1757673584723 0.015515097444565513 76
1757673584837 0.10797496675839104 77
1757673584947 5.957864743539929 78
1757673585061 0.21855302697809953 79
1757673585174 0.20364878952719528 80
1757673585286 1.1699527779899213 81
1757673585398 0.85245875489251 82
1757673585511 0.6430430684526763 83
1757673585622 0.9554751196887827 84
1757673585737 0.5223466435349791 85
1757673585848 2.0682756042917902 86
1757673585959 0.11332290599778937 87
1757673586072 0.21583386497663498 88
1757673586183 0.03621777782911574 89
1757673586295 0.11126679233068958 90
1757673586411 1.2051562308571662 91
1757673586525 0.004475459104045901 92
1757673586636 0.6045998510452535 93
1757673586750 0.2406818317716399 94
1757673586861 0.32415897953285705 95
1757673586973 0.03232723142344365 96
1757673587084 0.012748165748875183 97
1757673587196 0.05162315818692963 98
1757673587306 2.525665723601713 99
1757673587416 0.20563860983113638 100
1757673587526 1.800116093506636 101
1757673587638 0.7337545371289471 102
1757673587747 2.028959499036583e-05 103
1757673587859 0.0014738984134750942 104
1757673587971 0.10675997909772711 105
1757673588082 4.029804854234233 106
1757673588192 0.06177629938032651 107
1757673588305 0.11390788549438513 108
1757673588415 0.32484101391862275 109
1757673588528 0.22861567062365348 110
1757673588639 1.1550424573837332 111
1757673588750 0.0758662695906924 112
1757673588862 0.0049711972223211295 113
1757673588972 1.6693147606599346 114
1757673589082 0.117296970573308 115
1757673589196 0.94031405549074 116
1757673589305 0.5135575785934635 117
1757673589416 0.7260582094656834 118
1757673589529 4.381404264829142 119
1757673589640 0.06676006063572681 120
1757673589752 1.9416853077966403 121
1757673589862 0.577617907786772 122
1757673589975 0.14902453519729753 123
1757673590087 2.318986760882565 124
1757673590198 13.939619699092459 125
1757673590310 0.24011834226981316 126
1757673590421 0.0024180533968408877 127
1757673590533 0.06231037912390334 128
1757673590644 0.003393288810095516 129
1757673590756 0.4256673866306798 130
1757673590867 1.1150422733761562 131
1757673590978 0.004509285585035256 132
1757673591088 0.09539099276689962 133
1757673591201 0.06212416726623928 134
1757673591312 0.011596547426968726 135
1757673591425 0.021381702196602494 136
1757673591537 0.05721913994437805 137
1757673591649 2.1832059779057102 138
1757673591760 1.5770170801583339 139
1757673591871 0.5691577129495394 140
1757673591982 0.42455440743676287 141
1757673592094 0.06580430990978425 142
1757673592209 0.5505947337718826 143
1757673592320 0.033628639256842806 144
1757673592432 0.9570850067320038 145
1757673592545 0.21723473513605934 146
1757673592657 5.734272193796743 147
1757673592768 0.0724995161660641 148
1757673592879 0.4871306656211587 149
1757673592990 0.7017280831161764 150
1757673593104 0.010790035449660213 151
1757673593215 0.29037846690906827 152
1757673593327 1.0579949862525655 153
1757673593440 2.682117067191642 154
1757673593551 0.4870624116654653 155
1757673593663 1.2620418795626176 156
1757673593780 0.004426033583953369 157
1757673593894 0.001100701312641015 158
1757673594008 0.3194866332897453 159
1757673594120 4.792696420101523e-05 160
1757673594231 1.5035586022518912 161
1757673594344 0.34651158438610274 162
1757673594454 0.7572493739036463 163
1757673594566 0.0004061897031554158 164
1757673594678 0.46315229502224475 165
1757673594788 0.5942266006016055 166
1757673594902 0.03298857236166281 167
1757673595018 0.059454923203090766 168
1757673595128 0.29086158477878343 169
1757673595242 0.0834549386589253 170
1757673595356 0.0009715842836079804 171
1757673595468 0.37851940200761663 172
1757673595582 2.9718843012447884 173
1757673595695 1.6599066080293006e-05 174
1757673595809 0.6118419229385592 175
1757673595918 0.023775934801356723 176
1757673596030 0.4939420511011337 177
1757673596142 0.053588335799918195 178
1757673596255 1.0921091698030958 179
1757673596382 0.0016242016181044151 180
1757673596495 1.1942727353307983 181
1757673596608 0.3412085487535282 182
1757673596721 0.0023998859651291286 183
1757673596834 0.4769111084542264 184
1757673596947 1.0153101778751368 185
1757673597060 0.276420975028987 186
1757673597173 0.07212485739790847 187
1757673597284 0.3763333970484995 188
1757673597399 0.20696300934985526 189
1757673597513 4.986071092198742 190
1757673597626 0.4132603696323532 191
1757673597739 0.4932919305135209 192
1757673597853 0.06275654070807389 193
1757673597967 0.0036712133513994365 194
1757673598079 1.599924133113605 195
1757673598193 0.9347509079604482 196
1757673598305 0.33378497785050704 197
1757673598419 0.1233431120083599 198
1757673598532 0.2888285737849041 199
1757673598646 0.1471847559911755 200
1757673598759 0.019375818555651566 201
1757673598874 3.3077315571532107 202
1757673598986 0.051522770021477184 203
1757673599099 0.11359934625385415 204
1757673599213 0.29845210390028376 205
1757673599326 1.1922997163642048 206
1757673599441 0.2953279037362042 207
1757673599554 0.010409475351455696 208
1757673599668 0.7042901859254572 209
1757673599782 0.6307004785108498 210
1757673599896 0.00835644435367591 211
1757673600008 0.02613337588213126 212
1757673600122 4.3960560086276805 213
1757673600237 0.4496366932347936 214
1757673600351 3.8205026871564867 215
1757673600465 0.21846182518644408 216
1757673600579 2.504764106046802 217
1757673600693 0.0021834667496673107 218
1757673600805 0.27010592334474126 219
1757673600920 0.49092728650182677 220
1757673601033 18.106443338326283 221
1757673601145 0.6442684431599001 222
1757673601260 0.5404451666609339 223
1757673601371 0.009019545750590567 224
1757673601485 0.09276701416080457 225
1757673601600 0.05630528511134984 226
1757673601713 2.635174264516258 227
1757673601826 3.534177896435999 228
1757673601942 1.5926286889186305 229
1757673602061 0.07419728190509925 230
1757673602242 1.4363021665698403 231
1757673602424 1.7875310332619463 232
1757673602603 0.6386973710844869 233
1757673602801 0.42692048456722137 234
1757673602988 0.3338304104146332 235
1757673603191 1.0850986530288609 236
1757673603346 1.067803128874749 237
1757673603499 1.035874556971776 238
1757673603658 0.005463844006277755 239
1757673603828 1.2215121404204874 240
1757673603981 0.5605543511509063 241
1757673604142 0.03371406382440766 242
1757673604305 0.05888452016908256 243
1757673604457 0.5417824612264016 244
1757673604602 16.491737631414416 245
1757673604753 0.502173220992749 246
1757673604900 0.3558290993048557 247
1757673605052 0.040391543830272075 248
1757673605196 0.1904680440344336 249
1757673605348 0.6759418147940525 250
1757673605497 8.383621704635997e-05 251
1757673605650 2.0951739805484886 252
1757673605799 0.0768264548356508 253
1757673605950 0.20185268776376672 254
1757673606095 0.8446289582936051 255
1757673606243 0.6757442293264527 256
1757673606400 0.08841960571162513 257
1757673606554 0.9800207329335456 258
1757673606705 8.403968692778577 259
1757673606852 5.908949856901546e-05 260
1757673607013 0.05650077265389259 261
1757673607168 0.5774086047446677 262
1757673607318 0.39999143144611143 263
1757673607462 0.131588121755252 264
1757673607608 0.08419635191775308 265
1757673607750 0.33806545795874493 266
1757673607894 0.12392669476999806 267
1757673608039 2.0054312220641703 268
1757673608178 1.8199316028587043 269
1757673608344 0.03332800770017072 270
1757673608511 0.0011931430341221413 271
1757673608671 0.4476026963299691 272
1757673608822 0.20916656822214466 273
1757673608969 0.8721527754797673 274
1757673609131 0.04644699957221171 275
1757673609292 0.04314725075424739 276
1757673609442 1.0166216608059224 277
1757673609585 0.10264660386597085 278
1757673609752 0.4208394313259875 279
1757673609902 0.013983964331802115 280
1757673610023 6.268789802625741 281
1757673610139 0.1556867880435812 282
1757673610259 1.9624325073172613 283
1757673610374 0.33397171231907236 284
1757673610493 0.05196644274707106 285
1757673610608 0.13105492091055815 286
1757673610725 3.1588786130951902 287
1757673610841 0.004347274915005206 288
1757673610957 1.8175646913813996 289
1757673611075 0.16436489492140732 290
1757673611190 0.06868090583769404 291
1757673611307 0.3174908519024495 292
1757673611424 0.07450643811930814 293
1757673611541 2.504966603796931 294
1757673611659 0.2093216372706305 295
1757673611776 0.21784426004415733 296
1757673611892 0.46795582117784995 297
1757673612011 0.1356333486684345 298
1757673612127 0.05927494390977044 299
1757673612244 3.410716950297518 300
1757673612358 0.0184614586302608 301
1757673612475 0.18640476988114796 302
1757673612590 0.026192135298487396 303
1757673612707 0.0002890702857042505 304
1757673612826 0.14581892489032747 305
1757673612943 0.7528959167591277 306
1757673613059 0.0503355237373756 307
1757673613177 3.4260924162371964 308
1757673613294 0.29301332043965517 309
1757673613411 2.5158750537073344 310
1757673613527 0.041454333734106806 311
1757673613645 0.38415600895898816 312
1757673613766 0.028383678038594165 313
1757673613886 1.8984364218882346 314
1757673614004 0.19971042516553295 315
1757673614123 0.36028920751235033 316
1757673614240 0.4110081176978579 317
1757673614357 0.010643373969111527 318
1757673614475 0.46396319050402957 319
1757673614589 0.02124459977146306 320
1757673614706 1.1444737187649132 321
1757673614890 0.525992631213064 322
1757673615009 0.06370911396867174 323
1757673615127 0.8989833405354483 324
1757673615246 3.1862150317119418 325
1757673615362 0.4422489704763691 326
1757673615478 0.07005285357023348 327
1757673615597 0.21203191301025276 328
1757673615715 0.09043302829746909 329
1757673615837 0.33686027020066084 330
1757673615957 0.2584239313982559 331
1757673616073 5.167255052769191 332
1757673616193 2.0647717630011364 333
1757673616313 1.5089453751257176 334
1757673616438 1.1533991347804242 335
1757673616558 0.15741799445000723 336
1757673616676 0.2188556220234457 337
1757673616795 0.37629672824547944 338
1757673616911 0.08101225721832198 339
1757673617028 0.09019624893064346 340
1757673617145 0.3429535706769423 341
1757673617262 0.1884545108702886 342
1757673617379 0.35405985569565074 343
1757673617496 0.3031417354576776 344
1757673617612 0.5842242913005357 345
1757673617729 0.017592814473543567 346
1757673617844 0.030233920671205367 347
1757673617963 0.11283927901512443 348
1757673618081 0.13961533795344724 349
1757673618198 0.8517822912878091 350
1757673618314 0.030910598937094757 351
1757673618431 0.002440886236706803 352
1757673618549 0.34258879662514186 353
1757673618665 4.797918179073973 354
1757673618783 0.00012113698360513948 355
1757673618901 0.05866270797948491 356
1757673619017 0.014284478518405933 357
1757673619135 0.20174124534243132 358
1757673619251 0.1253801582898356 359
1757673619366 0.225364033242646 360
1757673619482 0.024317886428849394 361
1757673619600 0.3362474105067958 362
1757673619717 0.4331497679909239 363
1757673619836 0.019503136853173297 364
1757673619963 0.3121172586609209 365
1757673620090 0.12560348268340132 366
1757673620211 1.982784542712966 367
1757673620332 3.4192668356801237 368
1757673620450 0.12534946885635173 369
1757673620569 1.2929172327541758 370
1757673620686 0.6967986610235398 371
1757673620806 0.1989279169769672 372
1757673620925 0.15249330982549983 373
1757673621045 9.07694271559859 374
1757673621163 4.224758780107269 375
1757673621282 0.006304505257969166 376
1757673621400 0.5654722486227695 377
