1757676609345 153.74975555685015 0
1757676609460 139.3203482930105 1
1757676609560 130.72304130893355 2
1757676609673 125.1902834507675 3
1757676609760 116.2842741980779 4
1757676609862 107.63964303714901 5
1757676609964 99.41335599711373 6
1757676610057 92.92094269967072 7
1757676610161 87.9083069979214 8
1757676610260 79.33013644198955 9
1757676610361 74.9783673924903 10
1757676610452 68.38502591605308 11
1757676610545 61.7580951610789 12
1757676610641 60.52653514259855 13
1757676610737 58.83812810940798 14
1757676610834 48.91045871261004 15
1757676610933 48.272072077900404 16
1757676611028 44.06362156449025 17
1757676611125 43.335713519141066 18
1757676611216 39.21163667104886 19
1757676611318 33.32394794096192 20
1757676611413 33.73658551948056 21
1757676611509 32.757953754515874 22
1757676611606 30.75890917887046 23
1757676611704 26.416595904362243 24
1757676611800 24.598698576450488 25
1757676611893 23.24448051769744 26
1757676611988 21.62637056924508 27
1757676612086 22.33331503602274 28
1757676612183 19.695428682147448 29
1757676612285 18.31595992805498 30
1757676612383 18.407077087710825 31
1757676612485 19.75854367792788 32
1757676612588 15.558864908581647 33
1757676612692 11.917126507562363 34
1757676612789 11.711415137673367 35
1757676612891 12.832368783101138 36
1757676612987 11.19068909510337 37
1757676613088 12.97309366618498 38
1757676613181 8.716413140341828 39
1757676613283 8.423418055132776 40
1757676613384 7.675416240652048 41
1757676613480 8.489285211201258 42
1757676613581 9.411998340274748 43
1757676613678 7.39607099504159 44
1757676613768 9.569640591989208 45
1757676613867 8.209029958385083 46
1757676613960 6.81209409080893 47
1757676614057 6.1312319948806975 48
1757676614159 4.12671479568834 49
1757676614256 8.834636853757683 50
1757676614353 2.818674422498097 51
1757676614453 5.519577152786089 52
1757676614558 3.0127064183067715 53
1757676614654 2.614313122362565 54
1757676614760 4.399944307191537 55
1757676614860 2.0088731712919863 56
1757676614957 4.828388895174225 57
1757676615054 3.8804754611215126 58
1757676615155 5.154408154145054 59
1757676615256 3.5395925993417032 60
1757676615355 2.8640267345377484 61
1757676615455 3.7376042666251457 62
1757676615555 1.5878326692842089 63
1757676615653 4.339272940554177 64
1757676615745 3.5804747300810558 65
1757676615838 2.06759236467094 66
1757676615936 1.7540712395268787 67
1757676616034 1.4908827757772647 68
1757676616127 2.1658826041419834 69
1757676616228 1.3155074542595064 70
1757676616327 1.2968214842164216 71
1757676616422 1.2601057254872388 72
1757676616523 0.7735439292136824 73
1757676616631 2.4045126880788166 74
1757676616751 3.6773985068708956 75
1757676616884 1.3393109384820874 76
1757676616990 2.2069707121351883 77
1757676617093 1.9521338407878066 78
1757676617189 0.7731479057644242 79
1757676617287 0.4510030248464394 80
1757676617389 1.4459153527525919 81
1757676617491 3.6882493790782114 82
1757676617589 0.9338252847580059 83
1757676617689 2.0981728196370892 84
1757676617784 0.7006152384565028 85
1757676617886 0.9932659068357649 86
1757676617990 1.0251355368822144 87
1757676618091 0.6604106771514301 88
1757676618192 1.8025890759953123 89
1757676618290 1.6704298767167851 90
1757676618395 0.9830635351834796 91
1757676618489 1.095458391776271 92
1757676618595 1.1301730003270387 93
1757676618694 0.8494333470718591 94
1757676618795 0.9909695658903992 95
1757676618891 1.9833713714870829 96
1757676618990 1.2731146817765249 97
1757676619090 0.8911920830048543 98
1757676619190 1.142533526968255 99
1757676619304 0.666589632015469 100
1757676619404 1.6221891824153118 101
1757676619495 1.3966191900691598 102
1757676619593 0.42052647183141706 103
1757676619698 1.3835986632502904 104
1757676619791 2.6845666971869035 105
1757676619890 9.619674975832776 106
1757676619987 0.6118404834497594 107
1757676620095 0.5436980143532645 108
1757676620202 0.7881967427043622 109
1757676620301 0.9479606320720332 110
1757676620404 0.32494918143201756 111
1757676620502 0.6416486734265751 112
1757676620601 1.732623508280013 113
1757676620698 2.263512217045269 114
1757676620795 1.0453443315050295 115
1757676620893 1.471867945731504 116
1757676620991 1.2771933935447977 117
1757676621098 0.5676570499681683 118
1757676621197 1.2430411419746161 119
1757676621295 0.811572069987944 120
1757676621398 1.1140982196443767 121
1757676621498 0.7510534626435468 122
1757676621594 3.490427821670403 123
1757676621694 1.6075769009159524 124
1757676621791 1.2536111491951996 125
1757676621888 0.9463267910877445 126
1757676621990 0.7443109107324487 127
1757676622089 0.9274985499481361 128
1757676622193 0.7722726965565976 129
1757676622292 0.6849665198671335 130
1757676622391 0.9519524392436881 131
1757676622493 1.1046340455828147 132
1757676622596 1.1227366887239452 133
1757676622699 0.7301741579291777 134
1757676622797 2.693789592076914 135
1757676622901 0.8744094149012654 136
1757676622999 2.817722275747277 137
1757676623097 1.5766207188208892 138
1757676623194 0.43438431680895956 139
1757676623293 3.5799381425673356 140
1757676623395 0.4347393657862865 141
1757676623498 1.5748025792518592 142
1757676623597 0.8443580542179793 143
1757676623701 1.1966193254043345 144
1757676623795 1.1758462075090743 145
1757676623887 0.6644835129303266 146
1757676623986 1.0909663035036785 147
1757676624089 0.8743174081195695 148
1757676624195 0.6217340424249844 149
1757676624295 1.6685954267830136 150
1757676624398 0.6606316038442761 151
1757676624499 1.6973568831764625 152
1757676624602 1.2436685073692382 153
1757676624697 1.262983316303909 154
1757676624796 2.512577684476836 155
1757676624893 1.0703124564497364 156
1757676625001 1.1482752100061528 157
1757676625100 2.0602366012920608 158
1757676625197 1.3641353609305362 159
1757676625302 0.909168723894851 160
1757676625400 1.2941234805402326 161
1757676625497 1.8340793631600418 162
1757676625589 1.300481823154239 163
1757676625687 1.2571579810949534 164
1757676625796 1.87926620365729 165
1757676625887 1.3327397884928478 166
1757676625989 1.8873311038673155 167
1757676626088 1.6765593045034382 168
1757676626185 3.614937597682563 169
1757676626283 0.9041345690562417 170
1757676626383 1.261037488193383 171
1757676626483 0.9648574099069558 172
1757676626583 2.024639716026465 173
1757676626692 0.6843632077619975 174
1757676626815 0.8456124015343335 175
1757676626924 0.3531127893370303 176
1757676627028 0.8799180722453305 177
1757676627133 1.8019451051685822 178
1757676627237 0.6675186240079094 179
1757676627338 0.6259224187456545 180
1757676627447 1.2467995237027356 181
1757676627554 3.022677537011032 182
1757676627659 1.211054837574068 183
1757676627764 0.7890079939937061 184
1757676627863 1.4956264794138512 185
1757676627968 1.790067019904617 186
1757676628071 1.0132268105759736 187
1757676628176 0.6516157588158357 188
1757676628279 1.2873867669014896 189
1757676628383 1.283806189971918 190
1757676628488 1.5386098213119839 191
1757676628594 2.1985877845780006 192
1757676628692 0.9365452354000012 193
1757676628796 1.9958324820413542 194
1757676628904 1.1562582689873184 195
1757676629015 0.8216081199708282 196
1757676629116 1.7985862111313216 197
1757676629224 0.8630765182429142 198
1757676629343 1.8090834290381037 199
1757676629457 0.8421274754437489 200
1757676629569 2.0686514890717937 201
1757676629673 0.5690984210325004 202
1757676629777 1.8418094330202244 203
1757676629879 0.9876884956309543 204
1757676629982 1.798253759376956 205
1757676630094 1.7860812089084044 206
1757676630203 1.2586215558944704 207
1757676630306 1.3913583027805951 208
1757676630412 2.280070214652006 209
1757676630508 1.1782530158464415 210
1757676630615 2.4917165363771288 211
1757676630731 1.1261755619558882 212
1757676630841 2.0811029955929463 213
1757676630952 2.7456075835362874 214
1757676631063 0.8036939930454801 215
1757676631173 1.1841710815922915 216
1757676631286 0.8730320157646714 217
1757676631400 1.15453855519328 218
1757676631497 0.8038825410483706 219
1757676631596 1.2710513129079029 220
1757676631697 2.5114590885611228 221
1757676631799 1.205885924924502 222
1757676631896 0.7015400729580203 223
1757676632000 1.5659412866983533 224
1757676632099 1.3468407772843332 225
1757676632199 1.0196775777102454 226
1757676632304 1.3883096694619554 227
1757676632407 0.4949994381369425 228
1757676632515 0.9292143018314685 229
1757676632628 0.7883200025368536 230
1757676632744 1.5546454952724946 231
1757676632860 2.3899354481517943 232
1757676632975 2.0438353150300497 233
1757676633095 0.5417258954315112 234
1757676633209 1.0112498019773777 235
1757676633316 4.0786181118915525 236
