1757439450136 168.8886911587802 0
1757439450209 167.60754174239386 1
1757439450274 166.3684604961262 2
1757439450337 165.13939856110062 3
1757439450393 163.92027465995167 4
1757439450452 162.71100817571892 5
1757439450510 161.51151914647642 6
1757439450569 160.32172826000607 7
1757439450629 159.14155684851428 8
1757439450691 157.97091227592327 9
1757439450753 156.8097464177322 10
1757439450817 155.6579532932092 11
1757439450881 154.51548591867828 12
1757439450946 153.38223966705183 13
1757439451005 152.25816867609922 14
1757439451066 151.1431696513488 15
1757439451126 150.0371978329573 16
1757439451184 148.9401512383741 17
1757439451247 147.85198619140147 18
1757439451312 146.77260200104303 19
1757439451379 145.70195605631537 20
1757439451439 144.63994893773258 21
1757439451502 143.58653908140036 22
1757439451560 142.54162831961693 23
1757439451618 141.5051761177528 24
1757439451679 140.47708554047654 25
1757439451736 139.45731706489488 26
1757439451797 138.44577496894075 27
1757439451860 137.4424207242195 28
1757439451923 136.44715980312483 29
1757439451986 135.45995465480962 30
1757439452049 134.48071192762265 31
1757439452104 133.50939503159435 32
1757439452151 132.5459117728161 33
1757439452206 131.59022650580303 34
1757439452258 130.64226209491767 35
1757439452316 129.70194204233587 36
1757439452371 128.76923209081806 37
1757439452429 127.84404286134902 38
1757439452492 126.92634100137374 39
1757439452557 126.01603822811575 40
1757439452623 125.11310207824572 41
1757439452687 124.21744534827492 42
1757439452758 123.32903644889784 43
1757439452824 122.44778923923056 44
1757439452892 121.57367298904234 45
1757439452959 120.70660260363506 46
1757439453019 119.84654819715243 47
1757439453079 118.99342570492263 48
1757439453140 118.14720607100803 49
1757439453207 117.30780624485902 50
1757439453278 116.4751979862417 51
1757439453340 115.64929924307604 52
1757439453403 114.83008257685309 53
1757439453466 114.0174669185573 54
1757439453526 113.2114256176589 55
1757439453578 112.41187857304479 56
1757439453625 111.61879990864762 57
1757439453680 110.83211047633431 58
1757439453737 110.05178516120822 59
1757439453797 109.27774575342958 60
1757439453861 108.50996788620225 61
1757439453927 107.74837427352483 62
1757439453994 106.99294128384932 63
1757439454059 106.24360577310689 64
1757439454122 105.50030511284007 65
1757439454185 104.76301675240263 66
1757439454248 104.0316656519746 67
1757439454308 103.30622996495647 68
1757439454373 102.5866355265479 69
1757439454452 101.87286118207824 70
1757439454518 101.16483362831048 71
1757439454583 100.4625323905871 72
1757439454653 99.76588501399029 73
1757439454722 99.07487169215891 74
1757439454788 98.38942080545894 75
1757439454854 97.70951320430439 76
1757439454922 97.03507809151523 77
1757439454991 96.36609696295172 78
1757439455057 95.70249983126021 79
1757439455118 95.04426882660752 80
1757439455182 94.39133475903775 81
1757439455246 93.74368038207062 82
1757439455307 93.10123729091517 83
1757439455370 92.46398885167346 84
1757439455431 91.83186743267923 85
1757439455495 91.20485700202639 86
1757439455558 90.58289068932277 87
1757439455625 89.9659530542405 88
1757439455696 89.35397797599758 89
1757439455761 88.74695059560499 90
1757439455830 88.14480553041042 91
1757439455900 87.54752849269559 92
1757439455975 86.95505482663805 93
1757439456044 86.36737080589064 94
1757439456116 85.78442507375968 95
1757439456182 85.2061666853521 96
1757439456246 84.6325827398376 97
1757439456315 84.06361034852847 98
1757439456381 83.49923714793518 99
1757439456448 82.93940093803214 100
1757439456516 82.38408988333893 101
1757439456588 81.83324246197019 102
1757439456658 81.28684735727934 103
1757439456726 80.7448437151647 104
1757439456793 80.20722072879194 105
1757439456858 79.67391820164926 106
1757439456924 79.1449258278442 107
1757439456993 78.62018405842123 108
1757439457061 78.09968307970807 109
1757439457123 77.58336398042928 110
1757439457188 77.07121743055745 111
1757439457255 76.56318514677616 112
1757439457321 76.05925827427136 113
1757439457385 75.55937914811719 114
1757439457451 75.06353938042282 115
1757439457517 74.57168191523468 116
1757439457584 74.08379882343435 117
1757439457651 73.59983364876994 118
1757439457718 73.11977891288139 119
1757439457789 72.64357875009323 120
1757439457856 72.17122612492444 121
1757439457923 71.70266575329396 122
1757439457990 71.23789103485268 123
1757439458067 70.77684725827258 124
1757439458136 70.3195282507197 125
1757439458206 69.86587986491638 126
1757439458276 69.415896348055 127
1757439458344 68.96953608560135 128
1757439458410 68.52675778817539 129
1757439458479 68.08755632090325 130
1757439458550 67.65187890778499 131
1757439458616 67.21972081579759 132
1757439458687 66.79102980359151 133
1757439458758 66.36580153293752 134
1757439458827 65.9439842890304 135
1757439458896 65.52557412149656 136
1757439458963 65.11051983409585 137
1757439459032 64.69881785748903 138
1757439459093 64.29041750614671 139
1757439459155 63.88531558505743 140
1757439459220 63.483461911671036 141
1757439459284 63.0848536587105 142
1757439459348 62.6894411389943 143
1757439459413 62.29722188649756 144
1757439459477 61.90814670191567 145
1757439459541 61.522213474102905 146
1757439459603 61.13937348425709 147
1757439459666 60.75962496984621 148
1757439459730 60.382919685311066 149
1757439459795 60.00925621057366 150
1757439459860 59.638586766171755 151
1757439459931 59.27091026842568 152
1757439460002 58.90617939693572 153
1757439460069 58.54439339846706 154
1757439460136 58.185505404757855 155
1757439460206 57.82951498716531 156
1757439460277 57.47637572274881 157
1757439460346 57.12608750170361 158
1757439460414 56.77860433970016 159
1757439460479 56.43392644011499 160
1757439460547 56.09201969822701 161
1757439460614 55.75285026691915 162
1757439460682 55.416418810603226 163
1757439460751 55.08268041113992 164
1757439460822 54.75163603239565 165
1757439460890 54.423241172169575 166
1757439460961 54.09749708845406 167
1757439461029 53.774359688734464 168
1757439461100 53.453830519890516 169
1757439461163 53.13586589293896 170
1757439461227 52.820467638497156 171
1757439461293 52.507592465054095 172
1757439461360 52.197242481902336 173
1757439461429 51.88937478903838 174
1757439461499 51.583991769453284 175
1757439461567 51.281050908779115 176
1757439461637 50.980554858813186 177
1757439461704 50.682461485042545 178
1757439461772 50.386773703261454 179
1757439461843 50.09344975312123 180
1757439461911 49.802492809685525 181
1757439461981 49.51386148116762 182
1757439462053 49.22755919725321 183
1757439462123 48.94354492920232 184
1757439462190 48.66182235675428 185
1757439462257 48.38235080878637 186
1757439462327 48.105134210600845 187
1757439462397 47.830132243346945 188
1757439462467 47.5573490734754 189
1757439462531 47.286744729145255 190
1757439462588 47.0183236136164 191
1757439462654 46.75204609687707 192
1757439462723 46.48791681473085 193
1757439462791 46.22589647389495 194
1757439462859 45.965989938523755 195
1757439462930 45.708158247042384 196
1757439462998 45.45240648783456 197
1757439463068 45.19870695881849 198
1757439463135 44.94703215715772 199
1757439463195 44.6973875016665 200
1757439463252 44.44973483691748 201
1757439463317 44.20407979595525 202
1757439463379 43.96038453809151 203
1757439463441 43.71865490672044 204
1757439463508 43.47885337121236 205
1757439463576 43.24098598149652 206
1757439463643 43.00501551239397 207
1757439463708 42.7709482166196 208
1757439463772 42.53874716990851 209
1757439463836 42.3084188240759 210
1757439463902 42.07992655130445 211
1757439463972 41.85327699888728 212
1757439464037 41.62843383105727 213
1757439464102 41.405403887024974 214
1757439464164 41.18415111874401 215
1757439464231 40.96468255384285 216
1757439464297 40.746962427733315 217
1757439464356 40.53099795302209 218
1757439464412 40.316753644382544 219
1757439464468 40.104236896018726 220
1757439464530 39.8934124977337 221
1757439464590 39.68428802200603 222
1757439464654 39.476828529700235 223
1757439464720 39.27104176830353 224
1757439464785 39.0668930657366 225
1757439464852 38.86439034128525 226
1757439464919 38.66349918598279 227
1757439464988 38.46422768775877 228
1757439465056 38.26654169687632 229
1757439465125 38.07044946680801 230
1757439465189 37.87591710322381 231
1757439465259 37.68295302209185 232
1757439465326 37.49152358072492 233
1757439465395 37.301637354591534 234
1757439465465 37.113271439074715 235
1757439465537 36.926403084384795 236
1757439465608 36.74104110139845 237
1757439465680 36.55715245878344 238
1757439465749 36.37474611965238 239
1757439465819 36.193789291592175 240
1757439465886 36.01429108713272 241
1757439465955 35.83621894926975 242
1757439466023 35.65958213718036 243
1757439466094 35.48434832581275 244
1757439466164 35.31052691826876 245
1757439466234 35.13808581804586 246
1757439466302 34.96703456949517 247
1757439466370 34.79734130131243 248
1757439466443 34.62901569646876 249
1757439466512 34.46202610555864 250
1757439466580 34.29638234758926 251
1757439466648 34.13205299180495 252
1757439466718 33.96904799070963 253
1757439466788 33.8073361289985 254
1757439466858 33.64692749017676 255
1757439466931 33.48779107124043 256
1757439467002 33.32993708424377 257
1757439467072 33.1733347353819 258
1757439467142 33.01799436284824 259
1757439467209 32.863885378982864 260
1757439467275 32.71101824575018 261
1757439467342 32.5593625786278 262
1757439467408 32.40892896102398 263
1757439467478 32.25968720859253 264
1757439467548 32.11164802389872 265
1757439467618 31.964781419856475 266
1757439467690 31.819098215940958 267
1757439467760 31.674568619454778 268
1757439467832 31.531203564574767 269
1757439467902 31.388973450164674 270
1757439467971 31.24788932293319 271
1757439468040 31.10792177052088 272
1757439468111 30.969081950036095 273
1757439468180 30.8313507258151 274
1757439468248 30.69470908149768 275
1757439468317 30.55916833753608 276
1757439468386 30.424699539946435 277
1757439468456 30.29131411441112 278
1757439468527 30.15898328630854 279
1757439468604 30.027718584546054 280
1757439468675 29.897491411266152 281
1757439468742 29.76831339663104 282
1757439468814 29.640156116988745 283
1757439468884 29.513031301820476 284
1757439468957 29.386910699160296 285
1757439469029 29.261806135906294 286
1757439469099 29.13768952929739 287
1757439469170 29.014572801779714 288
1757439469238 28.892428037353678 289
1757439469305 28.771267252177196 290
1757439469367 28.65106269460594 291
1757439469430 28.531826472705504 292
1757439469498 28.4135309968172 293
1757439469568 28.296188465141743 294
1757439469638 28.179771447672472 295
1757439469712 28.064292231003684 296
1757439469782 27.949723542482626 297
1757439469851 27.83607775538612 298
1757439469922 27.723327752152112 299
1757439469995 27.611485991058906 300
1757439470067 27.500525507406245 301
1757439470136 27.390458842822376 302
1757439470205 27.28125918327379 303
1757439470277 27.17293915211611 304
1757439470350 27.065472083820804 305
1757439470423 26.958870681876817 306
1757439470492 26.853108427131605 307
1757439470560 26.748198101641393 308
1757439470632 26.644113330532853 309
1757439470705 26.540866972891045 310
1757439470775 26.438432796056876 311
1757439470846 26.336823734632812 312
1757439470916 26.236023446208243 313
1757439470986 26.136015680807326 314
1757439471058 26.036813485194195 315
1757439471131 25.938390971752572 316
1757439471201 25.840761259101058 317
1757439471268 25.743898594853107 318
1757439471334 25.647816168061663 319
1757439471403 25.552488359641725 320
1757439471472 25.457928427685548 321
1757439471542 25.364110884510673 322
1757439471612 25.271049055878276 323
1757439471682 25.17871758363808 324
1757439471749 25.087129859874054 325
1757439471816 24.996260654125948 326
1757439471884 24.906123423478256 327
1757439471952 24.816693063346364 328
1757439472023 24.727983094516453 329
1757439472093 24.63996853649252 330
1757439472163 24.552662972486633 331
1757439472236 24.46604154433126 332
1757439472308 24.38011789641122 333
1757439472379 24.294867291153817 334
1757439472449 24.21030343288575 335
1757439472518 24.126401702921623 336
1757439472590 24.043175864321 337
1757439472662 23.96060141560394 338
1757439472732 23.878692177375445 339
1757439472801 23.797423763704376 340
1757439472870 23.716810051574868 341
1757439472941 23.6368267689729 342
1757439473011 23.557487848116228 343
1757439473081 23.47876912930073 344
1757439473154 23.400684598852724 345
1757439473233 23.323210207794887 346
1757439473300 23.246359995457137 347
1757439473369 23.17011002202956 348
1757439473434 23.0944743787605 349
1757439473501 23.019429233471467 350
1757439473571 22.944988728263425 351
1757439473644 22.87112913707633 352
1757439473719 22.797864651817093 353
1757439473806 22.72517165105375 354
1757439473883 22.653064375471246 355
1757439473959 22.581528739146727 356
1757439474032 22.510550726370514 357
1757439474105 22.44014465076892 358
1757439474193 22.370287144443168 359
1757439474258 22.300992567307844 360
1757439474327 22.232237651049388 361
1757439474398 22.164036800905997 362
1757439474464 22.096366846756638 363
1757439474523 22.029242238215776 364
1757439474591 21.962639901982975 365
1757439474653 21.896574331118728 366
1757439474720 21.831022547791754 367
1757439474793 21.765999087595116 368
1757439474858 21.701481066835346 369
1757439474923 21.63748306274114 370
1757439474994 21.57398228444538 371
1757439475067 21.510993349931624 372
1757439475137 21.448493559867142 373
1757439475207 21.386497572125588 374
1757439475280 21.32498277763585 375
1757439475344 21.263963873312573 376
1757439475411 21.203418339092444 377
1757439475480 21.143360910097385 378
1757439475553 21.083769154036677 379
1757439475625 21.02465784342096 380
1757439475697 20.966004632515265 381
1757439475771 20.90782433041525 382
1757439475847 20.8500946767429 383
1757439475921 20.79283051638983 384
1757439475996 20.73600967315398 385
1757439476068 20.679647026948253 386
1757439476140 20.623720484582986 387
1757439476214 20.56824496023184 388
1757439476291 20.513198442571298 389
1757439476368 20.458595879289106 390
1757439476441 20.404415339798568 391
1757439476512 20.350671804568524 392
1757439476585 20.2973434226365 393
1757439476656 20.244445206532834 394
1757439476767 20.191955383823103 395
1757439476847 20.139888998392767 396
1757439476920 20.088224355255495 397
1757439476992 20.036976528958416 398
1757439477065 19.986133066752156 399
1757439477138 19.935681569573134 400
1757439477209 19.885637158350068 401
1757439477283 19.835978325433846 402
1757439477360 19.78672022073652 403
1757439477427 19.737841410401163 404
1757439477496 19.689357072673417 405
1757439477564 19.641245846478398 406
1757439477637 19.593522937757506 407
1757439477712 19.546167057222647 408
1757439477785 19.499193437884983 409
1757439477862 19.45258086126259 410
1757439477938 19.40634458682195 411
1757439478013 19.360463465921104 412
1757439478086 19.314952783878788 413
1757439478161 19.269791460941004 414
1757439478233 19.224994807686883 415
1757439478306 19.180541812312367 416
1757439478395 19.13644781007608 417
1757439478470 19.092691856199608 418
1757439478541 19.049289310051044 419
1757439478616 19.006219292966875 420
1757439478694 18.963497187865197 421
1757439478770 18.92110218130003 422
1757439478848 18.879049679190427 423
1757439478923 18.837318932423702 424
1757439478995 18.795925369381116 425
1757439479068 18.754848304411944 426
1757439479142 18.71410318783096 427
1757439479219 18.67366939659082 428
1757439479291 18.63356240242104 429
1757439479358 18.5937616440316 430
1757439479428 18.55428261405769 431
1757439479501 18.51510481213297 432
1757439479574 18.476243751298792 433
1757439479649 18.43767899129093 434
1757439479722 18.399426065066823 435
1757439479798 18.36146459165481 436
1757439479873 18.323810123447544 437
1757439479959 18.28644233796817 438
1757439480036 18.249376806572766 439
1757439480109 18.21259326449312 440
1757439480185 18.176107301585844 441
1757439480260 18.139907652342664 442
1757439480335 18.103983092564082 443
1757439480410 18.068349240670265 444
1757439480486 18.032985971137688 445
1757439480561 17.997908919767838 446
1757439480634 17.96309801608321 447
1757439480710 17.92856891283379 448
1757439480784 17.894301593852013 449
1757439480859 17.860311728411702 450
1757439480938 17.826579353929866 451
1757439481013 17.7931201557876 452
1757439481086 17.75991422427162 453
1757439481161 17.726977260461723 454
1757439481234 17.69428940680975 455
1757439481312 17.661866379693468 456
1757439481383 17.62968837303546 457
1757439481453 17.597771118118377 458
1757439481517 17.566094859651248 459
1757439481583 17.534675343436028 460
1757439481653 17.50349286429377 461
1757439481720 17.47256318216761 462
1757439481790 17.441866641325902 463
1757439481862 17.411419015482117 464
1757439481935 17.381200697696777 465
1757439482009 17.351227475090013 466
1757439482086 17.32147978886881 467
1757439482161 17.291973439203282 468
1757439482231 17.262688914810504 469
1757439482300 17.233642028560812 470
1757439482371 17.204813316054125 471
1757439482444 17.176218602518045 472
1757439482517 17.147838469817064 473
1757439482594 17.119688755199785 474
1757439482667 17.09175008618591 475
1757439482746 17.06403831171529 476
1757439482823 17.036534104362232 477
1757439482900 17.00925332443449 478
1757439482977 16.98217668896899 479
1757439483052 16.955320069324422 480
1757439483123 16.928664226416775 481
1757439483198 16.902225042344888 482
1757439483275 16.875983321328654 483
1757439483354 16.849954955902373 484
1757439483420 16.82412079302288 485
1757439483487 16.798496735361283 486
1757439483556 16.773072418915422 487
1757439483625 16.74783751128142 488
1757439483697 16.722807931449946 489
1757439483770 16.697964629130517 490
1757439483848 16.67332353272942 491
1757439483927 16.648865632771766 492
1757439484008 16.62460686680093 493
1757439484082 16.60052826562616 494
1757439484156 16.576645775654924 495
1757439484229 16.552940467456718 496
1757439484300 16.52942829603555 497
1757439484373 16.50609037120471 498
1757439484449 16.482942656302523 499
